112
21 9
767418965811659789445
899312366
29 25
85862619301242068184653903296
5176350881805482997179069
34 11
1817449857060348524730508706525712
38308526882
10 3
8745375849
398
7 1
1095158
7
6 4
757198
2144
45 42
240573054058637430933425750369382431512154105
992797620955166640106676090095454884101253
28 27
3328394405768181724043943262
632672887950911167896839352
38 30
45651903531931628827399672940869914613
135498538875922500793871572479
22 11
8091144249745697558341
92991025283
5 3
77721
326
23 19
77519132443586902222259
1100242928175843213
11 11
32719889742
32788874463
32 23
44439176392337483041960600105157
96817086528823153064311
13 4
5551079898348
2381
36 6
634634409136749520602982357268529285
122040
34 29
9552957745011633115179989434961387
67050452448689214075812343565
34 9
7182821420144834747066800241879430
379510862
39 37
485398618929320342355641422346867214117
3790794208145576608656024067492384429
31 21
8586100545910576506304896465294
380737288329866147808
7 1
7050892
4
12 4
886347321607
2751
45 8
430794725330150077699393788040263622592535014
55025215
32 15
41903403343937100476374297785603
540378791282244
37 14
2085914200755175453259400761871876973
19027477128759
29 21
92373564307678493897228578271
621422982460143477335
50 42
53772063960455533986197955486979787040060276320832
552106456084566440682808514140370657816999
38 1
24120843790527305524669678199397148049
8
22 3
3554796508050656389834
446
50 24
81395310173326494128178655326302318556449411057249
436075233022714100183594
9 7
596229554
4937767
21 14
180990428845075662390
96118186020376
22 2
6141925666690540779355
99
47 7
48215480409207293218305307378925952861408155483
8208202
20 14
28937372717046176053
43662576126912
44 18
39516638893016105591122121027612489296831054
929634741737894091
18 5
359967375938570224
90307
25 21
6391715994606396449489282
787020705165853042651
5 4
36426
3607
47 7
58583829367377531862190798254043302183251088691
4083226
19 4
3072285688374307945
5677
15 6
735352816448106
781036
23 17
23461454961045587831159
14550771351751776
9 5
277757035
24926
32 28
80218814855682929722854774250626
7062717061874546612725432188
44 35
38440178122292612553922399114311756808670289
42712498496593573820261109842652442
39 27
730055572268133832200020803276833829378
477581621406384761299803420
41 36
85003297026271039415577583041724915700682
392680179883501311264389889972633921
37 32
9961638703373257249228425369680600364
67453457466841839591234819034481
50 47
52874952019792977952206609658501295627498720316932
13224806841781821839387111757735771032553080495
45 7
259043886901575517402280971634002002173377438
7220072
6 4
345987
3176
25 21
6323688132001126670201202
693656739318913292778
13 10
9397201304337
3468073184
49 41
7480436395459705125351434756570479784008975302038
81718878222324493033199782409460478069770
17 11
74135190399249928
71193390931
34 2
8805299470951259402563365898552866
27
37 29
4270811588748288186214910076106048105
18840759176374966109440631296
30 19
675108842359044984905007103932
4430375314097707662
12 3
740072045491
593
50 28
43448535005308178119688240194073209238696302346430
7138408111297684525895265890
12 4
533499384029
5020
23 1
54406875140273190280386
5
6 3
735637
847
46 41
8767669520937568705436618538042956401683671074
35924025734875521872790542301963479164528
5 4
65118
9495
37 21
9441055739635747787109301702196471642
265632837232593706211
19 16
1098967645369897935
9038923512032594
39 5
591086269290607110153550780777621008776
76465
48 16
909050512925962088900741927137912646683417873462
9548752180798410
50 4
95305151201658824234092647876335716043011491902955
4162
6 1
253037
4
40 3
9332943303690290309148991127893744758943
806
49 23
3713508718186419675466963852383644695667077326720
39564415880678797954379
39 36
295335605879666965015908392332878336953
826795132995779587673750917909845918
5 5
14181
77545
39 35
472081950561420202341239889422989085973
54944579313405633010805635635592703
9 1
576309145
4
18 10
861769079391447557
2098769459
10 7
3106309105
6354053
14 14
60562466326948
22346860514800
16 5
4844817971250262
83792
42 30
996507198281865801054199503459398344284786
492258264992201227196274330999
18 2
333798958915430327
30
9 1
765156250
7
19 18
8477160209695130901
514403247411146379
29 9
81019801204087947848037142614
572373020
16 8
7288983783222781
71965500
19 4
8557499643828860787
8088
17 8
13812052100193568
83513934
42 4
338185284594530623363836720109043756417309
1927
14 6
76523620750524
246077
16 14
4431908391650587
66517155623061
39 24
563277187838109742310070323604687364427
253874500857095093010517
39 26
386674983985875048348087234349137664228
31518156940937747323288679
7 4
2029172
8421
29 22
67203501031100639963266878644
5979122304492529941184
5 3
65040
951
26 5
67334759206836318796633308
16579
39 21
912321624111926594764883749345140341331
543116052047258716987
16 9
1215418740477169
576532534
32 25
73713859337196882629226400467266
8128163655557831330982690
24 19
714193837395825787153536
3638824949502763829
33 19
340723461168650417794444644520668
4736798473359918796
48 23
639348568725806166346813582323769508477632155081
77312481239482280505584
21 13
431196546363218471929
7652526983910
33 30
699213328835553515936709740292810
271960151444099705156150713166
32 3
71584774946011764966978510570265
637
45 29
264428264520794709892117711197087723501550054
22337516224731493304104821919
25 19
2750641729424196883286415
2148949769413703930
16 7
4273825741571034
7441670
15 4
461332593733927
1723
