80
69 60
544141555195741482899978368030773032161697722746966084556271786544450
791422548643157400451767952420191598554438494063055404466629
39 1
113792438512006651922035940725614390556
5
53 49
39555273758557527084500417333333709167116790268275741
6820242218603701199746068226256639483847952696340
39 12
731940088750438557283691626258802650039
499401625438
7 1
8944739
2
39 2
996736659249688296511197055903016744360
44
43 27
4714114364221625688038593370943399377939563
389091014527595300490571569
59 46
97124135104682086561197770414857961292923613263796757848588
9645314868430695976860154807972698324306720162
38 32
31091364571063992839223019409836476290
52059205876592195533946466337113
15 1
262657030816460
8
15 14
552177975203569
42515454614323
50 16
56944817297945053832479291874361396461872906883910
7892979360173096
33 10
843132567599592778451995910059225
8853782313
28 10
6949459214794885026525521709
6265167063
67 26
8438899124553118894322708448511562591002149276887282689597936392331
32982002332368670323360827
11 8
27527045628
81229491
37 16
1433881595454618848533143942212929729
1083998802315032
18 10
105109359373632256
5382961964
65 64
54435101940028954885150321940562928277905631819109229230340898893
5391780834192031813101923630137497147044792745142371648778478723
58 13
4907781532072308468279937421048608480825326792654011427374
6913956531889
9 8
382567637
65658475
34 22
6927812771681425493917751152026808
4379091947634766220505
22 12
6953538182445351121181
807927836928
12 5
409095953433
67413
74 66
68543480462124488442682279778950807172585457336607770160047498882487567467
429505260705958238512134241734419905511406089826408467230271072684
19 2
5850920562518781161
75
47 45
89183107447734583545562490694423779219393839826
317871824376129032925446991861849395350888366
50 49
65505897971029082732930149226210978063391139645689
1788363993050127465091807468445552535892560057733
69 58
248636458721684841913842067838342329766023847478002611769761446980125
9626792305083551622010584316190411604007914689853156872795
61 5
9614881364618128135150353901880392697939443743338219491458851
51265
55 32
4147956357375209767975789387776161138999431618313560697
61640893554756126747273499470342
13 9
4379543718387
986972454
14 6
77154639997212
944128
23 14
84901332848274860992256
33840023293669
15 1
884954532150119
1
9 9
980936993
450263185
67 61
4034218840231381843711329481203798454210424903133724815935858320951
6593178224797938133093276717652686831180263683432337114215956
49 2
7696808513907498448362210880561264580315025293455
57
9 1
499729890
3
38 14
91518398410000926288410717268095612405
21142619671162
13 1
6676369944788
1
13 8
5985196754775
26171916
14 14
14698209727863
88295555248165
61 37
8378911817474893873721102435754378739535413942976928107261951
9558169665985974987253273126076020490
70 12
7212521291452341689218450031360469355902267958622928205191244873112829
193626922015
68 37
58069906960644525450183544975741457599758457178641735509440035955637
1426793703854913574837396016099332444
54 37
487678359545037045169487138630770056463615520044134516
5475797273106622429416268124034605499
73 62
9249614471279828165798963866882389212352297892221100147262087276248491092
24212491756797713997447758774100541678891527343923384824565052
33 33
526726761035699669325139176090851
242484349610567462260912462311543
71 59
67669780698576637377877198896320868091402487845554737630480479923445049
61678413049199416180943732238557991421533657681401951303350
41 20
10068106386445204135328721921498339136508
49748309806826070437
56 1
39746068029689549480209817732723868547520601738906091487
6
18 17
717186162907164248
11968172999287901
50 36
80942672480511908894431244935095464196627382617052
662223991394273774447730779392938267
73 24
9916526019109393525034330542083649167736044181758014264798094137337618514
295989933643725899047185
46 15
6192039979225503551045905361182305102277684958
417242926307680
17 15
43541074008798494
710532034953118
8 1
22103455
5
5 5
14087
72619
19 15
3347151949641574243
523874416839507
26 3
25244206332662187897976507
422
61 27
4902988620766393670666584266923811827485679648883945918398317
713374098973279324860735790
63 59
381797272250195553372557312846225563585770793826275345906373322
71950312105917005789713198463503637754578820160550262918879
10 6
8587074707
164125
36 17
824404581831751500106377612445004741
90474658461228841
31 9
2060295234885213908939585303768
111913077
37 17
1751750235881720063729844145033526258
31114102349036803
50 48
57254191340376658627370699523798699054358011674336
524310961562569595510662238091911980702596747440
54 34
842139564120241417902666571088799659842164372143824988
5629670313820543581640648625873443
30 9
317184935278566797112826744382
635002835
66 55
183179538741037456252061684321059473449841030197010926997830224523
4313515529339679933734754742549335073380497988967799330
60 54
589533641753266427944203931088684632028787008327072100556439
467498144285292838617525648730148511307528233184171100
70 15
9217030690527868246710114268718607763246601527478524502695630860299789
711050529877493
36 2
877844045269688034643281202985882697
15
14 6
12930227340244
350106
6 5
982854
14015
26 17
79662940656864412088962084
30470393847685500
21 10
991575768083435098243
2460351222
5 5
68010
12867
23 18
55362012226310689022884
339936092885300859
