58
24 9
882995038052771744823059
913355663
30 15
153188493308089777936157140802
279640778716843
59 34
53500683919927786896317422511054689571126768580477392850559
6736869514066625380057180289721279
26 18
84580255152893307050270324
848262556595969366
8 2
45220043
46
51 21
270994385850084194258318974445564499483034574969439
959853018270375504902
6 6
290399
944605
82 22
3385313368326463813912559620393742981656280199591192954746957559690089893478054439
4575955957649582354071
70 35
1669312810750586399496004272867786858142678452817775341425611796608482
21157162665485553299203499195507932
65 2
94767610341249146685603189397590776153593448494900487475324968086
73
70 47
7258765967284712509538799158849334079881715779629882410018502111733245
98428127365648901378147873715756462790826530882
28 1
2393420589560440475921577544
8
81 10
296887521769089406491707278297238582146568585877265865063190180848440702713868626
5416657249
83 56
77223228916024337454510132392620236177842337797455607589481570178958762771723756953
24725549307939496526266123006591160040980340107012123896
94 56
4486195245056226592337392185015042540563800346251111779454106660254384388551526928513920316426
30247557723713582834033660093972207845467299344103523000
55 36
7148026665136774712234918122115187978267430924133559718
406428340182579618167205621017210822
65 10
98510755041088866353620849394306512264339481712563342861482409678
2419049694
49 38
6105508255053979770416920333420195985368768424287
71226694768318536850339623311810876442
34 31
1614777896137509223004730563925244
8770466137265011861759991382415
37 13
2122488965634218205278936466132910744
7626659795334
40 25
8826161887033780267755163881000575178090
1541908703329794951288129
33 24
870397990790179154412423217245608
714057505293137393795533
76 47
9162306390052327960468172082572550941742727142535149182109550316192602856071
62063139273982188868452466969387766095537601675
68 8
32906589080069469033528791818925371299683098721084524968110029024399
68069466
66 2
714622269083083244286965902412731405193056135783916101502210073843
42
44 7
85277897855888652455494214123242395133447392
2773070
92 71
54577897297798671122778659129702324852279918945380371658066578365689578423979310520998076486
12687657770880773489342945326392120923716652502429783316321595385581504
55 12
1256489569489726216565558419127245342146079222686393996
311494354817
7 3
8319408
229
25 18
5280267642175852100805760
370848377537415609
20 1
10566041199794988389
8
99 47
303380776029718463691199507393251608220050155457019171710439780795846491674941371045994531202572854
17761554168448727183129414629913729744215193433
79 37
6998546876657439963492621883404364842201779657269024244690678533967705389335055
3864536354121111840540430625396025930
79 22
1944289005905751763464809011079662968409548065937264366328030562955279935327490
6046908115460461414500
9 8
251450971
13628284
65 16
55003683403976858318210318588677858771804832294675040136706140856
7723263973100461
56 56
24041660340909665837360066271315751772497865894946591956
84288281188353724194840185697470553133558343952668572923
57 54
499741521825580966778191867527662435059465210809342550162
930116726582636574918320402775692894715345427594150750
12 12
843979295991
740842153316
25 13
3676005282803661062961079
7965409272772
13 7
5388726851649
4598394
22 12
8051288883523810148104
756094511447
99 1
153333251218713334333306563562284534694736964716706402136403611845368280274858916384913369623283717
2
16 4
3250301885839188
2559
36 9
679146401686769086717171295832169110
681117426
59 26
58469275769774178141098359767948245347833923732176431789025
98748649591692753910022886
78 70
182107658067687607410050165103619268082133560179445315389638217164998606706307
8851571743657979152556813182376898136903608686950773277740399018678392
97 73
6847928024868712904496077377135794639711283333979493178474323854532623950892598471069790686598769
5936384436678552505077861688308998215820436558294997120910689871567117441
98 74
44738669860990910557696898103440493837017869458184209604402961393714172572884251464019640205226770
10413795532136180022896648522338788023813796054082587277297140067141841045
31 9
7648949475646164491090505449809
420373658
56 56
60382324869071021972609986391590304079664154017008573754
27183416318371370662685154158733058596528985107777673583
45 43
397591422344855873071332879743379469568872497
9616039221973221109770079777542280237571887
61 61
7148986661016049038001184816868152423521318227795741610908536
6172801533453790276135726170405630835262734118628601844397367
96 38
708414569212108356628075358948833479944434007721658967073592225322420142459647195902352809956695
21259150056441794194565019702148796241
22 14
5784749019967221711977
94481748155754
44 43
96822383034898376708625969498312746878755351
4568187116059016586022507352133275681638611
93 77
833509035109730707867438160583697314639618722616626078498553463201493589102851949111442651276
86909518577005919919092778005518556379804491053499047671667345886078179195824
10 8
8224181026
94961967
