42
46 28
7588987508454198610888326412698778228946811985
8302650576995891037359741108
22 1
1762276649143405454891
1
99 89
978453836019645713587217077817376619831868772982340494292273894981767448973202963397791969548599615
33163310015740350401688744793511977756609607597458901682382117126942364477917890360330810
128 70
85614929480201446500725833275615437087075705913009714450428454211584581479519120389064879524687939493798668282053141861485518086
9684054032961111478977987836566973542299905368995449647043602649200238
11 9
51038761771
281927150
112 84
2583854457976638621067802226640983028098867367155970827740963874899704796808913158948768353536351793114182121495
936816929488397678652884876463539138289645843880532035451884867994364184091462595740
91 40
2096408921648252376723941310319633751260901950421903476800485670591116597259389290101646792
7864857521097630197745187009613469038168
120 102
128735250971228670594859131524978802157755661851617494146273657450687055034308720953914964366576242035287254553386470423
680143304460527518114955814928540841449572225518706248721923026556332780857608143814915958974781216373
102 71
886326024415215285947266591646226323778982142903415482695338285337741990247458779197690943426904914129
47865582828369780085826449051927156448099624312996446734819101776006975
14 7
29992844668272
7195748
121 40
9824521566270880551152612880643537192746230325247089461071813488653797771213707231817192582936468724990399777092547228491
5154011216410208132148801409651511310557
65 10
77084157283089713168578546555141605972971407337965213309376977993
8754804601
150 90
691472643328276715593226314277003522795324534860809506285456382923982831914030064071845216519926031741057125055768702970936886720015999787974768014867
993332187775745084847369495515378682140157820468906673058540518849260154502733340669972300
55 37
1569498567607079209682660668537267220410010344332704534
8028718848916338402359676432444876597
111 13
998525927951178921392470088445154655253935517585066917090363333895428769824593596578433784875534672084780941351
6305191006626
65 41
36938099408172839478431621009481500114660336459074039229887993111
60843322839341561189070907110917415975717
109 103
4276290042751709622622470055009803106972073281820921562923581621026592830706678833270270079156590719611980654
8205636681667947943615534542185980386076454379926562421472734395352640681334065134243807217347965110322
37 14
7383021685259472533444984604633152017
87220214556740
68 66
51940230010030753529365075940720093645232569057831146350109702465165
615332883872478192260614814626386739172039200317477971657650168119
49 40
9951918682024007533840577416888514866023366008167
1972514110710285442612597118546267760544
68 12
98783793760505924344305980875560269907721466928881861004517214955433
739827375410
23 20
49749875935483182591212
41723592380917965253
135 30
100759034467975751126094108982917045520956880957540212550302377402552455352563881878755414556925607448767048021704820847380044962989925
441437482023335308627262253104
5 1
97915
7
139 13
6108884922917459152637396139408501261989387708352417481322665593422011408053693200017306004317640290145143078790782356226709781044357685683
5119928826312
105 14
944832769264242860338209763220181238613900712268546343802553221498148636847685092970498367935037195795229
97355231269810
38 34
95262184100482290158773486506420804445
4637468762983062107369320415495803
93 57
572274289094824048344695222667364722704727728292705268247375316445248815639679504472058865771
933607019536273484142189524574878929163299468585424729090
32 19
43239757236028031122078802941586
9448870436496440793
55 13
7010452259086620115067467844199363065741700812824805987
6063702360659
62 29
32572038083960533691478764954378920708591817585002882131840135
53495332502326647402828839039
6 4
136973
3719
46 23
2763149024685603354239611588123981763197613784
68406548812761629420914
103 89
5913899785567742299577282449352447990189983903561138192879502987483968266908993240247394929387310647440
64961092999889430539593606831844264081923725135314093629752660008992887820247329394919343
88 53
1101094711715161693098149180651370534252837676532016804255801023489255257132604389778227
65286594057992896032826531040356922608755847365562025
13 1
2061957503958
1
24 2
600304115516448924781783
46
103 82
3653731838095840424931073985139268887996741863030520093099464545482514136869966595158289919538461897590
3761326345279023814923420565439720427223770407243277577036511864032886185159529017
78 44
329611989143085249073678241605141399478257504552890144643510551822066328348397
67333368122222759416546117223658272979611047
15 5
804848275879347
64108
149 145
46100679928499950577812902571571492926572242740897799356294279851836006220619113782336233358479952351695083463074166271160145351630556648457374909329
6156305953740612298707130921082196285691090800163974553734278127009722615690703792768598964342342639706474765475918658157336411678170712961593324
45 23
644019501042977853590543290400934198160796038
33269906557498072902139
