10
0 300749281 41000840 685046465 169524811 262291106 886733127 540413854 627691448 88678640 767172553 980478436 413931034 959303236 275046334 626745317 979542846 500615649 530382758 11511998
300749281 0 16758137 413844507 726015349 949878550 615714467 287817916 90954472 551923921 668619171 488707093 996236799 850358800 865204538 197777906 255260716 951019482 713768922 640550457
41000840 16758137 0 597881193 522260013 701844370 315786067 692451420 647714377 464632789 385384023 558244085 453936569 122984700 862662944 33992562 790235758 171511204 595438031 467039826
685046465 413844507 597881193 0 200347275 616787281 897836419 528965610 596546002 523169640 929493862 975715687 564480297 577484990 503219795 841342906 202150862 705782205 785975249 499010998
169524811 726015349 522260013 200347275 0 146857006 138215748 956613509 180761773 444550682 494051234 104854755 220172784 550003641 811010886 30072629 635727730 536004487 982596518 174253593
262291106 949878550 701844370 616787281 146857006 0 130296165 161810254 726661946 529911324 385340610 720910242 748921208 153435961 914761115 149625052 520897720 179368069 441170331 69303315
886733127 615714467 315786067 897836419 138215748 130296165 0 810808936 502623271 253217648 591202729 194310891 101262775 499466229 526145895 95364342 511138973 305267220 882171729 94096471
540413854 287817916 692451420 528965610 956613509 161810254 810808936 0 987031580 1779179 288481970 269177089 257051054 166554013 800417748 886308419 31967603 732252054 198408665 666447306
627691448 90954472 647714377 596546002 180761773 726661946 502623271 987031580 0 456617132 625190097 135486761 661841974 643704609 356240677 378300491 637937975 404450533 168570971 581021304
88678640 551923921 464632789 523169640 444550682 529911324 253217648 1779179 456617132 0 245008263 641632796 539121251 108655235 540701068 843854950 533643702 256619285 914771840 416092317
767172553 668619171 385384023 929493862 494051234 385340610 591202729 288481970 625190097 245008263 0 740803614 943989749 509255679 865518012 930764539 250727805 251036969 29319252 49114638
980478436 488707093 558244085 975715687 104854755 720910242 194310891 269177089 135486761 641632796 740803614 0 862934784 635697708 424181547 37567270 255107394 879453690 146496618 282344264
413931034 996236799 453936569 564480297 220172784 748921208 101262775 257051054 661841974 539121251 943989749 862934784 0 736810386 10391711 979208576 383448475 962614951 563330762 289266965
959303236 850358800 122984700 577484990 550003641 153435961 499466229 166554013 643704609 108655235 509255679 635697708 736810386 0 112314492 361194352 804166907 289612586 363634803 694475973
275046334 865204538 862662944 503219795 811010886 914761115 526145895 800417748 356240677 540701068 865518012 424181547 10391711 112314492 0 194064935 509124815 418189830 695616538 660959875
626745317 197777906 33992562 841342906 30072629 149625052 95364342 886308419 378300491 843854950 930764539 37567270 979208576 361194352 194064935 0 651729201 961182386 45293118 941981933
979542846 255260716 790235758 202150862 635727730 520897720 511138973 31967603 637937975 533643702 250727805 255107394 383448475 804166907 509124815 651729201 0 872522090 814339783 965184484
500615649 951019482 171511204 705782205 536004487 179368069 305267220 732252054 404450533 256619285 251036969 879453690 962614951 289612586 418189830 961182386 872522090 0 881966494 377705705
530382758 713768922 595438031 785975249 982596518 441170331 882171729 198408665 168570971 914771840 29319252 146496618 563330762 363634803 695616538 45293118 814339783 881966494 0 942546033
11511998 640550457 467039826 499010998 174253593 69303315 94096471 666447306 581021304 416092317 49114638 282344264 289266965 694475973 660959875 941981933 965184484 377705705 942546033 0
