14
0 634762675 156096924 2356685 7241185 999792808 840808206 2340209 9424400 3813193 282445888 6231819 168540911 4279687 1399067 5575415 796658747 676659128 8521430 3271316 824452762 568856203 156069713 5507014 8719593 966297153 2416641 6822929
634762675 0 750945559 7730244 1607953 731968180 542090000 1286842 40953389 7145886 970368855 6448092 364325660 3944828 5409988 9388743 984786350 943074673 2386591 6226204 527770909 31610 834871712 9920584 5377433 25930355 9637837 5394572
156096924 750945559 0 6153953 5366480 472195073 460864635 8809737 511466108 3590377 729293780 7742658 343136752 7823994 3545726 9248042 788992971 741645661 4645402 9504746 799444 89535958 650342793 3852204 2036102 663004008 1559585 2942364
2356685 7730244 6153953 0 217677085 8656445 2489762 170059280 2415255 437011513 2307302 176165688 8492291 906016394 139200610 80113782 2220968 8450031 840227419 315758747 9776077 1069669 7702051 863921434 954089 7991166 704508956 483968842
7241185 1607953 5366480 217677085 0 6561759 8485601 151434079 6182557 385419950 8719167 911391986 2935271 7412133 988800597 170662081 8739371 5880834 494143327 467949980 6599628 9337187 4616753 553198586 557013911 8610522 598840900 450955450
999792808 731968180 472195073 8656445 6561759 0 33431 1603093 38764929 3472026 143250671 9195892 484346323 9946720 2684861 3782450 531923525 614939324 8196127 2232807 463696461 782716444 180495506 1776530 7635749 125526509 5012240 9037686
840808206 542090000 460864635 2489762 8485601 33431 0 9492486 846686313 2972637 98719424 6944879 335115751 3760957 1665859 7574323 369021989 415958015 4838940 1739634 569509700 476642556 467087379 3693061 9522898 517728833 6828124 3975005
2340209 1286842 8809737 170059280 151434079 1603093 9492486 0 6732446 695310721 4273941 528787667 6849103 985811289 609381893 409657251 9249543 4547537 889441150 872686964 1271774 5763423 4177454 830358416 400340363 3904737 658794 845838390
9424400 40953389 511466108 2415255 6182557 38764929 846686313 6732446 0 6057682 531757262 1042483 351479374 1818972 6293930 4540191 215843582 226914232 8354417 6494492 127006853 825012131 842447623 6451951 3742267 480367185 4667564 2830263
3813193 7145886 3590377 437011513 385419950 3472026 2972637 695310721 6057682 0 8944369 930957 7329007 959135301 585557118 207108596 6330935 6619620 550249732 794312047 5453307 8921388 1050830 619092877 453441981 2244147 460614287 362459336
282445888 970368855 729293780 2307302 8719167 143250671 98719424 4273941 531757262 8944369 0 2103402 937037087 1519236 7082369 6869704 363000263 417146677 8263434 4688553 787069999 561846630 593961071 8561565 9389219 143107 1650761 1124423
6231819 6448092 7742658 176165688 911391986 9195892 6944879 528787667 1042483 930957 2103402 0 9793317 649621657 507290579 520119763 6705755 1583529 211065602 271898227 1042140 4935639 6736960 287729102 208849410 7534186 614032792 197637256
168540911 364325660 343136752 8492291 2935271 484346323 335115751 6849103 351479374 7329007 937037087 9793317 0 5378022 7725579 7187264 234833774 48170878 1551046 4900164 267583062 290760182 575683 2379868 2210756 191903244 6322919 5041766
4279687 3944828 7823994 906016394 7412133 9946720 3760957 985811289 1818972 959135301 1519236 649621657 5378022 0 119645049 388899783 3721711 1774607 818342183 699447731 5300825 9606668 2338619 185282946 913718665 3910869 66145991 723863423
1399067 5409988 3545726 139200610 988800597 2684861 1665859 609381893 6293930 585557118 7082369 507290579 7725579 119645049 0 304187837 6099684 3258416 503912751 895342442 5780297 3070481 8272512 735390 222158433 3712074 712273248 603849443
5575415 9388743 9248042 80113782 170662081 3782450 7574323 409657251 4540191 207108596 6869704 520119763 7187264 388899783 304187837 0 7344818 4454285 520301526 785712 9363164 2204924 8898461 775935809 83344745 7340402 981036726 710480177
796658747 984786350 788992971 2220968 8739371 531923525 369021989 9249543 215843582 6330935 363000263 6705755 234833774 3721711 6099684 7344818 0 291064 7418953 1816715 233909995 160362167 188054370 3944410 9577282 359726498 3503935 2503270
676659128 943074673 741645661 8450031 5880834 614939324 415958015 4547537 226914232 6619620 417146677 1583529 48170878 1774607 3258416 4454285 291064 0 1981928 5527378 544686515 124277367 489173211 6301878 9486962 243546448 3633595 5256812
8521430 2386591 4645402 840227419 494143327 8196127 4838940 889441150 8354417 550249732 8263434 211065602 1551046 818342183 503912751 520301526 7418953 1981928 0 738846142 7022444 6159392 9327189 491385426 308633709 4721651 476663277 976758
3271316 6226204 9504746 315758747 467949980 2232807 1739634 872686964 6494492 794312047 4688553 271898227 4900164 699447731 895342442 785712 1816715 5527378 738846142 0 1725920 9593078 8738175 696853386 573913372 7226285 505446950 721685860
824452762 527770909 799444 9776077 6599628 463696461 569509700 1271774 127006853 5453307 787069999 1042140 267583062 5300825 5780297 9363164 233909995 544686515 7022444 1725920 0 583591080 713142402 8117999 3765139 910580284 5444860 7266806
568856203 31610 89535958 1069669 9337187 782716444 476642556 5763423 825012131 8921388 561846630 4935639 290760182 9606668 3070481 2204924 160362167 124277367 6159392 9593078 583591080 0 143902108 7047416 2607926 665651056 4865759 5896779
156069713 834871712 650342793 7702051 4616753 180495506 467087379 4177454 842447623 1050830 593961071 6736960 575683 2338619 8272512 8898461 188054370 489173211 9327189 8738175 713142402 143902108 0 2350314 5898870 846843879 9437556 2650423
5507014 9920584 3852204 863921434 553198586 1776530 3693061 830358416 6451951 619092877 8561565 287729102 2379868 185282946 735390 775935809 3944410 6301878 491385426 696853386 8117999 7047416 2350314 0 44586009 8020226 123738178 205936862
8719593 5377433 2036102 954089 557013911 7635749 9522898 400340363 3742267 453441981 9389219 208849410 2210756 913718665 222158433 83344745 9577282 9486962 308633709 573913372 3765139 2607926 5898870 44586009 0 6332360 516114020 690781453
966297153 25930355 663004008 7991166 8610522 125526509 517728833 3904737 480367185 2244147 143107 7534186 191903244 3910869 3712074 7340402 359726498 243546448 4721651 7226285 910580284 665651056 846843879 8020226 6332360 0 3371546 3888722
2416641 9637837 1559585 704508956 598840900 5012240 6828124 658794 4667564 460614287 1650761 614032792 6322919 66145991 712273248 981036726 3503935 3633595 476663277 505446950 5444860 4865759 9437556 123738178 516114020 3371546 0 598106266
6822929 5394572 2942364 483968842 450955450 9037686 3975005 845838390 2830263 362459336 1124423 197637256 5041766 723863423 603849443 710480177 2503270 5256812 976758 721685860 7266806 5896779 2650423 205936862 690781453 3888722 598106266 0
