5
0 969238367 897220557 117922511 278260263 751692458 708084620 123017351 101009432 621542075
969238367 0 785902711 368056202 1591774 528608039 486377086 849393848 546591305 427406359
897220557 785902711 0 707473001 251008546 542939224 600312072 931656895 114588723 904842393
117922511 368056202 707473001 0 637120587 872030118 335530220 728376701 326827969 713745097
278260263 1591774 251008546 637120587 0 121622209 85219358 553069824 934260410 769706660
751692458 528608039 542939224 872030118 121622209 0 711161038 334580533 389211288 717193638
708084620 486377086 600312072 335530220 85219358 711161038 0 306762309 166975547 189306895
123017351 849393848 931656895 728376701 553069824 334580533 306762309 0 12041171 751986309
101009432 546591305 114588723 326827969 934260410 389211288 166975547 12041171 0 545656160
621542075 427406359 904842393 713745097 769706660 717193638 189306895 751986309 545656160 0
