8
0 380179814 102924671 519458009 773011366 254445918 637650259 756873555 177134242 625191804 993894809 53678426 15179390 29383125 294523872 977071034
380179814 0 752700162 86510611 877965365 879571598 347168759 453691677 175710226 771140404 390105645 31246093 24993154 912196952 461769355 811654478
102924671 752700162 0 175598917 731897716 135373677 788438156 566128653 871989557 300481988 147182261 804661390 750131233 882840385 608354567 293622859
519458009 86510611 175598917 0 609222448 385727164 569521697 475598795 415456403 17914129 976714173 808895382 944287504 863372458 359425800 799191391
773011366 877965365 731897716 609222448 0 542281336 839171348 555789858 428223687 22082984 589523095 76027515 355962857 646410890 191121857 805489510
254445918 879571598 135373677 385727164 542281336 0 936609158 175815140 591096688 936429475 297248023 609403740 875942551 784034400 300961931 290938050
637650259 347168759 788438156 569521697 839171348 936609158 0 766973433 443219783 265333388 186383696 737976942 558423752 542130941 330594910 750624782
756873555 453691677 566128653 475598795 555789858 175815140 766973433 0 726422211 12945236 180730570 109781963 721514167 503721222 562197087 24983724
177134242 175710226 871989557 415456403 428223687 591096688 443219783 726422211 0 231199112 333493676 253825029 763566261 633827770 784143531 293071553
625191804 771140404 300481988 17914129 22082984 936429475 265333388 12945236 231199112 0 540072646 446157578 297157293 715129569 859167686 481641738
993894809 390105645 147182261 976714173 589523095 297248023 186383696 180730570 333493676 540072646 0 151008 581305404 347858471 957482863 786544690
53678426 31246093 804661390 808895382 76027515 609403740 737976942 109781963 253825029 446157578 151008 0 872231183 641784834 618827379 634115100
15179390 24993154 750131233 944287504 355962857 875942551 558423752 721514167 763566261 297157293 581305404 872231183 0 230405232 980572193 786945269
29383125 912196952 882840385 863372458 646410890 784034400 542130941 503721222 633827770 715129569 347858471 641784834 230405232 0 70637077 361491950
294523872 461769355 608354567 359425800 191121857 300961931 330594910 562197087 784143531 859167686 957482863 618827379 980572193 70637077 0 989232392
977071034 811654478 293622859 799191391 805489510 290938050 750624782 24983724 293071553 481641738 786544690 634115100 786945269 361491950 989232392 0
