1021
225028732 179097248
805187797 688822392
290869246 178704057
772778663 166277962
127026425 102541827
907288574 364469446
667818956 73572205
465856045 179779555
1623944 3868
762689912 449853521
591924612 390400359
277039071 53820802
96287128 92164485
296147871 141402815
722547440 656216372
917279852 706261297
568658785 147190195
627620445 554792815
604349888 94907430
931961823 103690687
582509951 157848809
681128956 65366517
839409541 328501508
396296340 145158547
284469926 115157200
517493804 269115720
38269045 30650774
508008249 92141772
570336941 526013027
476409873 230736368
269652876 35670214
551208449 376890673
139396591 134338528
5 1
753716876 143411793
281738876 156108780
5 3
476490867 152804173
973119772 12550290
605926354 84055798
470689403 310841750
69160114 53956697
438395983 98712380
367305651 210089745
349377362 15264796
7 2
10 1
83526807 38147607
983110077 457427196
640573779 609469013
173702480 161893020
848680550 314202109
167547744 27822988
147393086 69348047
409848708 16117806
563645404 513265
5 2
265791283 166667437
373559915 26315659
902390854 97654462
660032902 141460672
61777615 55369975
2 1
9 7
149366331 96032217
250451311 37394554
557163000 371044937
931644258 124371532
432477543 328991612
315058168 123473049
723967988 440643762
36036487 9269747
82770703 73028687
10 5
151119782 36680775
692604185 536107644
682506383 451388751
380223192 349493494
330714754 294327457
5 2
7 5
544176417 279217604
736126834 325137548
63386094 42456779
428090707 46543743
480593387 153509437
289319168 115103971
502208001 6787314
1 0
967849962 352993228
619700087 368346165
879538479 709017373
56683150 46871813
106082015 85606336
28915035 20244585
965227089 798302530
286309075 80585792
50648513 4864682
1 0
617891599 341510416
400940935 135111493
157971908 48947343
19769291 16831980
1 0
854816789 14239101
98388223 13507447
34794524 25798586
473004107 89383826
920344016 528509047
141141924 2292547
901957487 452211905
348196670 291033297
62700875 17760687
85783891 83159783
95495414 12727958
240597102 3741185
62508221 43883305
720328588 78908023
533752642 97689107
9 1
484985821 173169035
128879938 25728530
898532677 537833492
407350450 266219138
381892177 134716909
637603478 618573707
272029919 53546337
346913056 893093
1 0
395614073 279180707
2 1
716927955 167974060
300285719 131817509
348401969 233123806
1 0
3 2
891349833 519224293
858203613 38615408
262780528 247290566
247581285 6745003
703302241 331975779
826164317 352533991
836679484 623909800
517227273 39877516
288320867 101998431
45766151 30235122
358185608 225881278
281762661 197230690
302381462 185006839
881166719 164856349
163136387 158522390
516935576 107025940
267042216 11675124
647282962 514939617
642113444 239263894
854049853 679811693
7 1
227591667 145417261
9 2
149380153 98317109
690105479 98710332
187177793 61231299
139591806 123248549
291455770 69973951
133172381 5557993
2 1
748969310 326291678
816981569 412299777
634754564 83454799
206099768 139286011
226799835 17551834
996614945 247510221
82937260 25507041
3 2
915872004 904641980
200000054 145278376
648759989 308477469
548742473 28589419
85511848 82555765
513088109 18670457
634280838 357752648
531477836 396743900
243924995 55069090
833719345 236869632
523901300 522953697
410546552 328375053
74447633 49674763
930065811 121937198
247396481 158105644
103960013 8801142
421404962 327717601
739706783 513815974
457650718 280904999
427444408 165472803
394263387 68940846
6010782 1631318
717171803 449553734
901008857 891249960
375353767 63377578
702156054 274290392
216240029 208474123
217351539 28737563
406561254 272710132
561027490 327103444
806056261 211830390
594482507 243447803
761190728 62437366
13632061 1905889
570537434 243941616
329543930 82032752
240651439 83835565
474548249 396310446
2 1
32546125 6431553
129847672 106282160
253442864 30674999
708565298 648188487
597522434 227642244
301613575 197085981
450205641 321587668
6 1
395763036 175969359
449517249 322254278
638353982 180002016
441113877 338086763
8 2
6 2
705667798 310313759
425011800 56681731
642275333 218565290
26696693 6035905
484092616 45911383
861803271 811359085
246765317 227351664
579030959 102100719
358257332 112410688
894899985 581151569
699947571 599999650
821043607 495036028
532603647 249381630
606333559 529848796
639699047 288806558
266832194 120779283
729872600 95669651
1 0
842975222 660112441
610442934 169807952
26510594 7462494
588909545 149487542
407655494 341539896
770179928 119501958
626250997 167463641
426412827 385132238
974755050 354157414
500903120 144204680
479525082 439813952
613946571 290029022
631647373 152142690
838034469 260412074
531878103 223006230
166562216 89073933
770978310 669962454
438739765 144346323
348467738 103094551
287221391 35751770
803808153 260272898
578173276 317464361
704926338 651058579
2 1
621862764 414587385
198015910 114036619
453617110 235261154
851367589 309539291
211045955 34990018
29075768 7958395
500421270 333702658
960681265 794925869
458058551 343104573
951510901 401765213
156000385 144382681
707056076 176332811
309932413 20674710
867773936 678109496
895804157 589300039
5 3
519908463 344187583
267679817 102548378
822142798 586256529
95095269 85289071
56542858 13378480
90246822 37754810
4 1
167681725 5199986
505107836 242375235
128711088 86989959
636265600 268430317
216520595 154169178
406964845 332257386
936775912 243788362
109621837 29929235
405625561 287851768
842901124 128663331
494714773 228354352
392728181 90810501
360500480 277300665
771545232 515935627
836840399 2983715
927303845 203384850
887096402 512600956
838048014 571670693
987711873 433150495
211426873 209470903
365489769 279431780
109680781 88241561
412839208 134389786
787170855 139166484
175981883 51902964
671714476 218891340
238062090 131232173
899550785 38984506
768391475 23900675
263874010 145419283
235183635 125733291
475033566 183507690
258860059 163588567
932704203 492496082
278440819 110314624
91939701 27708091
436127550 425511771
743650560 79978558
927102025 215131313
255675703 51762373
988178745 839349
372162173 203333186
864077503 799341519
235885352 97755023
639565467 270135774
891345356 674897499
34047075 15012952
740586035 664026340
58930179 25356485
188689502 97005795
74688053 23608443
120350921 46084381
558137432 292341909
926396537 444667244
606570635 236399937
60919622 47362948
551863628 405530119
699140155 489931497
508551230 486435175
840786339 715995513
732742377 244537274
659076129 553641832
828022117 62067679
899645317 336036209
185943933 87769876
597625559 499502331
10 1
749268118 307211950
398870229 85747516
767179570 580274449
89913649 31698565
334745740 154846225
3 2
989813697 488397759
852823134 584987102
811144686 633017797
636347692 81440285
136077410 84491700
142864171 92739559
476160869 49031919
910988321 742586905
299161820 172812617
83148889 55627364
862450343 637180490
78959265 46381290
76346373 66205623
900120363 100851342
352465027 351882688
154384961 70688834
123885507 7880717
340800536 64485254
942809994 541506960
3 1
665659603 375380749
259901261 54923098
832842577 765584047
11345758 986123
955554267 880117370
931968112 375674706
692096925 624761352
518193545 78553658
285986361 49504261
124536847 93128166
930388820 129293688
906821543 155955759
655045426 484035382
752811404 496767162
7 1
568914668 96654863
946249689 499703558
217230550 109042244
826456617 599720495
489972511 63864223
48523697 28632725
998247576 80049827
8 4
220551908 139701431
1 0
831696502 86117622
3 2
772093393 140881068
518519615 57014770
611640995 55789281
209726828 98223129
19914563 13421434
394817109 31358014
397264050 13078960
693886701 297982604
430820367 2818946
58887774 44985473
186920195 141933411
189371159 140551844
125773209 38472332
648010356 160996601
447832347 295752920
2 1
8 4
635616818 351930622
407574260 57764490
279393171 194985607
358877990 337218460
743329029 375656030
24563798 7762512
498656687 23139719
219314281 54264289
472168009 311488125
857710389 121713024
272593755 80663142
820755710 504596953
242714831 126090932
777875464 617153077
179851793 4246911
22379686 13443046
70609387 27603759
372547178 75317756
468571377 420897276
702800815 355186823
489447403 355029555
78689084 46558114
938799897 838066150
2 1
580313887 190847806
8 2
806379934 710615970
134339475 29273384
9 4
723091340 157569792
408581204 313638282
6 4
922718357 86287606
351261303 61420514
5 4
238342574 33556666
137299979 135365743
6 3
608247119 70406034
76281461 40877874
142501520 135176369
272099951 122563905
710030625 224662852
411527303 303445244
196414501 123004615
951793635 219353837
418893486 305348926
830993449 525283177
356302839 63188793
7 4
10 8
525498514 230375875
1709786 1148515
999545006 452831820
816553044 648289448
532143441 310589962
953064120 35498629
967122642 296241277
10 8
485659714 185220863
79185935 77936768
407183493 361954367
129948446 55302218
7960475 6902410
151947361 147097904
182571914 29991282
753839909 244380105
192534033 60307150
388219859 105281514
595829680 525927453
243759185 235215883
265060905 6135304
383048594 120510079
369479658 167732219
251120941 174424531
456273655 369419128
901227305 217918901
530457119 260924360
139442874 52957431
10 1
514034675 491620008
53878967 29168063
800987604 304068521
630530900 475124335
702386057 190384543
426326994 316536049
668235846 18910357
9 2
7 5
122623480 58651091
636019283 215707148
911845614 527745315
348557348 100885117
825016337 695416013
53970135 16848271
3 1
163767450 40564736
41474535 7600886
589471524 385628670
102220817 11454267
501365799 206334439
621371835 620815016
277805100 100217866
675381847 366919515
497268485 399502303
328210811 306686208
178853093 30179531
411009742 209846217
620448539 212021885
550462065 237793331
149910913 100822254
792678549 17551513
133399076 58327401
864150567 671497916
861714040 692062164
24882457 11670080
271205765 254979818
402163728 274791
851269778 531538923
7 3
957699273 687591961
581929121 420067535
57854385 55276303
146771795 129876623
892362576 736486720
6 3
956233655 481035574
431963171 342752930
598635415 264928507
768158982 262599063
881080208 783309101
189800738 107332506
4 2
947163975 314765890
925179289 360718366
265786673 150472088
5 3
639278320 625662564
45127185 33575038
474422515 65051263
398575632 103178284
143881658 104820501
200139693 331559
8 2
414840696 831896
364164963 96564687
381634766 290753117
694806674 379962949
769384219 571455641
340103418 104041040
82609180 39371668
67822761 11187851
406641228 52539216
496711108 328027894
5 4
984158922 566892529
2 1
610399535 47423715
819663683 348875804
834330494 159552088
321051785 49655852
157570648 110198420
320713842 194830896
8 7
382722738 321613851
935203634 316835265
8 2
218361616 188338635
3 2
426994602 140943075
467470884 155701261
1 0
401690416 127141108
388621287 110602735
710217855 79326914
219513062 4721800
524444782 129803638
408441626 52694920
727122698 190406791
234043407 125071302
918501515 858504696
152157893 45802603
901344441 408355246
646402588 332761336
43066133 11625505
942128619 761550166
597344205 217643465
837903007 678956922
2 1
477567088 144993016
729855739 389395726
702384059 288067565
499538656 289718656
503597659 234310432
10 1
614444767 591237533
45510430 9267524
414947607 245734792
654913524 366423264
211882866 11730077
5 3
920450428 256356763
223598409 19955551
493050083 273692799
269560727 139087422
853384821 503640157
617013018 312336166
273123914 126360933
633113492 241603904
520574623 180443113
251011749 150030302
6566322 3875567
835094982 548592074
1 0
109714356 73644875
903942231 670628867
368889715 123446312
375709088 355853550
581327411 144476129
594282364 97132871
558355559 399654144
552628444 10796333
2 1
635419251 98468753
94799207 14179932
925561395 189220623
8 2
5 2
962662915 674000393
860298463 397671345
655556774 158129863
7 5
730303615 376894435
974416342 292845846
36426734 34350246
90992196 30633681
730519816 586444591
6 1
854224778 610778361
118389389 58933614
7439350 916015
363006721 173882310
812001186 747870782
899006020 637315406
657610678 166260410
298040976 251372956
99533397 73538944
370404195 70307588
218122135 157024003
929006145 93701237
378616921 365517700
404840236 115798573
3 2
413533262 238645357
9 1
488538296 187949576
327975127 317051149
128543760 112874565
974196506 476536036
357711278 295748512
585547735 149751496
819351715 814012351
522025040 445827527
901546390 544102252
980594579 383066996
629058410 64965229
864549291 757802269
7 3
526739100 347195275
353416031 195196794
718748993 703890976
480932138 226546984
119774008 111317817
112434862 3340793
352394531 128956782
158195697 15280386
210020348 11272493
234661928 188961206
625408041 347073260
840011959 776301194
664065005 657392935
402105382 71108261
294747231 17481937
252649544 177380725
158033783 11983510
6818251 455861
978619357 122357266
588437340 251929001
614641582 545934106
9 2
12935141 2776494
812468382 317873176
892602495 595271585
333531586 192814868
2 1
840245111 76781569
253579579 2108986
29611886 5948622
528330717 516369204
356387172 257500287
100254922 17676608
948392449 364337624
468346574 425980719
931575695 548997374
941545812 224436948
112039378 36241506
726950945 515373529
962221046 764030574
984646469 45796819
713298354 264730984
356786065 124144726
379313417 177915162
10 4
532263989 29042960
869395475 320832896
711290864 330645721
232264236 100531414
308852312 134303450
959496284 828885102
924217138 207676607
246928934 23602316
595575399 8657752
138670861 104535017
559649436 46325179
56495100 42590820
461040586 383866877
552630279 427147053
765874497 449031381
826557577 5899250
982831342 291772578
263042481 155044200
919789037 597322972
2 1
325456598 20627163
354238640 348000506
441885111 231625242
590170497 502964544
887864457 105100199
953126690 8826893
989542982 711860506
9 7
53371884 22437720
714683031 282172177
6505414 5343502
78743121 66705820
542448142 148618732
602476078 165114724
621047121 259970598
615294760 536308062
696337013 228994212
373404084 260932816
10 9
893391729 500291244
818511343 4092580
520753469 360279325
626028685 444142485
150670957 104457208
683025205 7634969
277275617 149452107
618565501 1496663
9 3
267685261 38005874
293401089 185201652
994168227 644290398
796462246 765808021
491897712 334750053
811567909 84143168
568007990 499009548
788538654 644413503
68359795 28677542
192036945 174403122
348286151 98029469
965344611 545065936
681559983 350453042
6 1
540350001 404666633
5083189 3196697
207099206 21281145
789491268 284716788
667869664 188222786
966855344 116430232
821394421 433890350
713663627 661751642
5639641 3496614
154528135 75999683
643718206 52509989
921691295 156389922
7 4
890052663 806885571
846918786 537595009
563761021 6870488
428555042 417600795
337595919 253774382
538542014 67031618
771724167 375229222
55667656 36991521
9 4
368653064 109343478
712796610 477790581
624784917 473847731
185835723 20639445
157760280 144155713
861620563 374909566
591685213 183620596
439205997 415875354
635197160 118555496
518829145 322803179
65905808 55050145
727232 652793
7 5
549226452 338836931
270468519 96349134
620816409 188358032
145871180 114201999
483781144 474222229
445643115 316263803
545920869 465488803
937716356 254248505
107870063 53012715
676977385 416463046
659580058 390303655
384221175 300788995
809153281 612998491
223234070 215310527
523887371 216799012
210466430 186750903
835377132 124321186
963322684 94921438
42084318 26247424
990497324 252053213
575257593 305335432
718723230 264022721
700606591 263977856
232176732 16568333
806131457 588603257
918586260 193888503
557686715 119600016
8 6
996917479 611597764
357715319 260055259
840756391 78307466
791250927 569598868
7780487 1740862
266662399 118089105
653831435 630451425
490098156 295308091
914345980 267135281
967786891 257628330
360323958 270786875
618772161 142271852
934222042 13343353
938971758 180361681
339439714 99806661
81810566 27127463
279385717 131207093
463774600 324813531
895203336 213741418
2 1
123805316 101536440
494597195 225018243
525673942 69399205
982162678 715350411
168574432 99943709
461226832 147563189
876515232 769131411
242137291 134692881
726214688 442880617
760417656 184167243
289369444 22649357
7 3
419791125 178816688
920406731 827200223
844360427 216351928
902058481 834333983
618360839 300537789
7 2
6 5
314474536 48115401
615955078 269482270
606204931 569586562
44264101 37402583
420327400 32540121
543199061 208369361
94292347 34374614
298025126 59626263
606708739 15202061
648387894 564388738
768109768 266839682
590173820 380467100
657138511 161958983
569627166 382545393
749204984 191648803
936448263 786124151
292542429 169137065
217260836 141462469
630501773 205709719
10 1
908419910 100391079
129562193 13472311
5 1
843472582 145772533
258523943 1091875
366021751 108900294
841034470 777919609
533067954 251239632
758327963 587841721
162696006 32928696
752606731 480303503
594757489 416384132
612963269 320952204
389932468 212504750
894834816 18025580
941575877 415602094
720608508 563701880
619780801 187086752
591712735 436354874
78693660 62624525
630095866 599263565
127378159 6627563
119484367 22356741
717906366 135433949
4 3
179025857 94406743
617162612 466812622
772400917 89009668
3 2
229997431 196903587
581288082 351362010
961445426 331620694
332906670 320055829
211766349 199255733
344530387 62817653
355181995 97351953
3 2
871777848 209461363
996421849 458093512
689511093 584626342
3 2
304404355 29811912
577654669 169744924
669992185 283266484
428909286 172061592
834096651 805610688
952000689 949601842
928022505 598547029
14921706 13483857
743860695 534346654
927246 307256
309926503 766153
458959984 327610508
485112641 88550846
521216870 48817548
320573197 20169387
612457296 267377537
267710838 157405762
453558453 399713542
520357144 274751409
133313837 112148666
522449530 440862627
649158075 322203762
560654630 361790500
462754234 265593505
215920119 49435102
726228634 277161743
427902437 248176747
5 3
612260767 171651527
656223497 55706624
657809066 132203788
9 2
659868847 290109026
410274109 272919882
945997581 22725374
978584800 189849869
373159744 238956926
507943342 273835539
529343163 514071559
58277893 17700573
502398008 10517246
661931001 1782369
931208538 543091249
473584851 180843920
505606615 300536267
8 4
758834400 93338345
21559423 12374326
775607343 438953546
722884403 260641843
618543809 473485417
2 1
652817110 395227390
131044056 69334485
