1021
14146133 1104729
992659094 976951700
553581930 54909716
485630885 148992833
172195133 12281587
752611359 700615429
2 1
482847671 159034528
912903820 523451791
41202865 19401097
274027211 65174671
53653187 38843442
16605249 5328758
12883120 11654003
548388187 516104029
2478956 267319
9 3
886498893 660166513
155474363 146318288
4 3
57243497 6464199
110846642 27274253
503794230 175669053
542352029 13526829
35500101 16275131
490454177 164747955
781004161 256056913
822750082 645283184
680867594 589528250
654919321 440191554
562424561 62054230
938257447 161618828
849115517 399311292
943817695 757276935
5 2
5 1
827158479 92849524
10 4
372888220 356337273
151259262 68859304
779343263 451834985
7 1
721664330 177569913
429866100 174334006
917919301 28801643
634438116 416655028
679620218 599117379
687667831 98550804
227910604 18664284
997683719 477369690
789654367 128703241
608246498 208568683
541062386 403456927
870005850 193151983
826853852 722299542
520500526 430855991
2 1
317377735 218238223
888422736 861582839
478746738 163784779
107664842 30810814
782309730 648271304
414161101 342889770
173277327 70640083
3 1
613398556 307287596
3 2
495646990 218516782
955734923 447280323
592820573 105115810
158189253 155756995
490997962 139629241
885944234 22182439
744376621 435039174
421029371 329656511
254839510 89562772
46903398 9534386
84713970 10947673
701807155 687557692
3754011 204119
1 0
62618163 5090843
364549128 332879638
314166610 31722248
186357857 68979081
972209824 682069769
540030753 333225850
7063873 1233931
8 6
1 0
538034061 339669211
83457039 27790720
313651262 34516036
570335170 519575798
8891044 8037381
551487283 412207857
9 2
153259126 77036718
998411035 64300360
846387884 289691692
903198887 318570558
961085248 246840157
600187317 21745723
496374310 399341610
274092880 62544725
64267737 36798875
9 7
8 4
605318847 140308167
353667640 19628275
536433586 475542820
206951632 3050008
351067662 224752269
666142319 293087161
2 1
370054119 122312492
559752921 88481290
810649838 508202410
263695558 130246622
3 2
1 0
712123152 455833020
131911351 85541484
6 4
882582858 325173005
6 2
85776561 68887907
180720208 133698971
441891176 175128654
836588378 127831408
139226624 130794648
228931010 227126271
560242783 129540346
448477785 116805927
489025426 217324527
548865938 302381903
274738138 100394302
87356169 5310998
29907202 22076479
405633114 22089242
882647729 20178282
683529874 233908145
779811475 410512153
67450009 17513214
517675658 500422992
221346751 150737408
111935235 5970208
565661222 71127093
923570585 577826049
607650500 437464919
786767744 499802196
306497913 155653231
936851392 335760010
572776584 246181203
558273897 93280363
812469044 613441271
445724440 32229913
747870118 568152275
688927305 465557321
738930925 578654601
648278818 54904479
159260703 115989517
121781460 38868369
497569216 479589318
169507438 137885176
204641665 60002493
644315035 641883423
963087136 85701737
184608910 33734062
990933615 752670167
920791943 188508085
591131338 143567029
323713553 230123159
25121703 14808007
917836809 445055583
853851041 653975542
111822007 77309139
553791005 399436232
686687941 343732993
4 1
443539110 175946021
230831093 88537885
850186335 641971536
998480079 1386196
118564884 98537770
750479764 324858661
669064408 195501670
560133598 139068700
551609776 56384291
877641997 452551089
925760376 76715095
652365596 535065743
694504686 192620123
350760748 349610374
425800781 222783768
260908402 40751558
452129045 49556015
561595372 261755766
370345324 159634857
503343629 270812788
359134127 354693347
631733443 397771547
284827836 206992239
432119296 273821804
261941942 54706203
994211830 577504291
770374786 412339319
349101031 333141358
566158367 532656698
422615142 292161897
969521029 392236491
467715264 168008017
20161462 1951094
253458217 206288436
475680174 300915131
391787637 186602399
749237334 400035738
516542585 496003799
853777396 291333095
197672403 125670924
442689982 293384104
60681346 39423343
323223603 247177170
496333560 132646143
508600179 499580191
912590816 194680119
278718295 270172980
151772712 114569140
840829124 742149343
502740597 175670681
21358410 15240200
651595185 634458118
2 1
312213504 163786118
100082873 75923036
875288394 685601729
728882577 457238270
334049031 153600763
630104337 443785365
623159776 595394662
457855717 447950887
870208624 255296767
885785003 308290353
880741523 762906672
733411623 373993714
159010615 123487159
834171443 182937757
433430946 214749274
95666552 84183198
320579030 105777447
654859953 146351744
696427581 580625231
756758134 80668629
824876894 548436727
529333699 36414355
293600152 245663135
976273308 617937302
953148949 530768938
4 3
495052056 370353809
817405419 677813297
788142947 121246863
630845039 138576635
81989166 81167047
261936049 25262441
52757740 10435000
456021448 428362351
913009889 476368252
940297638 559110914
842752445 808810598
638155840 9340038
350154643 17734832
669669671 486098930
487807699 19464258
572186665 408706675
538608647 299846200
817226069 400331277
401984050 320895313
637355578 491180968
199440366 198551028
643257858 164813414
105566830 44366798
917437830 550090374
633184480 464316821
896474884 400632498
646706962 84615045
117822677 28761571
320064412 9038878
42626159 24190833
121512465 73017551
578478036 70751431
119926589 62174607
5 4
8 6
78608516 35258160
4 1
8 6
200489583 56733976
909455563 211138340
88527608 52140318
865933712 316411096
254271485 157641586
458416923 220681258
986872676 447422803
999888885 649018640
901708844 70820592
409621060 199964445
587365513 279158717
2 1
535568623 207624682
103456520 42298940
89441358 53669164
113886768 112001363
493666007 45277661
50822008 47231133
642391207 380072570
378833559 283238210
266514095 172934335
186550102 37622965
197549137 187588824
232985521 33871802
335818455 89990992
794954732 639276956
106344834 71222495
145233012 85512054
741894374 97791280
717940452 504289819
247998004 59555041
741665842 498780177
808868623 324594799
7 6
16679451 9690831
346557332 215488272
772507024 641015635
20339740 18813728
628038426 97457911
61770174 31094021
488935958 230848374
398279612 279346618
251216880 37457125
881549039 188144039
5 3
305434744 298750374
85998192 12112176
8 3
426965443 67335370
314310904 312062935
748182621 319628534
378677129 197404892
533819394 96869168
549922631 496253199
13847786 4551588
639275283 452138950
798922613 537866087
149617532 48584094
975876246 605427586
895500602 783072914
622018560 434864112
8 6
730976806 571834450
364888811 17996629
690210103 617319154
570239672 427108434
11396188 4576684
275851792 275827503
146923419 2601988
586516140 234145832
648368924 481680978
265444061 151491640
907165498 181676153
381888903 67790995
840965524 430666097
1 0
96428914 9944294
446829997 406848361
293233390 175996009
589249349 141457781
7 6
567679513 242167553
108001968 78853294
83446798 60400263
428760323 379668207
838292556 837623479
381749098 131692575
632045592 360734193
699313833 22247645
877758503 695708113
404098235 27134053
699521144 601566887
5 1
536252449 202629718
363625065 270613444
34394150 7710878
787363811 48400848
149964754 134623861
617707263 401897764
392372833 382100562
419707514 310264232
5 4
749871575 363082974
273658148 203066914
202227121 109172060
171580886 8791117
951179613 682015265
751520384 194425788
284061375 112838192
679141232 309715436
44617457 34295967
891948304 313820983
528414371 91522803
472057132 385716084
636852705 53900388
978813790 788753743
4 2
523685086 360069757
772212189 629125744
540783613 111907797
524409025 450568305
665360525 306259437
73691667 50112134
266335784 29185342
170559450 100124227
178413439 62811777
437587363 122840034
340821585 217281277
392999831 268894563
892318979 73912165
316620735 245006044
177409090 134844772
6 1
156896512 30193012
628846032 5475749
41158840 969402
924256274 18084386
760988342 543728334
834188330 763284967
474783695 373087851
6 3
55158210 48850601
564995354 148615193
517098395 170976370
2 1
747894108 382035268
33039821 3319028
171429173 38014044
49855273 21787171
99971400 46729393
936224082 518026323
570567508 231771403
810820080 295103119
310355709 147029228
739900480 577327443
970375489 682384181
102517113 87877382
245370809 158539283
587544637 218998700
2 1
346628103 212703971
674955275 158476347
779949610 291163100
101267156 711201
537680683 438527984
184956515 22480060
784668156 2601748
925777990 534932376
50642371 25904754
10 9
235187773 212929839
1 0
272123972 77119017
218605669 83388217
651965616 621128142
10 8
526036400 225921298
720757245 16467153
302747550 252030005
4 1
54038614 47961959
507569307 72330935
979075217 147318830
141136937 58916781
975375993 625468819
909048280 755328465
609333861 152976808
822665796 211362572
200582084 199698763
521650476 77480881
714305639 63996124
827163778 569886291
83021915 21973305
144396054 80617209
579266457 200875119
690729945 675810528
607813239 598585727
947485232 502913562
725776988 339014902
620547852 92415141
1 0
308052709 294295067
8662533 3926494
403323269 100047426
130724969 31984400
9 7
831449053 171259506
513483710 140804824
841855982 493103319
578681689 196481314
892384345 67611705
773485957 551007971
338704009 276115707
825054643 602371153
955670562 419692553
495634763 173429443
139830146 40561053
637832376 334334719
10 9
537714688 237253276
34995285 9371886
653203239 575414085
624352539 503328196
796255004 575981424
845328359 501564657
698427944 397157662
926913100 885230651
43539692 26994203
609474361 397776077
234666841 53327977
715877033 164618035
125802855 72297119
823489030 550747075
778631694 162013605
286183370 216518345
217816854 114945562
972322107 243906210
982344900 665075338
9 8
7 2
78461640 61361949
517307892 210074970
753596317 205013508
8 2
329228965 241118485
25565197 24818830
836709189 583036604
636906150 107300265
278431558 40564887
694003443 45304412
207048318 129009292
860242944 785498278
851130839 444952859
911696508 375468072
365847924 99662664
368981265 323824077
346162820 287974573
293868931 127636018
99969933 76876611
554383551 467788791
974981558 18138505
478319632 223456817
254487295 211911584
6 4
537815223 338866004
727968004 448436815
673792668 175898739
333997584 329986432
905023625 411280511
313837556 149149027
467764501 36017688
3 1
105343849 31494398
414746584 64972695
584768949 32767989
587787913 192926725
670121693 614022598
276512800 255114418
955322432 215863720
197579633 176670614
447223821 387000372
904793168 668277761
96433689 31645528
51739556 17428214
996903801 507594779
611919795 111061907
484980716 243872813
860163792 294216396
689468303 298856133
542187604 496622785
18729087 7223007
412303945 153649263
911121775 883884384
432539812 335105827
661265987 573404031
410416006 154522810
170892375 69535746
839591324 420359979
958835998 148819533
343845228 258871558
176037411 105667534
9 1
477989871 288575053
705382641 654617228
385541873 181790338
352373054 289986384
212418982 211258302
832481529 421807157
30972495 26207780
516472276 348411514
60742065 45556441
192012808 17169574
854886874 288154793
630148436 592910797
545482400 205565215
530134013 251997511
145688624 49525985
732039885 302069889
116543502 40198581
587768484 31189803
6 5
301539116 215317748
899058649 122190145
186561571 145555329
568915536 442663022
150049876 73313134
954460173 8303682
650510393 342763361
891642683 171305247
164750250 145388929
379085590 301669756
729957542 59933770
625141174 282566708
18484355 5801730
962975684 465560531
392433908 223963082
964269554 454782470
440440740 32110567
233519149 165132963
750506510 225161669
68402813 32414289
893203822 739526873
695328292 589358817
9 1
6277516 3538413
3 2
343940539 120585263
102748822 98187998
831555176 794246972
693340065 687265116
122943858 95226871
78599270 43085029
134698267 95976821
708322257 512233679
628104985 497205859
952649665 834162895
109611772 4534616
420402238 390805496
783540277 122505497
836617838 44754394
183910663 16828127
141039031 36157113
537689112 527058158
908379793 226821897
947442679 616879786
653756408 370752423
17215009 14076345
820129321 202693997
640737419 107582098
67878888 10598124
571934802 98735540
719230022 637056013
737856069 14047519
305546593 35199400
759115439 165456377
537422348 349765129
441028529 148554230
979644642 227956158
131029098 2577906
879618342 624656924
447101490 217623466
34230657 2631769
7321001 1303388
395484391 115206303
9 8
592760384 437018989
323980813 68489272
4 3
845302380 285892220
359026943 304671670
8 3
351544746 182799743
881686953 744620381
23566444 8733727
4 2
38828249 356288
681476770 14678512
350702467 348585340
465934469 186930996
149153902 128184524
967708123 346601748
394494196 268841085
553711407 396495818
251462440 215523440
263786297 66651520
925986829 752107570
746883549 11796736
4 1
750830282 552052897
968039413 671615179
284459543 167075593
1 0
905060918 705363189
8 5
976274570 470926961
122933231 2813576
398806189 130044243
398564427 73336958
805173345 544268094
986683441 561375105
913011467 175300998
548866545 148064553
8 2
79990016 36486243
318000412 231533651
43151915 40330602
57451649 48772288
173566623 121790490
344116964 75291489
512069779 414912067
343091059 79064147
5 3
747639647 179195088
912595564 407646692
755642969 522251204
832185819 166096104
873450991 608958994
193367107 116327196
370479898 9651278
5 3
895717603 376140762
434515957 68252940
961629966 654354324
704338902 398593905
11500181 5158474
703296223 389095270
534605955 248322893
147097265 107109227
22914332 17253913
342795242 16137197
1 0
595737800 196170607
826035221 445347096
970763548 770649173
617758500 134646310
388027771 27981205
545785656 503563860
559167222 447013759
6 4
157342677 127913237
214820795 18999101
2 1
127297511 59109878
842778912 434248473
5 1
369080832 235849817
953177296 157071399
3 1
374109059 320225789
475939984 219244822
643936184 56417574
399956932 32573620
494282802 381684389
738843771 74580008
575844665 32028756
2 1
593675555 446016456
662908820 274444609
10 1
542457058 247120415
453505275 280857751
359208962 22275621
932270316 303481297
888045437 656900774
429949667 342473555
874138694 806376216
598593892 135590070
790443959 363577871
157763716 15210410
99723378 56223184
195938883 36739269
126793872 91527823
982734637 799899980
4 1
322057543 38860191
502822637 125529582
757698119 549168146
834968862 164285642
768100860 603413442
3 1
91646184 80004553
574023844 227110844
59561362 22976956
19433670 7035738
567419569 331266365
413661392 52867458
668884149 440254231
7 3
859687171 232294003
3 1
768823882 162627326
1 0
99329595 73850454
43703671 14562339
3 1
471505640 217067107
133771122 95032032
331957447 189100205
868687404 462889310
15494379 6091008
5 1
495493696 461934320
35125805 24073395
4 3
187462763 125281185
392075262 123416875
435291338 67804182
244949942 93581863
685998597 176202401
817692394 6505294
902405174 622300579
823947196 172766308
2 1
781501841 285515593
978663768 795574414
280771903 230882556
2 1
871664384 235779089
688960985 163134520
949628654 76102709
129405261 65451923
966153609 811506017
265048667 46593959
235984124 54388915
405518096 29502109
340769879 92859060
41494307 35106025
220375328 164156693
851870274 77086197
277165996 187158526
891699055 686430819
851616742 566235556
381551065 105670686
372295915 175701741
753098621 488592621
3 2
978939983 843417585
939019304 269808004
417666895 263280115
499803841 121438783
209075570 152930213
570813669 402500788
121570846 6684709
892434946 794201507
806467704 288144164
8 3
9 5
141846804 127808135
871653145 597408837
750980061 104521561
900324401 146497191
5 4
638551885 166386298
571437703 334120001
152429092 80717479
996649020 343303616
545926484 170130553
979357660 454547945
784753982 602783378
815621010 644629634
3 2
143967156 139944005
441818158 332334742
610254789 607039191
806890557 185762855
666256808 630698257
638033347 231858122
470428625 76534971
32800433 21717583
690218957 28607823
165454228 100809483
903464436 472545909
608687539 328372008
921100502 49574385
12568855 8097224
354848277 47065077
180007091 117540671
341162586 191752960
574284059 237142115
656922550 398120586
659835429 380815634
908777454 173333692
523494658 139303299
87067381 50450831
207050113 49704255
685704390 139102524
380988077 22407761
569330586 145247333
631616204 145806664
985797370 764514022
889210554 581627718
386409745 372366884
359486072 55577846
105253961 65556474
541740386 271487156
460698874 40800944
435279960 209595359
553963153 489461867
29609237 21413889
472695399 342559920
610214748 162230265
742427558 421289555
642738955 76201681
407400646 105329550
302869126 287624875
941007938 934693432
433265655 43915196
9 3
218657630 155823895
312547797 194759501
750824869 714615324
452272084 262568473
684223764 65194169
5 3
938910993 672271037
770547997 133603287
45221102 42775386
532716672 172705966
106662500 101150293
903758922 15331128
19719198 355094
2 1
754003849 156791804
997747162 851253878
561156320 501029738
918445725 163981756
383960521 25956251
149003910 95126916
890056215 28642200
419130913 16172898
691655366 222196514
302143069 280251116
265513307 56357976
532695747 183274038
763854719 332004443
930671436 304138584
843187400 534645221
179276736 48470845
584914261 186959667
258673508 170539514
5 4
833964202 420713461
507662839 462308996
201121673 41222675
976480570 157511866
471677334 294638416
609107087 491195575
288505055 207396415
488589002 174352180
977180106 719145574
788319510 638471182
319322806 66222808
539931293 39759636
541990410 135788527
460614327 341209768
683536339 509677099
385784651 321497402
524681630 80869574
36235509 881899
95507309 14636902
796525979 626980065
466812932 5245551
14106052 4290800
520362828 452358413
953904018 474397995
884098642 797073850
705721022 21279072
428038287 242582007
10 3
874155503 712368196
6 1
5359875 4988865
254342278 81420548
554385989 7850628
52484370 11240734
994908975 548603780
720305905 299042745
574900022 116530294
785585195 79322555
23322018 4565505
774423261 364257221
155109424 154337336
880692467 19212049
330021072 197507964
855110784 181277501
215628974 24849651
781398702 489666209
923335336 853993674
948184876 445200395
401612342 264516403
240227425 172051536
4 3
696563183 167853763
20422799 11633235
585023107 118403051
731351877 366370730
904018744 181959182
66385461 4060993
75169530 21424522
375401220 160529099
194647384 10121877
984267640 292793922
204838141 51283638
330806214 265807910
