1021
827118129 643024904
596752615 577547665
972509969 160427124
140132741 122271561
197603109 150082688
10 2
719513340 305666584
159340417 108800684
141860542 54901863
601744092 431529599
389871125 321897173
247647602 236348424
525219577 361697757
147579208 4563295
4 3
611590817 409869348
4 2
563559307 67685510
245520146 160980859
388938213 379733120
346114743 151749603
626122638 249612103
470871583 151616452
3 2
209284056 18707418
798449849 236473460
797687265 437480528
891086607 683567640
804472143 646368170
649689800 354694676
976906844 646227570
750203916 242651944
84728619 30925036
718964686 211595700
8 5
2 1
328614885 295230069
36586308 11054703
76169457 73304582
201065680 175778204
84864775 69860911
513073072 28229506
36604181 29253246
249622809 39333029
930736432 416846986
755508689 749529501
539080562 415303704
723755609 204710831
584950734 376995029
9 7
5 3
897935316 393596056
307476427 213095953
10 7
935796173 714979420
84996654 20956331
91020452 39001262
207603651 206866565
585027035 31477489
320589658 209287871
911335880 100965363
998162398 714101307
613857649 601993399
607023501 468150724
617728587 220287520
8 4
613882040 97689203
27247291 3688864
879923749 542925671
811275837 244989206
79204788 12797583
125202648 69426061
724699451 214719262
548080799 17394763
9 1
389567758 100246167
1 0
155277131 44229736
723707636 291112783
72866966 35022669
3 2
997371739 538586566
246652193 226582373
570013350 411292736
4 1
302485941 55841736
298413300 170731673
732446111 160863512
832046026 663668376
19147639 17761781
887377937 187935861
6869156 3784605
284277410 101409385
128870934 18582324
225400918 206652834
608891383 120262992
341378919 258379388
40343259 1776066
1 0
63195901 45408453
923048559 52595062
338187118 118641927
488612069 59904516
77221379 72072364
817863801 718205173
140017629 64045674
489319412 393572735
479962124 14311491
770857306 72917190
9 4
618356239 364862654
5591765 4618488
14008165 12120030
754912438 347594115
152881532 128369180
166831210 18638549
6 4
629621383 515668120
308219366 288419149
652570038 212357716
8 3
4 2
160519023 74341243
316754095 16457881
144846760 11539863
868335765 512670416
524000053 492299548
773353856 593193648
441117099 432958809
639138498 211363950
9757547 1723580
609609561 586738065
565737669 318303926
754153882 370913439
690829411 204083143
909612749 16057531
718581002 413802132
294900321 148397005
8 5
114854016 89052796
917083752 289555194
167804984 782095
742081966 692937455
41196435 6812583
1592067 520408
749611591 264877333
431635648 153793207
846500408 752788316
819982517 423441679
365416538 355633460
3 2
634242083 269365357
623869282 38439529
961328601 654435046
95168147 70930473
36867204 12637466
405526349 158887851
3 2
939208053 638520593
905936065 350159187
669342968 200485082
714165783 536491690
654515836 524973396
549796210 327240171
326241952 210841033
741162471 397921918
642182906 369273998
546705428 528112515
33461738 15525516
505691911 27589529
708974796 415477643
230871189 214796559
850804460 312945480
10 9
876863689 9063576
596384788 419996722
292203421 126582767
560405358 26691581
652109621 80944890
641561810 627024360
970783686 460361546
372435135 261035078
208517489 64208896
931749084 169711793
258460255 67574996
255694687 127984793
684134719 144065234
595394690 296271405
844438452 704015769
6 1
3 1
807555586 385502643
807001928 298106440
596125209 265302331
851022837 802852428
512717398 382595524
32253386 12629941
763055269 405719855
778260120 623940874
45371288 3771820
333421384 244497578
6 1
858940677 682869341
183862184 55134462
906442098 404710925
764217938 546710369
598080789 488785497
921681208 530266274
427666477 24092025
951572118 904728118
261136883 175195352
681844557 486291898
512708151 83662462
927807637 69078367
422596531 287416679
5 4
801412724 464339208
201937322 61508851
4 2
901049687 660332104
407005155 255562221
878291303 857965158
940546990 591216719
9 1
999587465 38114533
264737051 234073463
776075709 59811571
317814080 290113761
288315199 111918583
420325773 269793688
907883393 364543794
429592753 153921116
310020448 249624802
119233070 18645472
285913927 13822093
85207705 13805069
428532901 216134442
7 5
548096061 137613312
779603106 730722838
463936978 364404980
698439978 542533882
103248447 905979
2 1
515128732 235077715
372215218 232651488
883765093 427365765
9 8
172758171 170386001
1 0
858494124 545963707
318156917 128052738
825261224 34852944
2 1
753326721 342126807
731713773 164477843
603103387 190070555
392826844 261728251
8 4
641736273 313910783
723801567 370217622
935331090 323233355
10715327 8995527
385505085 378172680
882587966 684163393
905033709 859969939
51189903 3457661
716096183 364753560
5 2
543057046 329313872
745405421 586218795
138927715 133608362
326945812 26165667
160613612 87210186
802334355 251831271
892876026 13006949
688103989 183541893
961637070 616846058
593735786 522603058
7 1
553600112 448161015
820489092 636439182
180199701 55609889
204147689 69117976
476782440 378726103
269837827 41608631
1 0
538278623 318718983
349278560 114860400
225461333 134089653
673217567 145473055
240822626 38756514
808030776 629251571
68859564 59816291
232562078 85825192
261836157 176039399
465231598 317452865
582803336 151378560
877168040 540386919
750802452 353438221
886238323 386651276
812725907 131568303
192652771 135484021
289766584 116736920
83458950 54522535
518855053 114738170
8 1
334307157 19968308
367165880 212263829
479063940 342320558
587975417 77231365
245580540 149960732
3 2
925326077 686624965
707272550 357809886
740696197 45547898
163321828 151748034
676374302 489998270
76857398 29750624
48278039 20964528
3 1
743768161 361182734
86408193 66928495
828246979 10102450
630690620 343524150
401965789 190146571
329358839 1042729
169720408 2933586
509741330 264949431
94384541 73699248
422726149 269777184
999629250 667182973
751546619 383198142
237456599 139813017
248622287 149526777
562933575 492825826
426044271 109770221
503632724 240400015
266709413 76188785
119905752 38272965
719280100 463523418
339850380 256219463
977312174 494556156
8873497 5618254
31816302 16386728
139595986 81762892
126930782 111288016
384567164 364833402
523056784 468855706
635284347 240595088
932137446 349030978
406843350 278012889
358716406 270610453
315491742 214806080
646220989 200689336
670466308 403873709
542348297 218748092
875328599 586657577
282766906 138876857
774728191 467726021
679189647 611302925
196901335 51070806
304740447 288902552
2014376 1915091
606407635 31134108
310407756 218314870
1 0
6 1
8 3
806783364 532820729
7 6
103191755 102047239
7 3
475563339 84846677
970039208 87628285
996298545 562493393
35886964 34285231
107396977 105456813
483493696 305800817
913793858 293501815
5 2
554902614 352236951
964247461 158853594
368181823 175154393
615817416 278474870
327427788 101865433
705772344 253803594
797859709 58158351
985739672 381222675
769751780 247449119
4 1
56963088 56150623
394837705 116077660
862419211 83121634
369579630 101566236
493908130 160108924
592344538 309191941
540842524 538091890
931925326 656731325
878795369 792502243
827562429 760246337
237871610 142527081
266639807 77017215
956439875 827178337
823692133 455004593
248496216 104250849
382552346 83555751
207294256 152116552
10 4
208464206 74384970
907462453 236418520
718571939 295223488
337285424 146899792
509754148 88390459
811053064 382621618
75577455 16920256
904918032 631901753
398307547 95033530
807715400 514230668
2 1
2 1
429055163 357190363
843853041 672584869
137664182 85030735
9 8
685005661 654790564
855444754 210882837
68807453 51640497
938563947 26814714
963595705 758196955
948769647 209259983
763461698 99737893
376479531 54789398
309004819 288006006
791939008 691980634
207591021 163060530
664936350 307945116
774280575 538212393
205401718 60873409
797042618 259614291
810940738 366556259
858355178 52942130
412828080 173919942
814012024 767745435
765257698 137744992
416981536 359437579
332058261 138019112
478616851 131772750
83244512 39392284
595215302 82940723
889758825 560863857
827682274 801757734
90747987 3872968
216521883 106089846
292149758 210406120
8 3
738340984 554488171
129041237 3151791
641633466 340522914
410111292 398699233
26233829 13273281
553968055 465929977
246879997 235553782
653667178 11753107
915331888 642460306
209092945 159227700
419799599 125848541
960846634 701709724
51741862 16874046
207010256 179908474
877270193 425502002
699587502 341973160
969882925 306174070
660235041 54124536
509300826 318530018
935826491 201290115
958802473 568332879
432133348 340876120
227209672 72336166
18513182 4967378
754247551 314150325
258742543 71239272
566384685 543339854
20982259 14136304
508730651 264585068
5192774 1437673
213312316 211027704
1 0
5 3
325749757 55008884
215641629 190095828
744757668 510719685
199954461 192567014
482642174 184009809
33646763 22885326
742588007 492622293
585790349 151657455
6 3
131292904 121274760
216993958 136757029
4 3
291652483 28843109
7 1
994308965 92650720
908838210 654596811
980344942 257642634
959320255 952667005
352796687 23710614
957261906 313412433
302854025 261898205
364019955 6190916
1667383 990905
845033935 280138758
339015970 203711117
750022677 604740499
505976306 228734540
2 1
561178012 90112505
887075978 457001640
301696635 76575509
417996782 56815249
371634295 155452409
375474421 15255799
443013927 393254328
865394332 160217479
421517321 327886957
106376628 51623499
83947461 4928149
876843603 147841871
944266554 370822479
684052406 402415959
836374134 31151739
671678918 196954958
383705863 314570820
341298598 196343684
713415782 694435365
7725493 3947773
731221904 493975310
255414202 49650574
541571079 120060010
18429840 4025008
723820038 33680608
5 3
750573474 331636101
90458823 86120994
541822610 79641419
557811731 456978439
79330526 14367939
961413327 779777679
570626966 71948747
868880522 169799867
615397655 447578857
961821035 637314097
972791068 107753587
178203508 61030184
263109768 70982429
200103723 174577856
550311769 101732606
5 3
987141702 247296721
471280435 428730997
60918899 13646525
848195745 88597765
285157029 139488341
233057924 112838510
695986058 167079856
948499385 768555399
391186545 149023522
726510312 554358553
121806240 26482484
510006589 88395837
107674824 38910825
721313738 682025719
851169141 226186636
3 1
727197117 382133576
15216407 13762750
6602691 6536819
923170416 799296289
648175377 598411099
517790437 370664639
91514906 72172260
658323714 355727671
528550617 513989248
852666302 824587884
934687762 563996019
10 2
245521038 239525236
579613206 306938525
391559386 282686132
624372989 108192348
845943275 289299372
525159422 24619045
539874926 310234846
692511957 46948677
3397076 1775991
90580059 88184675
643809134 3588112
81381370 79339490
890709313 25964840
610637618 365355901
762939347 182045573
375872320 107131549
113313563 16458389
143853024 76268489
567422123 152043638
591790264 86127292
761134915 329902211
60842988 25679311
198288397 86611041
944777533 469071560
443708559 58137348
695484945 372254368
841426566 786875167
776209185 13739930
790774199 2934930
4 1
756497555 666808405
75008396 20779403
436089115 278510721
575670846 535076452
412369405 32778428
194238320 106577395
541722250 8508928
262550379 16875487
199086851 54430337
596211905 576384500
525700773 310898715
48065609 2267441
686217249 141246497
361467806 218698881
24791272 23555392
91598423 50280697
438492371 319970384
614091887 453070122
905942346 531103558
168631945 34240231
6428512 6349284
692692267 437713641
681316141 655699409
386877591 30130475
807262343 677958816
998335947 474201236
256069913 99397708
267274756 142529911
567288205 492291222
707902458 277811726
82827839 12976367
31031283 2057737
586035147 352653144
862811616 111494737
584572544 249845365
273566065 60404986
27316384 26225950
543370456 416761914
484356222 470420290
726969452 66006685
823130470 329430040
239403386 186049322
9 8
190548080 94440009
753333835 133391345
988701864 15550591
659847709 427302488
3985537 1707991
421171748 316095322
414756297 281660683
157397411 124926518
125203817 7097924
179265144 15540433
604178924 420032802
936127675 671959586
466711574 199925686
988106805 188678132
343761598 214421884
345455298 110060718
12080323 1444987
839389545 272072150
144379024 60328026
932937775 40058170
306582127 224045224
528221555 392203284
170655605 109728542
200857129 107223743
345310042 149016417
3 2
10 5
868963758 34569644
84035190 53958102
908297972 48942317
131386172 59948055
180805282 135506431
522093255 6316857
102061948 2979165
255692506 212516098
918022105 746940910
225612325 214057950
750575208 647354705
255798422 90471199
573604213 253432706
387353509 257637432
800740314 119170119
5 4
357231542 6339565
408916161 392601147
749091217 674601311
847454244 309737478
334123837 175780650
143526790 9218540
263185899 172662022
990562518 392912980
832227229 25012819
33614166 31448890
858936236 342691088
435584239 378865050
737970625 574368904
827063804 48621770
876352225 62132500
412282708 189474539
88291840 50187591
139347564 80162079
447779330 256542136
878611719 815919910
330120797 113294793
990730878 110641831
217377691 113967005
125005714 50842087
720307684 699155290
521196201 43511384
713451812 538950120
537996721 82999169
4 3
12418967 5376343
121452380 90795319
286556584 188275773
759822657 60992874
384631781 41928642
971349744 367428853
191247934 172755337
896770319 859278446
689777327 555419816
316553375 59463996
380422433 87797587
570151007 454932674
349524280 215257179
824908550 244709253
445201230 1709067
150949448 111772829
8 7
120775443 38953061
3 2
466486231 292671678
9 6
569824493 34567615
432881624 256201192
703472623 3446695
185909182 29037611
947313262 862047807
1 0
507326452 40237423
308538004 252921310
807313471 62827046
260934197 119669978
923838743 514319976
879876081 84430429
72362796 11497497
895216353 663216644
753489908 67722653
12335191 1623049
286683245 142831155
214737221 74600617
775595852 592474504
110184464 41673396
6 2
636438816 308231185
87255921 33714238
133702047 130787543
5 2
953805553 277534988
443622780 124402057
745627985 632814046
296254183 148147972
609849359 334964782
861226154 526922321
962345602 258059592
15050186 940135
9 8
85362285 20637028
574356814 162705523
606081990 305744612
477802471 434028426
329145052 116298202
13442612 11593952
651214648 95367786
645839585 185612159
117873581 73909784
567686707 108243583
9 5
686382402 270772930
620467342 409211482
572718111 81430971
941043149 251804538
943322259 69429505
799952380 685251913
891941735 603656283
811613441 232079971
211712752 7952808
563077123 258623445
696014877 121683420
835174903 650862125
6 1
773416936 119831600
827763591 710148238
605968036 404211661
429820526 4496172
335524997 196888657
2 1
906700729 701898384
447144514 198396872
800639656 538229871
708941527 285466381
5050898 1996016
307734896 84708455
314186400 175668305
3 2
380778012 103828856
176869435 88534968
711327023 550832252
163732226 8369669
22160304 10396371
915850297 740582357
2 1
8 4
576224493 89243563
3 2
126203443 78409163
57132233 29136602
686031930 360369441
880893384 377247524
278059187 6891092
181017228 102852157
769081917 58275535
737769180 475571446
538006460 495365363
12109007 677594
428510537 21825077
6 4
4 3
131893635 127318671
299776366 267957528
729956807 360771309
654895748 99044533
491386851 289797171
334242023 301458056
18676637 3123781
780452415 449583217
381720201 319355686
133544771 129356622
106311997 45922799
657649513 404761293
133370985 12331534
181504358 97599698
851677502 253584936
987875438 560702449
835121524 458871443
669559912 74297465
759725264 377634842
642850821 590759901
864878207 121091108
754551007 234760579
72628497 8185468
421914585 325675787
880611979 159828108
10 5
13788634 10261028
752027635 305860849
12626808 5258208
36210081 7904213
1 0
587747329 582822188
772728888 209208712
260472059 112437994
942458616 97968452
179974091 97655877
549716792 485262805
59724741 41051360
670301939 312126702
370269050 152774896
398043317 290351928
99768503 37239327
222646388 169486430
21561640 21309783
948632539 515242837
86127899 7197821
866437164 783129131
3091149 492960
134922695 43260760
7 1
6 1
228468229 219846060
545203969 66167821
720519252 567754602
909565715 508513335
3 1
805945995 6314421
447629567 128185935
254318968 211698551
816519129 576325595
188042734 65548742
580928310 185653301
811988461 243936877
392380580 243530561
983057803 681807374
233867388 222710679
812028872 613893755
946486424 216105099
131464887 10623780
907478878 284268161
486597252 285906653
64073882 55293806
378440314 122990112
69061621 66784254
869993932 840955671
68322608 38372615
678673560 176299465
203720752 121137431
661681165 232655247
57570962 54376579
325199676 48673074
152305364 13107621
165189956 34760103
501673744 416543630
18613909 17312828
6 3
213365116 120569206
217901562 17626086
957429918 12345556
107116559 66324783
278558944 98231729
249556703 95174230
48992024 13600162
240991606 10353042
232107502 32552577
3 2
768250006 148870577
398513743 12218468
298647506 200042858
600485932 420163011
135062397 59810482
19948885 920637
863420784 563106766
23694121 2260598
387742880 48618382
533801208 158312569
362976641 295789453
9 7
754775584 354446973
684240925 324189890
640811197 518174605
235978696 67238176
8 3
381894615 12699238
75711815 69203280
735637849 335931050
626740923 134409923
9 1
24612658 8606313
604598301 528999273
10 3
262416742 229775367
83964823 24088310
784627059 732151967
856137933 62968595
703770423 582825208
265175063 223764995
388594927 169132546
929963 405136
463972846 343935469
2 1
543826047 269671365
802099296 96298232
205751531 75014251
525270989 358910002
173604960 172298159
6 1
56842592 17847714
214315111 150463759
993267624 763340575
319337136 7308121
217609977 28279582
71880490 56936749
10 9
383586865 210398133
587006010 81292741
746899306 237252100
493785153 319421589
545399637 414369269
26445355 15419028
972151224 519553345
213759586 176621465
446865769 141443107
140554803 73007965
919099980 124315704
4 1
129243336 116456790
614827427 6148121
670710004 346218869
798586835 422771388
374203319 353274254
757643934 505606341
860957814 571583434
17252940 13642238
642255411 468373077
629889456 372283566
365398420 283294082
819469867 738117894
729650485 241440743
9 1
928161509 124407978
442133723 103005792
266752155 252455224
