1021
10 2
169127912 104105204
181280093 93056614
735551585 261668268
595710499 156402264
420496716 352202786
942217979 93766308
334097313 286753790
750041280 675149025
793402857 607807798
498266723 54806523
191229784 59251393
8 3
542449161 464337033
724096732 537782512
10 6
382663641 193515708
10 4
26159191 16387144
365673660 73310498
103569867 60797471
147469894 143681790
95873321 16290153
834575878 70040896
305243934 41843297
238016855 133329409
157244514 53259079
617372010 179097009
860748402 118536643
656053689 19738379
421990014 267023664
94395248 46528401
748043222 222789389
816942885 65827815
443573907 339434033
449987153 53208571
931844497 687051437
518518556 27700895
938938578 199728221
31340612 29557859
418280890 318493335
678139474 520251417
1 0
451565054 194388848
363564178 23315626
286490156 3668233
534114103 158593153
600510719 328804137
791911973 320326972
810052240 226473565
603532804 249246752
123333923 26834866
928214458 210853116
662727884 343230044
894019767 305804409
285310215 81277767
900503659 442799660
447155565 339193260
712969820 171086076
209071559 93297943
562136187 507115876
206512713 36291476
711158796 643642874
690256911 615485028
285051471 139947045
714467729 114858233
675548055 351858211
765178865 701797005
37251339 3690801
305952069 213977863
691628083 455084196
773803761 185348018
183033618 127936208
514820545 482589252
816969754 195256193
6 1
138224430 116220293
389033404 297381528
639886670 564363707
464600777 104236673
628990568 238881181
216663688 7515116
14218141 11224244
671007529 362466092
615162402 332390486
862967113 629554569
175602733 136221773
71087899 30108498
43669255 17336311
487512658 308164336
5 2
884832721 661068003
94185610 20356122
390203480 278424271
639404271 362407660
293802165 225243703
259972294 67073524
315886255 152135641
304824598 133386885
339925000 136211301
470818671 342425582
249896304 97023520
480312183 324797415
8 2
467967214 449650734
117401291 43597404
402313314 337543979
648143516 220785257
926094077 841980209
587826456 272547905
824826944 322674328
6 3
306556307 177559815
422677276 411267313
789354747 675911810
28280067 15908296
94873931 68860450
761779054 466817967
801388536 590711282
165875014 66698936
844687862 754070800
596209622 530354517
4 1
3023368 2487615
469706098 397219785
389684048 306841000
44211364 25622591
4 3
293651814 116473147
929403090 630061936
246610781 191613072
560365728 471245013
4 3
460761686 331894076
926328841 157580159
518862987 213155655
617893459 130964112
768833377 198307497
966920897 520308544
5 4
4 1
444927135 362678739
225178169 114356487
829303647 443599786
475943008 245634480
92174876 2940548
332644625 118224748
25785358 19955335
896614611 628416206
805362462 594945912
290738427 39565490
7 5
282896219 132843156
160346558 150054471
878152244 781376599
5453473 1320583
838248941 56207002
5 4
490403532 297798689
170878366 148552106
4 3
520262212 504550283
740585145 420409502
545762754 22257378
404642632 320894262
465400794 213301382
281713371 64481030
858310245 191738582
492463541 399018927
776249931 711354853
1 0
63971676 44140596
684872065 289353365
583506302 346520746
803281298 347030947
797288276 468371664
241859439 63213033
863829599 204622908
912080600 64875751
35236380 2670267
633600738 306274962
959372913 535099718
93519747 23001735
351945948 151353358
801972329 737468346
956662070 230853516
926709488 540086816
5 4
141257239 112285541
100962160 2979059
481317183 85599403
520349907 266836378
283880335 206644604
75833214 24410440
246038904 206816498
157170372 102996402
3 2
355699101 335823651
125487933 63384616
646172783 149719555
579514447 177520060
43811185 31268999
606820504 370363050
532998067 71880209
130539872 127852731
57144622 27649771
7 6
589277143 251989133
45398963 23549850
433617892 15037162
880380165 779790812
419309147 255309768
615128346 329039789
713787599 645952987
536150387 315796997
939959662 95873433
185514098 161754429
8 2
173820635 141565213
265149952 33669683
764623768 218509258
145841250 58270390
557466618 416218805
4 3
745241483 363809341
761926380 530293728
137230403 120200210
594574732 587356914
124215006 13346484
714360636 660576701
617144807 460486087
17171272 16907124
406962958 336891270
542264679 20974054
8 5
580658609 350265236
724731859 284884857
86848732 81796186
219474222 75178138
817225536 516435613
313164715 36749858
860280826 200270392
795735953 66568250
543269494 364718292
25561641 9612054
798607255 76370240
177468636 153115582
216561223 201971122
10 5
617972194 431358578
923803069 782222448
654567403 424745
252906304 236167690
323173166 210916930
158532440 135532074
791275268 224541866
718139861 225584957
608548618 424199379
182835153 170264307
5 4
403911228 255500015
263114434 259028361
91669402 30137357
667361167 544447159
4 1
556933740 223869249
517003635 256483094
636930794 88831004
776895161 753350710
167463297 77632611
433894498 224469064
283145974 205996917
533300814 340985777
300977789 265279242
628704353 170993645
127007848 87733728
312000665 253987410
799808985 614673221
191930772 131839402
37228982 36149426
860132492 561379312
7 2
648154917 137701660
1 0
654074700 438847583
492836552 235894578
165948243 103300416
311319484 6675125
504777634 421993970
540207352 3841448
546021725 262161302
771234088 593628713
208756927 53797144
356750933 230182477
344323988 6662358
695322481 597880258
90273597 11000379
867031315 359092087
539441119 485478757
33184276 20191696
882151924 715737316
290024212 35939103
973608481 28494423
10 7
804645889 274952654
519042853 379009509
236788481 47645726
454134260 257534544
5 3
3 2
195602815 52690188
468305969 99111560
878373525 840788794
29010929 10347051
318609274 84351882
926605218 696591863
81953732 15552238
8 7
461881789 62556071
639056059 27627076
956921465 678680107
8075997 4580619
66342184 5530290
293044993 251007946
7 2
73641430 58463958
972386340 834361520
997606631 580902128
904825036 471088187
864254921 78052935
501271722 353552649
10 9
305986045 212468228
483221495 424293791
229505100 35902182
46193424 40983500
853896660 660174985
5 2
233805058 90230459
7 5
6 3
553653704 343926191
9 3
200832405 51684106
531606938 87647793
637223371 211369263
380181356 33829671
331409997 13956921
763738315 467021418
879473973 767929771
132070330 112727124
587929351 82823725
245043994 164637669
866792 66737
47072562 17301519
711967790 98217098
944452495 287277199
706239603 199077988
58996935 52854115
248731219 217648008
82893807 7864579
918695269 317601440
760330202 208002390
232178088 98049292
936592790 266944799
479932079 233840800
576859155 67935646
526298573 442821289
298264451 228850514
651527943 607957492
499687847 284543372
787140711 642137415
618883056 604785928
794649967 196669989
589962584 124140573
750021766 383415053
239233784 115934602
4 3
403069506 98593025
22119383 18903168
765944419 431205483
92959990 13184057
336398517 218497151
272875735 200888553
910737831 441815285
161686147 56103128
836291247 523791743
336566360 319996491
243278071 80311885
850843300 537068356
123983616 80650318
265086580 123675821
10 8
4 1
997289891 427624908
697990143 112761110
467944859 212742799
701363765 695444863
867828328 720058869
726051062 124845807
714047670 439970257
276422949 201334893
223062821 86101142
148295410 131251478
354950906 68663481
21449976 12242344
378269723 38179181
847701438 426704661
80529499 12752168
427096702 6165955
155650683 100972709
385776944 342789669
333684906 127112083
339474018 319340419
778514187 267994671
405804169 208537909
741903930 248105525
937437782 677289614
427891386 262783408
454724532 73957494
161491562 111415428
884002329 802482013
77253659 67344894
898632051 674755452
952037009 706986000
752825057 161660667
856986791 748000937
898227965 43305342
267038307 24775353
236585946 64318806
326040973 318104197
869739440 725431986
263707322 113974718
275443486 38347892
868868308 195207138
6 1
208557278 87165489
423165380 358071807
3845253 2179876
27303297 202537
166423451 40106051
12224780 6040752
858002408 531881277
9 5
906111839 246179908
903380923 756243862
478015636 441981944
493705236 468756658
269460040 263997069
585347445 438083052
72179798 35662345
552778730 178923784
544203250 500196069
581890477 122777804
998242763 483570990
541388930 330363959
483077670 328120067
392158310 379206113
7 4
581622326 408584017
5 1
50017794 24123408
898965347 194546290
929223742 602380106
858494810 707628764
124809118 80946557
147201005 101821304
4568408 164340
70723262 3691995
922355841 293770181
3 2
389235017 300831624
664551141 80472093
496904562 80230952
459394579 83767221
563522247 102510933
277502337 18037101
766226941 763891231
775053654 492354558
1 0
843197024 745168839
832784278 485156260
749706888 616736901
157469972 135854407
55636672 43300423
575959741 1855932
891901137 416177680
909262639 604263997
19480033 17637186
486181003 467198422
951984600 246954538
490907149 97936738
1 0
846778217 641528269
851687205 545067024
572188326 351018655
171250198 122703150
657436658 592908082
700283796 606354149
156415643 115953238
178694272 60115336
176581294 23830445
474738863 117500959
569202000 154371047
438795976 264033735
408284467 363595280
976147602 195244121
311382764 98844758
596776751 166396456
738261823 519863343
481251594 152189776
801542525 274535189
3 1
264151048 263199002
727064828 142672701
423017371 30472333
294001064 270272804
213696514 135109216
2 1
833807576 28967180
835099759 805573787
7 4
3 1
560804965 46118576
13611754 11993738
86484759 4888039
9 3
924593099 602979698
709802410 608121324
47910851 34290839
991457144 181025227
403168565 288212150
19928167 11850721
593065725 529367996
583230125 301821030
375605879 160510671
436004659 126844125
4116363 3496274
532977174 462965978
533426624 465533497
360066115 228982100
558205851 205072996
9 1
7 4
300702136 76959692
977877325 48503349
421246540 234701681
932104877 863934551
91692834 82250945
292803722 47722032
981915034 60969304
305686217 9381757
129551697 55259687
305382178 18875134
247094278 125380114
581929881 103744960
499079884 140566188
776661022 74619817
999604673 186183913
495361320 210518427
682040418 178002548
616467205 437149955
498101870 109650835
603859653 167335209
878695307 752377265
716311246 471681938
388646166 101532033
626236791 604596986
370027214 61501934
593063981 558826992
248029508 219686544
451930922 242981813
249109135 137009537
931920881 315964096
321586794 298690640
948121790 67824556
520778226 476408550
857641280 275196955
650591944 570098433
738159760 620338309
896931233 301705377
650890234 190161563
898861598 483924216
8 5
1 0
9271086 2367291
487474157 485597372
493834306 80949492
749860582 349980328
90697672 28260475
7 5
882125120 645489782
2 1
268748163 103900551
828330474 448908613
281664844 151897039
448419199 332445550
237354765 134782861
689800156 580860796
115370095 108607030
676669611 674372181
27238813 13736707
334415579 138173395
936493959 363136697
16432590 15581753
119216418 67309218
487719049 418429343
923888279 481023812
996159431 985193821
740639182 284127862
456754504 255188378
400502396 115134498
269603952 238072476
4 1
373279690 361195344
281729206 124464556
334588778 94780338
168831063 30094264
5 3
3 2
431611196 416694515
325698744 155487349
2 1
249727729 8921137
767981543 263852972
611288540 85518690
539755850 157777413
613752309 184802250
3 2
54213085 25464184
6 2
688183881 61806080
77206100 75494911
863091918 620659112
866305867 446309010
123900103 108615483
894206708 327866086
431137416 143260364
38359864 24065080
285891157 32630873
349979177 101258469
877081829 14692051
931064728 493501019
975482488 327769395
60131201 9417942
820056554 391078512
408937911 342270789
188996034 87052158
296176896 289790877
488186293 408526696
656401764 330305739
984841166 743630430
903744483 20914106
424752066 265651845
690641648 102832081
392534135 222006802
943393957 556890966
622293382 178184422
797510540 793571763
756784833 144081700
579185626 190819091
574048494 361431660
298788423 148336247
8 1
2 1
901957303 105879256
497545070 195872571
297213028 271512664
623447929 161299485
69926550 2563708
650880631 554960410
232195118 191489779
599647069 518568352
2 1
904350888 780624797
48589025 37246422
825122654 76866651
56991428 3315171
951492141 395280837
31629661 19207696
106878543 59962220
297781553 153054762
932791907 95362359
746703651 543850276
428767915 242953033
7 5
139397192 21966137
823834230 127944759
763291761 745772255
269658008 123724417
666763565 250871602
634640259 140620724
44676637 25846081
426170187 333353658
422497187 200012322
662092473 570772440
347085383 290459437
34424978 9766579
992684874 835808870
154206345 113098199
335031125 91247652
168670367 83020699
285355856 152308203
575133019 245789352
275999519 269849895
866685226 546468967
673080532 104164196
3 2
9 7
3 2
725328264 207066549
999160550 103681930
645420284 210441283
374390996 318793075
1 0
918402533 598598138
538898083 112465483
57257649 36516354
370878227 71074765
436692826 392023444
118845482 75248013
691891232 353104360
9 7
54060045 33981356
926972453 825489077
587310147 440213496
98083690 42010175
10 5
926174276 867286215
8 7
668291643 561558245
547377576 376093169
561591281 152277839
865705762 22848770
99758984 34290198
227400202 144830572
985132542 667929844
372914863 217792208
786134073 539660793
332265373 237344640
745990401 139094175
562704866 247212899
627568702 41754359
4 2
534249259 452196348
192467629 184391423
843612998 528463802
885343399 371214520
343101688 34390889
91435721 16481898
416797822 23479020
282545952 182827155
945057131 223182653
520909130 366131334
106234542 82365016
850734827 832913588
899409241 226792949
24180566 11740423
779163368 579053539
729343756 362101
461639269 364622304
183653514 121009692
770428154 409598923
876638697 350069030
465268888 193532255
277605521 184981243
95351503 75402667
8 3
399500712 391231029
560014558 417252263
8 4
359048402 336767901
603215156 493143138
896668677 329233179
686958898 430765799
657888839 337796027
366638269 231861449
636821061 387817646
624693410 92666897
210843055 196909873
598608484 489485806
549297026 492648488
173788993 117230278
627037271 150127105
238344145 71260842
21209396 6974756
210354441 94033000
792583932 425138366
8 1
9 7
579382149 406434974
859491262 247501731
645670059 443436946
349114008 203068178
321945349 196015530
910306820 156094850
629475162 61468078
604836300 445092780
32825636 10835044
171389629 62604815
426746670 218466036
488476102 115195733
216925645 51914282
964781993 827105176
416558558 266474457
452992277 197809312
116862155 46605356
667221531 548594780
523195957 393505980
116667615 80740101
230507927 226044727
660621388 353214583
443599098 149182445
620116958 272116650
456624679 210887206
534004894 50424847
902394810 688435806
884320135 646828789
314413056 101657111
4 1
198126812 74405928
931586961 468294021
555353859 245771626
571228967 548341968
5 4
878037482 146917127
858674706 460148146
468398101 187799839
718651666 510122740
955839557 888317349
917305857 385155373
785818015 395906454
314516927 213988919
857340904 838547846
60734361 21952226
267013218 34690802
642985981 174965587
384056795 239606864
274643431 9047867
300914093 10743937
498168603 311853076
420927132 170349692
366865649 336375128
282524762 103331751
313620850 240071567
976012624 773893635
879011233 205544695
2 1
3 1
856432165 65941470
428343213 274689873
284674581 239488447
312720513 178143923
503804631 281449737
660957127 479355902
639954853 184371188
110239526 24664538
3576385 94502
913581213 141891148
8 6
285316029 275884799
9 4
228726956 37361233
213701187 130873738
946340693 187178397
617047184 284945624
892375466 860922801
337990311 257722675
932236703 506846907
126890799 100261275
880853618 105256551
720985828 491911176
484996818 171366960
571453401 479738419
10 1
705851960 611606828
28958255 1466398
744421334 320407425
635001203 499226029
653473299 279140227
577247744 338645279
1543357 1263725
883970293 177994003
354861598 131487175
870110301 355784912
871043333 520414657
665822191 48814800
2 1
857093337 598657831
730015418 469968217
411801399 62242244
632029580 424749405
496470687 5935834
398865937 26052780
172886181 100147700
776693381 545894177
477019683 201690075
798960238 426266296
414485546 284681237
524526199 504149085
35571588 14535735
694424093 543482465
9 8
834947145 325934824
3 2
534121849 428619359
438775035 266978542
10 5
488516352 124039424
863053652 395498094
943506992 320397889
466365925 409696067
194126399 47335775
944435350 290720438
338261075 26407674
355940399 315166162
712205415 490458992
933734998 682524908
662757542 533188760
936794429 73703268
3 1
513604381 291818191
62395993 35972213
842535422 763468312
529504743 143461517
549815812 79207207
744763646 686865698
95403761 65122364
10 6
4 2
5 2
410197429 302541463
5 3
237295787 63137631
340926419 246308237
83730252 14699874
547853877 542471801
6 1
6 5
628434287 46275355
29824572 26188589
735009229 695729332
464527614 5005854
439069054 434157602
772095170 611031887
650737751 461640803
385063142 92888453
911974357 316357864
514324280 85162451
847777878 652155083
331482118 150850621
239958899 194993985
559501482 464669208
597482147 223234703
816643923 696025801
434752687 234460052
8 1
563421596 71670551
330235868 20441979
965253311 869954940
7 4
864047433 726557956
661698462 395295098
705799346 129810062
57899238 52195230
785462024 120095438
27642737 27248663
538865988 375183878
527209907 237647040
307560925 270481918
377479067 349073011
691541201 247236086
217824522 122396151
10 5
887731263 722456430
239495221 143177937
97133547 59829902
348710202 139744904
315530196 24370555
635030096 351389143
677354634 224317964
903374355 176620184
362106290 45362123
2 1
621224216 55545109
487619008 35328824
3 2
489045649 289854337
779234333 538296847
446449573 446095504
297289004 156033044
535214279 358209542
85807082 51415276
4 2
499884079 109486764
559431972 265567665
911161960 41028624
38344390 32691174
438178271 50667865
599985379 368437740
914493727 234103384
575680842 388375656
139695733 69132851
124713401 110218395
371051 275269
303744152 117490061
74182358 11876065
187452531 32905531
726366916 78302493
144891901 72727780
554296591 263244744
214437327 31688002
505464205 341444327
464031311 205332545
819036384 396545553
715082908 10850715
129761548 45764335
721154838 263299830
923338352 732076820
857967784 98028596
750570412 117741918
