1021
52554095 35248179
332985782 291738137
90816974 12384855
681904145 563413626
506121338 380897019
728630811 178831971
671504305 475097730
783314777 167540511
566256559 346350544
137837487 94473344
269987481 234382031
897103179 801295783
1 0
560204745 450863791
70826392 56338402
306169293 46113792
8 2
427134092 244187241
818917907 677017795
912896544 747792511
77816456 42983020
270096166 51847082
964097605 205595724
602318642 422792041
567264584 192513020
5 2
382954251 312633230
1 0
392608045 250499444
801521047 385410325
810544573 134741114
361887958 2624335
638228440 11796507
434072187 355550870
582065512 471877990
838630496 193779947
233678990 139768057
340883758 2963649
510173548 312984449
714680262 407697060
976219234 462554166
520299401 470787633
479613607 467358862
970333453 24008096
677607354 413882508
799606767 439095132
83110469 28204962
38137376 20610546
91756814 73169821
871926156 362368420
436788954 19560071
142823689 42877652
965654042 370018071
494625366 423714803
180156709 100926976
285753975 54550371
543360893 206376048
851096725 417365263
920998452 333019747
214317369 145918631
432467394 149007635
306438101 105744477
483733705 165158258
384792311 153492758
466892745 410198067
641108478 410645893
158640852 5193073
71311153 53568021
148135017 120058274
696299472 306333886
815498996 399852575
117766686 69726564
824690374 419676870
191805374 78373308
981266271 481580402
589739496 478187830
429287794 428378449
957609781 702899430
636281724 65771829
249223496 239230387
36668730 5150661
185208674 17694086
356566807 92473431
698077574 646797724
207300101 9356008
138147224 16407595
741875863 251379876
314910780 224857663
443782055 331187767
992864413 557605498
849318327 515438719
301650043 106197380
933349005 495361933
191109720 141418224
321498366 89300056
751751484 361692405
811240805 567298575
894429844 103897431
630747886 226074686
9 4
534383759 52409514
378762027 106947969
805955861 379364757
577845307 193407733
306896054 130829477
966790925 458052034
775944803 543569409
403587330 266026124
237901215 120322059
862593465 247788904
518424930 439133078
621619134 62958318
940899562 354929993
743139371 473267495
10 6
153258999 51876758
948240530 272822970
778082923 117950313
306521106 102422772
941013541 772354039
942609506 454237279
654916732 131416826
680505523 51345941
491877870 379970799
52426084 383147
258304554 22461277
674888951 566039030
193915119 63386953
197395036 192944123
605700477 234954539
57266912 28432339
613998410 132514814
321828068 174301287
431989593 380738685
409859358 88039149
916887495 94169027
575666578 425720286
458293418 200483119
10 4
474530612 335971695
253376714 79053962
637542953 215117723
115876761 93035001
376435287 320395361
6 3
6 2
964874672 929094941
187155222 116709263
239602576 172441377
892466332 155609297
397920859 276782975
176954603 65808174
485298497 341296282
765238123 470797649
780856280 510512688
240913456 108642539
639599683 207866116
206199301 201385944
959364040 561138726
368646796 115489020
179682909 172443404
34183939 24564017
130878513 54727019
116036186 57695068
762101333 401986755
986141506 386580491
95025158 61420500
756731404 697026128
100032867 75599431
945126111 733447104
702249608 483563061
506559924 290999285
640399833 107566741
788504877 567213390
715052683 516613913
682046979 387711454
314691808 89712961
662709375 150458565
605025928 177299483
286593376 162605538
45056326 16900107
519191213 268233597
115766199 94598120
861604905 243065064
687225574 565334874
157731633 83765980
133625309 34551569
901419660 518196923
500978921 439992220
779604118 172124964
180487384 144777736
180273112 167466039
848684322 484835629
163337495 61845342
911128092 417579431
941513255 386731786
248670829 195553750
81771204 34609212
160244268 51240260
905732410 735077562
425487215 67652572
438773259 322363335
3 1
631227778 66699004
554568034 501695718
11965306 3011693
260545862 221843770
172307438 140944749
594221257 550131058
942246331 372684806
192071278 10575851
962006136 590765839
752710324 745920545
39019452 28009007
58539241 43873566
9 2
126716924 25567444
279024766 64543567
569737833 526762781
912180558 537800781
245567353 205130069
469140278 134149302
598251371 289729760
334942373 327986666
379861014 227081389
960793102 846679824
672667137 27988850
695710886 595095498
6 3
965394782 800616795
416492783 53055311
821606903 633267090
134808981 43186340
950449111 595372244
809325215 521345165
344198883 127849345
767130110 355053877
657261146 124795546
590526996 209735147
649838071 113576736
10555169 2928954
540296484 335210246
167606733 111742287
301730087 60813813
606649373 371817236
341103911 175302724
392034586 81570324
457021956 42519024
156983479 57616888
162862521 101295818
274190664 83286889
52662600 38536854
611995801 444770276
124060712 121397404
3 2
6 3
808585713 146905072
612956461 309374058
10 7
702665606 67926864
325514749 191552523
136190695 90101796
409107192 204201835
212966378 105162601
653252553 549077393
337997913 194152776
232451296 157091734
10 4
632138837 300934504
356354531 81512820
138036701 84640137
15890452 2384942
318134830 202560486
85277039 20301079
210133283 9952224
5326611 2025967
947858024 431027624
810291241 108386897
453462034 89522542
237445815 65280942
707159154 448746578
1 0
824665018 507007405
158484361 125282104
880246079 658435017
496899311 189382329
388232975 211406858
359192283 268555233
579208987 8556041
54700638 9449776
458265578 104990008
100517936 31452330
497903940 178293300
795658082 592941397
174731897 156516606
61694387 6855232
655660215 351637760
149496027 78581096
245011975 138318083
406265558 264015747
385085735 157148998
356748015 42317367
834976697 568466187
876315925 103113434
996753781 296918785
238551794 47810110
880052814 32833799
776124229 125703876
325362252 148907676
89492952 1381544
831616280 452982531
502202529 486605990
27400526 685429
172136746 20229580
958817577 401993426
458013660 53027434
689828316 27843703
238775585 195151089
777060018 658179508
704000044 24072744
355601935 127155498
662087491 146394909
700474503 429858027
70712697 34956078
249444543 33198856
459085915 201546500
766095628 73031785
475332787 401061155
452590797 74223280
543535349 229778941
227183340 208629639
5 2
583128767 85785390
796529548 750914639
683826202 517501486
406597744 119391443
643217983 30563187
56754395 47278536
1 0
565904014 403236326
798582608 389134869
796091848 412959953
5 3
354558348 257404231
970358528 885428716
384247704 84711192
169369608 153556226
560192386 460832088
702157230 28002322
953907587 568153731
243871299 98779436
519037141 437414141
730605413 690639882
380641761 370326376
550424680 371397771
492620052 460582621
159316435 107785722
827937803 636095205
21708411 19392979
827859861 323623119
4 3
568861429 171060126
102613659 81649632
143736132 141413980
7 5
905012998 208543581
44389675 3170937
1 0
353768633 18374621
197957053 1346032
601006204 505882178
90080407 62956337
538449373 183075601
716060329 581967561
59582785 31101968
79468463 65750927
134497642 84385603
757260027 663571175
22173732 3397948
378480582 86070134
8 2
416844791 322442962
518133337 39183194
130023868 30014639
598041855 203329458
810892121 502314589
270254099 166670428
829572904 383782058
74035237 69972104
160917331 139199750
468745128 151713075
4 1
128428140 34619054
545613365 106075553
637388718 577989578
705034005 478484558
688197825 510436831
945585074 157855148
716516025 437348344
753635371 736771942
614464085 321663991
998693404 539545075
1 0
71734434 29236058
575877305 337674781
843044861 261937850
874126446 698993317
692496228 23461263
559019000 191236165
24599470 17647340
684333753 68410881
479992746 319082422
637390512 20862168
674916370 619617710
985075959 431732873
1 0
16295346 9939325
268192019 21084906
797130489 188337145
755666657 688987493
109557008 59749564
861622036 192009604
836625540 311735269
47277995 6262220
423895405 173482904
827928480 720175497
293270654 249914320
649110929 414602968
630866807 177182542
246311713 98880242
439973498 347291323
269020168 164622636
6 1
811369646 207592642
584839838 245167717
773688705 51455282
421054511 216306404
875237152 773841774
456993711 209054588
739396298 8448840
697904897 425715278
351451308 248323513
131635435 105514947
316100182 154009119
964338286 406129334
850168532 271298929
139386558 85202444
467900196 246478706
674313960 103314385
272590896 182454235
302095754 215232962
297444966 130336424
950904465 884794369
10 3
888568084 475254293
901387569 79590628
244469361 202242599
156080833 133565439
567246201 409140059
596490810 165813005
614624554 262789821
817494524 64301878
158391405 88165215
721484922 121775436
37694309 35778904
631936091 380692428
696405931 464518167
795101523 6259198
42942293 40858648
5 3
520497265 388829597
3 2
344908768 142972446
601375376 297967139
884784977 427488083
834723143 43253168
314824397 28254485
810078295 590501658
212259657 100428818
360621729 216151908
142875550 136170744
9518198 4037401
464150834 97258097
313772773 160581707
190801981 179806620
236212907 127439872
9 7
559791276 413536230
841171072 439409617
352669990 120459840
580032095 109296029
911541918 391262799
357000521 86835038
528915039 21952540
2 1
51070404 28284137
933326980 855649757
964769323 571943538
535978599 110514448
826786067 350841457
6 2
4 3
458822641 392689171
699645870 438967967
292055570 30923002
392861465 321153741
7 6
386773316 102775293
185248115 172116537
256803475 151868113
598312388 375963428
358282275 101686642
6 3
6 4
457294850 62471593
662790654 239724123
99234103 86307496
150016697 79404300
594049109 62507254
207439649 89155834
456135409 75240026
988289599 398154991
59825956 3480857
547472738 354455747
129971812 58117719
381793908 187457393
93214335 85036828
889523655 307826730
888471108 746421707
931558643 258396771
261488518 204631905
559068156 303120617
307615850 5355812
430777344 396880297
841719814 356636985
10 6
89677091 17730817
175813819 163257322
13807445 2341567
113030794 94785772
485101350 132484764
25521258 7272887
845303333 39540934
824050723 546810567
477494851 74463917
181557617 43107709
4 2
415233938 246223111
139178803 89797721
257059379 227235777
384824289 278723755
434799295 209720410
318350290 21919455
103774930 2721080
207581105 36951684
822565170 696416091
753540186 224865000
181208520 112203134
721385667 353427922
5 4
319249977 207929774
973141805 109139095
498986787 485228614
843940449 696408876
442899063 60601351
247927542 143139876
243892487 16679952
242280657 18594090
678577296 609707782
466677884 420911739
132554192 128013633
505726927 250233548
777764294 683954464
312508239 257374689
968837481 298637760
181179901 90919849
779465785 384195251
965622091 447399759
373370500 38770885
21847475 4527557
78270129 66592687
300040207 121807064
7 4
721952849 582085879
531962528 420541771
5 4
645814596 275683839
206113565 142759739
444147796 400347228
1 0
153482751 135941347
167842756 97464392
2 1
2 1
127434766 42589316
830534502 646600690
795778824 294151535
717135254 405162944
661472427 476168686
307938245 63154445
847711640 355537242
228031879 57183368
207233879 130013423
240548544 105289202
8 3
183691781 46024743
153218850 121549604
837800073 308620294
201679772 163782292
1 0
21431426 16403264
317472790 293534523
865207540 180893671
867561203 114742889
231195965 83386827
855757009 289964140
470132631 326353555
988324371 669515141
56950805 10884768
403006112 380529982
975743119 405445516
887009311 36875466
371936155 226862230
794763777 557494539
577021513 555214600
6 1
820938454 414749387
327905126 144299868
835646344 770976888
140078688 128372499
230300117 195810537
714538873 383165994
10 3
960887373 871838065
7 1
606737284 426955307
914913745 481971482
503140830 82434287
734686530 332687777
356225073 273288428
213175984 11231606
748966119 654738096
4 1
922476003 331475159
634646892 632444223
191595327 168777551
10 9
360102101 31535876
644890261 40238354
2 1
170212518 98175607
601530772 317888598
803638967 344853542
193292081 133630047
971701077 568039165
15447451 11471250
219774237 79404798
898624092 731067810
970615671 314770286
2133972 369340
10 8
62535633 1781870
599956937 45218057
162702445 110565749
379168724 71596668
686660158 599829404
220452892 122540705
96317028 95447538
773538326 637868755
9 5
415939984 266140428
52593083 36830216
737105850 455653327
939368577 222029583
664743567 554188077
599054185 405564115
277514753 217162322
346386593 40156009
278418879 100093790
325820308 262743775
181846193 153926509
609389704 46979858
923185364 409303988
728632697 163023172
980343586 131797366
365712406 27479939
1 0
983224400 705846626
198783685 62398575
798305660 214413510
594524767 201695995
928314359 776033186
345342141 35374757
757776290 250167690
3 1
92003519 43176243
559378582 113459160
132028770 130487526
346118738 149294620
30040884 3311163
394380250 37564978
306393205 189537536
503176096 302992889
8 4
39726665 17774466
472640331 195196134
8 2
915719260 848580157
4 2
469380355 380834715
106420586 60968936
947050659 262800607
200755275 47128924
946769420 851253092
624971132 498126210
571294836 104881869
423084238 43675239
236105825 218276363
869848133 189768934
271777154 102843519
147323422 23319182
499358671 11077067
559140945 223068174
2 1
4 3
270800092 144019006
354038585 150812120
340894771 132336144
9 7
698946270 148044166
811679366 745641881
969368823 341221186
870851777 287201228
765049107 278192698
860727670 722157492
977995525 175814160
864566943 614894125
637326679 274766367
5 2
563944051 175186384
98712377 32791372
841960242 120330067
527361340 491301709
431729575 255437235
336086216 182787121
166690403 16014024
175576540 117153531
90177744 10363955
505376229 136036720
9 5
35285049 4184773
75781743 31049220
369180540 17153137
388654885 132646353
308251530 176059809
804999554 356354625
304634451 92466642
608598965 214739935
745861841 509792807
277340651 128056797
639998095 140286483
330037700 146222933
644506499 629809503
162196782 16313130
8877993 6098391
83152814 29616481
169642821 137752614
3603015 1397308
30159036 7817877
674217188 644651552
2 1
196804204 121437701
184882600 180795958
539129623 270875162
471283471 217183660
488479474 354486268
315219801 230551035
832248728 637642152
462792425 438277926
606991788 578534772
11980608 4522347
481457503 468925509
653220461 610621626
492534578 387806425
572010192 268844103
761164475 181708512
841789140 110840359
5 4
759397524 653514166
682941867 182223781
11677583 7736801
467346488 343748919
212138146 134439076
4 2
4 2
987598222 877060855
465956444 434569634
632350038 411845487
992100629 856959452
623005370 369431636
21385966 1366741
272464866 104943039
973472228 500819006
701012924 493502643
119801752 111234912
2 1
999188989 925127609
2 1
5 3
654285741 644402912
4 1
576953332 388285238
284455605 118530726
926656958 407454403
282952934 55888085
861909371 715707214
805966815 311071723
30450273 19892778
512528562 422672739
597696869 165796008
8 6
771194239 653691611
12853827 5353485
833501161 736476872
479376816 405583563
170140763 141386233
724070838 409005239
891199575 675052425
918383620 112807036
366338803 313683094
962600081 416890713
509720974 402730650
657878190 627659902
884265494 796433173
70098868 32904897
24652446 8689271
846847424 337242519
201793950 47634542
877376388 692140546
352634625 201132229
148320734 68044115
592237588 154944607
371740272 82941319
647278318 461732578
960455605 120491415
904530265 370118862
741208066 738199857
655036618 543690533
998351380 424361611
381576343 175541483
789821246 84893983
4 1
500010523 82045574
32219351 9787232
857896637 485883759
129533751 11842866
199664975 164421368
718384958 663693747
349325724 133380071
797043521 729181254
350127320 193721380
362392869 156892472
2 1
662743792 622780498
574096054 183007021
417005228 369633236
765944607 137159834
110478684 44361860
814459398 80674448
804596429 218723857
796054987 450234186
935512298 123251052
9 1
9 5
531132073 190299384
820172761 12990848
5 1
326681691 103944196
6 1
434058386 250523036
464711987 198304523
352738906 254369718
419681394 337808533
111685984 42691188
157037311 40365465
929701852 431401475
422549854 28566422
839736319 744841136
384275835 321885723
18453973 11277023
717757341 209592893
868707131 311221720
192047500 67288335
859221758 229447308
8 3
783933988 68780922
677579598 413873665
91805107 15158312
872102197 52073706
5 3
938763642 109326301
716777245 444668009
373689683 119172434
750456972 352919549
35796938 25253432
3 1
356094542 323278720
817761878 52320657
123064491 6853020
947994121 676965382
9 1
249351853 142144789
707824364 182254662
747089621 639921795
344302608 220816576
815677103 489564724
870261766 344897209
138578790 103288530
878760445 561094269
336912417 241081602
713889419 680176004
89814503 5612744
831827815 98358684
807884756 410761288
664047986 94088429
894799827 762025484
722518698 635089769
77363669 20776250
881016437 70748210
7 3
878053570 751584319
894240653 286698025
464549645 279652906
942696736 186887197
8 7
693818310 457554420
693688358 196177502
287135548 263196031
191317972 62422034
4792338 894720
525487070 158768306
338127406 221531358
316041357 34447953
37300224 26445349
441186807 40611879
88469586 70609596
207820525 120610501
6 4
70085815 25824846
451102682 220037155
655321983 30392513
217720870 32212267
135383928 8241485
570029549 212240414
422085531 288072684
48050915 12691220
132792900 20621340
259519012 243679826
692083981 442629515
508950236 210480079
448095193 275894111
367053712 182711304
134323883 105733486
9 3
380190160 189938569
249841132 198492308
325039094 121409466
731127542 264361135
3 2
7 6
33631118 17098920
599626906 512935726
108984271 77548680
74546829 33851161
731336048 474428626
572839852 256121614
983315099 397608738
43007872 5968313
661608396 173044117
726654455 434889933
353136325 298087185
162772005 94171010
385437725 186624950
247629491 171689676
214399291 45202232
376264750 310409903
126082330 38255012
156639731 118761481
113562289 50027428
5 1
562276060 246712682
396210653 158318304
349994900 333869918
967856624 694283987
181589735 51982
898843851 313241771
2 1
809374091 411471465
492899947 413170941
98379444 69489144
982610 317478
577191410 529518633
532613522 55219188
550169561 107085365
215241890 118467200
567608388 561854568
813046233 352614265
227057339 148744003
669412374 668720054
178324294 130254435
11676278 1863556
715724515 330243752
109053580 105952174
434406138 154890029
3 1
351652677 28443921
4 2
458423814 420587814
812036560 231555209
392703053 42486002
821181751 448858601
