1021
119275926 10095441
415533205 92829811
45679241 36388239
278455443 77894607
673204828 146670250
795437266 441064591
753231455 360412888
596628264 334589016
588654647 388423288
564487442 409527839
671697730 195980615
304876335 172475450
812525714 209643662
941597596 425124510
389005310 118050711
102457859 71548152
901801065 697102870
782560089 57195268
609744180 80066130
445462949 318651418
402033088 165954369
682821238 164180899
112825760 111419009
46120244 21200784
663610214 561550110
5 1
10 4
434160925 123847174
213111008 152777169
635703682 200999186
601075705 349658121
2 1
329071040 164990591
299996426 177995858
782161273 708180125
88383085 38851065
224391719 162869053
195560105 157076960
913651836 398809062
545145967 30841092
139623949 15116287
514650903 267466238
442468835 221102637
838588829 171632905
718475081 129805653
427083614 36975148
478843512 85689729
273623975 69109623
472367025 346515811
72128220 25488197
365280534 9003197
237756076 207414078
357579376 276115591
824350570 237447464
706911180 61378135
865240667 577673797
357617797 97655723
999988418 371418808
547624200 406486473
539280324 427762705
234360046 222712205
25414564 12590942
240525415 25707462
581219003 571237109
6 5
518578287 191035825
577115590 424658284
759887056 659198058
229934138 71526626
543481579 178442258
148834525 140616483
603849224 589399612
983690750 719453065
887215896 272915627
186527486 43592460
483955319 469766172
137623894 106433399
858263114 669692289
536307019 358980347
231639267 210257705
533246910 248768627
386526761 273087164
283377339 136326956
39613457 22627428
47014090 38429852
576627856 550945817
361960257 82988791
660796749 131613269
742692422 475836691
481725923 437299948
991708671 647423855
10 4
627977778 445517500
644915479 416012573
844163637 500388383
684219924 601612269
641858638 425503853
278881073 17585142
396451608 34442249
559001087 36219707
484671971 238502176
3 2
608927413 303983903
816802569 268575855
645219675 161482822
275837770 169116526
859275915 524673455
298107921 67454314
708881153 466393852
317021234 53452682
523248519 293676327
172161564 46137122
770225808 258998746
3 1
185176452 13088299
270964296 8641118
445338159 418667394
667168720 106920505
497008598 75450570
914604012 118849122
420718199 91687098
2199427 1502756
94920093 62025027
420919386 282182780
67781720 66399429
743472803 524938460
505165534 324355831
608173585 421030054
781735418 537023686
416092090 273608372
970449090 448924892
629679650 450172358
766001973 462597786
396956917 73963952
464732948 35543226
530125164 215108046
469277994 23686708
8 5
706963960 667866551
100040617 76250459
66900019 36112226
899780694 235555312
239882378 8587290
225408893 88468340
877168763 756742615
723324500 35009055
451840779 14707398
206486427 97650202
7 5
762190838 273069569
307693521 10598209
837766445 172768151
643121177 273262762
268294772 91738721
26919309 8793429
751129230 463862014
899709062 441463205
263579672 126614471
114910073 13485031
129686634 70572040
571203377 338442316
763016019 620287958
656946757 458046221
6 4
364228841 259390380
293965321 29193243
671488757 371856279
152149111 99715655
6 2
5 2
464720314 426840664
377304304 289164062
82727326 41524944
205358301 182299685
84963182 9501119
82263156 54962698
26920551 14721723
454330581 307163882
109210788 99596535
973508898 760058967
618231146 176994791
72406554 36001603
664589338 301966650
70524049 23140011
199919786 50463277
4 1
97755022 16705000
431525320 85955459
149269500 76089103
62435937 22432269
913410653 66994119
229154005 78985726
617720108 246274701
458961802 31633127
612420728 234632460
129758094 40819687
684278979 184988025
167559359 152246294
329147311 264819612
2 1
163926968 73625279
342518497 227075879
864028521 844112510
569444633 512468111
10 9
553360563 441356532
4 2
380033759 117909200
523176965 410344271
600472932 238257152
166631799 63805569
538501264 116218654
918700323 576441947
357833672 145024826
12668757 9652849
138198722 32538088
416177219 67428120
484652381 439996987
9 5
642265438 260869836
136269413 114754341
2 1
961687445 927285419
499722148 9701004
169979351 61183235
438574688 153453469
3 1
340998733 254347412
444930415 194495378
841456010 46052150
975495993 951847849
74543325 7234274
665968918 465744004
10 5
478644774 441874063
646710405 626294943
454594642 99425719
254132514 98428977
681312632 653176942
984977986 234285486
471582973 397421909
88526840 63847897
895176771 586002180
961095242 645008688
117051381 85291661
177169477 165919439
391257037 105609772
477955747 405153670
490842159 165139852
276884413 200262736
779266023 6326933
968223477 172667544
7 6
171500396 124973958
161114419 69028728
117229759 117150516
122119818 117320820
96844345 7575072
608224657 269142048
405158176 171291858
904831317 6382953
6 4
350341004 164516134
870415007 137200552
375614525 16534787
860265571 799129767
924853102 377462621
666892698 579941357
864909220 294023509
449264173 319287135
226266217 9834265
317359373 231563544
442917260 254754396
652970821 138195020
288287869 80913635
274488216 49260075
404686913 394955678
7 1
228026601 219685456
37320508 17924057
23897721 5191147
164252501 13596776
587597069 49336458
240498160 180832469
1 0
1 0
402537733 292812973
965103827 483545106
114215016 85041328
5 1
139874336 63269647
630830370 76904800
809025116 458189103
914116915 299261625
61223759 47848421
248165791 11234713
835299443 5397717
869180167 410971321
205806760 130577025
709123022 450034141
496533708 363718763
100802442 17537715
538487532 392987015
426745657 257953760
172171728 143541442
318618303 182231424
625483271 126885242
71479102 45536569
646055939 187655498
380123255 1199030
412967084 49023919
301263579 12144252
317286917 164199812
799122936 731033928
132341812 82938688
992330824 784627543
739220590 48440726
927972292 783631333
869091940 510604628
827546372 632340208
883584038 761901160
8 1
549489715 425407455
257212797 190662328
652684723 60714997
7 2
50579038 5571808
417474689 388293853
906144174 314124109
412939685 389304211
224556648 132779544
5 2
266520470 239212780
10 8
352714111 189535324
98563434 79480360
3 1
353898541 73500050
6 5
540458619 330881507
506214499 173965990
796596352 404379280
5 4
618917881 484172663
558626717 362621905
934668504 60263347
98250267 340654
496177127 457562620
79654494 12752504
278620011 85896080
731963467 623135117
389718648 216827422
24883700 21464446
656134380 309587531
593831050 436351606
85327471 26993412
246904149 31973675
341446227 141916006
701232438 692541051
123743047 92490930
337636928 275121480
790034247 739634492
915624537 281567434
10 6
922182449 627191457
826016397 403700479
78396305 70576491
493714927 277803844
268857605 118081164
253687647 195706030
933220923 658544066
178564784 86123772
204113404 178959368
7 3
745687654 210808582
482775198 87790033
128009824 87235125
297257297 103090892
358704834 66837482
455984214 126908454
15406119 1600207
866576430 97389733
7 5
528599642 485846229
858576816 637380796
645663905 641611286
726537106 74551602
445103572 104078518
919074812 31492523
6456955 1989051
909826095 61819968
302409755 90633395
959736374 716836011
306010819 228930978
37283126 22698767
534488504 503166881
333828884 178918417
593109443 483099023
643734240 323244429
5 1
394099392 55617836
37220776 312771
451312598 97198893
186089067 17280655
44382593 8279051
192322423 86456769
417525367 377896756
248881966 48968129
572254014 454483264
464340617 319804993
888027617 825944320
816326752 12574527
396388118 65343040
599207247 161597686
262757669 106116837
714300140 559564381
187836701 23347939
6 2
111460359 103453400
206019915 194098692
53288282 34229819
833296397 571947309
220760583 182784787
5790749 4438729
322387038 267408835
470153746 58588126
304642304 145870740
348278035 303050238
821544855 710963930
588950042 515205306
750142724 257053818
784052282 519124968
817801394 248725442
323355819 270728618
155018517 14172009
695578265 333606423
226647158 58328084
664130209 277243931
266950090 152951872
22739180 10052133
968233489 485291997
9 3
2 1
330367444 153948508
857774054 195288712
685166712 368870675
602746212 329025788
333667508 109581901
143476422 133794255
330457944 13306191
57201543 12568072
358885764 64331383
682440335 296100893
988430937 836940833
674109655 628308907
8 6
799934935 469135315
902318344 551715577
475928278 207774640
3 2
338866250 42762612
172675039 150737990
455215298 132666471
736130548 546090150
240089018 49866137
751062108 728511318
337084200 260775218
272395579 172259596
438794719 74012515
316332858 16988893
8 7
686144014 196473075
798390338 670995113
689845066 676425709
802570844 128631768
755217902 668160384
2 1
508165889 466707907
715574024 39387493
202546867 101829091
746129145 468585507
215687421 201511115
880126282 297863953
712683419 627636513
257117469 107566490
10 3
572277477 44575327
85332352 67507645
176149479 47962675
147103312 73079262
7 1
313662453 168522851
513760667 372792095
353701864 155628767
595262053 254914972
96796020 76457820
852109477 262233784
863203204 297781670
894014830 502148108
169506992 32169553
206565310 93860221
162724523 100612883
955400926 452409374
506397679 378420883
566611923 359201535
496022892 182780939
112594372 23326686
188488984 164488820
1 0
101708379 82751331
2 1
342099323 77820306
4 3
687405091 428581248
929148391 348034073
975273476 775553152
218536267 104006433
994551314 767252789
420432464 173118267
937438137 157717874
70418782 1460603
716499048 280564906
575508965 501519343
610862063 441492267
98695207 26234776
997263797 542979365
273449190 78879607
769642302 38314063
40478573 16316302
169262954 66964822
3 1
849183258 30739761
28143221 16702820
592444443 320848828
229683085 226982099
426682279 364025375
34136765 26741257
100137827 12785205
674340521 621111784
317832955 6590792
778455379 670852770
398787430 347417706
380861759 210733676
869423011 361735224
155717897 152770316
307492186 205519186
841375482 126656092
691001231 654472175
151548643 122508235
143256877 133018186
880028791 457764509
398980149 129076944
492728870 402902892
912233542 844134511
338460280 118791286
214638330 50530041
902624786 637617976
4 1
61580945 42015973
29254104 8032426
37810452 12052124
437343784 80153187
908950815 308248683
228714973 113827622
672836575 365405693
5 4
264371989 100303977
63847941 54576862
234021016 14201162
441018634 294722420
540703829 28189546
1 0
386763379 260349636
740905229 577400717
64070622 43016641
573258973 284038396
879201314 623667371
198427478 32801252
673779180 128929071
288351981 173910131
815924712 805966363
473855709 413536054
742230841 296566909
14457817 361179
19835889 1097459
581353865 396188917
534034827 201937991
726290426 518899045
968471605 786384925
817137010 414704068
7 4
938168092 532707162
24861099 22644151
915453832 296194815
426469994 359303643
544105677 20291206
904436401 869007859
133621943 105812963
2 1
384553905 7743612
770729452 674870011
283800546 270141656
823075257 1024502
804685308 192097544
963130729 536102431
956872 59533
163528799 4131855
779950836 139296311
4 3
826198305 531721368
216357167 111522139
560633918 326086846
972763707 203011030
560916918 194453636
219155178 199507713
383360508 52102593
859416239 481943937
638669534 117896620
645133304 455686037
457726480 117051993
3 2
303276493 178024934
323061096 233443114
403606938 145751431
841469736 208257282
756241941 161742096
474449951 362973440
168771521 11591840
43591107 36740828
505558983 269533226
473456923 8011726
282642826 281093259
149912389 134007878
327190903 278539083
943295604 520739263
35582101 11827540
159480525 159362565
632878836 553316900
136901793 101647477
281405903 43180272
196020963 91614640
733637793 398980356
197480255 99935776
6 3
305771808 69464196
167316669 30384839
964529315 55990870
6 4
659847651 385307175
356895575 348611196
838675639 439118566
204411630 7740307
527034290 266763165
922883449 678669329
650620025 491828623
991626930 668794904
409524405 180528136
588751878 302409939
851220782 68069255
87653744 31119066
635612905 377198949
1 0
829221045 517928532
983664910 104614422
25849954 3007887
732731318 716191006
680897583 41150587
329472247 96641513
49972028 9497430
210949275 178050385
386519240 316279069
729318215 122636667
407691082 297934816
590530026 527421283
300989710 170581065
444587700 9188545
993250744 881248220
6 1
916822656 60760017
425682456 269477278
259771155 32427634
848288553 764001763
946905045 491935581
753626660 104404103
253793388 170789393
311043402 43394982
914886160 203959822
155474458 15288952
296008596 63255577
553694047 198019278
481084889 55289944
994715959 845427745
140032575 123471782
611995148 95200266
681361216 219439833
131041187 19435823
918705056 339462851
40499866 2518656
791516437 576948897
198484222 182487499
65024996 6915906
3083238 1067532
724000819 472824633
890706401 147819901
785635305 779614091
7 4
202238738 35762450
941706572 849294138
612428814 165359462
141612129 3144212
802319836 229400595
275415175 96689439
827922818 13101398
548452380 161814316
499054212 319034326
443704869 32811442
684982586 473063726
471423809 147812897
710198195 111447262
118416634 111749179
829661781 78712485
7 1
8 5
505026078 304816938
5 2
474342037 338591422
282745614 152841735
244207028 241948660
248229451 55356795
791591566 33553605
467294112 16047190
112155757 16093232
450630768 385717524
810419568 342675762
993118076 743974762
561995646 147405209
331189522 107793018
763301286 648899145
294132479 92034130
553592841 144377861
609007649 304517831
739057628 265438437
609464509 484667391
833100477 668772042
981256196 131081000
130998351 17597270
737319160 357126500
2 1
711519785 16411960
798331671 683503229
608271611 116561584
910748136 888280954
382128797 369630984
533259581 313400243
266130055 229279729
3 1
548583106 5609845
315656084 106422731
7 1
710366388 455432537
122323684 56017745
799179722 788270649
16267682 4363681
307449610 278939837
234850715 21254013
471868667 80652795
557941225 424018098
415215389 209874763
299064677 87394700
31204424 12278156
886382279 795128326
482155988 298064076
189295872 28331735
42521277 26692572
500329766 404991727
478886831 411412195
442852969 211123045
742028104 306589095
612521225 397625891
609464935 276890579
388727170 219764583
1 0
374981837 286183109
7 4
3 2
601858741 402401128
707885711 453640237
723790962 658812880
699919456 655227588
6 4
808888301 1053708
979170113 228282096
3 1
262354551 239604999
80347104 17612537
938977273 193747743
389868235 174669529
549397094 428892467
9675240 549632
400578673 185650410
74544132 59439715
561639583 516435215
959743237 123852992
8 4
547601837 504260772
5177394 1649596
22401700 3206668
561356846 172660357
630493417 517785864
111012805 59028592
21844174 3149681
192992039 119589469
494710949 438906274
738612380 728955542
495029955 217943396
358299723 123743453
480332113 419491150
283763556 181902270
6 3
557385904 300981686
113413170 104352790
302614286 277578391
565882822 253137713
351952523 200082684
753217704 400650063
706148553 234049215
534133670 189693198
908640889 96772282
933946055 407916603
971949922 664234670
515680660 343311444
952413265 691029917
331638392 82202457
418781611 229433802
460367051 35262166
954155036 502226991
7 6
103246718 89034781
489164845 256418450
752251239 360193546
934499376 556926618
553981227 232612035
461097861 418180845
217445850 101640423
835629787 211389995
95798792 34283943
200587445 151689265
269040549 142955860
121223379 99001456
908080027 727542070
525196595 488443819
195146179 68089210
621053778 27506260
109983935 59403510
985248530 60413177
749980803 533232269
171580027 2857394
947972294 627214308
853855674 576319209
256641124 140025385
701051441 575373044
991515983 737494333
706215289 641789559
222965854 219067640
764859656 596208891
892681465 782839249
185385336 117891277
491041229 342660427
977787796 844312290
175142386 150590955
276524387 96285991
683780230 388747680
64504689 5477575
576752614 18073712
737144087 316742797
332197438 254575052
253149889 6567108
837044651 424576298
996531957 860043423
459292897 418429800
23532521 8331787
290473543 285622148
793400948 9565102
518084873 160705743
218528447 14932542
2367840 1311667
355969872 27976196
824094741 123318558
494620470 93820523
327233683 248063530
89540719 1712105
59156449 45810901
10 4
184190510 66747336
687433493 563729809
2 1
173461014 30270211
121778031 121518145
312403188 73565203
162537525 120876673
876408370 598603452
986914524 857046084
436853437 277518631
837353339 265459076
555025664 547306013
513710826 158702513
333507850 229380983
170538588 38458132
735731086 250630233
379170094 19301276
600690910 496015772
78692133 8416735
784745437 607630140
706908107 703816831
756456510 698907625
358331474 216598612
7698251 1525567
513995504 483688084
632940331 469033530
660635807 100352419
681421051 677051438
174486744 2419007
823098733 451613819
391759395 310014819
316905538 168923237
437959354 143242536
3 1
166229554 127003434
465284166 93856098
209756280 52343174
814153794 452588427
615344529 177125484
16401758 12562370
573828851 265075112
816257330 34219684
378972388 39196857
368343607 44233244
517086125 97861499
45277934 19280312
961681020 302328154
781113773 164116188
189042360 92067291
633484897 174482666
218435685 41990239
203170803 77351861
910915295 661158351
188500693 162428623
532300612 138222727
553780834 115461544
400998909 327185401
75662530 55354278
527733877 31647810
381366321 234286668
931891814 731569293
660926150 408854229
831488486 413319042
399708253 274618868
457713438 421600012
748730744 76494146
917154967 96729625
681826433 144691433
2 1
855701788 35646340
132254100 111030014
505148777 373216859
840700029 424719358
3 2
389452089 322587667
814881011 757024658
8535916 2434247
29245527 20445841
843985562 61745959
259126344 227938916
943447706 356218077
274725050 236297606
324259730 17185706
441595126 218085271
137503283 58665649
5 3
213684667 183015993
290975259 56521929
52266262 36724511
365813144 292042483
154901283 2433602
574021923 163634084
833019132 345455957
745041933 39152946
1 0
847405504 583281872
589808025 379195001
255428627 198246565
777364708 531561014
1 0
221686029 47279898
500223874 106935304
943142730 527619461
807797315 513065322
374999847 23490467
246375513 81816567
432432216 361750733
122437224 61402480
682722817 435037124
127914210 70287951
213409145 206091394
319950559 33181747
878654448 458577413
814202109 126314616
640842979 486225251
68096257 8617302
140609286 100274473
417358436 36450633
303133601 293308714
477669430 467702729
305376590 251015222
282632742 43814916
628665090 381133102
618214089 518415991
717255869 108701385
24683372 7806545
644992122 605032820
665980243 622409048
