1021
57892148 48631384
2 1
868092643 184240384
292026751 159756959
335611731 291350008
156090174 96151873
44939343 35906239
267646081 92238263
59485236 9353276
812321311 175799665
550650860 473072515
391340948 190763355
395702012 383877442
957212691 786880438
802453986 311369138
875582404 733879510
922925576 32199798
1 0
998760646 892575516
784645630 437691072
211646179 6707523
447352470 320702702
308805275 297852359
349076836 94569581
405836932 375443064
866942235 276187315
6 2
443104965 16837652
1 0
472194095 97133548
605121334 394291130
882297755 693666319
110715855 66473630
983434365 233777597
644127927 464805323
594506401 554899373
792466389 156721350
447951142 97353370
797763957 361594488
310537944 135948330
277411270 27792567
698037214 609860312
807395743 265629679
873235445 455973539
397927566 84341462
635919557 131295712
369367170 234605102
688460629 491710415
474820047 127604682
164656416 27938192
822751107 488704798
256091604 149739109
654014530 271980394
764675010 636245064
3 1
987171482 851550846
678464987 537895998
477697846 153678887
110688782 33121846
492160457 330289443
558732186 146657033
93354533 59313829
225760597 107423876
481673174 366193000
739944491 258867549
747959901 133184936
392461578 85226565
122853379 107043236
485499431 101287577
7 5
299953629 156722109
714995064 603267292
785554322 766767423
513565244 32878165
223477998 58314486
639872553 290573619
5 2
12117871 10015650
22650819 19107714
33624390 33215921
85850424 67566400
244594495 6088304
33017293 4447450
56103490 37321914
949371078 820364363
143451093 94757898
805951708 349448891
908546386 513471726
263925111 43514920
451866253 272428084
427953828 330389797
52411463 46468278
229515430 25911892
251833894 197794654
49432742 45525751
647835314 433825565
15679992 3768087
409758763 288794375
840090662 658992657
226627419 36719271
368268985 163715866
532585817 267631435
128662426 88816269
351649222 344797877
399570034 46470367
597391477 137735972
32732510 32484361
1 0
715208497 120421556
931384794 850174572
5469262 4485900
655197400 88215568
464399860 143456117
336507249 30550838
280114335 128711627
263797595 95237635
11382441 3346640
428735846 110723344
26765365 3922193
249612982 91095475
8 3
412540655 62882432
660271111 202934100
725980452 436012439
542017525 394990339
507181209 354267230
36731000 3087515
602002069 573915608
280851346 74546060
782397713 218920997
12021620 3098562
170356043 9360144
315913485 185031691
546532789 339414215
789121249 545898988
137600474 69000903
502542009 65522676
909674880 219312687
805204648 222894141
35936373 16002679
365426773 4714893
424087014 311767683
4 1
637172116 207912630
847198763 99422640
421757273 173886434
555936393 151018380
687208695 114849013
211841148 171112140
748009496 65956598
148002121 109834725
950985402 61752058
551102632 235602304
757642962 53062177
734996773 716372041
999315717 462580220
773608241 82762887
804754605 584544271
142834418 29515096
424254255 302004057
667708925 613472975
536986677 254387816
872855641 280996351
568117267 536476620
800941521 286257594
33956684 15052529
356135806 245248756
533476280 10233681
4284022 377375
246061131 109623077
191729016 130322047
638830780 378723232
773194689 79604527
118957411 55748332
151043816 71531731
287038721 28493925
821290805 660856896
136440586 64508750
222187250 188775271
959607635 842093709
765881832 290181365
789178627 766526147
849355736 265270681
526764244 216166041
562955441 456644622
24929491 4980472
649233358 227414845
89397826 71065423
58338871 26142453
149051914 61281877
289188236 211281047
9 7
974497958 858075549
623954563 99346391
737197593 579122557
131430219 96411925
407623528 357587681
871526133 660200099
62725150 37121964
973298898 206784606
3 1
702098093 77083510
310473300 19309307
191493219 34401775
770070895 403943626
507840442 422651638
31517558 25862812
4 1
90180797 30374491
835781662 762608167
368884662 78709123
945537373 657748754
581681218 532506070
30075359 14554733
77401820 7126194
330586238 327891334
1 0
469034093 291273652
530437175 37610707
258941289 212458272
10 3
203612814 71969672
491647397 24703906
557703269 364882400
155083229 30115725
847636766 768251422
981286133 894133199
726045715 252820687
153568172 140688761
637650885 479824798
387309864 254305689
171113113 153453810
296596992 283584460
582927150 100468419
327522053 47485737
11958760 4454556
412579846 196511448
792211005 560337671
843765180 262950570
399438307 252931206
78744549 44115449
920174621 252520008
534391404 84595020
125392710 28465149
688372819 651278622
10 9
540090687 403805045
272764852 18562746
107363460 28408463
48775508 42326983
276504060 198410604
744777683 736342265
180547212 127825168
816863017 536208630
9 3
187576720 46584806
592008430 195058196
866896464 545268714
790256084 360669764
730331218 601044534
374578056 240104952
8 6
7 3
26913283 9210991
712446202 552772703
583352783 226752742
9 2
742696674 23396805
150041930 130837409
129050818 98553892
507133689 437843710
137191261 73845734
960907845 532990223
483897388 143158232
479343109 129861728
934318682 711713413
131361796 99576771
128771376 64479487
5 2
487570190 365546713
9 7
491302763 213140076
496715935 223961664
361591465 83726985
857816622 811170832
847318167 336739453
182665953 13401594
5 2
349832270 322638791
270956481 93539555
580202133 126971210
548231453 68882582
252103737 28777379
364761188 95837597
868563749 868541500
949406835 280839854
88769790 52050302
720572998 66771316
766233488 348723308
333011658 309846786
611993813 325190477
166650421 75018775
518886501 170376927
832652331 43981418
274837727 213784879
5 4
742831811 378511188
642241189 335056870
765534742 276334864
218558987 169805212
9 8
700812949 211761864
109758534 4522875
378241195 373987321
7 1
688020380 605728045
288664836 196236546
115649050 97418572
543753995 333880854
238175062 78296197
40177548 25116943
6646104 616708
479468765 354419130
661873173 139333791
487123388 51069156
168649285 23486131
642747804 267602535
879281359 421808327
366124441 114906190
864307795 229214584
300229097 257870121
276893396 140809060
732494078 658518595
349654961 134514618
884596918 627899081
542536009 93457014
322627472 49994123
706124008 659380941
14341233 13342145
862552178 699668996
717349556 72562365
113645199 32501790
602544435 300506923
877596360 600214359
236937031 230269087
464922746 299687517
832596439 604101521
234275143 183338873
8 3
112064738 57995398
955039107 588705907
164902155 77699201
711821581 442456592
692786637 593808954
652758895 283743762
362756677 1516369
526472089 70942180
339198835 154868544
57162493 2305136
897063894 280221314
799194160 632392385
777093620 647497444
944316416 591736841
10 7
159254397 135742864
358820672 210058299
555426585 354429345
166815197 81413628
247630290 70610066
701076520 149527302
7 4
871012215 445808751
16183667 1910168
105300546 45847229
871661671 793642942
323303828 107507194
245221675 133490231
673235218 35953931
1209755 96132
662473892 264355652
10 1
640200861 270161248
3 2
656395127 47223341
582531453 513050729
323571542 159213998
378656856 269209344
8 6
4 2
309439157 153603686
951869626 286478932
72062998 52958060
664035470 297572941
9 8
6 2
347343674 286246691
979192034 31902043
240075853 122940928
114282222 65007354
43506651 32715483
457609263 262398256
288609803 191538201
7 6
455757617 20827945
387714352 147238374
738100734 159967530
586657419 416556812
844395259 611026244
82145905 56093921
138135478 21932823
548842641 542017547
189213804 99359231
208775234 82787761
834272731 116734415
2 1
535274571 5936713
5 3
620445534 340029066
5 3
826173772 39976572
989051861 150793182
388481110 263250400
801323516 207282016
930616843 666497540
122960604 37724061
753891095 180383699
875144143 742873231
287898971 24324713
864362441 74143183
647416943 203859875
924955896 127630007
309842922 165934417
292448853 21788648
623491198 398159372
3 2
955727376 515579975
755397659 647402299
978216797 150606861
980959343 599344191
431855473 361576335
844079320 350777907
951254891 596360326
613857098 255557623
691371070 349222215
394144876 144461152
196586164 173314327
796403979 232400697
662159988 141131303
623297779 490037966
620993273 201222611
166093236 132746527
143253542 15323415
8 5
8 1
410939694 355882288
561957635 347074443
541552370 246396702
859884636 59836526
192988801 147110544
349729901 206543583
394336914 294451425
782238988 159337868
4 2
886646356 206263042
682014881 330331776
28448146 1943373
375881189 340232547
963858823 770462696
9 5
490763918 69825502
413222539 181178059
41720498 9208572
566753895 561928058
937261279 341572434
994999348 908921775
244172209 5023538
38100815 14709911
899372928 68004295
5 4
977975092 466622651
903556455 552912419
277540488 81099181
3 2
164895424 32875505
991825274 492092221
669999932 66142440
502924488 368425330
789006780 265637476
458395032 428854573
51801868 6923651
864810830 370433477
923047049 330310082
281218962 82169448
823263820 665644812
42720416 213593
37181852 22808382
234025319 35653325
6 1
671802511 160101424
661675511 622301936
213703650 180786572
321057495 70410365
10 6
632433793 484246366
801397395 451211410
537316210 458823957
496025746 144306449
281399360 202569892
310117099 114559909
656864933 551824426
440703914 252526938
572485044 57341284
880915563 235615248
485224998 183572365
87369858 85792492
198828351 20894852
130510812 52847992
621490052 52339679
937564130 924810511
949466637 54716433
8 7
12972989 7955440
791178938 734401435
10307678 5870716
338547023 138480985
794596415 696246870
6 3
625525486 423323807
107947113 45212835
650239709 579837793
476292658 356296453
799614451 91821344
561175728 270453237
757497675 723758430
108581572 28784579
523889810 416732391
325345851 307850006
929753972 245164573
90897111 9866435
989713820 768286424
752406028 657939665
9 8
486587187 401616555
725147204 671773695
460438040 375983799
312218360 14359283
761197741 573751668
176276062 36513713
633011737 131526504
468196256 208787476
759427496 463171836
69242535 18708331
480274079 13229129
314821390 131480446
857757998 417716981
652945948 22696505
784410338 697278375
851600947 326959665
262897078 22872096
431791375 49599402
33471420 15182338
681567473 228456748
248668947 109455257
82364644 10248496
290416601 195378030
244520123 138371264
447180661 271867485
254233686 152041280
69151978 42279844
374006496 203940090
7 1
563553209 400983427
855099035 749743977
833176231 533405916
379748870 140138979
514754373 359437104
683605427 245046857
172158817 41812702
573259991 265105777
322340501 63537103
325704257 281320992
23300505 11543385
297010701 219816132
214827553 7692497
902352193 840507888
966107929 256589467
181491940 138023711
893680716 13369696
809042404 422508643
734462020 218051340
992422718 448268722
921701973 372035211
743536984 232436777
289034998 202223157
122796164 47340349
91736351 36669367
499506677 154166957
301560492 298756378
246649875 62590861
618851704 153585816
770975916 454443638
353556845 70606846
427437107 224695170
2 1
482931322 36499149
982578665 613909972
552762716 141263364
122601362 44071637
891638527 407492475
845102903 613423828
997037575 851484109
191683932 10478854
440570114 242406316
231934482 131027446
113158606 13884119
704727156 281925730
220402758 71991078
938019434 97307434
812295313 663207818
91602029 65105313
502970958 52345774
106187222 2078356
243281304 89453869
191157878 77862630
687673076 3476361
181288680 160913651
202888450 37456562
223285399 13306934
669041893 305631630
741828615 325743503
41392650 32757630
949802171 211576497
611141315 458000017
163333045 32881279
917649680 490208242
740386248 531225603
715313306 608799836
311287015 37261207
791754696 253752985
776024966 53567671
4 3
688487784 320579720
300609926 284719262
723449033 546953895
625851478 221588799
240103897 203581833
590141916 60258129
207062720 202318538
91267775 81179539
3 2
635580481 429548285
539162550 410539546
523764668 382930077
141542291 40185658
688613926 478760059
66976924 28395022
137856117 23086436
10 1
530285927 528272373
241543809 129990367
107096951 41477789
946263356 197434712
274096189 148426822
107333069 100694500
567579129 415149837
10 9
902054667 498620620
605812476 246542358
230292004 194538484
34929133 26674374
178029181 16426022
117610642 87096345
890525899 199735810
671983770 548384534
763334718 673018588
682265059 36680444
28475781 26024015
666653146 108618089
697813534 590900522
506882188 215614807
937094077 74424892
561412872 478338564
692450156 594391881
632265257 403289899
266094533 258134590
825155524 587602287
349551442 6013577
281468484 37443121
690846357 396953469
355972210 54141540
2956091 2310004
268330615 150744549
7 1
971095207 578999125
2 1
223695226 112041792
10 8
131069676 120599217
63530348 30952852
8 2
651448481 370496435
4 1
738563645 264918529
16514598 3561211
732903361 568176885
8 1
83926482 27661566
551215559 440366351
16979452 3081978
124562912 1554576
418807872 34217530
597816957 60855731
8 4
10 6
240670354 25860884
480159517 155533607
544459669 436547612
818246466 470995226
622265378 614002473
587202248 175425037
658957972 120603216
826511334 136035427
351559527 210071514
10 4
7 3
484444639 315235637
5 1
347454296 87649262
561251758 186300389
457471189 72304181
194414796 153188604
939511713 935299897
922045465 790227627
585113620 378454854
258505289 54194232
327533199 150270565
976741326 102507525
8 3
496328310 127433124
263166866 155589792
874221949 95666414
816148489 662115154
137401063 94906420
3 2
655940239 121334994
605154238 339665580
388947583 326574506
181156545 139928678
552255385 540038416
243675515 141239761
270685089 82460473
336260116 287191801
10 4
301260927 120237787
507293202 290761275
445723150 156059397
171236533 90765612
914268273 109324951
633999245 408728643
61482668 52073612
104422437 57406600
639777927 531652519
975587459 90495859
754169964 450653438
594336249 549685561
478457898 423936153
4 2
560283212 69706802
5 3
433602836 62506002
482138344 78726729
741941543 372169663
4 2
937366414 171870977
502274566 124601653
148994075 113832216
943307832 346200473
852534519 316098
108110114 1586893
998893196 249328825
431643386 420028770
344502484 90275283
355735818 232040537
560389007 483607995
542033910 443950927
599380762 315908580
9 4
667562859 242763125
225619122 59643695
182780042 84652187
446804271 171352819
454755756 386087009
49419440 42990644
671507400 164647915
540550149 86457519
652895310 627207945
346359217 327536356
121037689 78146205
253434325 43224149
855951393 645433958
121008726 116845541
1 0
302859096 151331984
699215937 493553243
8 5
453384865 232682261
5824122 5096326
425204492 230944503
166810292 93328255
5 3
243879722 222692163
10 2
54131202 37497056
510475802 81332766
565754642 257312462
316307340 56099891
574195967 8518346
964672133 576784557
427466671 127918841
631606535 578585355
716618255 332903678
548095431 363817951
9 7
3 1
365545287 178990792
193140269 20154079
2 1
487607806 156749343
454304521 191427459
765692226 521612618
298688433 145633592
686044011 417899361
563960725 362498227
839003946 171556884
876619089 358890272
657233192 198497827
363224948 281175783
2 1
789672137 21104158
20790439 4319014
5 3
564275387 240357078
818296244 414704126
280778904 93010296
664698086 359326252
537487552 419645088
10 8
78044780 18540704
225691036 187889889
279292941 95904100
852352006 510501891
4 1
25812084 10923598
916525981 888601299
921504539 662076263
829653974 637125556
596477011 224786082
480039916 353711307
974188838 182000403
334269270 28503229
169460273 72488541
166226757 53208855
625147516 20061100
511770678 299333340
9 2
888354105 13385854
206363684 55047447
380050279 128405404
977931380 423720504
757104603 344076796
9 3
3 2
765842806 742819375
603581803 509061823
688774157 143428669
942416105 885295613
348918132 229825039
840879051 557674175
583360121 86808379
704823756 602359204
848179627 476488533
444707113 409180081
76478811 11232555
3 2
221945587 112217270
5 3
492621192 331559727
768847469 693254264
875899338 200320182
8 5
326612132 202785943
3 1
474347197 424264199
508845815 268516793
3 1
521332737 29545850
878572884 85180187
335408152 160446716
330161035 11332083
141912063 114343988
243289617 209890326
864664464 144357417
711578928 429088873
533632463 443165575
1 0
570947735 2563364
315152532 196958414
765709156 300160240
35879610 19845691
747537845 309978110
880946753 738331257
363322164 148673251
344865817 208989447
855073472 214987760
663712884 370072355
775899833 107614105
291275290 133960578
625553436 488905834
599415616 512549106
237527541 7799107
322328969 297705737
990355681 532836616
430496247 356929047
353798506 183769604
864172101 534527115
396783920 350261219
795528712 63161722
667228273 573453241
136299702 107467818
602379367 495156703
202302050 131302610
346883181 315951774
739092954 637776266
332176700 156377285
574510899 28125310
4 3
302492225 268941891
161514676 91612592
557741135 233053625
847892400 795182409
559760233 8734740
450419426 261224833
333275634 259370087
309832583 100965167
682672014 339809251
651940034 223730329
572110315 263850767
729245058 729173461
595981095 12407361
9 1
477076151 329299341
9 3
50190471 6675996
647000092 263652359
22406818 21671952
726258048 237171234
256878315 94046855
61194126 42685954
368139840 126214357
10 3
48973206 14859871
57042185 48990636
784931249 261173117
223141285 54646472
962942549 732478013
571911427 61837248
615196724 330557536
789449239 126761634
442381486 414094405
408967462 152355845
74790558 66993595
177108563 164915451
583772548 132644603
930656521 183220576
950413883 302580674
202455136 42623024
203193442 105169485
68656171 25864401
451248550 157489238
53751996 32395332
669811244 344955564
190559569 780742
698619050 581550211
957564289 393399231
10 7
609869859 143802917
947999997 459441058
10 2
725061924 134295353
10 5
228078281 195441311
497343831 205997693
113195004 96183118
7 1
87843101 47936283
117587934 110628303
940042840 544643454
499957254 259435200
514120874 423432530
3 1
55816461 36693265
852907038 232008431
743763212 616793674
552272666 439719678
367155959 52689554
803789843 365193435
292437270 214245077
406416573 36932046
726931067 690282829
486109861 208837660
633957366 59963958
750585602 577499130
981426884 607423916
172321265 390396
820783307 6747249
724979798 76253044
855374485 689412692
645722667 213115966
158881574 135334410
586581633 275659569
205801802 19242346
