596
993362128 606039569
11116022 10594593
915930248 700822749
145677448 143521548
452714512 328286118
10 8
352084122 248839717
865535052 519688501
875762944 606466459
734264379 601452754
739698335 80745768
136621534 27266146
9442472 55813
463273134 354355644
864084396 385168524
2 1
511154543 31634193
289484529 159480687
289819085 40503391
959790415 448235192
270757770 194180035
139512254 29722715
784357587 330868414
235411474 68977749
491820594 7211485
947569182 702867033
7 1
162990728 63458671
834321522 352571118
343423686 275962625
665447698 450004908
18781245 3601246
610367871 128881006
979587541 838436428
183310429 49755166
159585449 89243159
255796728 117596676
828363357 779509257
799635364 48443276
99460073 47595625
25878890 22649090
18810185 8908982
984130120 798022455
613154320 85273562
10 1
757113101 201353095
9 7
7 5
672449247 537867524
444302992 69997314
725052642 579178592
269225993 164746370
375003137 163785217
940171793 326639835
6 5
897746792 181140217
970194679 825790749
698792110 205702823
990123300 128917034
640497933 532974919
199989989 195951352
733917761 358499145
841252446 163317310
244683250 193553802
410335266 374225875
649550724 552001496
336067146 64452493
726889794 516298501
975539925 606742113
4 2
27909555 20896037
120874960 99014905
451094024 229765778
5 0
197777945 35564298
709815724 508564676
606499415 64420071
24890800 16647873
368081171 103559410
588337695 53560139
389053516 184399504
689005427 196257658
603868417 101676825
854909727 793011091
550547120 368338464
240910826 142790354
111251332 24136181
826028775 383884619
4024955 3855578
145294706 111568032
212284717 37105815
953079563 32115087
330276445 22162274
11414596 3507305
509077151 410362659
236149871 72447667
297194191 34998314
90873519 63152081
124738350 80288360
48177083 35558832
717253403 20950809
610674210 268632493
902977552 448032387
5 0
688871062 129998032
277230562 173024714
141646229 85611723
297045635 125474094
913797357 883299444
594341985 321706544
563795234 16439952
366380657 55380279
507597322 309348504
569779989 14086066
72114628 17925627
510429530 365521466
102297189 54933246
283120656 138684645
773730880 638605649
972979358 288503998
540546645 445386412
40840835 40246242
704950664 95825685
485669008 274121326
645810435 404099361
961414533 727316110
789910501 187468380
905184571 464606873
2158530 1761113
921142143 207020280
841412116 662930761
738505763 467966142
241283982 14483202
3 2
2 1
773958361 374934041
513588300 497065739
429332463 170467428
141676048 39589318
710779725 69712011
31258785 11979086
732393872 364029735
492709061 426550673
404298555 100512906
777545119 691766611
414122129 118015535
615860869 140467181
760814060 266183995
4 1
291843184 83754892
24222522 22417042
16154649 7098097
197356483 148794875
2 0
6 3
895964019 182146952
7 3
88158688 50555577
532373199 473119606
84590074 18821093
859821532 370994797
462776791 112781482
418487884 395915568
882225450 44710969
548190859 323853039
551062336 430889690
144647269 96965376
608408763 70051966
32948368 8467838
124741401 99690653
558748506 356507630
997276391 280160793
961999929 624417059
640598983 269011889
643990487 326765944
420674694 309549509
343127053 301272521
942398313 732284620
416408079 350722791
202844406 104278375
613321166 271950278
604678533 523542322
3412730 1677196
915695920 806850940
590971535 398539775
165029693 88773578
783748285 447496916
2 1
741707311 534899875
285548426 39802179
380424393 26668660
578080439 367114382
85445622 20174137
300253778 36344273
935983331 516437402
466020581 326784312
2 1
621512891 258467982
972585558 616313196
308480523 71286227
282263558 55566868
5 4
64722292 39717229
241519736 195148619
3 2
975981847 243253319
187982670 90691
342617763 317445852
574014274 261953589
497612556 94840581
370726916 316227351
162562886 85581658
570151200 514243559
155056250 65776571
837186122 582182912
352787967 259728565
141186332 59551554
547818230 173332757
137570401 98908674
530978952 320823457
904957757 398542626
712829099 466722924
350289858 242378072
65493882 37268755
38386663 3644992
490136955 135939116
44075097 24203221
105856872 89022831
871840559 850171609
724261161 703267320
655620579 44549234
9 8
615077075 510894877
8 5
870995235 430190804
370287178 157090113
561373827 241910583
395204445 343214635
440667909 430607496
167562967 151243020
878852858 134755689
10 4
1 0
57078888 55780995
159287447 12806188
429698759 64552835
315454643 154869287
440182419 11448605
916878712 434332893
377479135 233481359
660683458 619111682
962106863 902895534
625576921 620993644
6 0
84981689 62499662
242958523 132427272
432344735 286275863
931785840 86391095
479323545 56388937
499043301 301058410
9 0
874967373 226400955
86707376 81749930
167740198 108802560
236246987 185579265
446148854 120362625
817068735 713585761
767726288 117482262
352306211 301157452
296597577 287910998
947963953 653794841
8 4
505453567 68577047
206122510 199392286
6 5
557198857 412396924
636058973 159271695
354837428 142153873
666824046 137814253
986873021 69487996
268452110 108612830
165776472 30022853
317166483 105267533
124575695 93680755
949982684 142273940
488154829 87668064
334614227 268920180
943507962 350823054
701926451 360525746
680728632 226726075
53152142 45659721
422424369 416511099
928505313 662035555
174718670 112607292
855032534 733499241
8 5
685340355 422590340
221464022 183977653
163620194 75780907
359912715 352783927
49397563 22101361
582520884 559768632
8 3
254426409 224246923
494972959 209198463
243201791 22922283
8 7
422900720 123707400
502930520 370154368
112527086 36159918
460203049 279392584
263574523 120591822
678713280 246877093
37871310 12365400
701408789 620648826
492144804 159287046
790902557 27665294
333670375 170143860
963792566 534787689
88756635 74189591
323254739 125829104
387436872 74332639
966847766 206032766
409721760 360724233
280048443 86568601
314387041 6549545
206363075 148508336
745513212 356439774
63385201 4815178
285950571 186039576
271973721 74999434
7 3
256052720 75757086
660086929 308114349
350765534 291306007
530546274 357816883
427755600 136783821
131768967 94917653
69059776 48100175
893467829 67961834
853148668 634183342
732906983 620034882
550904067 253877959
921709850 797890723
6 5
615034761 317505490
358441697 140617447
703137800 128242816
890847114 605032955
547878064 363634984
600444844 193705274
337618039 281504856
190007913 84229847
2 1
138570104 40389797
172688041 57212202
433273998 177957446
415572396 124103773
776262140 675160577
663598544 295800568
147661237 144124908
3 1
535140491 505870707
635044779 8415150
104984255 86148626
964314569 503811630
3 2
785580537 74978587
337694757 167225596
693641034 622807145
111225115 19634336
265671353 30228245
256555896 235695304
738318110 108394121
4 0
825094664 687084386
391204616 185863748
681920722 76844322
785516267 690677520
819905467 736213425
339258220 183876649
64457491 62365193
489738903 12089538
44581042 38996983
629773868 377621766
616585486 261034750
388260991 55289520
532104779 317699313
103209244 8313844
10 8
828451918 222933922
9 3
887214014 612910004
817791107 352861924
297856678 219143474
382078274 39626934
614977868 496640840
448816167 41146225
415022924 29185363
244264624 54890370
868675380 457449049
741201294 702736218
597792492 8933509
888579969 51677885
666878904 371431869
632809937 94659734
163031025 18301748
682825467 149262590
548097950 197926123
467402455 134232505
890051749 452452315
616436096 512380156
697081988 606948540
692518668 294477828
599592305 599512561
714922483 539510329
479043184 116940104
112919860 38398050
347711210 139092678
435907352 167637529
850546536 110479901
5 1
783813220 348882513
525724554 220536476
739971834 428230513
9 7
88497459 39584249
296019752 82457579
191084159 154418760
782899494 50705074
678164503 14597821
567352357 59456566
445773511 408581675
375100486 135111388
716418690 486490689
4 1
5 3
383254978 228335940
84640729 3704306
566976135 185916265
147742464 113317970
495205685 414532956
530608682 312603446
597177983 207453022
941922241 767496635
293488178 134930304
642866284 630544391
922897850 653891664
251298243 120633765
996892316 717317195
905617206 213594326
37248257 32217142
877340471 236752849
510833640 233221117
28173734 26640658
376407352 173665572
709437258 387312075
251233228 83737386
435396949 391138419
970295913 868200425
747024388 436716026
529283095 415379284
741601895 18495167
1 0
47975198 38663397
38009437 7975509
324725212 307091137
638191940 75020191
259621972 99434954
816416516 149618792
835087871 132959330
476075637 137723600
6 4
526268334 166221118
481170545 390103857
201355640 4270433
455810724 422533982
444826177 179866346
432261295 210675400
500931682 428178552
748112975 492213917
425759002 407891335
177334661 150232451
601858897 90716834
845919478 707397743
99207259 80598184
600034067 54386225
204246480 147537733
779465393 341184048
2 1
10 8
342906404 336786991
56241641 8362484
595373341 28578633
696889311 41977730
546875463 322659390
21883109 20243994
892429015 799858891
513591409 423467375
66915210 25217657
302177442 218768231
739692732 221349736
94644617 26131469
700050912 120622522
9 6
287497956 105241539
88734582 54416615
541796109 433319441
187911012 41996511
4 1
830901215 348338329
141444002 79258687
789382893 422912735
3 2
685714140 221399927
996932430 983386697
474547269 221309000
422166893 365429147
153951728 145191080
19181952 8855547
737206134 22626033
796804862 481508743
182225484 41038011
89847850 79528013
112359875 20308795
120221333 66714994
774553422 537474938
610224015 329404369
664338469 467216162
48786494 15762563
718364672 647304928
810456427 751496236
126444913 73643927
920779424 772660521
1 0
10 4
304055679 198229081
3 0
8 7
839644990 500236177
955853098 218991816
152260264 142795274
907660449 164325671
158410627 118927876
277541258 18478733
100485298 68027410
989822236 962079495
72479 53551
916554631 542752190
551917640 450506612
566870281 284406978
461946766 158795012
815330306 454922677
138509755 73029897
760550608 160985728
43853369 8000364
227410530 209685414
848159525 75111221
14963648 1088258
985728930 914408808
17180312 12816432
777838951 298764930
222183076 125899057
7 2
627975963 492384963
83023976 68664084
402754730 237273273
519751095 234699332
9 1
149788374 51746966
114245249 64736838
428825531 406771374
782395985 477622922
280257694 210263059
149054471 38433134
578869859 138955039
1 0
815116685 187135379
3 0
593997120 172995353
207334064 105503933
612441630 248640710
332600421 233046791
9 0
756938822 97108074
10 7
770190639 451905076
8 4
995599679 413067689
3 1
2 0
98646807 39084910
951261754 113153235
916610086 502940367
358080063 57021645
68225300 216068
