554
134274649 22940428
817909035 206422180
789706996 263741607
739936035 664444903
606535143 333840326
350586051 157491112
96537928 91090816
223746989 196459181
3 1
864574220 427156088
576020692 481992475
30904997 3895071
325321421 35079207
942915107 245059484
417335700 260456075
335901670 278186670
586066504 218970306
311243649 32918705
1 0
280509105 152178505
1 0
770191175 647441776
248448152 177268335
422796272 167497841
96942514 62212448
10 7
6 5
410126948 322614897
57410440 38016415
854643800 216449820
892124366 843248686
599611288 100630387
728135095 288828245
478207199 48434058
208748418 179694607
572226917 422195660
799564465 81604900
890464868 768073402
566432180 258606404
27289594 20778943
571384359 202759308
759884198 148545597
920896411 447110635
274276682 45084377
552532103 538393215
243618803 129410307
342516955 291690342
543601400 315339087
725788215 324109712
388407264 309006792
942784842 934035613
8 1
273645347 13758558
226959352 77146181
516998865 206572520
532836291 218875753
427997914 224089417
337151024 114681492
452874062 12894140
693189903 250400013
384393500 227933179
885947500 600749773
874162994 253417083
569755272 263166365
13389931 4924577
915702252 879857179
863788506 351846639
465340206 401925524
91116219 52694344
663498458 420815444
310453909 93243104
817348144 746573556
685776548 461991511
73913548 32902
520942004 260599558
605175558 536848195
998586485 63392439
239392286 17600061
603314566 224700044
317003174 34712789
417180868 179251015
35175621 21621829
647860706 139728888
196146993 164622857
595462156 199879842
8 3
80489514 37123403
579376350 73784980
362530209 42679408
948763259 638826320
788297214 635040785
93182870 15888254
336764583 45305935
630615277 386765014
1 0
118453741 32757010
890872665 528027291
931323189 99012870
750495825 248698405
857357529 728077349
942736106 14213341
249963416 248169168
542004721 129100931
751064658 100805447
358387030 299887131
299250296 40566733
673252972 194060086
356081808 327538812
346665829 87017287
293030472 233217542
211300498 176014210
477394900 43323333
992761313 798571736
896713573 169141133
619699716 340233847
71725052 37958019
513267794 483932723
598560024 137077989
758756052 152270891
401290058 364696965
374860660 371713400
6 1
231559928 218498162
140983820 86468867
6 5
403078480 349709602
237706404 191836705
1 0
735373995 126819441
643742329 416575658
853733210 20003129
847661264 779019814
141386282 65037267
306513798 225891314
763057840 654892304
502347416 476230352
606648608 393534088
340318931 224112562
780391516 278201706
7 3
678145005 553784444
904653616 214479911
6 5
720775565 610562044
117735236 32595351
10 1
785044848 749945460
1 0
20664014 6550082
5 1
711232821 37124075
934359846 19704385
859302778 568027732
72946953 61452050
949373877 729885923
260971482 60150666
962067084 194119476
26862308 2504035
268547510 203246715
217245424 27984171
474138498 369188609
393605711 213581504
161488652 143339979
512397503 498238192
971947054 385473456
494304694 138961974
10 2
421771792 282374453
924046750 241091933
442556368 273129500
9 5
254331328 73773635
729376699 210333612
324926323 188398239
678378856 499946136
4 2
744003918 607358041
771855078 256706034
819653664 694024879
676864013 359823690
191474370 190545511
223934595 47106226
215133656 10786465
4 2
409621482 167607411
608856862 230019026
214390889 98712569
528617105 161270055
514692550 115253824
655045279 6626240
707123088 560400367
530752045 97764632
5 3
8 4
846015015 286699254
815435852 425068025
734807408 523626088
37478408 37160540
302432782 178625127
101040544 54158265
44435566 2494908
5 4
15626369 13861581
938115239 779275403
263381189 105689707
3750937 2013468
651086701 379681589
304025690 282549782
103929745 3984868
54417617 6639503
4 3
655667954 97978399
31724355 437951
284654034 40389050
430655592 117768608
631754386 373446748
593288582 360653869
663226166 148005802
806965504 417335199
654298920 503427480
656577362 103943614
375357627 113326138
944782319 813561171
129175370 129013147
7 5
660579156 175648529
825930700 746127203
771564401 340212324
846801482 552152931
719768286 685714093
992822659 75542991
800220093 783158703
39272361 39249176
598094941 32569606
248446488 180922810
295500288 200853704
512360065 3294806
45704389 25128244
866135250 200018750
2 1
716627626 363548487
946778119 143509832
2 1
383267921 186813590
346604757 2986373
435106748 403304258
865840074 578470831
645848318 311206365
631304960 46756806
653508581 55268905
215837818 88873704
230751967 105933527
249024510 3814176
626665600 77641034
745467562 410199664
7 6
644230891 444123669
35635565 33924925
280487488 112239691
4 3
655363812 129501908
185545791 83518585
470830615 212843118
89419037 61381994
318223404 177618077
286420657 48003617
8 6
807245860 324380173
12567216 6329619
8 1
403734573 57179641
70598370 41298026
601709261 271754929
518375741 100665925
914379567 428106244
769377960 302302925
581862010 580020392
276529111 246730122
7 4
683630663 405264296
999294365 82244444
800199606 39778453
737582575 432971291
514895963 481688346
9 1
674116368 245487931
611167966 423480851
297009472 68617243
523841722 123917712
513453693 295403025
694285011 204447115
298910558 133180095
266859873 176154848
880111929 749000533
107757389 52470736
2 1
943735165 759973264
688107029 326751322
444949797 335083998
777191727 363389857
914855159 710701239
859924495 592959895
379163869 303212709
106364653 61095538
379626861 245875412
502536669 495911033
710777466 445261160
322578862 114622129
17879999 9812620
67705012 24438085
94709055 36818005
345098379 344007576
597484405 327686105
540570373 271831769
895150714 465079280
475032370 145984254
621405476 349477287
837546050 167119872
520304557 408375526
782791261 510946262
753349151 221735078
295966962 46589059
220553609 217100177
150179954 23608850
7 4
944338893 135432623
916332302 91539834
125998489 61092152
413941176 106871170
255027171 61279407
251782648 178097006
629881892 469789588
892219961 243522235
199677340 158114202
817480059 531041969
504123578 225124094
71493898 40420505
96279048 69326576
683237886 378629646
564955584 478562812
520947591 379926006
230736878 131721781
110754841 21210270
217150200 35634167
9 8
394119948 56391222
8 1
767659862 390234917
927866170 756133389
79912262 19155045
669128050 137309513
9 7
762367840 462593570
124546166 92112595
894780225 308967361
858785174 273723492
3 2
2 1
303165078 52108040
963536357 612604067
292802855 175440481
520154256 293699459
8 3
7 3
169660640 71254915
117048230 6670025
840954147 694696356
808370373 199712030
579563521 154732093
538382269 476693942
546274475 427475870
588684715 333403218
447006377 250169264
495805006 398568912
721680787 418037475
900823062 284942928
508436633 287670784
352481525 327702978
572106702 547162626
784129897 672610233
781161818 115027356
68287603 32497629
900839117 112988098
687651854 628910706
2 1
9 3
627887269 444884319
122287954 80764349
691182831 137901986
930357387 702554967
730651819 25719049
786567917 459025730
499364613 427393670
88241263 63687526
7 5
728144229 350816115
80946694 61389207
239672309 59224372
185574474 179053250
945931238 394110855
365384208 186734468
1 0
565738596 68950135
357724958 220901564
187273307 94632577
191874558 24595374
180720159 3527890
481748492 174952422
166366629 164704191
968867442 58391088
10 6
359483506 84028984
452662824 56821983
754226854 361842465
718809565 620405524
612355530 461668946
3 2
161531074 3736998
374806512 296222120
152978979 53417906
693752154 130805136
727914906 365797667
829481863 107324321
423777549 311974691
969442127 82505801
867511712 836750996
643063058 162794146
270145772 129071235
500700765 500224396
488582470 131303731
89755299 75238878
444676975 347161481
359319876 148535510
462702908 127361000
240645876 14606452
831352358 700483914
93836979 83276411
834799778 124776799
549392495 397795688
588516239 255901449
509044540 220430014
771447916 651410263
453732120 178765720
786287334 507678659
194667530 111288832
62183262 45624167
182569348 98045641
116012340 29037707
75959642 61860749
651090078 610023354
367799104 177038604
862637194 71243131
3 1
164711849 93759519
235624846 141174275
10 7
549860308 221549081
210132372 30295154
780932414 662669814
7 4
701673097 167801896
90496401 758068
905390844 352837284
198981445 111970915
6 5
962662291 952793044
59884968 41177120
87297261 17104678
482207685 395370183
148092721 60472157
829640490 540815015
176856523 29230238
409690808 306934025
392591477 363996104
561121510 435051193
546962468 27746475
62913923 23142101
737537566 218430775
1 0
529362339 449287133
667999953 111249513
164534829 98556496
652900694 511386485
210357355 136757310
131971689 95481957
556958 519816
831759881 482035612
780994228 159329936
337599131 318373576
653469400 611692483
325033761 142875856
281906074 273421366
807108799 52215763
743052464 300791131
937933570 522359244
337797069 91591186
923298283 714039168
952539382 566466192
566235403 448691644
750006085 561193134
87949653 52800441
680249825 302917500
854707297 329553371
580519331 153770976
791065332 304408437
143496957 7094768
677274048 342220018
427063600 60857900
919293194 487189665
7 6
623222360 112637998
193605814 140401311
134820554 94779965
317572066 301497447
920609509 510719242
518652318 194341459
655164081 262027530
129811749 61367053
469211065 164391118
5 1
720305076 355787705
445506523 301277119
131575288 126590084
131599166 74338707
273511155 230915967
9 7
763611327 414339252
359298149 281493770
176847629 31756352
999732524 531631722
548008239 507319066
540961670 362603439
7 4
601639660 479319509
675349978 63244530
290111758 91392789
78144807 68861714
4 2
741370193 149546800
6136697 646417
477536514 186754826
322703800 192152842
858463421 269791288
625951974 311610457
940854634 489372780
5 1
857118017 339249911
375283537 66271479
614626486 298003294
597313140 197077238
833026200 382868189
513507864 67957270
95381884 8023289
3 2
