794
562156184 282625884
73042921 69803345
169677235 160934682
768618037 61117253
827990559 293690292
634795962 202826760
626681624 234479946
587082061 221323355
912097761 468643572
473454714 393006424
544714087 39769430
329812304 256266717
8777357 4625446
174772692 12343215
456312545 73136573
643345447 101211662
385406700 88367359
959263819 47560820
9 7
988523174 695046721
543403371 258431532
329535441 13548012
119616105 3856684
67464805 24508035
550128658 302715577
307779405 152955343
681366258 599520698
874822313 825447063
264704911 145399384
533601474 58403789
438894958 293467845
585372634 259059728
915404185 374160368
345099961 175132665
548248503 342646409
525448563 170970547
590635120 501516266
8 7
563320219 239243880
223607028 38466563
449895937 60786995
476337411 364725222
680683953 157564069
137642533 8768402
974414906 196652727
10 5
745377297 447657513
118324263 63952689
960903078 531308960
174468044 68053878
891689795 290306811
3 2
756178449 391835169
137172614 109833672
1 0
384986783 48936391
965898825 497103401
524820486 270843753
10529820 2825774
734646554 29461451
204745017 143018491
363873742 22403576
373770760 105232567
560619030 397743600
248087421 68604298
874193126 169624604
4 3
899857294 325545574
738190021 172031064
315441804 199006125
396193535 239026649
26971 26136
711663866 324021437
333028329 124851221
23332291 17077949
900186449 399185083
970001032 646881846
124463164 108305951
449771764 335074006
998584000 111961650
622075729 315069453
807959623 638468582
641504005 289348892
499359917 338381173
5 1
373144988 94700404
217341196 131499549
608466973 451560073
64138451 57199564
768301061 697053743
45809741 23373441
6 2
201472677 9404959
345149926 255480969
293603382 245992771
670782293 436300229
5 4
7 4
134817315 133923388
8 3
453142832 117406862
216106380 49210584
661817282 32014479
701747285 128564198
431911766 134132884
859603659 629198773
314189121 16814595
929250016 881641970
2 1
6 5
717972143 236783982
862139065 808449189
463121534 235366602
423150975 179325968
904805483 773781149
290448055 274861012
906764393 100103087
1459695 903498
3804545 1203976
913915916 842378706
230298310 77833327
210103458 96845094
453227505 45134810
554129594 64366276
153281118 24542276
110458672 97070711
46617760 14947853
288509863 57079095
506155837 415488563
160247541 16653489
967162139 610535105
817735009 732863816
438725057 389757869
2 1
619029849 245662106
733889160 530275019
9 7
192795100 78808436
673728458 276108562
564230539 292673503
910634706 394120147
62839789 10670849
273004197 162652374
9 8
769352035 621683520
932623860 808611685
258082036 47914234
153922800 52032026
72220066 51900532
2 1
809551072 669839224
827557551 493223618
854518818 169860725
482252620 302859416
806844293 543561487
51764328 49942663
960580276 673529740
301364139 71692747
106376444 88661402
212262847 70056483
4 3
155471017 114739444
30130772 15651784
670778869 138368987
3 1
547277309 160271297
287638276 22921370
271324339 164516895
502520990 220641261
437417493 315226245
68308839 20495158
776170421 432980261
49046494 32825694
477426955 447225663
168242026 77636499
558399418 452763731
923788153 539764293
173123204 79389006
327797253 8974318
1 0
496141919 461928400
340050001 102369226
591384860 168416511
699634820 241129161
1 0
172488550 104449022
285474395 114942271
825534692 338663488
403414432 225173607
875873349 340369331
520866593 200377598
682815473 327632523
73763762 12629190
140923059 100559519
7 6
539717904 172606948
965199980 595545603
819477606 93109623
747683630 443961690
30864604 11489611
343636497 270058827
552719284 546963895
896952101 780620979
635030591 345508003
919238961 16747478
20935903 14186196
4 1
447902211 388214478
312342173 183702955
958312071 857995353
917190197 740744739
10 5
862495366 193163106
108021978 49631630
52465924 11132888
395692454 288181946
857449289 115599468
464316832 242866444
285999679 238097259
6136441 5738842
711366476 11141999
410778399 303149702
931400306 242566444
819675963 20821452
905461210 847470627
960182337 929465381
759040270 735596408
76957390 43637878
50187729 2139027
664368025 47543770
223206520 107249688
626940476 455936797
15124092 12660032
77957701 66355489
556951528 223243188
428955855 103717828
47585467 44343194
221543709 17042206
423260269 280385744
141386564 93988027
80385231 41621026
716215622 7210614
604827434 585235484
453891262 350194697
132231773 131624274
844241478 774953519
6 5
572710271 509207651
898029927 512320694
876010207 56716861
715309880 562395995
243355385 146685661
883231023 494458079
240813384 79679574
4 2
683944366 353892101
737751130 571968807
901089193 308452972
243322700 69872455
457943758 198213631
2 1
854355207 528040236
416920171 99160362
163137022 61694106
896480359 350865674
453411489 281960910
431578765 54788596
585788801 425160938
438465000 85865640
575464281 59915375
416008605 173888117
981287179 357111074
107082879 87777359
989926633 733647260
322062844 286884294
543913960 511515702
360687508 101785364
6 5
237292592 99772611
359009457 55402141
152272238 54046853
10 3
177839044 89863543
928841065 394459250
6 1
859354073 437350171
950999237 425245711
10 4
71309825 63603144
610034656 96078417
36331853 28106345
805764247 725061862
495768762 42966782
992512742 990389528
66002830 44674507
10 8
416618745 296693891
869197507 242033409
822942835 786135646
95186818 45245099
497194273 187531494
662366947 408813135
10 3
8 4
223460340 151506249
1 0
241595861 43872727
302456227 193651141
3 2
959920148 634578970
846301210 283538042
733633117 258552025
982234538 269003959
905357141 750464179
484746579 230255667
171598058 170091513
639131724 279833835
9 1
546153119 280515121
403507399 229982674
737142989 348029123
220756616 19374613
15022772 12367036
84338802 32516342
757561434 582830865
299024845 114476412
446277867 229324407
693483055 688793904
565421496 423187261
965962026 720983064
141267494 127129796
494005234 476039804
955067601 12379850
897103781 61349841
202609784 69917798
242749250 72551931
185676719 56835225
555550603 409255256
633227760 335434083
580396977 464467560
157441792 25053575
689061626 595594084
5 1
715691042 332283012
230425124 189437282
882841680 814254557
469985336 275052933
686480237 547556050
3 1
547156926 185547016
5 1
288350061 32589531
553690742 197051620
908625657 410932898
774473492 279350163
862615163 732420034
3 1
653029749 117989974
449657418 213034377
880017857 134440615
274823108 139224607
871277640 113460330
781219924 325880595
853165612 266629098
921544757 124820442
904280900 897415519
408999978 96239566
414193385 13383707
890637300 817156241
517501979 261938299
7 2
701188038 130496950
900616390 407554730
436408859 162540554
990342955 918480661
531669658 197240950
989036661 113501822
762040550 27485400
289250085 93259084
648297022 264589946
605907419 114718479
650982113 172604480
3 2
902314702 75023761
255065117 183642319
235762986 203929195
599329630 550828678
245212784 25661601
671774949 141101857
563216902 438806630
563978209 432658690
470125019 51652020
448415242 262300758
838287281 488032585
81454968 10236762
232152959 121314569
513862607 470580987
503830386 496293419
883833043 775604310
974433927 40501451
998672972 442462003
472219013 105217520
265949875 189403413
696986126 87879914
588676511 433020920
525955617 414639177
440372118 86585341
832319773 697682203
762924192 283342289
397654610 311165719
904549903 281504583
208261511 111642776
10 2
970547098 233902720
587499446 216530503
1 0
8 6
825494892 529825203
231365767 63118820
922445388 852880316
253275191 123101628
616963894 374274950
757926480 52618199
412669998 368123763
9 3
994483218 918130298
644873848 467779966
354888308 89797734
718543453 317429495
5 1
692689812 681664869
7 1
839913451 830973151
316950429 270563718
628558209 87774816
8 4
10 4
5 4
472285736 172312065
83970716 55264429
111148739 27632322
961253408 280125234
581457177 510267911
690068698 489236517
936860827 26530498
78362844 36611799
144086253 58371201
329717294 2072015
770449925 731318409
476515269 338425506
515633516 476612410
231175626 105164428
150504343 117495985
7 6
494528863 6299538
25197659 3396041
563913386 520486091
2 1
538967680 241296411
10 3
12606212 9953917
970454286 615600096
118875580 75357997
465867313 190856075
622320415 202258258
852359519 114725246
165224294 14629910
7 1
32292646 17333016
812618202 152367460
939257546 487851052
6 1
125547731 33745959
876701565 298445385
485576944 417943064
316460837 256497455
80714710 67250374
155604144 91662841
146631354 59279848
198772858 13457428
180165937 45977770
8 2
366291137 73245244
770977031 733941136
312709129 94823216
138002158 98662440
68078018 30045707
855092244 380744353
489460006 3503006
973117317 375430207
177802011 13205581
859038602 98699080
390721491 334454363
708526426 357067161
279372626 184684176
530139529 254702535
827957244 366525835
87259181 52287762
988414441 572348169
433946899 256224558
4 2
944996330 539157941
693458811 217378
667466621 645532221
10 9
546653100 412644838
773987028 469077737
83293472 70956464
340649776 104664959
628399518 500928790
518148463 455151035
842400680 547050195
326110235 112820668
951359831 776013066
844134878 138107047
768217945 593351403
982232024 180143493
157840828 138570397
637753894 342328664
709839775 228897124
563814426 539042446
91958529 9814437
31207298 8196581
3355919 2318431
915060290 422672195
154614423 9440035
412387444 350171002
704192876 691258685
351531287 80329656
427551217 345048697
841100060 426725065
379905213 20709676
4663736 3064539
89275256 72386438
897846675 766637163
275393146 210139781
129440283 98567000
624709723 445778744
370081598 67927778
507088413 223133856
10 3
820203223 54208625
489826658 105709135
628169491 454635060
656349961 431305999
9 1
773790182 724908407
142950303 82280408
744995935 337910011
1 0
785688794 529883154
88581698 63504426
53587900 17103620
688048573 93377479
564326140 269829097
563215066 440698002
144059500 52198727
6 2
119981710 90313125
894365717 512007795
588910872 579227275
952405024 69205142
739135995 363043985
676349451 35408150
9 7
402850513 44701406
838908316 122792430
136328287 104256870
3 2
754842597 343550627
419516077 240098614
509169057 437768130
779651872 614167591
454331231 169445313
7 1
8 2
155108656 25218786
225939288 136461783
10 8
646847372 136799627
851854006 781261642
311487512 32380613
10 9
875451657 81824903
439224241 369163536
210633520 75504719
779179712 284876392
826293488 141112683
1 0
174079627 120284492
259005382 110672501
248508715 9852311
607120497 405332472
611354198 329701616
897252483 48365684
27929102 27403344
516867460 151061143
148120233 22437046
506838838 193019727
766203563 455615463
68993678 39134163
717246557 562515601
770401871 1266369
232296430 112449394
122922720 50410442
730510223 515743060
176976687 173886969
488822746 166091886
381456531 142357365
3 2
125642 64503
155114345 139061453
956401190 116596082
910946466 697135953
332433983 146048263
980021967 761823486
496981658 373911863
486252352 38263046
667100712 340353770
872663653 206710679
101080184 73032669
618594241 184670192
634826842 561007615
484789309 309725920
2 1
8 3
732875827 269212943
153012208 99317196
969819765 456194778
92736381 22744029
554031481 231141463
833633813 221379627
687652900 73310986
4 2
3 2
582873709 435719404
169056271 29311991
614966383 292676410
793860302 367010061
735887897 501264873
59966047 20205485
278698591 257474477
10 5
467668315 360680414
376621744 373780570
427380707 176114158
186597922 41085046
127682084 14732466
742053640 69989519
147844519 96845507
666250631 3326319
699837851 23439028
216141221 42985146
854864599 808159653
394097008 31229216
8 2
862818070 858898643
893513073 614837468
189924611 162309503
561783413 515875807
414422242 344157904
579684439 370237507
989826554 6813882
346610263 154222496
632028084 269859454
555352827 321192340
329591693 24038072
692854559 307112693
177484779 5714740
420337667 258041860
1 0
859225637 174865706
949337494 833897929
849596629 53867065
185922470 177390028
300259781 35539369
809295200 64215065
347625622 81829946
521600181 457155973
996168796 979185712
854453114 170098083
85484230 41014896
501045110 173211547
821237358 273753344
609363779 546640852
509706950 303436819
456926073 409625958
978982223 398738594
8 5
107757921 90318729
335188630 15797797
2 1
111712926 81165754
908123108 786596311
650056270 536987044
48391477 11981306
186723462 175096559
641235261 546765845
489997162 322305814
607680545 506749483
67378226 36959128
806557845 539372936
270699657 52742598
47867241 24007933
439703947 172585694
554872622 361644398
892871673 70426012
931232459 330827085
440222991 439556567
922468408 626071540
788583286 525649586
646792240 91548786
195509742 166302303
484027246 219151128
850185578 757960005
259370431 36861740
482855854 445923841
390781218 129110634
893605151 409071422
679013068 405041828
45663143 15022182
67628284 44161500
421275956 79158028
669805095 565047609
362703692 270870263
149371821 16188338
469912114 447382753
823588358 801563385
478745675 301873869
703802661 347871345
536619594 306876312
948709041 805081864
146516887 8522307
529077587 108622826
409479899 11716173
76548187 70654024
358269256 71324742
900526016 194431465
4 3
167877562 99107628
525642847 205497051
625334294 62190582
6 4
33802127 12021579
21701563 11719056
344587204 244253834
64359253 30274452
691904268 594442303
603469984 114785351
894744800 746570571
660689844 405573478
184050096 91964731
455303618 235119912
722170004 296640382
900199255 411232633
333367490 301689256
114172073 107168833
458136620 19971147
209329327 104530500
320034755 261754020
7 1
207385735 134947731
533865329 376044800
58278590 53736165
241044898 126983093
706728806 446021046
948800325 858090590
214258795 89042113
632563628 137538437
639661753 552018494
503960003 159062496
2 1
159417811 59821380
657380953 609195704
455494691 347693868
206281217 108425390
7 2
2 1
810737344 399412758
312255321 47984100
32248410 21349873
919010464 316208419
166218436 100321107
5 1
743834649 15180319
792748889 390115901
83542159 56780327
197460151 21691348
653539106 478186657
153629299 144668518
617993262 417621634
153198990 59459643
9 1
690080774 6814244
