990
914634190 906791841
405126398 134883626
615793907 201320773
922560319 729755372
366233447 186289668
372266298 295476736
5 2
864880344 775023893
371977790 93979159
200716009 27188490
9 2
973609457 465744715
475547715 406846695
842143263 356847462
397654708 227223165
302839513 171963133
5 4
195307397 116697018
433036114 225472700
743962547 310397029
415082373 333831871
893176433 248338150
438204106 193304464
169231340 148258911
550529030 103685939
386648794 239074960
349881263 20197382
253480854 81632598
898046909 43282215
667266331 185899175
278728103 102787603
958447998 762726508
491242664 297824643
934390711 663444012
928252945 780363950
444738375 81308737
806621606 50488494
978673519 933580493
850799131 314795164
406771830 329684827
269767034 102953987
200565745 139976459
901454805 553885764
976161572 860444784
926616132 244672765
10 6
113748257 32839108
535102285 285042588
19319464 6461459
656694575 408452429
573883285 97538926
479366974 439772410
342174023 11360554
508995658 312320767
533747322 270686090
256088249 8314228
9180505 3087582
781088791 608979218
609178750 591837343
4 3
872007046 314402309
83602835 26445673
437381694 436490568
107593852 77412704
910084136 409642994
848200684 263097919
624448600 228093503
921605513 664743975
850393229 110335495
649372661 236107237
5 1
8 7
587331460 527848972
6 4
2255776 1251174
594745179 167212049
7 4
505902482 22201273
538371505 257741933
598802679 411244015
335756069 7076821
74608460 1907869
500455514 296592222
628157023 94403189
994810332 773543728
524397363 252109944
108559862 64526060
485335991 455083800
842269231 107388028
672645508 219644892
74473493 8132401
152824544 109255334
896905897 64438923
10 2
401288432 31918397
375080718 40856945
71463666 36211642
483909587 401295637
630625288 310729983
756414790 39279196
873742728 770612621
775857259 276454067
268322843 75403481
343622267 183192894
684868292 545799562
228530500 107626872
768137780 662687798
777322873 293214020
949286964 777171215
962816279 272775939
601802821 143100320
127725701 100756993
963043938 361956901
730285461 683302876
934897465 578354248
405907525 54607790
678942073 42514870
44041219 22973101
689075000 430383961
776689134 33723322
16855731 16348732
341969714 160763192
755090434 489522609
268368198 108454172
481603678 49053366
854211355 241207039
559179064 526523975
649434521 160138712
8 4
579706608 142942696
763663588 417876574
281638095 244830917
266120713 63202430
6 1
399690174 207792769
944113081 604320990
507252507 95516594
376830683 258983864
434227337 203385885
748531066 182251219
155659868 148049533
124037076 16827657
879599061 113564142
563080945 374937374
7 4
560190759 84359182
914150709 709761135
944860289 412893058
448520291 27436609
635232346 401775092
451275009 145670534
674081154 136475947
148835687 133339216
80203266 55774987
781415182 274884169
716915469 2287772
917559896 57816289
540342560 343782448
711681826 335090851
315990567 282090204
671460826 414640430
183456739 117182373
705390618 690467430
680730472 552343956
890406277 32778390
695282220 662008017
850667757 2861816
729254475 668830131
8 7
37876037 21532162
129752084 60624733
765591806 136554321
159836604 84634644
938490533 901259828
774759419 342689352
10 9
599278229 288403897
923905369 189642228
9 3
610613069 2513675
8 7
441156591 244714110
528095885 118947883
226832592 115732745
9 6
704295953 306603926
153412191 94634140
220421170 109374211
740571634 85649990
398225782 296525044
123161729 87327785
464885653 79427563
2 1
913183977 613145643
456391502 241097704
29281779 2339218
180714868 132508503
287708411 87546096
209461793 28700211
720661468 280555331
843838032 496547232
538113737 223752165
33698969 10052514
253938260 103419165
899975522 731169140
768040567 750872237
687156117 573723499
148747020 30910184
803762883 517935098
829968369 666726482
716262815 560906185
2222051 446855
215652507 46665506
777062661 80330015
114613398 6314610
976444520 953282912
422397876 32500944
470619479 266568557
645461570 177514539
47495564 32447555
84559436 49540223
753527663 137176675
631067529 8421579
578639015 143338391
931684306 265394016
5 2
785124510 724958628
175061358 144802116
563439902 426671149
561300808 453252988
520941545 485605162
332421680 271578520
828128251 37826456
13507069 9165910
396721463 46162316
9 8
708863824 187320412
390892874 26944585
5 1
211659238 211323043
585745507 495127452
229758652 24075519
746627310 328229163
501392427 58155829
7 5
479532579 458913358
221735192 217157229
383995742 189131494
201292733 190779624
206234283 196600939
7 3
227405163 75324518
59219956 36434400
389176020 38378361
401517455 372669643
146197864 61244515
206359866 143015188
979429096 625031632
15795434 388673
288046022 117160012
244875583 57417362
801006788 333332302
287159449 93732280
770448662 23457426
279656561 259316208
670516890 521443197
229099154 41620700
179323553 84017912
364769057 64445761
480229377 803290
993142694 832439321
3 2
181521952 115734776
555586817 11282944
612032362 425793181
646179267 361924360
558116539 90896487
913485551 389233708
979190211 750085886
650131606 379723608
332850066 103686525
892231192 800004267
137481055 121153849
740730725 390770606
1 0
744553454 247440683
767611904 205259729
428824475 107718905
953309818 278190260
408802844 192311742
668607409 612835855
964520000 951932883
843791795 336083228
918167397 626831969
963939218 112018862
184919168 182530809
8 6
272017953 85845276
330992705 102396390
435827739 122391040
754361750 669024911
93971128 57009289
779065790 329109313
604053449 267571222
208491932 144671888
276797923 258455214
263833678 96898713
858174272 772329790
189734306 2010908
2 1
184151600 14648661
721551746 602442949
283280754 244266667
695306405 583800498
784669050 409676329
732500444 359369913
122337140 113717154
803706421 299289842
34343371 26072349
8 7
7307370 5642062
881670037 740580847
746736293 617413551
310866686 74683876
302755129 179609754
402841059 277478094
640114440 104859440
1 0
216173335 130010121
921680757 498160584
390927756 214805780
240965745 63161442
312964772 155167935
870054311 543659240
796287852 657226372
603649923 364264199
779160491 127240020
657396430 59725941
420637054 33839853
524636238 414163181
32230059 2054387
695011240 399845769
539346325 310179643
233647279 77079384
455918650 62514120
718951005 542303939
274018878 202052250
605482225 591923788
258252293 206546482
732879177 65561615
239816468 55198604
798085689 183888899
372234199 315922120
563755483 197589275
789096620 42913326
271740942 70334520
193415496 61041186
560867289 204387679
111610790 82878138
9 7
1 0
253746656 140275995
470093230 155104814
924397636 415385773
263185493 185689432
8 2
467046514 225422087
683252097 401137984
964823420 467258966
361629541 200109733
475538078 248631824
794543478 404952379
3 1
156878917 37164444
362493833 202051120
259370627 111064819
957640895 871413193
896443484 515093486
435570333 307203674
7 5
656841658 208889914
661109760 298006313
481582251 229248751
557266983 721225
208188678 194224973
32444892 17700152
418436860 294434729
308999228 297512246
625752261 515065294
501319864 19974906
856395731 107017279
111770048 99671870
725053861 350047824
460893432 40116535
944657215 768055032
372474250 198461696
2135117 1927373
710653096 69117095
630864509 334158259
163198773 29975913
850701781 571069930
673451133 326244287
886007444 772449394
355376446 294436677
478092698 300527542
860632397 769559249
801222417 659096838
11075749 4942455
602706297 95982900
953510319 241615332
719993078 566810959
708945867 80631726
920487696 261278164
710993717 3657371
9 1
15126321 8510012
929283250 295244622
623466097 55387074
745781136 694802007
132789527 124050341
154538388 1599336
122628786 99020503
836140032 817411101
768733823 660318493
877827114 570711163
21923054 8325114
445224614 40248141
310116301 276622919
522376735 5622555
10 8
4 1
10 3
766576780 107531815
1805796 1677378
97913060 50064538
303252655 132061460
226962308 46645079
488732641 106421867
383886193 376688001
105175271 9650879
917210272 909288850
7 4
238417697 109872312
2 1
977630071 913903882
961389280 960256761
905033988 548663013
807848437 286435676
622588028 599593039
589903438 44091313
190746475 59775824
402590390 360805454
420409298 1852503
9091263 4224949
160214451 50000595
51596310 39341526
502942788 345473766
600782132 424867724
48803111 40880639
857100889 646238393
42812925 25913655
821703703 734995146
140682722 98349473
92665869 3667725
795504847 414115782
788718073 510946676
336622692 333593556
241683401 63953447
674307240 447031913
857347254 153358498
97197775 56258557
109332029 36114462
359439500 138450063
879088568 152926085
9 8
768687959 644823505
6 5
302615573 171311237
13044748 8669682
685877129 182853212
942828024 930405899
482951287 477496015
1 0
49004427 23505107
569341821 68293490
989697414 696801176
576820107 173243227
179483513 133498953
319136016 305717114
697778534 456066655
660711457 589293813
603763684 587675129
507568942 257689209
135845264 113704359
899545281 604012938
932659355 512782646
43954546 26028362
417621528 205211898
755247350 733400284
829507060 379642022
669545987 660320445
844241029 286960888
563507857 81803104
970317725 481761355
972871563 712897155
255464031 250656844
309863214 294469259
834298775 637671051
153727558 91789848
991068769 502635894
10 2
885675419 207840471
791367461 607817742
808026701 711976545
981256873 141038022
794946304 540014642
152470467 66865907
266152826 205647511
290009460 180284299
45021889 30353422
55985695 13476538
613258792 29406200
436557370 71877988
835490154 174414077
877893425 804120985
6 2
172229455 43778080
442097830 422053434
2 1
13737547 7899524
138784566 112647402
9 5
567874930 221304612
804946535 84743293
522989299 208195444
265295000 255932234
323802181 45102919
499012454 58114961
189058312 49998027
118506538 105619191
50283278 45694838
959967774 863530005
6 2
893450785 447932428
10 1
267103711 198198977
217680274 121211583
134760978 71412191
9 6
82449666 45233375
252371304 81524080
977353027 434672691
908251678 812377111
329271446 256526630
779213904 83685503
560164497 379238945
742289172 499482110
5 4
157699268 43910227
8 2
86652624 26371071
268181584 58035648
158583146 128628173
352356943 121433050
623334524 615007071
746426104 213049893
223216312 173093907
851368508 824761776
1 0
579772505 135135905
632786257 31588527
559768464 462882874
649315473 94339356
3 2
609874942 492385262
289980691 172460110
568746841 55602552
5 1
230135356 115224824
990514952 291149692
929784877 288881530
197602556 181676704
936214797 527992437
726666468 597378035
423092442 172978707
28522728 3276190
7 4
887971053 318326717
616380300 182687427
291765110 72970883
629706511 135646112
556162835 372708058
608599510 472944601
963057063 415895931
507540422 231517016
349196879 125768625
118984261 60433279
349127247 295653271
211305878 126650272
208768476 83387217
422666191 184870524
484817514 376668308
486811061 380134252
207096287 101169452
8 2
503803826 42785890
477231854 385248981
220941705 91178574
55185136 3226833
124429780 35046974
22129046 15641048
195479874 168916828
201832241 33546487
2 1
712506415 68563652
713908623 518437786
324859106 204344303
152160064 146568553
14305460 2170382
176569456 114947724
769569530 194789671
650901324 214380297
175041927 173583079
3 2
857580179 472821625
30312393 19766905
686830659 517899235
578105335 213694705
610988048 188968535
479126347 83746696
406204606 87809763
475595776 391702412
630967712 239954545
84972111 19108347
412958772 399372693
264424665 156922389
506416374 148075473
610274590 99688401
193175209 11924879
771167045 771083683
7 1
9 1
389619396 382938229
708480841 618475985
976731515 542296838
299534147 63569519
9 6
942487917 680557013
381547003 313587444
961542903 551604719
483457608 271744855
1 0
702181829 643029215
711223569 396977055
290716736 179252968
110444382 94500590
589697467 308879022
641882413 160179441
304025791 63004463
380361553 138949908
244703552 212325272
889640270 520457830
820141878 117642058
258296793 127072963
200094892 62688129
275816813 110631566
302517423 69976603
645363296 390465414
963568505 22255864
187762048 53166924
514107557 452367383
477927872 340266973
818391837 426847429
986015728 345467250
698107093 424971779
765788623 392302387
218139873 179247165
293231171 197104881
2 1
242952846 170563695
7 4
7 6
640964807 569481410
946664965 264538480
728947447 291380468
208344823 168883900
846041222 299023961
746817958 89551480
291669881 167570512
492284584 325453298
160708668 97359519
778505081 479571569
36214928 27695558
297346641 259695575
777680854 772783083
221395601 40367144
649947492 112395860
7 6
863803113 256333496
815832579 469576861
1 0
758464757 781592
8 1
605327846 301946975
8 4
7 3
189605028 161782627
958085754 643643843
790099010 193891161
690956894 565714868
363642167 48659495
633490468 604254017
626135638 109653100
435165869 247403099
9 2
953443114 558965892
862246394 537744928
142164842 56700794
756166034 754898817
778519462 567498034
1 0
10 9
182154151 112435017
955820581 45939929
510798024 139691087
151244830 40905556
276813646 62236428
724066757 48990960
303336446 104530103
679242557 648524166
6 2
882295526 675496478
203039456 149045712
227021487 90783364
735361048 693254923
717540868 508899188
11287649 6447469
569786946 419795247
4 3
940906778 716138642
10 4
711654813 260412582
851262009 76578828
842296527 508353022
279004047 33621929
319066511 57593684
287754389 242304466
906562976 631852654
538766767 460853101
602409136 48534643
986598316 49867025
42995551 27007659
300638835 70735807
5 2
783649872 355741902
815991097 588908158
217984391 127058137
629582165 469231342
57799399 26325210
629545512 126996987
207510684 108728240
119265881 96248992
901767363 86072582
5 2
920909217 638936640
546468431 340315770
850637532 472834557
738843430 258839033
301298364 225077981
493468151 111040462
957332323 206996386
970538462 947659038
760120254 502971598
377189063 11924628
176270653 119714595
364493229 128269730
979335000 541733155
793360385 506458098
580095631 31912950
910936277 562981657
203497481 41368438
189565619 187379194
428633721 266628669
928203695 489857731
42565108 33042379
809674740 4526563
586440195 127855704
690994006 31645476
425101445 142534095
893870553 706575939
293630948 55450004
581889130 204631383
7 1
3 2
205452487 73689179
585050874 72068274
479565652 419008103
721331545 102477475
984674914 813605195
349300699 340716626
148639425 124840611
948686790 366559280
10 4
341340238 206312167
112461488 82917191
690373545 123144630
244268018 122465567
140243876 113829575
143799332 9962496
168731649 88989695
18069831 2044840
791216773 28225466
301574773 55132802
960252396 540106305
915578522 335411979
428832864 342489182
694470897 21873258
569754720 170914421
152927036 120716295
817244765 200420509
400757517 198052725
871311418 23846017
29490384 13247946
940441094 559187908
519850555 466340540
855469104 626936251
413901567 45712476
513605365 416239226
7 2
269199061 248176435
250153269 170109370
519914728 420822335
964735614 740026915
844056479 69548162
768001837 134534460
322001101 98383991
909492381 786826366
167350645 118023697
475706309 443130104
3 1
575350356 314275385
481863477 301523852
934798497 177860375
826484996 50609514
357565646 278795387
136765660 125546526
219351573 36690392
897978161 251927622
630348462 456160145
428146537 180692465
490760188 112701047
467858564 285501150
575228578 155466071
2 1
17135418 8335702
475550284 264923783
910035419 642580019
715754953 675865187
386828279 54268660
757535579 594443040
924308525 93790916
693206918 337773987
692974795 33793678
538636079 210049995
405638946 60764772
794066919 441997111
39769306 33580193
200616005 159163839
119819000 83148684
181682948 104433229
10 5
271781801 33428123
84064148 29637949
250349237 174384294
512688904 325830254
362097804 358286036
3 1
792625418 292078803
214352235 149300812
237132985 150767506
384963013 348989052
225406309 22731196
660550119 523954799
787575003 497576575
903733539 427554241
521185360 116692532
520967274 121274275
357546487 119044085
246223524 106907458
544451409 107678470
26779315 1780363
836821030 61206530
262722617 60054329
4 1
787025636 366007113
364398332 194289266
585102443 223528591
253909984 174563706
208362566 110149017
3 2
483428123 409764521
206378383 10802592
1 0
737241431 331975866
416434029 193748628
275090128 159000060
425834313 46683578
7 6
250117084 111730028
395829263 221849437
178171736 103873381
123673703 54904892
251443440 127269538
373260526 125565433
9 6
125336043 57647623
231568046 110790228
524103930 157982543
258676981 134598845
569414535 202548538
23365818 21435683
77556740 28803350
1 0
102279433 37845060
78247221 31211701
56878857 31630443
605052809 322037425
926420480 236492531
484455367 225408809
924576381 302075803
535284628 282751157
975736354 61902624
979170336 452359603
459019312 225457357
123309082 81654383
973397977 296210329
316328518 170084568
831013014 315130874
859702495 139486029
425753743 77996726
329527059 274036367
463688895 397250758
344390887 82851267
518188223 497926184
855896927 624595140
436801634 421330441
579561861 217626475
961698880 844825473
43429833 23690614
403367124 151421968
27961911 6220050
383831338 368167184
946632116 689379309
761591828 184038638
642253797 301908109
114844168 98589097
39377707 27983423
73721153 36838772
982783690 669414275
800274424 428883578
37448886 7425231
35183992 19926175
2 1
375417899 40733666
29104140 8846213
75130667 40697144
8915219 5366192
312657420 129657426
383505233 121169876
922927565 879098402
600743126 177368105
386177779 37703598
8 5
633462968 428340734
935192530 71131736
535767088 439785216
386338786 257647041
421043690 300145947
958994321 24499878
827178946 659232412
2 1
7 1
33220791 673601
844017148 407208241
340172943 153132523
1 0
858755573 231127520
328385454 31037474
982736730 354677408
249603835 108147996
