853
3 2
36873059 17588851
52807973 20321404
692359181 213745956
28964807 18776762
91647725 81928277
1 0
3 0
174441502 134843732
872009476 98048754
9 0
450485204 347025239
6 2
888144698 884532272
18951364 11250750
587673268 465157203
885088847 276254752
251458621 97193034
402000350 365319032
493038119 96872170
662892347 323760280
264057508 259542506
801024655 674733906
186286902 41432165
350195824 318383803
849124140 449997071
190776696 124466759
989696325 356376226
861116594 39245603
511038997 356821665
209751674 183902309
43184307 33492905
494410498 110518431
745171757 476893319
697101809 451743384
810497116 211010404
109269712 1852682
492583945 194571415
536150398 354015681
561562396 326094839
782051789 138364825
512195766 323303020
10 5
272029309 173413202
166203851 63332158
907688533 179057006
272918272 189596849
933603170 313592196
638994426 98497504
870450366 355530178
681205514 23674957
933815013 166500119
554910811 155498243
612411548 549388413
332078053 184188397
33269922 13364932
765883288 617040694
452392189 185014938
653248966 308839305
478011801 225046769
8 6
7 1
275394969 256123007
326851774 238608212
819640684 299678304
147474089 68995996
334546190 259161590
659207680 386876787
550988641 236201112
214337151 5719996
845207047 198476692
215814414 370775
81286136 20904685
679964984 163152354
721299519 204438192
455195361 123364659
688468508 609909959
223307338 86136420
812089725 176768015
10 5
902394032 459967388
120593965 113083886
746057584 272212336
617397661 468169800
727518999 549006406
433824681 333423687
489194658 291128251
344381169 300557715
716534743 69826471
435081641 419874802
718619542 601003158
280649622 85154474
485864867 186190888
194496521 67809177
323661825 240759254
337398648 43532786
49886638 14028035
157122583 54324290
535440226 284084731
457984231 23076294
452009827 293550028
7 5
105555068 4372009
949329506 655658557
848023509 33568260
351836909 273889161
482796427 332411155
698218996 364327662
788304670 668640464
54841122 34385661
748980886 173924310
376102490 236935599
580283753 436091583
720518126 604742172
9 8
340169095 206138471
873777636 50330766
1 0
362653118 327384916
644345937 423744831
639641070 370849086
88381626 42673940
270809107 207020062
886596308 828923638
180745888 131546814
698513479 46506343
635971431 20709247
90678173 16998851
471859159 270260316
709015255 19134206
309201731 204003498
913693651 549520428
935188532 342549598
503750789 173687513
793097 678928
686757625 333439778
604124981 430853446
92088958 20917169
343736360 219607949
696654570 565594625
637526444 109962026
628023750 560733847
17170401 7247607
324920060 161474693
344092328 89220731
313711234 150136019
821263821 235652892
7 1
228741604 195766536
8 4
593905165 397949651
733207187 51094812
306410426 294871164
762454065 415057239
715410495 639166042
10 1
4 1
839581507 381361858
697860242 543372978
41934778 31079842
6 0
543599528 357330047
8 4
273437875 6307891
714767267 35876982
636686708 435344241
6 0
775153693 324744921
231498567 168375970
581175853 93766722
595063683 54787202
954595628 173674590
823536055 456200291
964745025 857997837
254183686 227115345
170103367 142027611
749175281 164813902
247989122 36716155
681196457 247575334
239123284 97020326
894852544 430584836
545141547 199938057
293802960 279155863
208786617 112827590
626689157 47439291
241080159 85267310
8 1
717038322 83414716
187506316 34330576
817538 432574
545851639 92685237
819193469 97377286
474444831 312460757
97842593 7561398
890899956 92840613
274683681 40698375
670041538 549113014
53224397 7087668
720464913 355530797
728532214 281564498
995662792 432480990
68692180 5514233
693634324 555658222
2 0
90103415 67035719
558466336 57561038
618035219 308706085
981984335 272063945
117102289 87539080
531066594 479076134
269336261 58584041
566185155 345522889
539546458 434433810
187187349 4332552
50232595 36259334
279564485 64011589
968911793 375345756
922575796 478475237
364847983 5707743
536724456 451180129
712667855 633383027
982996269 793829207
759345303 399316378
2 1
686400060 80371369
31725268 10619920
588062903 6882025
451050283 237654265
566222043 223646415
254378928 238573691
8 1
923841681 192991801
924213827 717179929
2 0
616039884 440222837
463937670 50325563
849487426 667727056
8 0
223377073 112542951
523118114 194445361
511237125 164765291
393071260 373294672
954663870 347800588
533531800 78808243
68381297 32831455
900974214 396829430
309440945 58523929
427888614 170406070
895210714 52035032
773160113 554219566
503532318 441530743
6 1
711684223 58660589
946083097 165039979
550994081 233583882
319443086 248049963
566979948 453360214
627296601 71304950
238159586 101025728
210822074 154545329
2037090 1616028
198478364 58004700
7589286 2903113
265891664 162532076
539409381 120150290
995892395 227473454
384224208 36507838
74377151 66633872
949630576 336392113
674911039 72148590
61565560 11947986
287689589 157906679
729106222 250333412
44988900 32232567
484405897 424925512
8 2
819402958 742539724
105978120 6225635
784646471 314362818
523822687 246881746
95544362 73385142
858235995 165390498
298017299 162314956
224428427 126565675
697090061 657596572
131008700 506366
7 4
828295735 213148611
256569641 158202915
745474790 366596969
864315562 830347801
529026921 118170811
192609652 152424365
169197325 23000826
416947026 318849691
769434934 99175514
811404774 573507003
889616628 663585481
1 0
266911242 181174031
986370587 140209252
893234540 349174062
842923865 656415074
99109741 19526594
88673416 22276839
140445029 119563598
233750646 59560499
298753964 38349679
233538065 89197382
433495727 100648843
491027752 261710941
908772929 484997113
1 0
506618978 283684142
746889754 69386734
4 3
583718742 303516991
114285296 5857941
874588392 740129875
812079374 175537922
571909961 329090586
532802410 293557772
803990773 378871186
452310970 187496937
8 6
978568340 836112753
881458350 659179685
2 0
265697650 185369203
435036807 434415467
249621337 111446913
1 0
199000412 193408116
3 1
12857279 783822
468240845 240689145
2 1
374311812 317531110
755774752 215840198
276932095 224515461
194957340 191785857
780597090 766612163
537096416 258451777
674855820 434198032
301533327 27993424
353902538 9910561
619768785 450861
503151948 148137088
698655197 336114833
794767082 644217331
661053111 131252867
473490039 203757773
897105665 244575976
932767673 681612721
613310313 296475830
9 4
224896946 120676973
999968874 2439509
716491647 30811636
439445720 221863895
110177654 83156337
709033720 470078079
69879718 15456612
146563363 41213614
159999352 51441805
750060652 19525491
731008090 43233768
936797258 567512652
251982890 159190596
473997367 2964491
916693953 506862223
166139116 38301635
871469274 852711741
705812174 121990919
206458399 148952967
462623766 436425190
392829341 276227094
358175782 184421581
7 4
554254704 524852951
804844133 50548801
924214695 191062213
900372930 139710468
964368595 602135253
365245608 231587684
389765342 228539275
10 7
6 3
80880182 64225139
949373811 861549704
709863109 653581493
8 5
4 2
934437873 116903543
282818921 24495325
651516988 365780383
93294235 87529511
56537461 46610564
436969363 141226453
981169329 564114535
788867210 35727687
394579502 327198694
578838647 106467434
570887939 79218158
877885973 385041604
529409673 373552885
996776413 284460023
275115340 265188287
284494494 85073364
84790404 24116849
621686814 568661720
187509041 106339785
893629118 497053032
655965811 310168506
399871213 338543670
707494638 304960580
597079255 132627374
494411528 30035450
437243175 154250289
353743233 296128675
352290013 304608269
336017453 95849902
1 0
5 2
46868785 26682120
735061166 478699442
705021051 377003354
799959289 566088589
5 4
925213824 698281176
510875236 361390424
8467061 1712691
649882012 396469255
952918204 593461773
190752672 185521270
326184687 206157203
124941381 81757888
864103376 779564255
1 0
435182099 231387277
976714076 477322326
606073900 259321318
613718251 613636130
777132467 487537335
912500255 868597801
949865920 709091347
864703419 128852700
530204716 210895119
554684504 351527883
217304615 107110991
893343618 672638222
234852052 136847746
300842784 123243936
86799662 20227237
674904482 2609909
3704069 210643
71201962 70034521
928483269 646245817
493356877 59836014
768604090 717415066
526393071 363082385
937192020 391684581
379130912 14966273
5 4
886200386 775937980
522111959 83480150
776034934 111389248
678753317 282283995
363011392 182150107
297642066 117173399
461892852 238642037
418347894 290655488
348552779 120658577
230893998 176742289
887957436 827143269
760028973 313363799
676320140 394995705
6 0
723832955 548412172
846594944 146626286
85313879 40025962
885527292 748300106
517161921 293227693
137740935 130769913
195005710 120727791
441569738 89184408
511386565 300621338
456637109 154871365
866832286 566182782
706485316 247717609
61503048 55260457
248873538 245522908
268291739 165187147
367793893 309458068
266169833 205571387
494592895 485151954
800759162 142931285
2 1
389940240 236686693
498316564 319906719
569319343 449496002
573187138 189715209
764553274 697474071
488757856 373660885
613755232 564155825
197030007 61628082
134370676 15488885
6 3
786320838 469264208
226587812 86342967
739724248 339103720
412849649 351843272
766806980 179077403
387017470 41454115
38836836 21002761
180120934 74409059
26024577 1595724
622621667 492035710
571974505 120604127
492871492 404872643
700788626 253871362
304999854 83384382
770226510 418691784
431988960 339714682
749707978 290889976
682813620 659124536
629669865 477567975
594597546 570268539
524453903 223947555
786473246 780144502
118691620 87876316
5 1
897168802 600018688
314546430 67260744
262138598 66556511
408440633 329861285
948185835 540813559
694176346 644639017
693446220 497093679
114981555 75156020
6 1
767262152 137422918
416056230 122455572
817081537 326819263
316544464 190110927
162756622 17104158
4 1
175851306 40147899
676871414 11257197
270801566 104592132
895332709 345669483
81726612 71143885
692624770 332873647
124094437 97481603
932922228 801268913
56359948 11495087
263636333 81880855
629781216 353531907
502370685 476747125
832214281 152677523
363221126 355827332
416638989 290259012
262769150 174164630
522697787 244955813
146787371 75380263
676398029 332263008
4 2
412037564 255310730
11443132 374106
571463344 564584745
502034035 280192719
875259270 116299613
735259586 443248783
698150825 677421488
295413258 54083860
487400819 235519198
570808920 533045454
966083445 162944919
419318255 249520094
973444761 132669828
673905809 208018591
437283771 420620381
10 0
634360910 392813954
917824559 267063593
979033962 693623388
207102362 118458008
9 4
580473950 292178422
9 5
538222923 15284038
764744433 41378513
534376065 39681385
95870722 93481910
652840114 356772346
953476971 579451683
228171474 83919409
527413124 161979093
565750044 530960664
494515730 16541523
965060071 156043714
697270270 67989215
813338176 606384078
980454566 860428688
251356595 140941321
869925935 398679023
51047430 34922398
780783551 439123378
325918930 161325382
989927588 614864053
275280451 230974075
925693542 535881023
958426887 145295412
865038691 130791832
251132575 9668146
849155293 462203194
886666052 521041399
478724651 223793962
128657497 73508838
365029176 36274076
324301759 72476479
739053924 249067820
588271600 136258417
463752586 63491474
50745251 11991739
935278233 893110746
533304829 470091134
736648368 562792
28041547 17449431
667779960 603188489
6 5
4 0
904031292 203221111
187106983 161851108
10 6
391625336 347507571
3 1
158829153 86681313
107623605 47501785
72302893 62386212
477600151 280263816
10 2
136727164 113961748
189124071 34216691
481202419 383388291
978733163 53643138
84386714 48165669
9 4
2915167 2015640
822910496 770042574
601752141 595197146
182680982 96168008
688620914 324321062
224283463 78632127
287443932 176354628
933430989 767028356
478132189 314959736
308635052 198490550
125200070 87630244
98152152 20655717
495368796 476645536
326624381 36107988
498631262 328407265
612614335 187659380
637549324 199172977
344010794 239377800
127596734 110736300
882275622 803991623
326187895 21515438
5 4
910707633 801040906
99320630 81715750
9 5
956234435 394094498
94455923 80827545
41114322 37433565
376584769 165921193
433195234 143719264
148491245 121137966
810185746 665849282
120347356 77409383
7 2
5 3
364679893 233584834
567324972 547237913
1 0
410579212 65870725
860245704 352377277
974440847 572071333
969132829 588225478
742209613 693847279
626985971 384425740
840523207 476661626
627952588 142542053
454161468 48372611
813177162 473675850
9 2
706535241 320402900
254904735 138631170
139980900 121305323
760463647 604378704
9 6
265938669 224193233
122202872 56568057
867396509 593236114
8 5
752212446 567210243
35200368 9714112
993160276 702833048
242820994 104281635
716893202 664792608
574033136 322953117
890998787 872303262
175035530 16358081
589662772 532027460
8 5
405047330 4367555
201026638 59165508
156650932 36401975
447803264 64147549
51412222 24811611
313815469 208277241
229088186 7587189
8 5
964856324 424393336
152694525 10869368
556811219 9339187
445736846 63611392
800180838 595140167
359189354 281330222
830196622 129820002
281203798 25234911
158037201 156292726
372879528 91090141
757230003 414913990
566375161 225998671
543675469 237218864
180789137 127606222
96449968 54717325
414658771 44498460
53022220 31223267
9 5
849959552 556569588
899108827 443761495
968854627 326915253
215776383 184739842
3 1
489819643 472362596
3 2
10 7
187662605 84938825
3 2
903545486 221101309
838400477 352668491
844086100 548556972
673124900 511125569
115384008 94689232
269776538 155176583
249430602 139120665
917165311 277292363
430011683 89630993
4747737 789664
814775077 738256937
760819424 268828463
976751114 702494896
826667742 784491102
5 0
619735368 354801742
310316003 258454364
733498108 594277434
974452097 127120880
98851773 67106531
670625805 40464716
655624501 351491581
473909532 101204592
658275051 328306124
8075777 4660046
674133709 569603893
415588761 189984839
77826862 40327273
278639070 40271904
86516962 80574478
117741833 105536433
315615746 9506764
498047335 465380651
550314140 27554703
539699705 292823094
75409900 49278247
721955373 293812223
660234381 151995100
175688838 41120865
986616792 877639300
446390421 370038295
150684553 36443174
402648202 179153907
843985001 401802428
599848318 72634825
236007354 48530263
143649350 98011724
609146347 282183059
881949989 677616018
7 4
742670196 492493829
166415906 48595217
96002106 79941419
646861898 605357509
49584993 28056015
2 1
92487686 42660665
4484152 147072
679393114 411793565
152982852 13501802
196090968 129427107
507921860 7167445
832213267 174669115
680178630 359179591
278611191 182880932
745590837 449998248
948326986 143179510
317192493 6761610
507041350 121300827
416994428 171721030
833543542 729500858
591507910 437607888
576573596 4962874
720285414 109885279
288200795 87140032
288886497 133507445
249187964 147933541
292471757 125442720
222043479 125778200
358650281 94644476
410702936 409088840
650169836 283387322
141629117 107836351
828298466 454124376
496550890 4794410
10 9
747554642 380481232
548109403 479616522
637069564 315863990
6356360 891270
417277769 272441430
611527292 189486190
29129421 25295591
78412581 53552765
235069122 16159001
3 1
304853170 137274248
8 6
591985396 264567102
4 1
624559556 389022228
