265
430912097 341306503
55562208 53574740
10 7
195587101 63733101
492237642 201249702
256280983 28397514
828562759 597621877
9 4
679505678 319343792
661527803 386277990
218788822 207493004
10 7
915148018 782320064
545365261 439364965
563099546 265627777
4 2
508423369 333649461
6 3
690199748 470007897
573513647 91962422
8 6
314796005 4485780
789037612 10581471
11169537 4222941
787820068 269403358
165130721 70207970
119054003 111476003
588266211 497572501
763688326 746888343
464136950 84166885
646946813 292339171
990107331 186869862
223049667 167110956
346063435 187524634
676679507 647353682
9 3
679123098 309276726
17402626 657754
699430342 312209275
379122715 245481152
940076498 610212624
855235903 125803758
249450566 49117104
518174715 471886429
228981007 133169789
95193150 92745865
505717821 429236791
6 0
477584156 256655624
913415890 93606921
641130754 266029584
5 2
57703772 30589472
814830409 195506112
977377401 940203566
350986795 160394221
206799516 121984432
143176677 27061357
740592227 172057876
33422047 9899899
908601550 839300842
2 0
4 2
401364125 397202873
367471515 207940964
608223748 218152549
699725515 447621002
526669694 311452526
501230225 371804661
895085103 812527231
867461291 101761238
654211148 645199050
151215574 71098300
891391397 297288061
871505199 122945293
587339202 519957407
7465230 225187
44857738 44180996
461791410 358963845
102792580 38564651
990917875 479776413
751105904 324282859
474789301 198366618
471576348 307195457
171031316 21762878
714579622 396161666
315329930 278360020
712008623 550105280
3 2
200126648 119481848
392082300 69489889
703939689 172138026
793099146 664681570
515709376 141141989
548877179 295828609
328345624 111835675
2 0
10 9
60558851 29680727
825004674 78238903
612699536 222218307
327760239 124630001
820403728 435331882
257575133 49650977
36616010 24569122
232792564 2788725
10 7
157808353 112638769
93253634 48999639
696133684 561311133
753073421 619639120
976637025 153562872
297806232 36706793
307231373 48895118
4 0
735188870 48787195
682088922 83947308
469939310 131329957
282675315 189553197
5 3
311326940 188074008
605894644 138659792
467714470 440611645
298739769 280664110
89677567 47409263
276095741 38789717
711150251 696728461
675201630 385671679
354156839 258011824
382451984 11531811
3 0
304150839 132757742
466506983 2376946
949676570 188591755
512339925 348658968
3 0
122511507 31543144
2 0
814098420 201702049
349091336 55412091
4 1
716906994 258079030
219874767 65443536
622134053 65949927
634781517 396693179
811327890 51972778
24653285 5982622
317207978 96457927
444974501 275526517
238025154 105894512
616675856 540922671
533220424 329354087
903406661 290193411
519022219 166119659
819026299 272577142
783852525 663910922
286543468 255048379
537056741 323792420
948929675 120887364
778138167 565597820
7 6
896280298 241070880
753198706 4235337
958811142 430543606
486771425 400179900
549660891 334669304
1 0
937710345 243501790
484179953 213125926
475376937 247690757
985569584 551722653
789749922 413667630
365496071 32634897
3 2
729468425 480232903
9 1
61854736 17809094
746143582 647619218
456945830 365022776
48627707 25263745
620900523 245921616
72715912 28134567
470923579 207613247
431014917 406415950
269757599 243121121
927810259 864838624
805607620 669601284
201760801 167497694
898937618 714454535
793186054 451346583
815105976 246146835
871185350 82038864
71610180 70435607
828315301 761814190
593857644 79738034
486550868 472503609
370370947 307191907
583180503 484261170
259189946 216184879
560687321 277863667
584930014 128942884
74433955 42679508
32382507 15556721
9 0
739035533 209888371
140525969 59649785
171215318 36058944
605779272 238914431
991569453 371050646
7 4
199687979 24392434
293047644 269223755
704741537 352555017
580006270 26535756
6 5
23678712 9942295
519434396 326476620
23511391 10324362
494307960 461198654
495502949 45410297
7 1
5 3
952465628 872657080
279341584 91684986
861369712 646191755
427975795 104638948
713601753 435599272
980131537 802982838
237409053 140090149
163595318 13915481
985726873 779480710
705425958 424016819
5180861 4546210
265761750 200240978
421707224 75923538
791555894 22422715
839586125 569030576
476351096 390436244
668988277 496074348
503118233 42548479
247406923 172101752
266611010 161605469
7 5
524769861 358021540
787461120 402011560
9 6
910182276 136900157
535039677 399877446
18734824 8263356
635972319 322856285
425496486 223973432
633154740 612263332
570652710 289937475
44974016 27809235
510104281 471152605
4 2
242003102 83131573
66878048 20484069
91958249 91882540
4 1
958247289 181948700
965758454 445453046
799537002 187792313
8 2
8 1
