822
945115458 805654213
819836697 154595124
587886398 225131050
875301931 469832046
25127675 10587056
608895185 356984588
581329552 185727049
5 1
907816496 507429420
139067429 38987845
342440060 41822696
470827696 121566823
964453089 11653013
120619359 14678621
304079414 26588542
94169111 45983200
522996158 270815192
195661375 168316631
510602523 428410180
67467216 21698662
568032029 370102120
203712256 135915358
848632954 317519763
1 0
858485325 856030964
915525918 250729907
839451900 80942008
419532729 96031907
572371395 252129007
29166137 18171351
280886098 205728215
596902461 525265777
154864353 147305956
589296474 298865351
612724184 526625730
467767170 309820026
511345899 231568782
660650861 606439690
100583290 65260460
269820043 219635677
729734693 611154726
454307698 444858400
604055244 322186555
8 4
1 0
35163899 9219194
425175338 93725361
9 4
361962866 346710416
556223131 502990527
577169583 568184021
16919263 6924519
59834320 35513109
198852098 80644128
684801685 252262017
508760851 183212561
237932545 173469175
633762224 503698880
192612436 189300436
945684078 374042708
530775627 135538589
589317164 260768891
693349879 183779976
396278292 100750323
980131320 589177760
270089349 260990352
418053834 313271221
220521131 186953795
271415673 236736331
109700449 78798009
9 8
14002397 10100769
887860304 94561918
494194863 430630288
460524657 134357558
8 1
117945316 104819340
366372555 61162693
463325074 73826747
147801423 74789631
868027966 648643612
677327688 244023799
3 1
118477536 32732668
8 3
606331839 279990761
655626452 364960789
959317888 744479524
303886889 145522676
867443936 693210567
99670441 75235669
651433591 431970632
10 5
929507679 367733241
125638866 20826772
502622502 365514604
175817992 99515261
421248601 284009134
900605316 720979621
275876514 172075674
101685244 3868580
2 1
970493528 610570510
231209312 160054929
266670974 119541380
212043326 210235722
355120258 310400167
9 8
330671633 46640209
991294941 47917990
192131082 76557260
549966992 277375792
911167299 677354220
126758742 96036347
766271889 54728276
913865275 14218201
599906192 444979161
442190083 71448405
720682760 559004018
888015629 179919284
849060323 396683437
669644129 231897602
336161166 199591832
104343919 64640120
590018923 187056092
38313810 2014945
122729515 113165777
575455673 146487234
829947849 472138843
186811758 91588424
525410545 166762945
953119486 112296154
827498114 768530866
349131417 154794107
543135392 286196559
902064591 148502566
149295899 78180336
490069689 272296603
775240956 357101631
483382899 204937651
693494755 508848349
2 1
463590513 148192944
541305500 469222126
780065743 421701810
135862676 49041004
986560283 437468061
39666142 7626655
515901655 221406902
240516301 125518482
407517668 175704222
155865863 94678886
628244501 518379077
684295153 460213258
190869994 62942352
455828871 375752486
187526926 44798252
632999807 320190628
153012124 148718222
614918716 561924929
764975905 35041122
221141893 193466502
529584380 16839677
417085677 172372059
350955272 269402730
151015006 4590186
458655956 30073028
704749819 285401470
8 2
9 6
561412091 460295615
896167190 680070471
588815654 575311773
744953891 44809500
86390054 81729161
2 1
352068312 290844684
714662226 543491861
755869726 111113429
130158842 33600828
570548120 433354221
908352802 611746984
390009957 279336514
962368492 478004441
395924212 96140908
470353989 381334
450024050 170248014
502955144 100085814
546474655 8589312
402198170 330735611
840433894 586668342
151767357 134287109
440038056 170843721
894652642 639304105
506733298 260692622
524827733 461636463
804818213 282762417
1 0
755175196 645612468
994088528 926578622
168857349 11465474
844600500 774422915
451575034 184435598
74957893 59164722
386029559 79256613
672013593 648227791
95198562 85051109
572885024 485412465
995399759 322729221
559806225 432788221
477602064 211014056
674321421 178172301
682728900 404872902
346445526 286445714
528978708 189222220
589772966 513468641
233207592 128000677
930047751 608493275
358693304 87923844
199355941 44875568
808350833 485030863
101139513 65295355
121780757 73458386
7 4
118694352 64871255
944983778 576357318
569983751 154544704
856531616 522970179
520297294 404013260
950306870 849431451
805826371 638294025
872967648 165853885
624863680 254026735
72345372 55527353
824832904 174780729
715921131 525506448
604372121 163977027
746557137 504918206
788013836 117973494
824993330 382515120
819797624 81145877
899005520 382801171
364469145 51731159
680555934 628172925
60315845 35838910
924180336 540987503
787673289 644228261
317210899 11845604
856263507 763194474
889353825 445330438
326645679 78183815
757762676 367755229
5 3
800786977 310818300
33626004 1638141
33159208 11583315
657629435 638321119
629157036 309366077
438842041 4130868
456127833 48213171
230631773 209702680
710143972 489448419
5 1
214599917 176330511
241694831 160323207
8 1
824702939 115664638
821454265 624867249
503226179 33642517
438825929 329613659
718157716 430228076
271560054 237523000
399227240 53246279
693001467 433789498
652510358 45648547
4 2
833996708 549879266
505327267 431710299
966471190 419496775
993586593 732547746
953353558 77864824
435383475 222827131
784164020 554343046
512096011 502211236
995171019 706630551
654841168 153930106
193584470 61797193
887964939 750621011
499801013 443987819
296692898 89367318
485850642 94386715
426395701 336774872
468860889 272963811
488247846 2989237
368885752 191841726
422815481 332246747
441013709 59795498
197328774 67449271
81572923 10929275
21133318 12777875
613930925 438039355
591268146 263787183
707519997 681092506
537246754 470783098
169259278 52889256
123657819 120689161
471452737 355502966
432174925 4186791
577056556 494222862
215062016 130946545
162789619 60999169
705789814 451238129
735429834 372160250
722410792 506020897
469250673 214982649
555801474 363221915
171158072 13671705
938026570 319566504
525598422 387969216
483245055 258040689
467481996 249770525
401909246 340565857
155659930 116545162
5588066 1792292
845336807 461849323
829596644 613862907
260949314 89529043
174890937 144247165
603981198 372288305
811178763 264738554
188145068 168819294
790184990 302758027
82918323 69534802
296771923 157946875
258368286 77763176
215865761 150557304
136848382 55882929
324638520 154888430
604423153 126611331
481129465 313757833
741842675 106020213
873359405 55630588
681557906 333341874
534303620 1717980
927143680 335595059
26963107 11640027
883952410 2134744
570199976 84719836
152988377 127681810
6 2
685470840 109495248
467439983 172361614
411787868 122608697
440143138 191371918
367799752 136824591
762407554 109076290
609989468 141758184
619493138 524741853
583783619 178560453
2 1
864795581 128058972
606955269 600258406
5 1
645953890 289542206
981544869 261539561
69219785 3495615
23861192 4527460
786852435 5586096
979671272 745000921
202426262 66206241
998660617 582531304
294910324 101021664
209219005 157154817
627259469 210099287
5 3
610561819 567360834
480511711 421011770
621835629 558477876
225098557 16538567
380367402 71364147
546422474 159228849
1 0
912930550 738070571
64023365 35465978
133166988 76958399
558546048 87952872
69153148 49732358
900062619 562917311
808777022 364868241
444122849 197024436
470441038 334637111
472447135 378775507
316409973 20621289
349455519 248882263
150548289 102509151
967404774 903313923
47410966 18100135
759811271 483147194
314417310 190396996
664135204 631137168
523966022 304644705
778973572 106504533
715142831 220439000
390468094 159623530
180008441 157582186
489583548 236632339
804164678 678778947
907658166 606889741
470623287 334395215
356401002 200175005
122108751 18978387
718446392 497320851
481639235 88157436
414438123 351474597
477523326 12990638
330568770 164327590
246653070 164254658
834823610 518143537
146180488 46117607
95459024 42725420
331378453 112701976
537835652 117517948
1896086 186683
796436358 783118630
866819234 630395233
736558223 565662791
2 1
731201370 440125704
2 1
626464627 399716948
993484179 936468840
665688341 2007084
197272043 55091246
424611633 176413040
778451205 574226264
620137043 183483198
181310867 9326662
2 1
706966234 467349746
84465934 34894066
540924709 92974894
996363529 470372660
293266075 203530574
251357690 173612066
801800672 685005971
856880719 846035385
863647663 477579623
414024080 377829584
132748978 69727515
712488396 566539749
734694090 315831130
796021973 35385391
856659031 54497348
4 2
763878225 676551843
184947337 70735492
5 4
240194137 140807006
9 7
942043710 108594584
2 1
421666005 18995230
825091339 641723908
931789529 661870933
695956978 211808603
733030700 218789217
726509131 94418744
886396831 385530761
884911931 535580785
9 2
499156736 270937184
38530714 17945847
361197754 268255774
128913007 76708689
10205962 6907283
7 1
574497508 530446445
1034941 403726
304501376 234300914
679900266 37902549
7 2
226402871 113084247
548508791 201280458
386704631 14986146
106082004 15304211
21644470 4134074
885431581 457951567
432210629 273500824
540654928 309277064
427128080 227936736
701677688 147219386
971282181 773572930
142228264 68838618
921903417 843764154
748988486 15520441
55026904 7684291
777993786 131075978
613244365 11978108
740849310 322657746
352867043 136746912
635178486 490588898
6 2
875104969 122656621
5 4
150444 26883
381218689 12700318
236603160 149343135
215555144 20886090
450870534 280809316
5 2
19359849 18826550
437559689 227029627
4 2
940724775 266105386
836400253 478309839
496149521 453302962
947902228 72353509
959869068 675897946
4759869 1123601
921151371 581308817
824163193 174176687
54822008 35591302
40726713 37484954
738374873 139405561
5 3
27663569 14666114
5 3
771061242 464267503
268851845 239549482
27241066 2221443
2 1
732712109 4039459
417142139 4465347
893195509 853127531
313236768 252218003
598504520 278926907
43348366 10575486
7120221 4091486
59449107 3210402
2 1
737318961 325182691
178307722 148078430
771955405 318207119
237992339 173638112
278989370 228584925
43288830 34176427
638277124 293453477
917822519 760807568
572855536 562910629
872645721 272897509
879714436 612754144
403461255 131786206
635609691 176950475
5656612 2135287
808153368 301971332
538843842 8508226
111633573 37651550
753444172 82751423
28929880 13226792
37464944 1794672
9177201 7498973
657019545 192326574
881328990 488277690
76833120 52620059
396678636 215497411
811555640 455022040
600638273 165934957
461115400 145523974
178121337 129741817
175024100 148301505
628629826 165244665
408810895 326839694
706554802 551265790
114125866 41140909
509473035 150075585
479951376 128251059
9 6
690848999 523204814
111115233 7987362
714907385 672204072
837608286 748532465
550946605 480550440
518360635 24496617
979865763 102166432
291452550 192535941
257623119 167768549
219893730 24361124
7 3
678220587 640215214
648704894 365307561
238363081 233822360
261030239 23819681
20855109 6558183
94119737 4632173
138643016 18319463
691157629 630331446
320342918 240224923
390969101 112970382
283300252 177047248
62988396 51390757
4 2
600023872 3989225
271186588 5953720
839311222 397585338
236139062 3919452
970903240 259755262
406280148 315100250
150296314 2922933
617889096 566458464
91517541 26767729
504563982 104453138
9 4
36980042 36227616
595077682 211269802
80748526 25366333
802995919 171343319
356909402 44010638
848618507 744874023
52853407 9393388
35847474 4227976
22670795 584430
316724731 238935223
626874505 341556081
356306427 132517236
255874276 82352922
997207928 835686493
297220876 145767451
5 2
252710679 70335062
57403935 24642449
974887291 286454693
360649422 81084240
444805164 143055908
15766407 9772753
84135687 1663871
725733935 646140089
798101444 451363916
296935031 152855148
290348424 206051294
800218349 761361545
980107304 511760409
975799969 235979135
688608768 12476560
866904342 688628492
857117377 111474473
920468602 224399167
402286841 49512585
940644055 761281796
128115096 70183247
92147780 72498316
531779084 250042044
922696469 153740274
296187914 81599627
6 1
979007174 292251959
59060433 14200257
551287652 318556866
926100795 366603484
464693626 210449908
93420339 87962430
88719796 53112344
943692140 89216077
89272002 86198365
3 1
803553295 576649964
365295090 10601084
793251306 593746059
110479125 10123752
898046773 377127067
664476181 387523979
488948586 123698056
284614230 227651903
610104626 269246375
318373046 113015923
147239920 52393428
566363877 276948304
512353143 40477964
692341990 221920073
125826569 65439841
3618908 400765
34044655 26821188
794405807 139521109
349871594 324164149
275050910 76265566
220980998 134593730
389913109 216722180
841131267 646028664
890010915 846223270
977532608 311078754
263528712 194365747
879186369 718648976
210498684 123850547
387441236 162557530
564653265 244299772
428283074 253556033
349981118 104747296
973249560 894792596
642655296 557685612
582097387 2438933
414345953 92681839
64382308 34185464
941597244 338820137
620172482 285602268
3 1
200084066 14942517
643398488 311623399
410244311 175449672
439540244 222528194
428323234 128904883
836579470 374100928
8 7
183277550 99624973
702593441 62828219
364594169 69955176
530972833 128661873
914263688 109654505
290806654 6349951
949677621 137740534
9 2
151470915 64297048
903251766 439094990
657042001 526222877
277165066 154881705
424912317 263709158
429886248 126899358
876653406 866769911
512185138 112287189
897776537 45614664
721628854 502133302
357258914 120044949
85565709 37906082
671732167 4415250
541195516 227119781
656543439 114324534
658917681 141947624
360623619 69721565
148146063 22669933
402199550 168411283
5 4
521858867 416210886
10 5
94497251 15500137
609025396 573263777
705611748 293087581
6 5
3 1
449175461 51070486
72779764 595285
4 2
228844894 203655454
306910058 76670153
84129525 24590144
7 6
9 7
134220486 130370146
395609378 130130887
629155822 619592706
484359617 108373088
452159368 15674590
203605103 20595659
801428298 639388687
607185431 68818390
735043503 454764526
646733368 202927353
127200948 60692147
898133562 81672379
51249186 41899270
7 5
882400668 256398921
830819308 344786713
644035406 131888460
174987997 154575668
426024538 1511529
367327490 284901765
22671291 6297916
961438241 117699142
11619301 8991745
919939058 475730482
892003212 670218876
942573883 585093472
867910812 841359413
260288597 222794061
21008563 179408
609640116 574114361
5 4
646439431 536053122
294850706 196123202
648651066 192237653
786053735 418479004
166316304 3828202
460763884 241980450
787890371 735477456
417140929 229845391
331315282 109744158
787028869 380062190
559382800 52146242
368836402 123989833
366641043 126195657
385212929 125625171
696254584 682774191
377246803 92752396
10 6
615584943 24244128
9 8
752629706 602783184
744585951 185884841
999680704 280405320
357199771 298380272
324934184 214804228
308379787 278381364
142652388 32934544
117798464 101117492
7 6
725307355 45288967
8 6
287199991 280702697
979782841 178942923
975831497 954432481
516934509 105516600
103933344 22042204
912292210 196973548
302894560 128608762
