74
593389278 584924826
746992457 196646613
523605698 187913724
82711430 22385150
297084658 240216282
582927129 577228210
387408490 52796374
402574721 127087236
1 0
9 7
773780379 237448967
986430109 689741974
750262423 435607531
927113746 588000178
585181838 29911990
197696724 55715851
21791963 16420761
860733232 753110282
284831536 208027436
726932677 436610903
745844891 235126041
661139775 344052776
144248820 104604810
629804351 274597235
804084811 620360018
642583539 206814669
2 0
334241903 241719101
162476298 126444877
772443099 433185500
692203017 81884670
3 1
859137847 659504274
944980352 178870969
968835965 5877961
395569841 262741161
840222617 310047206
331769910 180740044
7 0
845378715 349557553
362945902 217548516
287957855 202110384
101468603 93865597
968009618 940991352
403113685 35460834
6 2
586674959 386648101
475558434 53065662
832649921 628475954
787450221 520301147
51192925 13803418
675691856 282822438
520045750 109216400
7 1
38067016 24702328
792093676 422960367
10 2
642518253 45624661
960895702 10067885
756987398 429090245
668403437 626944885
897637684 362443852
292986648 249651897
156820732 99788536
742716768 92605129
771398715 391638305
886609508 788421068
864540110 765554095
642362746 198490627
590850281 527992656
773310336 416470328
166770870 159850256
185854090 66686255
976338231 954606427
