99
38476104
25357334
18610380
364809
9539100
34419993
895575
29711512
34198218
9090133
20540745
13317529
28430395
30807409
12978185
11243564
39566418
36073055
40046112
14583448
6583334
42872755
5271381
13970393
43352510
13317183
21846902
27048226
6522218
18480191
11712235
15653470
15417209
30566721
8291711
19120085
37658601
12667131
27429804
12573915
21273127
33574703
3856689
21167211
6553868
6738045
3841922
19721014
10776603
3491755
3922490
28492004
40103831
27982786
37364057
24518670
39880995
25919070
1182193
33650465
37697485
38645396
11646033
25931945
1177954
22459217
22882717
3072880
17514178
9728595
1429091
11212314
13774463
32767308
43730933
159624
10997510
40879057
2337176
41749056
42681229
9633378
23549100
32746467
43739425
40936545
41868691
18155275
10725577
7997696
13540265
23457203
3530368
34995276
23289830
3242201
36706608
2110137
3473448
