100
32120430
26801474
1588408
29640843
16972763
6052521
12001332
11375926
3657094
34168463
33258320
29521332
38480719
6919893
3224451
32049134
21601276
39956692
8559507
37558155
38865285
27019029
12925863
2336207
26069606
3564608
6260961
704644
35493116
3974393
1531239
1848926
26602981
23328979
3701504
34658844
42941312
12197411
41817453
29806268
37740906
9405248
18022608
39765875
20466759
7144134
17055059
33088211
7217552
10614357
25649415
4568022
39373594
12293583
4143563
24793048
38937054
29048047
4243735
19733956
18938116
10255633
23543512
40403608
36237634
13968900
8037689
3247759
14574432
29553360
12182849
15263213
12488991
33618808
23615294
14036683
14265256
28293914
36503513
25751656
12756059
20003102
40923162
36188102
12709990
14607816
30285439
39341479
17625608
12237692
25035093
29782718
27216387
33746073
40209542
30779122
26912185
24322933
27245021
12077239
