99
43962200
10550930
2637734
16705634
29894295
28135808
5275462
21101856
14067902
41324470
37807492
43082956
37807493
35169759
24618832
5275462
30773541
42203712
31652782
29015052
36049004
39565979
40445222
22860343
25498074
27256564
879242
18464123
40445224
29894294
7913198
21981102
22860345
7913197
28135807
39565980
38686734
34290516
22860345
21981102
20222610
36049003
25498075
7033954
11430172
12309414
27256565
35169758
33411270
13188658
24618832
2637730
16705636
37807491
28135806
38686738
15826391
17584882
10550927
39565979
23739589
23739589
15826391
3516976
36049003
13188659
36049003
32532026
3516976
19343369
29894296
9671682
23739589
43082957
2637732
38686736
30773539
16705634
24618830
38686734
31652783
7033950
9671685
43082957
8792440
29894295
28135809
24618832
1758488
43082954
21101855
25498078
29015053
24618831
7033953
36049005
7913194
17584878
19343368
