99
43962200
40445225
2637733
34290518
32532030
24618832
17584879
41324470
31652786
34290516
24618832
22860343
29015054
31652784
19343370
4396222
27256564
30773542
10550928
29015051
1758486
35169762
30773538
4396222
6154708
10550927
42203714
35169758
22860343
32532028
8792438
17584881
35169760
43082954
24618830
21101855
4396221
32532026
27256565
40445224
34290515
32532027
11430174
41324467
18464123
11430172
24618830
12309414
36049003
14067904
41324469
4396222
27256566
4396218
30773538
17584882
34290516
22860346
31652782
12309414
29894298
30773540
3516974
8792438
30773542
27256563
1758488
35169759
3516978
15826393
22860343
29015053
14067906
12309415
40445222
15826392
17584878
23739590
36049003
37807492
15826392
22860345
41324470
34290518
40445225
41324466
14067906
42203710
31652783
29015054
16705636
33411272
35169762
1758488
28135809
29894298
25498077
19343370
4396218
