5000 5000
50
IR 1 2206
DR 2 1019 4575
DR 1 1984
DC 4 3885 2083 3011 50
DR 4 1491 1852 1367 4779
EX 4097 2584 2972 105
DR 4 1721 2906 4770 3820
EX 3193 136 4547 841
DC 5 3654 3279 3643 4764 4483
IR 5 2763 347 2628 2276 1540
DR 4 2121 4450 460 1534
EX 4310 3871 2638 613
IR 3 2430 4252 1286
IR 3 3618 4597 4723
IR 5 1762 2303 3733 4067 1505
IC 5 3451 4187 826 2054 202
DC 4 244 3524 3120 2941
IC 5 1842 3030 2043 4239 4410
DC 5 2551 1104 826 2286 2013
IR 5 2046 847 3507 3492 378
EX 2894 3340 627 2349
DC 3 309 3688 2496
EX 2830 2992 4242 449
IC 4 1057 3754 1301 14
EX 1994 4255 3296 4670
DC 1 417
EX 1566 1138 364 2248
DC 1 4788
IR 5 2667 2742 924 4402 4953
IC 4 1843 535 3549 4924
DC 4 3144 1968 1770 1714
DR 5 3934 4296 634 4711 1541
IR 3 1821 460 823
DR 5 3187 2987 799 3191 523
IC 3 752 456 1644
EX 2754 239 3127 4160
IR 5 4505 4032 2052 2886 588
IR 5 3830 1193 2781 2378 2158
DR 2 1177 3294
DC 5 3874 1536 1637 2276 2287
IC 4 1465 2173 1401 3242
IR 4 3116 3476 4120 3625
IC 2 129 3381
EX 975 3261 3675 3387
IR 1 3502
IC 4 3714 2158 2968 2386
IC 3 759 4523 4986
DC 4 3892 2793 4524 650
IC 4 3856 2378 1656 3363
DR 1 2629
10000
3658 2367
3495 4004
4923 224
3620 827
2291 3250
2861 1370
4144 4036
3814 716
2595 4569
577 710
3232 4643
200 967
877 4193
3419 604
2703 4473
4167 3197
1190 4537
2604 3398
263 4268
2562 3318
1214 1293
1167 3586
1488 35
3638 4699
1507 2533
3944 1292
3467 485
4318 833
4831 4247
3961 2154
3666 2110
4991 202
197 4679
3930 4720
69 715
3233 3696
1365 1010
4841 750
2554 177
75 1336
3185 1039
2135 1389
2155 2099
3850 249
3733 3079
1449 552
4942 2590
2624 4545
27 1177
5 24
1465 4786
4737 2590
4561 3641
1939 1330
2160 3481
4247 3918
2385 2927
3858 3030
4208 4302
2010 3550
3768 2496
3150 4176
2823 769
480 1157
1042 4062
4849 3923
4108 3045
348 3369
3757 2685
4931 1628
4848 2720
2468 653
4164 4139
3062 3086
1265 3164
2947 2624
2733 17
2311 1719
3086 4561
4648 2509
1966 581
445 357
3893 1850
831 3346
341 776
4648 4915
1408 3528
3904 3899
4790 608
2633 2821
2396 2005
2230 4275
4747 3560
200 3910
4322 4368
1299 2646
4582 4179
4356 1321
747 1081
764 4166
2302 1031
4558 4229
2403 4671
2597 4775
2845 4684
2288 4413
2064 1745
73 235
530 795
1658 2928
4226 2492
617 730
1216 3989
4717 3992
54 2244
2307 2576
2154 2332
2174 3970
2356 507
954 3042
2375 1187
3382 243
428 4335
17 1530
981 1505
4769 3749
2774 1651
302 4513
3606 2894
2153 4260
4786 4081
3927 4817
2702 3239
1591 4833
1458 2495
1138 327
3366 2617
4011 1493
343 3234
74 1254
2708 2811
623 3744
3649 4907
1823 2736
104 262
2077 3799
2490 2822
4714 554
1554 2550
3651 3480
2642 940
4538 2707
3468 1940
36 2754
2102 127
3336 3275
2832 3232
4461 2566
3624 1774
4783 4326
1627 1408
2436 769
4122 3727
1638 3549
3638 3773
1247 4469
3768 3529
1694 3648
4107 203
4244 4757
525 3871
3055 3141
2288 2011
3216 3478
2787 991
4533 1988
2233 2967
3786 3152
3104 901
1303 3419
4845 1610
4818 3520
1747 2101
3532 139
555 4603
84 2089
4181 1289
2808 2973
107 4563
1245 1370
2357 719
4518 4678
2061 296
4107 3638
4501 112
4455 2016
2026 2078
2970 3715
1218 2548
1270 3791
4879 1249
1707 2478
2920 1804
2015 3732
4897 746
2664 1843
4521 4904
958 3740
2679 95
4543 4517
2691 1560
1167 2868
1269 975
535 4289
1103 1006
171 2915
1718 956
2065 3382
3144 1608
4693 969
1951 4800
3267 2044
818 2931
236 1936
1341 1532
53 617
2980 1281
3663 3124
2306 142
3705 3255
2865 4209
2455 2440
2937 4943
2721 2347
1520 2708
4506 363
2131 3768
3293 2796
863 1227
427 234
2340 99
1819 4770
2170 1910
4931 1892
177 3115
4198 2754
1598 1225
349 356
2174 767
784 3917
349 42
717 3645
2791 3110
274 3847
528 4494
3577 2771
4916 2095
4731 327
509 2762
3293 4353
2223 2089
1390 3457
2360 32
3971 2697
4167 1549
1653 4785
2249 1148
1055 3550
3211 4543
1542 2365
2090 1449
3075 2809
4677 3496
736 4653
3955 2445
1214 3874
1319 3591
1191 2281
4346 583
1363 4391
29 1083
2740 2923
2099 4043
2833 117
1440 2676
4939 2354
2195 4859
946 2837
4105 2752
4049 866
1125 1038
1327 1289
2694 2111
4472 539
874 1759
1511 1194
2432 3730
4377 2095
3438 3137
2528 3260
961 3845
2047 1877
3501 1077
1135 452
1612 1466
1452 541
236 270
4582 723
1970 938
4455 4464
500 3185
3174 434
4756 1854
1655 3647
2802 2131
2125 3068
2837 4398
1762 1843
4970 35
848 2548
2680 4299
2389 747
1932 1205
2262 3449
54 459
854 1514
39 4355
1733 1859
1986 126
3460 900
2281 1143
37 3750
526 1924
4511 2477
2002 469
2714 143
3590 4768
209 1043
4738 4029
500 3748
914 1481
87 260
1927 4288
1526 2395
958 4465
4348 44
99 3575
4496 1982
1035 103
652 4292
1507 1690
3035 2412
3644 3911
1710 4974
4993 2839
986 2268
2879 1566
2871 3839
3498 3354
4201 4999
4092 2987
4135 4371
2352 3605
2463 4076
3476 1331
1964 420
228 3678
4993 4664
2421 4134
4863 4904
881 4612
3834 1612
1676 1500
2321 3623
3866 1506
1225 3266
679 1203
311 2399
1961 1417
4621 4404
3665 1832
4251 4218
2719 4181
1304 4937
1384 4557
1619 4836
3713 765
4951 2254
1813 2695
1911 3086
958 921
3343 3316
2252 3999
2013 788
665 677
874 1332
572 4977
2771 1540
3861 4346
1170 222
2423 3933
3093 2428
4831 4367
233 1185
818 1131
4524 1227
4979 388
4760 3712
3920 909
1659 4908
2708 4955
4493 141
1136 676
2123 902
324 1606
3692 582
561 2448
1626 843
1573 3689
755 2045
1334 4160
1657 2949
4192 1889
4229 3504
2647 524
373 4399
2751 4311
2560 3379
1034 2611
2395 2313
2506 977
2860 3620
1033 928
898 651
2177 1511
3116 3989
713 3887
245 534
2341 4416
1500 643
2616 142
4698 3353
2797 4134
4194 1558
3838 4506
125 4350
1698 3634
1807 1045
521 2030
4106 3037
3108 2239
1766 66
2622 4093
497 1846
1726 1460
3947 2286
2164 619
2407 3914
3956 4136
376 3964
140 4317
2552 698
4799 1988
2834 3324
3182 1
937 181
2912 4943
1167 1796
625 4792
1381 3994
2117 3507
1736 4348
3945 3101
51 1658
3696 1899
4462 2233
1810 3162
2578 1345
2976 4341
438 749
3070 2695
591 4453
786 401
786 1796
1800 3014
1390 4691
535 3127
3372 1021
2092 4949
2149 3810
2137 3395
411 2597
71 267
1545 3585
3630 3161
4622 2328
2992 4972
2615 1156
410 2254
236 1413
2629 1306
3507 1235
909 989
2297 1093
3918 4703
1469 3121
3337 3341
3972 2742
1483 695
1650 2928
4495 4767
3858 1476
4419 2640
1222 711
898 2556
2237 714
1636 4008
315 4012
2935 911
3544 3107
2302 3881
463 2895
3997 2662
2647 4547
493 1591
4557 1079
1578 811
2207 1775
4728 3803
3352 3395
2653 1828
2097 617
3002 3759
356 4044
1043 1483
343 3057
326 1000
1541 1899
264 4568
1674 184
261 2222
3688 2260
3190 1556
630 2084
2545 4816
2259 7
3943 3045
2156 3794
400 670
3417 4573
4769 742
1167 3911
3766 2742
2935 1618
4769 4386
224 1194
3095 2848
3682 1655
4879 329
2896 3629
3883 59
4113 3641
1596 4296
1121 1824
184 2620
3262 1684
4556 4705
1516 3957
4092 4611
4213 3156
3619 3405
2546 978
3977 3297
403 3620
3250 3902
1873 1176
3280 355
2419 4214
4860 2057
3974 541
648 930
4255 1926
792 3099
1273 834
2827 696
3857 4335
4833 4944
3998 3753
4777 883
914 3402
1052 3314
988 1374
1641 3456
4119 3576
855 4158
4797 1942
41 2162
1103 2955
3684 4632
2013 333
3486 3964
3912 65
3484 3053
312 4702
3193 1849
4076 525
1793 4442
4731 3355
359 2495
2401 3435
193 1751
1189 925
3939 1459
4010 4755
1516 4448
4472 4539
3461 3653
2878 2948
3318 1296
1896 3087
3511 3872
2208 2064
4133 1652
2306 2080
3827 2836
4720 3511
1823 3568
4839 2498
2134 4403
3519 3101
2113 1596
4535 4943
1923 3764
3454 3568
4577 2172
4938 271
211 2855
4266 3900
904 3223
3501 3271
943 4995
1065 51
1049 3185
577 2977
450 1559
2690 1504
3684 4123
3580 620
4711 1039
1900 3796
3939 3503
3711 2806
3616 999
2923 4790
4692 4812
1127 2660
1411 3850
4202 2971
2 335
4361 292
2676 3813
3965 584
353 386
1899 3336
3925 135
4933 2760
4285 3522
1472 4203
2058 3246
2258 242
4802 2008
904 3772
696 1778
771 1340
2929 4975
1370 2772
4605 2865
2403 3845
1113 760
3688 4696
292 2241
2139 923
1628 4725
989 3094
2912 2953
1015 4609
2322 471
724 2006
31 2846
2207 4705
183 4918
2429 1652
4240 3892
4395 1110
1775 791
555 1584
1824 3033
2708 4331
1073 426
3746 2932
2703 3343
3217 2249
2734 4892
3682 4369
2987 2400
2327 2360
4140 1499
3810 2498
638 1020
1738 208
2649 1156
3813 499
3036 2749
3505 4193
4674 1053
2550 925
4764 3987
4363 2347
2590 988
3752 2693
4714 2289
4992 4908
2239 4691
4446 1626
1221 95
1303 3542
2080 2237
1898 3536
3371 4430
4520 2525
1130 4873
829 1755
3006 94
4173 4517
3283 4168
638 4147
4112 3497
1761 2104
3900 3205
261 2075
4961 962
1549 2877
2615 433
1667 3916
1313 1663
1870 2086
3929 4144
4548 4364
3452 600
387 476
3195 3789
3075 1
3976 3783
4595 2459
2045 2850
4049 2459
3574 3895
2874 4674
4 504
1711 3861
141 3497
4425 2830
2109 2921
4266 4640
202 3186
4590 2250
3319 2474
1280 404
4445 1841
1815 3083
2939 3425
2267 2459
3254 4430
975 1953
3601 706
3153 4620
1510 3960
1784 639
1992 1873
1827 1544
373 2887
4582 2031
3971 1320
15 4356
3860 3056
3604 161
104 2029
4747 4450
4376 4502
2750 2038
1605 2371
1773 500
2744 2555
4448 2566
4901 452
1536 1262
4638 2883
2348 3472
3557 4518
621 3182
4874 2081
4119 60
1812 3882
782 3076
2147 2560
1149 4341
4536 3596
59 662
710 2722
723 3946
3996 633
2221 4382
2818 3081
927 3281
2515 463
820 2951
4325 982
2543 3096
3738 2527
4376 1526
1369 3163
2781 4887
3418 4420
3206 3163
3070 599
879 3751
3074 3743
2238 2324
2998 898
1884 2476
1125 3158
1906 2960
1577 2322
4941 4472
327 3347
2353 2644
980 1064
2289 4779
700 4057
2674 2902
3911 720
2639 2289
2068 4661
2416 3069
4213 1200
2917 2722
379 57
2780 1278
4361 4383
2172 2388
2958 4859
3968 2204
301 1723
2874 897
2931 3803
602 118
1209 4971
281 2835
4575 7
2372 2832
519 1053
150 413
51 2120
658 624
2996 1982
1647 2138
3837 1743
4621 1877
3287 3492
4646 1242
2891 784
3821 4854
3382 464
3941 2883
2775 1953
756 1294
2771 3486
75 3296
3786 4448
2196 2052
2788 295
4534 2971
4173 4950
364 2704
4697 958
3532 4705
89 3218
1651 2929
2197 4569
1740 1516
3324 3096
3774 3891
3722 1197
1106 896
3703 3438
2618 725
4351 781
969 526
4259 4318
1421 371
2369 3399
3586 1897
4 170
3609 4301
4078 205
2290 289
1073 3212
1056 580
2523 2068
2381 3082
2419 3390
1276 2884
1590 4665
4595 1896
4824 3957
2614 1116
1592 4409
1143 4842
529 4820
1953 1615
2581 3062
4010 1426
3443 1156
3378 837
4668 1889
4844 2993
2508 3154
3030 143
263 1517
3520 803
4173 246
1403 4571
870 885
183 3996
3194 1047
2693 1915
1925 4874
4524 3894
4658 4724
3951 3077
4896 3126
823 73
4079 2324
2829 4951
713 4404
1419 4476
3795 3926
2522 27
3101 2957
4834 3537
812 2753
4618 1396
2214 3742
2939 3338
471 3806
4600 3468
4675 1730
2160 3385
1673 1786
3844 4426
3583 1372
982 4424
475 4770
2183 794
3437 3881
4368 1733
2061 4915
880 130
4358 2154
538 4871
1511 1046
78 3470
4635 1665
4841 3920
4965 632
703 3465
4766 395
799 4458
876 1950
626 3470
3823 3632
3997 360
2464 3082
1474 1216
4909 1008
4705 4930
1032 2687
3673 4888
2765 4733
2524 1759
2618 3977
4945 229
2933 167
3570 537
947 339
433 3179
1102 1108
690 3650
3278 3387
3479 2486
1605 4613
1476 3653
2926 818
1763 4860
2811 1676
1227 2657
3270 2142
4474 1383
168 2579
704 1961
1665 4927
4383 1026
721 4724
3723 1577
3134 3185
3956 4391
3644 3007
2927 4371
3928 3511
825 412
4017 2973
743 1757
1849 3934
4172 2036
4698 4558
603 3285
3703 3578
4584 1220
1235 764
1816 2142
3099 1664
4293 4149
828 2621
492 1738
1699 4644
1914 4574
268 3692
1253 4145
2371 1875
1425 3590
4939 2
4600 17
2694 2837
650 3868
2164 3308
350 2136
454 4246
2078 1860
229 1123
112 2562
775 352
667 4564
3074 4455
1842 2358
350 565
4672 3490
1695 1415
671 4630
1295 4395
2623 2032
426 1786
2604 2820
3657 1998
3857 1758
4015 717
4693 4677
1986 1614
3313 1217
4500 4580
1984 3082
4980 2621
2687 2442
2070 2122
2263 2111
3712 4149
4680 3496
1774 1764
1409 3142
4204 3260
2968 3510
1630 2779
4180 2316
4876 1014
2097 3218
3048 2582
3940 4295
736 4086
2515 2570
2479 947
4905 418
3619 3959
4977 3039
340 1163
3173 4160
2756 1611
310 3255
701 349
4423 3244
1344 2135
205 822
3430 3114
3913 919
3241 2492
2900 2093
3659 3062
3997 4894
2309 2614
35 840
2821 2883
2114 3580
3011 328
727 1823
3199 2467
353 1364
3732 1795
2251 2162
3563 2329
1158 876
703 3760
3876 2170
1794 2215
4240 963
2237 2618
83 4295
2700 3751
384 269
2791 4765
2992 2904
2120 27
2075 3391
3344 3994
3624 3086
3836 4677
1101 2500
124 1445
654 3809
1948 3072
3870 2991
402 634
3 4265
4291 741
666 73
4083 1323
3910 3131
4364 1375
8 3073
1677 2351
4064 522
531 3408
1571 4231
967 4875
4814 3942
614 829
2394 86
451 4078
3371 4970
4951 1240
2603 2557
3613 4115
3693 1210
1349 2769
1074 1517
2834 2329
4419 3278
3164 2862
3578 3885
1481 4352
3913 2940
3532 4795
1194 409
3681 2511
17 370
899 3291
4532 2831
3708 1562
3865 212
1494 2878
2123 922
3610 502
4177 4012
3207 1173
2146 1071
1979 2576
4566 2389
3028 672
4768 1142
4297 3580
1061 3257
2619 736
3635 911
3737 4505
4917 2975
4240 2569
1832 1795
94 4956
2732 2856
3106 572
3389 4741
720 957
2833 3318
2919 878
14 4792
3167 3366
505 2201
120 4696
2354 4938
2879 4012
1390 4561
3112 3532
2857 4728
1311 848
4298 2183
2591 252
2335 4736
2123 55
1389 3401
3410 4164
1363 1457
2972 44
4052 1781
3582 3766
4255 4594
1310 4125
1557 3680
1907 777
3596 52
2615 483
2256 2574
4666 3942
4215 903
739 2895
4299 3324
4516 857
3749 4172
2700 4805
468 796
4172 1898
1507 1786
1510 953
1571 560
4187 1180
577 3985
1859 4132
4591 3906
3542 1582
1225 3337
1977 1738
4711 4215
375 3246
948 830
63 2824
3998 448
3085 929
4934 2760
2096 629
3320 3491
3266 485
1839 1769
3185 2743
961 4574
1675 4994
4332 486
1216 497
3519 2385
2169 619
2065 1347
1412 1789
2126 4242
679 106
3175 1940
2843 653
3985 1401
4352 3712
3475 119
3383 4544
354 350
1744 4008
151 4759
2 2942
1480 4158
4339 2658
145 4006
2027 321
4253 2538
4592 497
3249 3750
284 3893
3582 4539
1916 4184
2510 1279
2200 1228
3921 2831
4506 4850
2595 701
3167 3029
2761 4660
4324 1392
1564 1648
312 3118
466 4174
3414 3114
3331 2534
4658 1190
2056 995
3330 3218
4366 350
4667 4482
3845 2532
2595 4219
1910 3067
2860 4446
835 77
3743 4234
1632 3965
1475 1105
4997 1373
1237 3845
1295 1234
4594 268
301 923
902 397
4232 2609
2645 1976
2788 408
1712 2497
836 434
1610 1364
12 3826
3125 4787
4912 1406
2324 3325
3363 1444
4783 1191
330 2588
172 3409
3231 245
1722 815
1238 2023
1621 3147
4483 3280
4252 1149
1150 3614
2771 1728
2976 3966
1755 1385
2585 4970
248 4747
1208 1317
3561 732
3534 4838
2415 4473
4436 4951
2870 2204
2001 3052
951 4100
973 4275
4974 2703
2158 172
1358 4519
2863 1308
686 1849
2221 854
2725 1877
587 3855
2580 725
2791 1592
1565 3366
3093 4611
2035 2345
4496 1649
646 2106
4509 1925
1775 3932
4076 260
4854 1309
2899 622
4631 1220
533 2472
1052 2653
126 4236
2767 3166
4068 955
4469 490
4191 3762
1476 4046
4563 1095
3801 4054
3205 4901
1123 3448
1284 1360
820 4383
2479 2636
2076 1529
4590 4936
3376 1267
4392 2939
2256 277
639 818
2006 414
183 3471
3319 45
1060 742
2348 4774
3582 2313
1709 819
313 3611
1922 4979
4360 4202
1339 3147
4776 2788
3306 2488
3212 3606
3158 3863
1464 522
2705 2285
596 4812
1023 1123
1414 4935
3547 1732
4900 160
4722 1326
2441 4773
4953 2494
672 4342
2618 4028
2416 3043
888 263
135 448
2570 2555
3231 2704
4509 3984
1632 4764
4355 2345
4932 1421
4672 1667
1936 3773
4873 3652
3807 4225
1880 3789
235 381
4062 2436
3587 88
2992 577
4319 4557
4581 237
3079 4652
1765 3603
4276 2400
4292 328
1791 1549
315 1342
4868 3978
161 1398
1179 3904
4219 476
2830 3035
655 3313
1788 3679
858 1638
587 1020
3671 4430
4052 2457
1772 1439
2896 1403
1684 21
1348 2971
1544 2701
700 1199
3058 560
2572 1714
379 390
3628 1992
1774 297
1331 282
2380 2413
1500 1404
2767 3887
2515 814
1534 1655
2083 3204
1068 354
3305 4205
2617 4718
3881 2902
2666 83
716 4530
3050 2866
3961 1996
3319 1425
4218 2149
536 4794
4555 2387
2747 811
4593 1085
3299 2060
4608 2960
3758 2348
2281 214
3776 3407
3367 3906
1353 3808
1418 4610
1167 3890
4782 4764
4195 3755
2792 2205
783 2368
2079 922
2563 1448
1745 1392
2729 1078
1487 4373
1483 2902
4131 4507
3597 3842
1802 1775
1259 561
1259 2711
2227 1856
2282 817
4151 3510
2458 4016
4025 4694
747 4988
683 2944
2019 1668
822 548
3663 34
2653 3273
461 4719
2022 4618
4029 3315
327 4775
3935 2339
930 190
2509 648
2989 2155
3338 2879
544 2058
2344 4047
3932 4890
3550 1314
4473 2151
1526 949
93 1704
654 3266
3199 2108
1054 599
4234 879
389 4338
194 401
2193 2438
2034 1168
2062 1230
4244 1028
1032 3805
2510 1186
1896 886
3283 4539
3825 973
2952 1883
1151 1738
576 2531
1134 4826
115 4327
4288 297
4849 4507
1818 214
2343 4574
4963 2515
1872 4091
2972 4704
815 2625
3179 4858
2085 172
3040 2210
3477 4586
1186 3652
2836 1699
1480 1630
1072 3804
2498 2686
387 2442
411 3394
3007 4857
3281 1101
2482 1031
2176 4
1617 3749
4217 3278
4248 4697
1554 2615
4571 3898
2319 3664
744 3615
1961 2730
4280 2664
2102 3863
1375 2537
2477 726
1417 2605
1814 822
3258 4794
3813 4243
2971 2407
882 2832
1927 2277
29 4374
384 2477
1765 4902
3178 4178
1762 435
2167 5
2142 2607
4320 218
2284 4950
393 875
145 3122
3020 2833
378 2694
1484 1804
3839 2630
3796 2650
3632 2193
4974 4154
4689 3135
1635 3655
173 3362
1269 1105
1105 3260
4688 1382
3778 3587
3432 3867
936 727
3889 3901
2621 4205
761 591
4749 2793
2881 4768
4288 3533
1991 4076
647 3969
894 1647
1321 4698
3846 2221
3802 2394
1852 929
2859 3360
4135 4118
1997 4759
1264 1956
2033 3558
299 3768
170 3735
2899 3314
3232 4815
1169 2917
4759 890
4993 961
1711 707
3626 3655
418 1640
2211 13
4327 4385
3331 68
3240 2401
885 2998
4912 4893
1268 4680
817 3193
2627 4678
3596 1160
4717 2171
1461 4836
3717 4049
1002 19
4705 2162
3693 3919
1797 1970
2826 1711
2623 395
2402 4317
1883 2113
4201 1894
545 152
4157 2103
1820 511
421 3620
1400 2112
2422 3747
3794 2392
133 891
2885 616
2110 4741
855 219
606 3367
370 4763
4592 176
4662 4481
4109 3037
2476 4915
244 1324
3533 536
3186 4109
4184 3650
655 4111
622 838
1914 2353
2428 1781
2176 837
1302 3298
4603 2931
2065 1135
1217 778
3994 3685
124 707
1607 4958
4686 1385
4192 2905
1104 4310
2649 4691
3562 3008
2618 1779
873 1424
1137 417
3777 2532
2087 4410
4360 2272
4246 215
1238 1245
2902 1473
1095 4925
192 4578
2569 3814
669 4145
4402 221
1926 4422
1020 2182
1778 2077
2932 1815
2126 1771
1905 1816
699 2430
2820 300
1423 1159
944 1901
1822 4965
3871 3991
166 3003
271 752
2434 488
2640 1194
2095 4069
2491 2525
4079 3004
98 3384
4396 1294
1514 741
3590 2841
989 3148
1830 1832
3902 1343
2563 3268
2880 3115
1558 4616
1733 4618
3183 718
2509 252
552 2750
4441 1270
4322 1089
3943 4160
3276 447
2581 2370
278 2003
306 1452
2322 192
1239 1695
1308 770
2303 2166
4566 3529
1844 4626
4573 2888
4779 4770
1957 518
4426 1395
1775 4839
1711 4008
502 4420
1177 2523
1612 1256
4299 4470
575 2575
4090 4589
3245 3102
1845 995
90 4005
3687 1760
1774 212
2441 3492
4586 3798
4614 1172
2384 961
2929 806
4709 2980
2602 4623
236 108
973 747
245 2725
3649 1381
1713 1515
1373 4019
2488 2197
3053 2232
432 2672
981 1639
1530 4615
1790 2740
1958 705
2339 1694
260 3068
436 1214
656 2462
2106 1466
336 1102
2221 1315
4354 4148
275 4621
4119 4123
2405 870
2004 3389
3532 4621
2950 729
447 4801
924 4207
36 4237
1695 3176
1926 1921
48 483
971 1748
3618 4300
272 1694
688 3871
3314 2184
2899 461
1179 2023
3630 1090
4738 3472
648 471
4255 3014
1653 4539
1490 4253
110 636
547 2095
4706 3628
3114 1214
972 1467
4214 630
343 2762
2469 4097
689 52
1637 533
2577 294
760 1466
2691 4251
4873 2146
742 4602
109 1918
4164 2830
93 2408
1620 307
1614 581
19 393
2434 842
3528 730
2571 2588
1790 938
645 2915
3992 4241
2128 3513
592 3062
2920 4102
2460 3217
4471 1319
3216 3754
906 1026
2256 146
4930 2300
3547 1484
3181 2991
1160 2990
2431 2272
1334 4237
2517 4435
3292 3162
4832 14
1219 831
2023 1488
1069 804
409 1146
268 507
2063 2064
4962 2227
3795 370
4164 4354
4877 1881
2722 2768
3110 1891
1721 844
4876 1529
689 2259
114 3661
3852 3480
4933 1972
1340 2308
285 3460
1317 3639
49 4520
3433 4317
3985 98
3407 2551
3468 4529
2163 540
800 1773
3328 2357
2145 365
3060 825
3752 4640
3820 1946
377 2711
3252 478
4814 548
4116 4339
744 325
4763 1621
1034 4402
3048 4551
4235 1656
3895 4497
4557 3765
4708 2747
2064 419
68 719
2648 4910
1402 2607
1703 2335
4159 4601
4383 3895
4045 1151
917 3807
2663 4418
928 4651
2252 375
2473 3063
1686 4839
2869 2640
2437 2879
2569 1511
1201 3905
4810 3708
1560 4717
1482 2592
3181 89
2687 1675
3763 2784
1709 167
3944 3398
185 4522
3830 1206
1677 2196
4138 4979
1090 2784
4493 354
3600 2555
3325 2538
1904 3864
3119 1398
1826 1276
3910 4222
1749 1030
4509 186
1407 4772
2047 4561
2301 3476
2359 2605
3213 2941
2305 3114
90 451
3250 953
3102 990
2686 1576
3267 1951
1292 4749
2103 958
204 3039
2379 989
3467 633
3304 1561
4439 4715
4160 696
4300 2768
3372 402
2083 1849
677 4618
3163 1683
1791 196
2691 3789
2357 1483
4224 3655
1718 3784
1770 3985
199 1138
3998 3342
3474 248
1040 4623
3951 3426
1581 1406
1863 498
688 2868
3867 3232
765 4918
2851 3091
2305 3486
4654 3691
677 3975
4755 3290
2115 3134
838 41
1311 4649
621 3280
2046 741
871 1576
2771 2894
865 2236
2859 2720
1548 3162
3120 2090
651 2036
1233 125
4074 4111
4698 2566
1974 867
415 1970
4215 1907
1636 2514
1529 1080
4571 2
1992 559
380 1677
2564 4885
4416 4648
2526 1732
3631 421
4 311
3532 3794
1817 3537
127 4261
848 173
4210 2725
392 82
4975 93
1038 1374
4743 2009
450 3353
2384 4982
3472 1131
908 1414
2502 2234
2891 2050
4646 3585
4986 1492
3290 1148
2077 2930
1215 624
357 1964
3581 1340
2118 4651
4086 4605
1790 1914
4268 1684
798 1497
904 978
1432 3072
1708 1563
3658 3468
2088 1853
4558 998
963 3297
2463 1707
1690 1584
3625 4108
4455 1312
467 570
4098 1802
1842 3972
1050 4233
1889 3649
1195 4933
3013 845
244 105
2453 399
631 3963
853 2079
2386 422
2158 2481
4772 296
950 2303
2132 3894
3509 3386
1556 4390
2160 1764
108 634
4651 2862
210 3309
245 4624
1516 2875
2418 321
1933 469
438 394
1752 472
1016 2389
1274 2180
4483 2041
3346 2874
3921 2632
3831 2032
3874 40
224 2762
2356 3262
3276 2817
3384 135
2943 1125
3734 4445
3478 2651
1639 94
222 797
987 699
4309 3620
1446 2478
4688 4446
952 755
4087 246
2475 1819
3579 2232
4380 1963
3564 2874
4313 3707
4007 1284
900 1134
507 4461
4573 2635
2003 3673
4405 4200
723 1262
717 3874
4456 189
2830 3704
1349 2034
408 1973
3833 3042
848 1665
3413 3197
808 3888
4138 4829
3815 3564
3870 1161
4831 4544
3275 2012
1554 3362
1925 4099
1539 933
1624 3358
4178 4188
1368 2718
1068 889
2665 1510
779 4930
4663 3117
3323 1674
3688 2471
719 256
3748 2418
3546 1125
2729 986
1094 1957
1427 810
1615 2461
463 4339
947 673
2923 2000
4729 4581
2339 3854
4915 2949
3135 902
1295 3791
4282 2295
1557 858
215 4179
1676 4502
4089 993
242 1370
1704 1304
2232 3667
2565 697
3935 1458
654 1180
4478 3510
588 4178
778 4580
839 3515
4278 1444
1152 949
4399 1597
1322 2704
2333 624
4858 4674
3956 881
617 3657
1410 1669
86 741
3056 4737
2098 3219
4659 4005
4307 3654
2446 4952
2869 4668
550 1193
3119 3643
1732 3625
4123 3477
3861 1777
1802 4532
3561 3436
4701 4902
3832 2516
321 4392
1911 4365
2780 4642
4390 522
3116 1369
751 245
4940 3447
4902 3061
270 939
1532 2217
3844 2040
979 2665
2472 2315
1778 1395
1335 16
3368 4855
1079 304
4373 3440
1638 602
4509 4533
2411 2114
3258 1874
3552 4766
4544 985
1401 559
778 1976
4921 3072
3076 1139
194 394
3627 352
4460 1294
876 4535
182 1925
1458 148
1749 3819
3307 4389
4601 1109
1687 4719
4539 1324
4460 31
3485 1007
89 2781
2770 4825
991 1245
432 2657
1422 2456
2960 102
516 1946
4559 3158
223 3712
1512 2485
1659 2576
1434 2005
2233 4179
4184 1020
1813 3972
2314 1869
441 4133
2214 1887
2787 4465
2493 1819
2424 1013
676 3256
3999 4128
1013 4189
1835 1801
2763 3213
2869 2205
1578 1601
622 4027
616 122
4672 1900
316 2920
4661 1057
2271 3919
1209 2455
3405 1264
1132 3500
68 1973
3194 639
4730 1631
1021 3229
476 3397
3690 208
2740 4348
1967 4113
806 405
21 4340
4229 1431
4376 3471
185 1273
4134 2718
1147 543
2326 2481
893 1724
808 2607
3850 1194
4351 1114
4442 602
4726 268
2895 1003
1340 1389
4867 2123
2254 4675
3323 2852
4732 262
1546 810
1677 1791
2387 955
685 1383
3200 3257
4613 968
4371 1002
1820 4709
2424 3940
4968 583
2620 3920
2918 2474
1806 3838
1368 4268
416 299
1960 1365
2254 876
262 2202
744 3159
1975 2548
73 358
2651 4903
3386 1153
727 290
2644 4009
1759 2480
4432 1169
1360 3234
77 23
570 3288
1190 3245
791 4723
2919 3193
4911 584
82 3399
4587 1293
4484 439
169 120
2843 4110
505 4508
2994 4644
2372 4350
1476 4876
2367 1487
4412 4401
3033 2326
4781 2609
1847 69
2319 2392
1385 3843
3729 3986
1423 525
3509 826
583 3270
2295 1896
1743 2739
2958 4603
3556 2191
4323 991
3876 218
4880 3513
2725 4321
848 259
2165 336
4296 3103
1466 4088
4402 982
4999 4346
3923 3318
2398 1276
3088 36
4104 3783
873 540
2871 4960
3106 1056
2246 1195
1163 2173
4827 4762
1141 3146
4273 2320
780 329
4182 3647
816 177
1224 4261
3474 3954
1485 1244
2860 241
4619 4264
3124 1383
4076 572
1510 3824
374 3003
2280 972
2302 4446
4274 3630
3818 2070
3343 4142
3416 300
2683 2174
4276 3023
2462 4483
165 4962
1800 1471
1134 2791
1090 574
2429 823
2313 1118
785 3819
3959 2632
1424 4848
2652 2166
2033 3674
2629 1863
4189 3116
1092 2022
3083 757
4530 323
4361 3792
2998 1728
4196 2992
893 3214
4635 4240
844 4330
2474 4132
3028 3878
3653 4912
275 1763
4386 4006
3601 1883
2060 4603
3931 3500
113 1296
918 1663
3560 2954
3121 328
3593 1070
3859 4205
2528 1765
2625 4768
1751 235
858 2213
871 1678
1885 4153
2733 742
4777 1948
2489 3333
4947 2633
850 1903
223 2299
2216 4347
4924 517
2472 3
819 4180
3373 277
3875 4045
3944 2130
1207 1269
3515 4770
1677 3288
4183 4231
82 2655
1222 1391
3721 613
1360 4329
1665 4491
1843 2446
2121 2945
3845 2667
1283 500
1970 1571
2976 4978
1807 3493
3548 552
3083 607
1160 3252
2535 717
352 1236
4611 232
1312 656
257 3527
2263 827
3789 3966
4225 3159
2372 2833
4313 2070
3763 1281
1609 4997
4402 696
1381 1690
4390 4596
343 4292
3574 2102
172 2729
462 1598
4257 1194
4366 4482
1085 2418
3310 1697
1846 4182
2325 3369
4857 1986
3821 263
351 4084
2997 3337
1919 3283
4635 1274
2417 2814
36 3373
3065 819
867 4371
485 990
3875 3220
3064 4653
1547 122
3954 3529
2759 4351
1228 4573
2318 4702
472 3819
4784 2162
254 1828
439 3615
3139 2879
4831 190
4911 4816
3324 3769
12 2700
1451 4611
2420 4646
3400 2025
2693 3448
621 322
3222 4373
3561 287
2063 2904
3460 961
3130 2340
2103 4931
734 3722
3510 1217
864 1473
1864 582
2246 3079
626 1154
4280 1051
3527 2509
4182 4680
907 2568
1467 4148
2568 3833
266 741
2973 3090
1035 2414
3371 190
1424 4936
2521 3486
4141 1623
1359 3001
3950 2119
1901 3943
2809 481
2325 547
734 1942
2236 866
863 4209
1915 4403
1639 2504
3270 259
3 3862
4293 1492
2879 272
1363 2440
1441 4115
1495 1864
4154 3925
532 2631
856 4667
1771 3147
486 384
804 1634
758 335
1167 1946
555 4028
742 2296
3904 2975
157 877
3347 3194
3517 3790
4287 713
840 4849
1089 4354
3864 191
4775 2224
2173 1936
605 4442
4379 4428
3237 2162
2960 1586
336 4092
3333 3706
4729 547
2918 2081
596 1469
2136 1478
4055 4403
4908 2726
524 4759
2504 4550
4340 4494
1113 2197
3279 3392
1084 2114
2383 4083
2754 401
4891 768
2610 3033
4026 3790
3474 1212
3526 2433
4113 577
2865 4486
4732 3
3509 4689
4328 207
2516 4784
3355 5
2976 402
1941 1763
2105 3633
906 4857
4374 4499
4778 266
576 4153
730 896
4695 4858
150 3617
4053 139
3267 1135
2031 3779
4148 4519
2363 1144
1814 3549
4219 4637
2997 3640
4096 2824
2917 2036
414 3130
2170 4340
4003 1044
4693 3288
424 484
368 206
2139 1864
274 2328
4016 2904
4273 4500
1435 1683
2604 4698
4213 1537
553 1528
2479 83
2669 259
1547 2939
2952 655
3138 4296
2295 210
716 3598
2928 1212
3851 3771
3497 869
2828 2632
4628 4705
3810 4810
1677 3691
3873 2421
1529 4341
1767 943
1739 106
3512 4445
1228 98
4334 3203
2939 1844
1037 2704
3100 2433
189 2064
4161 2887
4608 4085
2121 3557
2238 1564
1589 3625
1437 3629
4356 4795
781 1779
4508 4581
3068 3599
2052 412
2107 1866
1604 4477
2348 1424
3521 2183
1864 929
3981 4826
4901 3524
2003 2710
2023 3112
3601 74
360 3623
2664 3846
4211 4458
93 1042
852 4481
2577 2426
4287 1938
3612 1749
4821 709
3155 647
1257 4596
136 686
17 3082
1508 3516
2463 1440
1854 56
1503 1725
630 3019
241 3649
4769 2007
2241 3123
4488 3875
4938 3530
4491 3599
3751 2271
3710 3004
4122 4729
3924 1406
45 2682
3075 4792
3625 3550
3787 1110
4821 2891
4251 4103
683 2589
3015 2106
3147 891
1309 1233
836 2601
3127 3592
2926 3153
3848 4889
787 3928
4606 4233
4257 2597
1758 4914
4358 2436
1237 1197
921 706
602 1518
1721 1713
4153 1288
2671 2026
4250 123
2917 1303
1415 3610
2254 353
2724 1303
2733 2765
2379 1770
4842 3426
277 1444
3458 2848
1069 2947
4241 3780
4387 1014
2614 2861
992 1789
1451 3597
3719 3499
4739 124
2540 2228
959 3954
542 1260
2310 3744
2585 4828
3622 520
4240 933
4739 709
3240 4105
4427 1827
366 87
2899 1313
669 4691
3076 757
2718 766
268 3743
4712 4820
2756 2656
2580 1142
2126 1029
4272 917
4954 4072
162 3665
197 4347
4439 4096
2327 3158
3907 4805
558 4572
3341 3848
2447 1332
3307 4942
1191 102
1360 4924
1173 2623
625 4336
2219 2991
3153 3269
2869 2163
4622 4255
2529 3431
2624 4930
3421 2850
3710 2172
2815 3038
2469 1622
909 1328
2259 128
10 3871
3073 1105
1583 2856
359 1033
3592 888
1275 3736
4940 543
2370 4244
4741 1086
1202 175
237 2555
3725 4112
4929 2597
1750 1439
4187 1858
537 263
4591 3652
3053 2669
1780 4745
55 1846
3824 4125
4047 1175
3045 2092
436 3847
4816 939
323 4790
1405 1581
2947 4736
2669 1613
1709 915
4307 3482
3180 470
1987 495
965 2514
2593 1136
2659 2156
2846 2478
1434 3351
2684 1439
4484 2775
1520 1384
1371 1130
4010 2627
4159 177
2790 2338
3030 3256
3720 2968
1092 4384
4132 3725
2946 2743
3462 210
4115 13
384 600
2233 1856
945 657
1378 3703
2603 4705
4204 402
2119 2901
3359 3678
3817 4871
2257 2251
3465 1131
813 4166
2023 4400
4742 3898
1095 4153
3306 4481
4288 3009
2461 1723
3858 3178
2928 1190
2902 279
1445 389
2093 3995
4835 4239
3643 1496
3731 4908
3966 2949
50 4143
954 2304
113 1393
3642 4418
4069 4797
4805 315
3747 4134
2877 800
2095 2566
2672 2167
1833 3377
4051 3065
1605 3682
2479 1398
1744 4654
4768 2280
665 1900
1924 2822
1971 1817
2135 2284
352 2464
965 4614
302 1801
4136 4759
297 4041
2191 3229
2607 879
2049 961
3097 247
3840 355
4846 660
2463 1688
2361 2335
4 1408
3010 1158
2621 1245
1357 966
3984 2138
2897 3267
882 1355
4389 2032
256 4335
1585 1033
4549 123
360 2626
3583 2504
4684 1570
3426 1065
4990 3364
720 1119
2512 3134
2195 3766
1854 3303
3928 3037
4314 2398
3981 2220
622 3282
3494 3336
155 71
2287 2764
3434 472
2788 2947
2333 2816
268 1023
1102 4840
2718 1942
4504 2181
1870 2390
4578 3300
3337 4358
1227 4488
2990 2115
1400 2759
3685 1931
4145 2435
1126 4057
3198 4196
1178 1567
2030 669
2009 4591
425 1781
3520 1602
1859 2703
1481 704
3452 740
2055 4993
2796 4911
4841 2472
1391 383
3095 4842
4501 535
3444 4261
4114 2208
2673 4612
3173 3892
4543 967
3394 3973
2286 2276
4997 3413
1753 1770
4578 817
1798 3767
1079 3181
3645 3821
4456 288
1854 4559
2386 4297
3099 880
2861 1686
451 1898
2170 2593
2144 2525
2326 1435
518 4662
2801 753
3843 4004
3903 4480
2784 3131
4599 1352
1790 4957
2202 3541
1710 2401
379 1794
4028 4100
4562 2839
2030 2758
593 4077
2310 4039
18 2303
2215 2431
3143 3899
4864 2873
1713 2748
2759 2375
2639 3818
1674 3171
1574 2633
4649 1860
2211 3427
3789 534
2020 4927
3382 344
2698 1086
4536 4806
674 1747
977 4701
785 4333
1382 4433
2767 4756
4212 1870
2737 4845
4701 3226
1710 2141
1180 3936
1233 3075
3413 1145
3910 4366
3810 4045
4757 4687
985 1465
190 4209
1560 4810
3072 4587
4984 3406
997 347
4671 2868
4159 968
2910 2922
506 3452
2731 3399
471 2899
1229 20
3083 3018
3212 4358
1928 4657
4023 3587
1861 4610
3610 2161
3900 52
838 2430
4900 3603
4631 3509
4868 3007
3724 2512
437 1718
2331 1538
3973 3294
4749 4785
1197 1999
3157 4925
3573 4317
3746 3701
293 1650
271 4447
2580 2094
316 2857
372 3122
355 4462
4159 248
461 2940
267 669
4287 4343
1437 996
1993 1195
4635 3826
546 3069
4980 4264
4118 1645
128 1100
1607 1132
3036 952
740 383
4523 794
3456 4776
1661 4324
132 731
2867 3887
744 3696
1120 3474
4150 656
4884 3974
1032 3072
2936 853
2356 1750
2895 2341
1236 1329
2989 2119
3363 1546
4025 1045
1861 725
919 2414
1186 1407
4662 1607
2294 4397
4984 2885
3848 1496
4549 1437
3644 2610
84 674
2249 3240
4165 2233
2764 3908
4053 2317
1595 4473
2911 3512
2796 3237
3813 1606
1715 3627
861 1777
729 1918
1543 4467
2728 1104
1494 730
3631 4563
949 2980
1925 3280
147 3607
2167 548
1275 4255
2626 2280
330 2135
4132 1546
2965 3783
4497 4041
1687 1032
2582 53
1533 1992
2341 4096
2805 2960
895 1086
2722 760
4070 1425
3408 1317
1163 1894
4858 4740
3141 4133
2720 3273
4794 287
4152 3740
3518 1835
2376 1129
1033 2949
4399 2179
4369 2807
101 3535
1901 3367
932 3112
2910 3879
4208 1039
4731 4020
3198 563
3581 4952
4806 4388
778 3604
1798 3579
4322 3092
4409 3
1273 76
1767 1012
3330 3943
2404 2147
3533 4520
3668 4655
276 4661
410 1584
4782 4760
844 3208
3095 1911
2848 829
4855 949
3573 2266
3416 18
3840 4408
814 2209
3910 947
3614 481
4575 2270
693 4341
1053 872
3800 1271
3406 3938
603 1240
3967 4234
3789 2920
4995 2039
4276 4731
2402 3172
1643 4596
3700 4609
2761 1769
4736 4343
635 3154
1147 4185
185 4245
382 2352
2221 4735
3786 3049
4636 3161
447 2758
3863 2772
2779 445
2786 143
1998 4741
4196 3930
4982 3150
533 2934
2362 502
4222 2726
3128 3089
3542 102
2882 832
2339 3481
1395 3339
1987 4472
3244 3545
3622 3344
3927 2200
2379 2153
2380 3032
2783 3953
3756 1129
1468 2817
2300 3579
1889 3718
1068 2520
4580 1543
2330 4468
177 2779
1700 3299
3112 1655
1182 4865
1577 4244
2260 3536
3712 4350
4020 3645
4646 531
1005 20
1012 4961
3731 4203
1878 2684
4130 2503
4248 2317
2536 3130
2865 2370
1896 2958
81 4693
2719 3940
3280 154
2958 2349
1362 649
1929 969
1106 1787
968 4891
4220 4940
892 2512
1486 1957
1855 4393
4465 171
4009 3212
2366 1354
3884 2881
4632 3864
3189 1478
87 2062
2302 3687
542 3625
1596 2512
3030 1083
132 372
4881 2958
2044 4698
2407 3492
4461 1007
2647 4064
2845 2385
2688 3581
2674 2765
2977 786
484 3221
4839 3015
2849 1681
2573 113
905 3560
728 127
2874 1523
4216 2145
3196 3796
529 1513
2470 4366
3498 354
589 2834
1389 4761
3685 1994
4485 1716
2122 4255
3340 1089
2200 4234
3503 808
278 45
1396 766
3220 4083
167 1613
2116 3658
757 2132
2173 3090
4927 1238
4629 4832
2826 913
1944 967
729 4268
4657 4628
957 388
1687 2047
1735 622
3212 1517
3204 125
270 2723
4842 4720
2459 2809
2610 759
3825 1089
1561 4460
1967 1446
1096 2845
4978 4921
3210 545
2429 3555
1869 1465
3557 1940
3803 3822
268 2735
4530 1762
4464 4621
3713 4280
3841 1722
1268 2033
2087 2583
1964 4324
21 3679
3500 748
1723 2642
3645 3155
1650 3950
4478 3843
611 923
546 1003
4283 2256
2158 4857
2251 4746
133 78
158 2113
4235 3986
4981 466
3003 4754
522 1648
4976 1526
2071 3268
1438 3150
1185 2042
1138 2410
526 1422
1290 56
1919 2215
2550 3386
4965 1096
2310 4025
870 2982
2978 235
1926 2851
3249 3185
368 2100
1295 768
3497 3080
4198 2910
2155 2704
1506 4577
913 1578
602 668
1363 884
1203 1757
3550 1723
3850 1146
127 4552
4405 1329
3762 3281
1222 1874
760 2908
4643 303
1944 2920
4405 6
301 3282
996 2160
2852 1025
2700 3271
391 1714
2866 2915
1134 1253
2016 3303
4932 1282
2290 3801
2661 2093
215 2505
4023 403
861 2252
1316 3625
1881 1261
101 4609
194 3459
1967 4534
2834 2864
4989 1843
4535 1802
4293 1054
4690 475
386 1602
4333 2468
4439 331
2788 2501
152 605
2029 4564
2539 46
2573 3102
1982 28
4057 2312
2634 4754
2616 2385
3803 4113
1692 1962
3738 1743
1742 3447
3873 1016
3484 473
4556 2824
315 1774
966 3110
4377 1293
3490 999
4224 2439
604 2771
703 2178
1431 3294
4404 2324
937 4990
4661 3746
2936 3200
4753 1329
3958 4579
4149 2483
1114 2770
2502 4697
2493 3261
1118 4095
4271 2268
2501 2673
4849 1457
3563 1043
605 3317
2836 2620
3650 3245
3511 3375
1498 548
3067 1179
2871 4581
2803 183
3034 1386
3961 2411
4883 1188
3876 3937
747 921
2823 1008
1543 143
2168 4408
79 1508
4237 4716
2666 1817
3750 4838
832 320
2379 738
2835 3981
4844 4628
695 3697
1435 4194
1160 3912
4905 2976
1056 1071
1008 3439
3054 3215
1301 3237
4733 2719
4579 1906
3302 1109
3596 2723
308 4948
4953 4878
1133 2534
2224 3675
4949 715
2726 4602
1140 1528
1634 772
4145 224
2928 836
1398 2872
4844 416
2071 4874
823 3526
46 2319
3522 1117
3039 3611
2653 1214
1705 255
471 1212
1191 1854
4406 3023
443 3325
3542 1786
2047 4799
2506 2988
301 1373
2562 3043
339 2240
1426 2599
2948 1610
3346 34
4657 4788
3968 1393
2931 4351
4321 4364
2088 2685
2246 1854
2863 1154
1016 3121
292 3222
856 1583
416 712
4250 4045
15 2520
637 2628
4797 3076
4740 1769
4111 1597
4688 3109
2121 1269
4532 4664
4973 2597
595 1940
2989 877
4511 819
951 1856
3163 3021
3062 1529
3599 1530
1245 4062
4338 1794
2579 750
3166 3464
1467 1060
3234 2407
771 4597
88 4204
4545 4771
253 4596
1800 2410
829 3779
1277 1039
3492 3778
1694 308
2433 4250
3569 2641
3722 4461
4389 3970
1296 2695
4640 4571
1119 974
2949 642
4378 4567
4787 3738
4557 2841
387 962
4063 660
2666 1174
495 4595
4405 1870
4998 4414
2257 146
2783 1649
4623 56
228 2230
3246 2688
2928 564
1198 910
1780 2287
1579 3879
2106 3929
3605 4492
2252 4475
1800 247
3029 2517
4916 1004
2410 2735
3277 2081
1294 3963
4571 2404
1627 1835
3721 3254
3581 4356
2696 3687
4761 3942
3555 2708
590 2882
111 2982
619 449
3732 4382
3239 4820
295 2035
153 2072
2906 1511
2982 743
1591 3050
1074 2594
2071 269
1060 1882
2651 1165
1672 142
3649 4043
3336 4529
4809 471
4138 4212
4740 1707
4295 4386
2128 58
286 3160
1604 2218
2294 3883
3330 1952
800 3641
3865 4692
3387 2276
3266 897
1235 2578
2702 4316
4000 3405
2043 4599
1348 1137
584 2927
1084 1285
2667 573
3749 2721
2845 2152
1174 70
3889 3299
841 3755
4166 2619
1036 4352
3907 3564
4947 2298
4784 2059
695 3957
2660 2152
1975 4558
1285 3657
1226 2114
1008 3589
169 4989
4526 421
2541 4238
671 2808
4720 2677
2320 4328
2361 1212
3228 3651
341 2427
1349 4332
2806 4722
444 449
4646 3939
2307 3250
3719 3264
1231 3408
4870 791
561 4066
2672 897
851 191
4853 653
3881 2711
3645 4600
1913 2334
3372 687
940 1889
3639 30
4687 1836
2287 2455
2467 2477
3464 38
2411 71
3931 799
3078 1958
1345 778
274 4576
1075 3197
1337 4319
4557 2254
1102 1032
4329 3637
4991 4988
1322 1958
3397 504
2799 2953
1663 1001
852 1131
3918 552
461 1309
815 791
2937 4859
3606 399
257 3506
1400 1188
776 380
3696 447
2788 1351
1187 3350
1612 1957
1802 4682
2220 4592
4577 3660
1683 597
3350 1781
2082 4964
366 2265
4730 1426
905 3086
3865 1098
4443 2801
2953 2062
337 193
549 3152
1673 184
1606 901
1177 2726
2904 4974
3165 4352
4401 4038
4746 1899
4648 3360
6 2322
668 1238
1108 1089
1519 1323
3089 2625
760 816
1965 3270
1284 1109
1056 2614
2719 2446
974 2050
549 3037
1936 4877
1068 4475
3295 3583
3303 4299
1303 3220
549 3295
4868 3710
685 3294
2503 4475
2308 1237
3329 1658
2914 657
4479 974
3262 4744
1928 897
1389 3775
1020 2169
2807 2019
2566 2405
3687 2674
4140 2222
4498 2223
3299 3861
3231 702
1820 2134
273 1283
4612 4578
4098 9
1122 676
4626 1408
2122 4469
2496 2607
597 3697
4261 602
1223 1172
2361 3174
991 918
1775 172
471 1378
226 3968
2953 4482
4017 2275
901 4653
3201 578
2367 2736
2819 2791
877 2392
3853 4531
1384 1849
1007 3246
1557 1163
3702 3846
4753 353
2863 1448
4719 3460
1492 4784
3533 303
4795 2620
2598 177
1271 1693
4219 1326
1769 2333
1255 1401
1557 3302
4120 2042
1527 3262
3784 346
1797 2234
456 3838
87 3471
967 2545
764 4247
2253 1630
3942 2882
1911 4978
4717 2813
636 3248
2239 742
3334 4171
2848 3370
4163 4013
4971 2744
3541 2999
4240 461
870 4801
230 1621
809 1412
2500 3008
3471 2960
1354 2198
4169 978
2505 2614
4836 4225
2384 3957
2092 3580
4568 240
2387 280
438 3392
4949 3898
1742 3615
705 2115
4184 2333
1819 978
2885 4564
4940 4569
2256 3759
1235 2559
4700 421
3803 2338
1249 4140
463 4439
4325 3877
2268 371
4827 2608
4095 3110
4454 2626
1312 476
3833 3884
3679 4108
4712 1368
678 1958
464 2331
1044 4762
4535 4066
1437 4615
4560 1176
3459 4466
1122 4333
4506 4565
1296 2765
3616 2356
4848 4190
2569 4879
289 1267
970 736
3829 1880
1720 2364
4741 1351
793 24
4404 4731
1267 227
1077 3212
1546 1509
2384 2196
551 2403
266 4922
879 874
3118 1101
4299 4975
3132 1122
1180 2576
928 1497
3882 2509
553 2339
4440 40
1975 71
83 1258
1840 2638
2673 1343
3697 4654
4434 4204
3850 3048
687 4167
1927 2822
1739 1227
3625 1677
1563 3360
1767 247
2013 231
1382 3784
2311 1077
1686 1675
751 296
1200 22
4223 1162
1412 3566
2147 3651
3539 2575
2986 388
105 2986
2581 3906
3627 2499
2877 2112
2836 2912
3222 4842
1174 4614
2254 4839
3166 3985
4124 4320
331 3491
674 3244
4503 1369
2374 2222
4190 4132
4257 1244
2159 2398
4766 1069
4464 3243
877 804
1285 3311
1124 4102
3873 4293
1070 2979
317 3869
474 4951
179 3678
4069 2067
4864 1168
3188 1418
3253 836
3376 3924
639 4154
3656 4536
4522 1366
4989 1465
1055 3731
1852 4759
2150 1411
3871 1236
3081 4949
2144 1291
2575 4977
1887 540
2148 4841
3604 1046
49 3249
4159 4504
423 2176
3036 2476
3571 2318
2356 3640
3276 1473
2901 2501
422 2696
4595 3660
3570 2989
1211 4660
4234 136
2544 674
2722 2870
3599 941
4046 1294
633 2842
3967 1796
2321 3407
2678 2046
1013 3277
3536 4827
512 435
3966 2562
1951 4152
1799 62
2601 3269
423 2617
17 707
1194 4640
795 3403
926 3729
4108 338
4057 959
853 4849
4898 2276
2195 112
3344 1561
1499 3869
802 3473
4875 2312
1262 2365
4278 3966
2521 2356
3629 1874
4557 881
2430 3586
2011 3931
1980 2856
1962 4268
838 1088
1054 3740
2808 3944
3291 560
788 1896
1206 1874
4836 1351
4081 3732
3337 1943
3713 3696
1597 2626
1083 4844
1127 4758
1255 3504
4180 3428
2861 3243
1220 165
1754 2651
2837 3202
4698 1924
1565 3550
3913 427
694 4187
2576 3075
276 4203
3250 4830
1881 3810
4972 4794
3292 4392
3076 3136
2257 768
4027 2240
3388 994
3016 2604
3997 2429
2877 1329
2648 991
4958 2143
2176 1020
2217 4476
3175 2775
3781 3930
3426 4489
2616 387
4320 1967
3953 1023
2331 4544
2368 4564
2225 2142
2484 1179
1338 4902
1616 1078
1601 3609
4715 336
1783 4620
2531 433
753 3256
2535 1693
388 1735
200 3917
1204 94
3322 2333
4753 1133
4062 2341
390 4043
2903 3537
3677 4497
3874 864
4854 3302
1641 4549
292 3184
646 754
4352 589
2647 2521
2283 1389
631 664
1846 815
1940 4959
1505 3747
1459 3770
3961 1223
526 3284
4614 4557
3461 4444
2523 3265
525 449
4232 2752
4887 191
2780 1764
935 1210
2581 3283
4764 3320
287 4055
924 4466
3332 937
4107 4788
123 3879
1080 2532
3125 3508
2363 2922
1800 596
1635 4117
3871 1672
1864 1847
565 3767
404 1451
3332 1463
3146 4120
3312 1234
150 3944
778 2447
2701 140
4398 2516
426 2885
2874 3012
706 3143
1830 4202
284 3237
1159 2865
3134 4823
420 21
4610 119
3922 4896
584 3004
1500 2790
239 2892
4176 315
4399 455
2614 576
3243 324
2933 3517
4143 4002
417 4087
1032 2029
2209 4006
4002 1508
1560 1239
62 3873
3533 2797
4891 4529
4889 3721
1973 2223
4286 634
3184 205
1200 3500
3480 4842
4837 1767
3456 2522
2998 356
1189 4543
3041 713
96 3686
4792 4739
2373 1755
1034 508
4217 4988
2891 1322
4397 2535
4998 334
4996 388
3166 1894
3134 3700
286 2864
4071 3475
4977 3171
3825 155
1695 1477
1030 1711
2441 748
4835 4882
2916 4540
4209 66
3544 1653
4795 2800
271 2655
2675 649
2171 2454
1341 4268
1358 227
1705 946
709 2892
1164 2877
423 4795
4990 3442
12 900
616 106
5000 2408
4452 4305
2544 355
717 3631
663 3744
3248 2832
4756 2384
4503 1847
2626 2541
2334 873
1635 583
3731 3033
2137 4502
1943 3653
311 4082
2947 4235
1974 1034
2224 335
2301 1981
3702 2717
408 4763
2227 3394
643 4803
4752 3498
3275 1524
4416 1928
1027 36
914 3020
1619 3238
1245 4753
587 2370
1145 2566
334 463
4064 3803
261 771
3865 822
3822 2512
1236 4752
448 2238
2708 2404
279 2728
1781 4596
1360 39
2803 2963
4484 2943
130 4679
243 4561
1342 4425
914 1756
4570 2907
4756 1668
1895 1839
3674 4289
2240 626
3812 4644
1788 3046
4017 1599
167 3491
190 3665
378 4579
918 4610
746 2562
3593 4278
2417 4522
1040 4161
4817 2946
1914 667
1439 3914
3178 2142
4347 4973
2190 960
2109 3280
4638 3995
4897 252
872 3657
758 1467
4721 3256
4882 1406
2645 3730
1866 2308
440 1646
4244 493
2686 2981
3390 1169
3072 2812
926 1455
4376 2271
3344 4383
261 4403
3962 302
27 2126
2637 3891
2524 4710
1490 880
3060 716
4309 325
4247 739
3643 1928
3002 2270
754 4424
4300 4109
1976 3322
4591 2450
3521 1875
4946 70
4409 3382
4974 110
1033 1765
2543 4182
2721 4628
372 2896
3913 2178
447 2086
3054 3293
249 4891
1513 2243
3833 3548
2143 3418
858 3711
3989 4319
2588 3971
3977 1604
4106 1605
2179 2199
1951 680
3929 1927
915 4340
2039 4397
2905 168
959 1530
3117 3979
1267 646
4410 1790
3903 884
4831 4472
285 3907
663 1459
2388 3818
1072 949
2259 3408
3396 3700
2893 514
3662 1484
3033 856
4359 2157
510 1519
61 3411
2993 3409
4126 1699
2360 549
1470 133
1559 3021
3682 3542
1893 3093
4331 889
3664 569
4733 1763
4450 1677
802 3791
769 3419
3218 4783
2670 371
3253 4354
1536 610
720 4998
988 4918
4582 4265
467 945
3432 2652
896 1822
3044 1328
1526 139
76 133
3325 1855
903 1840
4180 4964
4828 4930
1678 1370
3888 733
1761 2341
1040 2777
924 3555
2110 4072
2945 462
92 1292
3696 2873
3343 2484
1975 664
2930 788
2866 3703
3940 964
3323 783
1841 3939
2248 2312
2506 3084
4519 2814
1488 2170
1948 1105
2701 2986
2816 2602
4512 599
1541 2931
3244 1120
3873 3586
4022 3881
3613 2486
2854 527
3999 2785
4187 722
4592 2369
2781 4655
2663 3747
4797 1493
2590 1257
1983 2878
1164 667
4521 1654
2903 2735
4647 3000
1801 3071
336 4126
2603 3674
4987 4646
2992 2631
3395 2435
4961 966
454 2795
985 4370
2553 1540
3313 3404
4949 2955
3875 2840
2080 585
3278 523
340 2481
4399 3950
1924 2905
1119 3896
857 4479
4605 1981
4169 4938
4238 1047
4198 383
1562 1126
2102 1809
3546 2371
1712 2295
2806 2572
3582 4224
2590 4376
4295 627
2925 4082
3219 1889
1077 1768
1757 3153
1365 2848
4923 3919
3540 4686
1621 466
4865 3365
3766 3204
482 4850
4985 1525
1172 603
866 584
3951 528
3273 962
1148 4766
1041 4935
1920 1493
729 1131
1230 2783
2679 4570
1914 405
4795 1752
424 57
2676 4638
2770 506
1410 4649
1594 3150
2596 889
3885 1898
3543 3166
504 1001
1863 129
1720 3025
2066 3786
1388 4238
3716 1110
1177 4472
2299 1235
4140 2882
670 443
3181 2230
2506 2363
120 1938
3955 1758
1684 3405
3921 943
4584 62
1305 3567
3206 2855
4219 2016
326 3067
754 4921
2213 2287
2568 515
4487 280
1192 2227
4933 1751
4326 3483
1531 2639
4989 4129
1601 3004
1830 3208
3777 697
1811 1252
2292 4205
2108 3690
2066 4640
1787 87
2750 4888
1156 2285
1131 3465
4922 4504
3301 2687
3519 2094
3198 4388
1772 4833
4600 3397
2125 2948
2943 2486
1100 1050
1769 3183
946 3548
4054 4951
4629 3340
2165 2656
747 2996
3061 1985
130 3329
3853 1003
4362 3498
1401 635
2560 3596
70 2371
738 728
664 4761
4393 3671
1985 2492
525 1429
1177 1184
1869 670
156 4750
494 3689
3227 676
162 2468
2684 2633
2137 358
76 737
4687 4458
3679 1390
1085 4621
4215 588
1185 629
4486 2221
4663 520
1127 3729
709 185
4647 2411
651 2765
4818 1792
3703 3921
1302 1285
2340 3073
106 3789
689 2067
3384 4589
2227 4626
2289 394
1280 2123
2925 572
2447 3222
2899 468
2392 2278
2531 4337
3671 1659
144 1063
3928 3988
496 913
4456 3930
4367 63
4696 2336
3787 4548
2313 2714
701 1225
752 1157
4506 3885
2983 4621
3075 3151
2831 574
3381 358
1070 690
444 59
2241 4643
583 1509
989 3361
4253 610
2575 650
3368 4135
2647 3893
2697 2371
629 1952
2378 1609
1000 693
4760 1469
4296 4593
1432 2924
1881 4096
3188 4258
3293 2192
2782 3085
2979 3593
4801 3007
2946 1423
125 4509
3084 4581
3528 1922
3502 407
85 392
1485 2607
1779 1217
4040 5
2354 4821
2497 4203
3153 4796
600 3351
4677 3020
3798 2308
1752 1988
3700 898
1085 4695
338 1517
1637 682
1763 2417
2080 4014
4371 2917
2243 1768
3277 3484
4617 3515
4180 3273
3945 1236
4958 4482
3445 985
2337 2836
1044 4086
1215 4943
1182 1063
511 956
2537 2243
3117 2267
440 4558
321 4987
4196 2096
958 1677
2274 4453
1114 416
453 2690
2848 4818
3927 3091
2022 2717
1871 4164
1495 1786
2076 2591
1694 3357
236 3353
4460 2413
3353 1228
4619 4450
1517 3562
3546 3491
3493 4987
371 3474
1926 2950
2593 2334
3034 248
4309 2078
3216 3784
3811 4744
4201 2838
302 1615
1118 641
2235 4651
2893 2682
589 3428
379 2036
2600 1948
3413 4018
1928 4531
30 4728
2864 1653
3161 1499
2643 509
2721 3027
344 3478
2413 2264
459 4255
3935 3000
4151 3586
667 2392
1979 1648
3081 1244
3543 3775
793 1241
4586 2473
1702 699
3379 4655
787 1266
4707 1284
4855 582
2511 2708
4070 2711
4317 3587
3344 851
2877 323
417 4665
1448 248
2457 3617
1704 2437
3701 916
640 3127
997 1273
3183 3629
1824 2447
2557 238
1192 4780
4110 4364
1020 3989
1148 2706
1136 803
4377 3333
445 2765
1949 2802
2899 3828
4325 4116
216 1737
278 2038
1087 3776
1622 4514
2276 2060
2882 125
17 4446
4293 2011
3786 1340
40 3883
2832 3331
849 4532
1449 3940
2268 1511
3864 2755
105 3639
1336 4646
4037 3548
4087 3810
900 3974
719 4605
3074 4546
1263 431
2248 4453
1199 616
1471 855
29 2538
4615 1982
3157 2672
3720 902
3704 4485
4984 3954
3796 4384
3136 2420
1029 3505
4019 275
1061 1982
497 748
2212 840
4300 4393
2661 2558
1478 4017
1828 712
2820 4206
2558 487
1365 3242
1788 2124
931 117
2250 2716
1237 422
1407 156
3939 4435
906 3815
20 3120
2764 1446
4942 4957
4422 2596
3112 4395
1092 309
937 1476
2103 406
3707 2226
753 1168
2166 2900
3904 472
2455 3665
3635 4013
783 945
1035 2829
4868 3692
2134 1284
946 2378
1803 3346
3110 3191
4752 4670
147 467
372 600
2837 3770
1742 2035
4463 1017
2716 2248
2176 3531
4063 1165
2082 4422
18 3409
3772 2363
4490 4310
2903 4890
2633 1062
3797 1999
559 3257
4636 2488
1166 4514
1904 312
931 1632
4258 4228
2230 3071
3571 2225
892 3928
559 1376
1837 3184
2983 1593
1256 3060
3406 4904
437 523
2530 3479
2056 3884
1901 4008
1994 4438
4386 3983
3321 4567
462 2046
3122 1418
2951 126
69 624
1754 3232
752 3291
3942 3121
660 3541
109 2765
2506 1825
1486 1760
1317 2495
4654 1612
3850 2118
2031 3365
737 3020
1992 2863
4319 1263
2897 1474
2316 3303
2032 3453
4898 1868
4148 1745
2491 4761
1990 3135
3925 232
3588 2329
4398 4609
1447 3455
3739 4668
4360 2829
2571 2691
680 4985
4304 4224
4423 4021
754 4878
932 1765
1550 1302
938 286
4264 1758
3454 631
709 375
2943 1060
4816 735
2622 4765
2631 2887
3314 4881
1102 410
4949 3489
1653 40
826 730
4612 3088
3659 1889
2835 100
455 2242
624 1672
1516 851
2484 1991
2825 3214
2395 3115
4216 1525
1200 4709
1792 2682
451 4167
1666 4409
3952 2304
2814 1316
4851 2035
4619 189
4351 1907
1981 2473
2600 2192
3743 1405
2664 2686
2262 2358
4797 3752
1898 1635
3943 4959
1171 136
2446 362
508 3893
3809 1623
4123 3410
1798 2861
2192 2543
3680 1573
1109 2177
1251 2622
2412 4371
935 1922
933 2248
1783 4961
2306 4507
2119 2335
1092 433
2353 2132
1168 3780
1341 2943
2575 932
4797 2666
1729 1888
1686 426
1216 1442
2570 3516
4439 3968
2313 1935
3212 3355
2283 590
1589 4265
1557 1200
3402 276
2207 2694
1717 744
19 4999
470 3507
3141 920
4943 2439
1007 2694
2083 4544
1396 2771
2665 201
2660 2629
3902 932
2094 2839
3424 1392
665 1932
3746 2465
4903 3523
3939 1433
2653 2531
756 2062
1434 2802
533 2207
2992 2144
1237 3477
3843 2616
1740 1
3167 688
4127 3141
6 4853
2611 1148
185 526
2752 1344
1455 841
1214 3300
466 4233
1790 4377
346 2142
1997 1320
4443 3753
2781 4418
732 564
3371 3659
911 3785
1532 1250
3390 2501
4309 2739
3134 78
3620 2845
82 3941
2955 247
1371 2331
3724 2908
193 4659
3965 1844
1223 341
930 927
1215 442
678 4560
4798 1660
3540 4070
3622 3232
2302 1549
3640 1161
4651 4523
3591 825
4196 847
1699 2855
3234 1043
2361 2815
513 911
2887 1533
4291 4340
4587 3812
4327 2204
4175 4559
998 1814
1894 2166
117 819
4500 2063
3238 2428
2885 616
2331 3910
3433 3434
2377 1124
1140 556
2476 4190
4640 1138
2698 4497
2146 3658
835 1674
4155 4474
1288 4446
2828 3536
2756 2639
2312 2925
2132 3248
3447 3576
4794 2431
3911 1581
3822 3881
1966 2989
4815 3203
1090 4323
4378 428
4854 4245
1705 3113
4476 4235
1860 2158
2259 612
3476 2362
3976 2185
1643 305
4133 1068
3607 3396
1086 4498
48 2143
3669 2764
4254 2991
4711 724
2516 289
1099 1910
1159 3753
4002 4183
126 2439
2707 2360
2911 2816
4134 4094
4017 742
2072 1599
4367 4561
4936 1640
1380 626
741 2783
4219 3355
4492 3508
4958 3188
4162 4309
797 4693
1351 1195
4897 43
1650 3824
851 2440
2029 4350
4919 4339
34 4339
1214 4749
4167 1070
3941 1108
291 409
109 4626
3161 4396
734 1544
1028 3868
1051 2353
4968 4205
3326 415
744 1019
4007 4418
159 2367
10 3131
4910 1246
4254 4050
3347 3185
2205 2402
3791 4451
2548 2213
1078 116
3302 3938
4508 3304
430 4617
4563 214
41 1009
1334 2065
4272 3552
4653 1619
3890 2143
924 1735
2499 3383
4047 1313
4395 1161
164 1515
2546 231
3396 4106
1300 1069
302 2435
2091 4756
4144 3711
2462 3537
3412 1436
3369 162
646 1323
674 203
1098 3762
3202 1913
4066 2755
2614 1735
4160 2759
2856 3237
2089 72
3796 2027
2014 3632
2167 1127
1960 1343
3204 2622
406 460
2431 3763
3934 3367
1143 4306
1908 1591
3219 2205
3906 1336
3411 126
1829 4858
4191 2481
3073 4261
1078 654
116 1924
4152 2473
62 103
2626 3767
2230 1427
1907 4554
4893 1340
2260 4836
4329 2488
1652 2139
1016 2766
3804 4723
337 1890
1014 1050
2337 3934
605 896
3650 4460
4634 2412
4461 3301
1449 3696
287 4429
2231 748
260 1310
4549 3320
1584 2136
1696 3335
4003 147
3096 2361
4515 4479
1355 3800
4331 3750
1998 4626
2438 3641
3721 1730
4691 1106
172 1272
4298 2366
4187 3867
428 3339
3187 1648
335 2950
4332 1521
234 1464
1801 465
3239 3197
3454 22
4298 3033
1273 2554
2491 3468
4658 2328
3569 2685
2959 3189
3297 2134
536 1440
3060 1605
3609 4415
1368 3955
4976 2748
4330 3271
3766 2455
4953 2139
4361 4051
334 564
3694 1083
4301 216
3881 904
912 4599
1950 2552
1092 1710
3825 3429
4263 1117
1949 1656
1791 4458
2982 1110
4620 4573
3344 3266
4740 835
1821 2359
2795 2554
2743 2694
4053 2266
582 4641
3459 3222
4011 3405
857 1657
3956 1581
1389 1030
4131 1175
702 505
4338 3099
2088 4222
1166 3184
284 3571
3032 3717
3685 959
3132 1000
4202 561
2449 819
4545 750
2037 4900
3504 3157
2998 4175
3158 4943
3918 661
857 3220
505 3
2607 447
418 4341
4844 2418
3189 4032
3083 3466
2710 2642
3992 1409
2665 3848
4359 271
4119 4430
2804 711
881 1930
2351 3451
3046 1613
1205 4850
857 1123
4259 1158
736 4917
466 2314
2629 3178
1066 1295
3349 3520
4711 2932
435 4428
2107 941
868 3908
386 2266
1845 4169
3646 448
292 1775
1116 2031
4123 116
2114 1917
429 1388
2931 3361
2730 3705
581 4002
1395 1063
4639 3145
3938 3111
1811 3567
3095 133
4841 1912
4385 2673
4337 23
3728 3261
4187 4189
4951 4800
1964 2668
852 4960
626 4576
2400 3326
1603 2109
3875 3131
3090 4028
2818 4064
438 4642
2564 1450
532 3304
3504 1049
1373 3426
4194 1753
815 4620
2078 269
2210 4174
4789 2403
1382 1333
3298 1446
2177 718
572 2298
750 2670
2978 3024
1026 838
1202 118
574 4210
4941 2269
2937 4048
2448 3268
2310 4746
4171 1163
2678 4672
3496 3321
158 3532
4032 2733
1676 1037
392 2353
4955 318
166 385
4984 32
2099 1369
1451 4018
4614 677
781 3813
39 3035
2079 2137
3202 4896
978 4499
43 388
2799 16
4853 3845
2817 1516
4380 560
458 2368
1357 3683
3090 934
4080 3795
3032 4477
3546 3170
2454 2606
1983 4574
3477 405
2474 3688
4844 1795
2537 1631
3346 2564
2262 265
1803 3376
2351 4451
4245 3551
3514 3383
3086 1352
4753 411
1692 3210
2164 3052
3021 1902
3944 4236
4 3107
3802 1100
3669 4114
978 4797
1716 3405
3624 201
713 341
3134 3357
2318 4115
1880 4413
62 492
3946 1361
252 1443
4255 4587
4237 4109
3032 1913
1375 2579
2142 1448
1057 3140
1576 4948
1306 3887
462 3050
2227 2816
2679 2832
2672 4932
4755 398
1476 693
811 3821
4614 1745
170 675
2649 2939
2446 2356
1008 1458
4833 396
4620 847
3592 832
4852 3298
2506 42
3496 4471
4371 820
1310 2268
1773 4607
908 1374
2347 3664
4234 2230
650 594
681 217
661 910
323 1342
191 3392
3834 1769
3744 3979
517 1513
1792 918
3422 2915
346 455
1908 3899
59 588
2239 4563
373 3650
1897 1248
2106 1248
3546 697
4308 3933
3171 2607
1726 2450
2884 12
3009 2754
806 3608
790 2026
3023 3836
4514 1466
3166 2425
4041 1180
3538 3194
1492 3176
4241 3221
3121 2437
707 4356
3177 2290
3469 1849
2028 4373
4947 4987
3820 410
2179 4052
2643 2333
1886 3471
2084 917
477 1367
2983 2914
3948 3646
1752 488
1886 358
362 4923
3572 1550
3257 4862
314 3221
1494 2571
3272 4815
1682 3426
771 3079
3807 1209
4814 247
1137 1091
1992 1225
1373 1202
695 4789
4143 117
675 856
3138 1449
433 3430
1859 893
1615 1445
276 604
941 1773
4926 4479
2821 1603
4921 508
677 1873
3873 2381
1979 2595
3444 4207
1140 3291
631 1580
1104 4488
413 3303
2723 3691
1530 3621
869 148
4138 4620
155 4927
1739 1236
747 2918
3554 3882
1592 2850
3109 3369
600 3707
3941 3127
3709 1065
4760 4343
1271 2492
3881 4868
863 4752
4903 2578
3505 23
924 4385
4172 2193
1443 2813
4506 2095
4187 831
4734 3564
2197 361
3499 4500
2797 3197
887 2121
1203 73
1249 3815
996 833
2279 4345
3394 3572
2817 1322
2014 4424
2890 754
3715 1452
2254 3597
1632 2299
3865 748
934 2222
4391 1210
171 1328
2261 4078
1159 1709
2735 4524
2734 1048
1721 4275
3844 581
3905 2638
844 537
1664 3917
3682 4739
4297 3545
1934 3505
1407 2558
65 3177
4552 685
332 4413
414 3076
2118 1412
3234 2661
3402 2284
3821 1670
3665 3695
4411 2978
4937 197
2486 1707
699 2878
2620 358
3345 604
4959 3841
1678 2852
4959 4866
4816 2715
2938 1473
2949 1012
4139 2110
1946 1033
4040 3441
345 3880
3585 594
2033 1676
2514 1813
1139 1226
3783 3685
3398 4808
4580 2675
4261 3412
2833 3750
2355 1225
4611 36
1181 4718
2426 4446
4351 2870
2951 4799
94 2925
1668 3944
2475 1940
2167 1787
4194 3336
1086 2759
4970 1917
3502 1258
2298 1877
488 4982
4008 119
3712 1207
3894 3132
4832 2794
2831 2480
1006 643
3191 1567
4961 1087
3764 2211
2353 3838
1643 1755
2027 2778
806 1432
868 2615
3749 4217
1559 321
1385 1350
2576 882
1959 2765
1448 974
2978 2072
182 307
3137 2036
3839 572
1432 2416
4049 4573
1811 3848
4620 1188
851 2564
1221 3928
3514 1785
3098 4430
1817 756
17 2664
733 579
3011 4313
1917 362
4548 2454
4451 2358
2398 3087
2672 4777
4331 33
3135 200
2263 3982
2358 4512
2595 3507
4649 968
3966 2439
3807 4515
1645 2909
3974 3572
891 1202
1316 2386
1582 1378
3361 2407
413 1357
379 2126
3240 3846
624 4105
1802 3503
3580 3953
1797 1584
4884 4803
1592 2224
1161 835
2937 959
366 3380
3130 338
4461 2645
1457 2043
162 4155
4270 3778
2953 1097
4260 234
863 904
62 2849
871 1631
2825 1824
46 3931
1167 89
377 2381
2711 1590
1504 3754
4452 2983
2607 880
4142 3773
2034 3611
554 233
4027 419
4712 463
2141 2302
3481 1026
108 739
2447 3746
2754 1623
2087 4777
170 1234
2680 4817
1052 2595
736 2550
264 3124
2128 379
496 979
1380 4505
1498 4642
1669 1720
4969 4188
3169 842
74 3762
2575 3906
4836 2100
70 3329
1182 578
1201 1439
3372 2030
3490 599
354 4218
2516 2786
1948 1830
4242 3133
3355 4834
3485 3820
1355 3810
3648 2545
2317 1919
4522 3836
512 3996
771 4172
4441 872
320 1392
1500 2280
2650 4040
168 2248
2716 3058
1587 1209
1898 2482
3938 2537
511 1892
1258 1320
405 1854
4523 835
963 2990
2048 1335
2033 1553
3242 254
2043 4503
3877 2060
3876 357
2231 1522
4068 3793
206 2905
1099 1046
3897 4140
3403 1997
4715 2744
1658 1434
2192 729
3974 1236
3517 1354
1371 1675
4207 3288
4635 3739
3204 1757
4248 4295
2967 3213
1582 382
3 4150
3033 817
353 1992
3266 769
1480 3372
4566 2857
4586 3084
1825 588
2896 2704
3945 469
1415 3332
1068 1796
2990 387
1044 919
2788 3654
1465 1296
4133 4171
4707 567
3841 4677
1392 2279
3595 3801
1582 1553
4199 3718
1499 1158
2327 1473
2781 504
140 764
1382 2445
3647 2774
3095 4758
436 3518
2201 1560
202 712
787 80
3885 4337
1563 2185
3785 4735
4421 3996
4107 2362
6 3070
2305 1794
2493 4202
1587 1750
602 2871
4739 1548
280 4801
1861 3204
707 3960
2923 2521
3433 473
3113 3091
2151 4534
2614 2287
2208 716
4241 725
3073 1757
3803 1115
4206 4614
1649 3138
2313 2838
170 63
4113 441
1635 664
786 1760
4235 1866
3415 1677
1049 3626
2831 3011
1289 1647
924 4760
1384 880
463 2282
1083 1509
148 3865
653 4983
805 3454
3365 713
3001 2256
2611 4871
2925 2103
1671 2740
1638 2996
2776 1784
3892 2849
3424 4127
2017 2025
3767 1202
1001 259
2129 143
3767 4504
4103 2643
478 2983
4657 4913
1737 1922
2256 3322
4255 4096
188 3536
4950 3780
3443 983
2149 1776
2133 1612
3542 4607
4819 4013
4017 3231
919 2084
2859 4166
38 1648
2373 2644
1952 1259
4404 4859
83 1279
3736 1606
3055 946
4787 4470
2654 138
4897 4452
1533 3198
4287 514
3673 4622
1252 2265
92 3205
3235 4528
738 1543
3464 231
4462 625
3393 3061
105 2907
2469 2971
1969 3032
1291 2139
4900 2063
1655 2687
743 4993
3828 580
2929 3496
54 4710
355 2228
4620 3082
3418 1092
289 2759
2183 381
650 2767
598 4410
246 3038
3933 1162
3372 1518
1249 3127
2754 758
4124 4228
670 2215
2856 1668
3382 2138
3279 4318
4978 621
1768 4539
3039 3884
663 3122
3855 3102
3318 2354
1186 544
2284 1514
4437 2641
4809 1144
752 3121
338 3780
3147 4293
2706 3616
4784 1330
4486 2141
3169 745
290 3649
3956 4006
2734 2936
17 2175
3877 3479
2567 1516
4894 1312
4433 775
3994 468
2612 2859
239 2783
3424 1051
2421 1991
2566 130
465 2172
4196 4745
4886 2625
1791 4404
4502 1151
3194 2506
1862 4060
598 4505
1257 2001
2380 2705
4550 361
3526 1947
1109 1346
1964 349
1889 3606
1708 2000
1019 1827
4384 4525
3959 3909
4920 872
2182 2993
662 1734
80 2876
113 2846
845 4343
2589 1326
4402 1200
3825 4863
4736 1643
3538 4880
1241 2982
1699 4770
1030 3741
16 4893
734 1704
4278 4163
948 905
2248 4472
4610 1163
2356 260
3065 1150
2747 1900
565 4655
2271 3385
246 2103
1930 4306
4868 2705
1376 3623
4840 783
1360 4957
834 1348
1156 1745
3109 4326
1015 3062
3184 1599
2169 1866
4577 2797
3562 4108
2794 2774
160 460
4130 219
4507 3521
4353 3296
4401 3612
2814 3225
791 4795
4246 1739
3232 63
4549 3030
4828 107
1578 623
2082 4845
3432 2592
2813 4383
837 490
4321 2658
803 595
1740 1268
2331 1442
4202 3929
685 2312
1324 35
2933 4463
3385 3097
3456 3986
2404 1685
4463 1297
3542 1390
973 1207
357 1766
4807 3921
1650 1463
3168 660
1074 2437
9 4165
3920 4556
3690 4202
3939 4944
694 2982
1172 374
3053 2329
4429 2522
1404 2542
1651 3125
1292 3112
3357 1642
4776 1118
3627 4415
3411 4036
3457 2767
2761 2209
2480 718
4427 810
1253 657
3518 777
4224 2102
2981 1744
3409 3779
159 2985
1554 2179
1846 908
2428 2975
3483 996
2347 3059
1907 4794
1733 694
3282 2570
211 2868
1753 4985
3702 704
713 1752
3577 4923
2349 4541
2121 3971
4681 3655
4474 3467
3058 878
1455 3549
1708 3225
1725 1163
168 3105
1795 3869
374 3464
3596 1104
162 958
191 1542
296 4107
1383 3431
1011 1956
1667 973
3257 710
2829 894
882 3823
2258 1192
3762 2675
2550 1351
4377 2214
3681 4026
590 4832
2874 2647
81 1570
1572 956
317 4167
1080 4057
1469 1159
4706 4150
1791 2412
2861 918
3998 648
1897 3586
4400 698
4511 992
1435 3011
3348 964
3629 898
2686 1288
2545 4789
1183 1590
1495 4793
3953 4668
3293 631
3921 863
277 1655
1041 2817
3163 2619
269 2360
862 3725
4050 1940
1177 215
1228 1707
4132 2738
69 1457
426 2019
3248 3321
3120 465
3938 4614
1914 2249
4244 3732
1859 3690
4634 2160
1694 2477
687 1055
3335 2692
2167 3411
4298 1926
3086 1858
2316 1647
3961 4555
1203 3267
3363 1363
3653 4965
4675 4751
924 3242
960 555
4006 3712
1473 2935
4367 1039
4300 142
2794 1479
716 1197
4126 3302
4911 2748
1901 2682
284 2082
4944 2824
4082 1077
4733 3893
3214 1836
678 3787
3046 4839
1272 2399
3394 1057
1668 3324
1293 4871
3384 2340
2464 4245
3282 4178
71 63
703 4601
751 3479
3038 222
4305 1560
460 1305
2083 1191
2688 4802
1604 418
887 3988
2501 1474
2798 1862
4356 3338
2648 2544
4963 2636
4979 1472
1839 162
3040 1981
507 1967
4790 1431
3076 3550
381 1596
676 3449
3191 3460
3102 4102
697 1020
1646 2925
943 2479
1841 1235
3826 988
2106 101
1743 2622
3410 541
1579 1574
4815 205
3305 4998
716 1271
1522 3373
3382 945
4896 3305
2534 3560
1104 3552
2041 660
1347 2869
2841 2711
3070 982
3950 4574
4112 1688
38 3888
820 692
4018 3256
1428 4928
3355 4262
2672 3979
82 2576
3363 150
337 520
3271 1072
861 4900
1867 4635
1147 3771
4484 4779
2344 3684
1852 4527
1065 2918
800 168
4515 1877
4382 2654
23 4892
563 1191
2177 2156
1995 2105
8 1440
3922 3645
391 2733
4607 1947
1963 4344
640 2181
4886 1694
4626 2580
367 2344
4966 3204
2275 3153
1829 4023
2376 3436
4492 2537
3289 4558
1839 342
322 4103
1950 3680
2934 3749
536 4578
399 3257
3408 820
4496 3886
2461 1544
3073 897
1070 499
3161 4518
2347 1694
3023 686
517 4426
1613 4580
4324 75
337 2811
2645 3836
4063 886
1865 3959
950 3313
3650 3186
2555 2024
1331 1467
4863 4912
3363 3399
1990 2990
2129 295
3637 1100
4047 4359
3150 4744
880 1060
125 4168
4047 2895
3714 1397
1088 202
4544 4804
2325 4567
160 4002
2537 4148
1668 464
1819 3967
91 65
2918 3537
4872 1185
3911 3606
4511 3586
3358 3126
1386 2142
3639 1839
4846 899
2274 2795
302 2941
1946 1414
3800 624
4250 1550
704 1214
4194 3920
3226 1802
3423 2929
2428 4194
2824 997
2391 4563
2082 3617
2526 323
2785 88
1221 4289
2579 1755
4869 2825
656 3467
2740 4083
2583 3703
4964 631
1221 1648
74 3453
3097 1006
978 3233
1580 4811
4637 3623
4741 4203
2097 390
2046 4621
4162 1760
2752 8
1967 3939
774 2964
4226 2242
596 3512
879 449
3137 4787
136 1980
3223 4945
2414 923
2486 337
76 3381
3344 3146
4971 3527
2938 2112
2005 135
2851 166
3621 2227
2663 1219
4991 2536
4038 725
4065 3590
1827 413
3199 430
518 1734
889 3597
4839 1627
949 2235
62 4263
2728 3813
2996 1524
3408 479
680 4994
581 2869
1610 3217
3331 4519
1072 3998
2654 1616
1516 3509
479 2319
1870 4994
3364 4630
3139 4973
4329 3805
2534 4755
1346 352
1273 479
4738 2713
3640 4339
1753 2814
3178 3975
2232 2761
3635 1915
2439 1564
4802 2735
3615 3873
1251 3049
3391 4166
3984 2390
3198 3359
3863 1490
65 4514
4609 1640
366 4046
3046 454
4123 770
1130 990
3922 468
713 2406
4438 1274
1458 4900
4603 3489
346 4840
2131 241
1185 3807
3209 1658
1957 1921
860 1116
2546 4592
4384 208
2862 4593
2046 3403
4025 2633
3191 3443
2700 1685
1901 2345
2565 1874
2891 103
356 2650
4462 1255
4506 1360
690 2003
1206 4240
4912 1421
950 914
2912 194
1155 1279
1738 3036
1546 1075
2169 1164
3098 954
4385 2157
2175 3790
2747 4767
2823 230
3827 3750
1402 39
869 30
1892 168
2580 4078
363 4026
995 3503
79 121
1585 1610
2060 1785
4379 440
702 4091
2596 1224
2996 985
1823 1771
840 4936
2741 1955
4239 1393
197 3417
976 1453
3478 4877
3017 2943
2837 3749
4370 1436
2738 2601
783 2433
3961 683
1633 4775
3178 232
2960 3911
97 344
2186 601
1231 4866
466 1303
1207 4835
4122 4568
241 476
4204 2518
2079 2992
521 743
2569 295
4625 158
1330 4423
1118 334
3383 786
957 4995
403 2976
4710 1238
593 1332
521 3997
3969 509
3897 1179
153 3806
882 4558
4586 3382
1666 4265
31 2771
185 1938
3279 2260
2920 501
1634 3641
4874 988
1878 626
1602 1781
4746 4900
3561 2818
1400 1150
564 3081
1108 896
988 4429
4230 3396
1346 1777
2597 4741
163 3711
2748 955
97 2311
3468 2408
3521 1631
3585 3740
554 2164
4120 180
2052 635
4670 2269
4684 2935
2183 3410
4627 2087
3884 1478
2243 960
236 2272
3518 4899
4479 2531
2764 4717
1371 4431
2212 3587
1123 2557
2924 379
4410 4096
1696 4633
1906 1529
426 3697
1826 3863
189 1901
3753 4127
4710 4270
837 448
74 4070
822 1542
3409 1047
1120 1685
4169 1180
4547 186
689 3153
2808 2741
4398 2470
3635 4860
4294 4471
3296 4805
3926 5
2685 1025
3930 420
3251 949
3236 3339
1319 4406
1713 121
2824 2866
2758 3696
3485 2004
3257 366
2810 4533
4039 770
3156 3505
3229 720
3409 2479
3122 4884
4730 3007
4105 4815
1416 169
2483 4029
4209 3245
4834 3117
1762 2970
13 4666
667 2266
677 2028
4718 10
2672 3924
4805 817
3874 3952
3024 24
2543 2612
1613 2262
2252 918
3267 1404
1209 4407
2617 967
3691 4816
4941 4762
3887 2975
3125 1623
2708 2543
461 4414
1229 1662
2218 2630
2968 3498
2280 4191
3797 2953
1717 3835
1345 1603
1558 424
2302 2603
3484 4837
505 2787
2329 2668
3547 1236
1782 1202
2124 3255
1780 1555
2915 4595
3226 1172
1910 3035
2263 2267
4339 4342
1726 245
1737 879
1698 4313
2574 1421
866 2601
819 964
1746 2561
4916 2432
4116 1238
4463 1522
31 2543
4530 471
1771 3947
1454 4972
4563 4382
3056 3963
3563 1029
804 2980
1649 4593
723 2018
2018 1390
91 4190
3498 1590
4849 3398
4884 814
684 1333
2194 3208
4961 4316
633 2504
3710 3882
3978 2526
542 4265
222 2292
3996 3115
3562 2632
4224 4658
2667 2989
2168 1433
4727 2719
4193 1846
3852 4656
1929 798
4456 3019
1236 3526
4758 3144
1690 4571
723 4881
4636 769
613 862
311 3327
4653 1839
3256 2809
4355 4816
2464 3307
1617 4134
2933 4722
497 2192
4041 2531
2687 112
4825 3317
2038 3148
961 1814
4447 1770
2101 2403
3990 4238
4217 723
1785 4116
2572 384
4491 2294
2545 1409
2628 2615
4074 3965
4382 923
3592 657
3425 12
4331 1987
1009 625
4247 1099
3063 3493
1113 825
4984 95
1529 169
3211 3611
299 3792
1545 743
2396 4819
285 3351
485 2383
1533 634
3490 4391
686 1917
2605 32
1561 4381
2060 3632
2539 439
1334 4029
3038 4512
3963 3517
3343 3254
1083 1274
613 3563
1522 3817
2819 2478
1058 1813
333 655
475 1687
4721 1600
775 2215
4337 1166
3821 2305
3219 1867
2011 2344
4045 1831
101 2268
604 1256
2956 3818
988 935
1703 339
949 4322
4876 2770
1827 3256
3123 3274
3384 1822
2981 728
142 1327
1323 2596
3472 603
3843 3648
4604 1331
2702 1397
4529 3373
4368 4877
2341 3158
3824 4226
2587 2542
4298 3390
2683 401
1076 1336
1621 1454
1016 1767
1190 4120
271 1143
3254 1266
3475 2627
3018 1215
3659 3813
2482 1147
525 345
1751 4354
3266 2028
4685 3167
1411 3549
3593 1216
882 4610
1472 3631
1716 3669
741 2667
1245 2574
251 2840
1933 679
2966 3118
3709 3654
4293 2339
3511 3501
1750 392
2011 1659
1650 4303
2396 646
1760 705
1762 924
4928 2498
1627 4211
4575 3455
1372 1652
4996 4935
4931 3478
1661 1095
1630 1472
171 2601
1144 2045
2635 4520
2809 3258
791 1719
2003 4989
1686 3467
1890 2968
4399 634
709 1522
2193 2411
1877 4473
982 4732
204 3354
4225 990
3470 3611
1780 4353
866 1601
3714 4613
534 2482
2970 2753
2315 3934
726 2115
284 326
3372 1984
4972 2169
1706 2052
1991 2828
304 295
2465 131
4486 3904
4822 3749
4486 2386
2227 3115
1880 501
3653 1830
2847 847
2416 2442
261 1107
1158 704
3664 44
4238 4166
3129 244
2468 674
1359 2931
3795 4417
1643 3099
2428 4845
4290 403
3283 2493
2749 3648
4877 536
3992 779
3129 4487
1915 4069
4986 1780
150 463
3978 1461
4940 3627
2390 3525
1858 3646
2620 3050
2204 3740
2197 4715
2526 2622
4896 712
1193 4033
193 168
1434 3815
3733 229
3700 992
3547 146
1800 1451
3723 3555
2580 1689
2644 3323
3947 4941
2766 1829
1069 2339
2879 2161
2735 3264
764 4168
1102 3767
3876 551
2126 92
3274 1188
1602 1763
2639 3511
481 1701
1814 3713
676 300
1886 2552
2893 522
747 1369
962 1551
4552 4296
2561 3447
3976 4353
3345 4924
511 3592
1547 4747
2906 736
1843 4403
62 3828
1295 294
3770 497
3106 4967
1770 691
3150 2922
3481 2605
3499 2701
3310 4432
682 2672
3273 1997
4055 4964
3218 4788
3056 466
4403 2112
4560 4029
1094 2636
247 1155
1195 4534
4056 114
1995 4972
4463 1506
4335 2436
4341 1362
1020 4172
210 4472
4820 3550
4712 3255
3526 2461
4016 2587
4634 2987
3023 601
648 3827
3869 4231
4577 3838
4568 1463
4201 4968
4709 4382
291 3734
3641 2392
932 3165
136 3938
480 2868
453 1401
2019 79
307 2607
14 1044
127 2395
771 3403
96 833
451 2288
3493 293
1686 2755
2020 1468
1155 1642
2286 2067
2243 1085
1526 3318
1195 3447
2250 1333
1228 3820
4316 820
4666 1283
3538 2976
2769 1239
3607 2123
3472 471
3096 2441
1645 3621
1602 1092
4617 896
4929 2109
1467 2032
261 3253
3169 4864
4932 1195
1919 1417
2 137
2408 4601
3334 2439
805 845
2558 1940
2817 1442
1361 2689
3401 2212
3506 4182
4946 4006
1791 2254
4867 1998
2519 3640
3517 3731
2347 4250
1731 4011
3111 4364
42 4181
3214 919
210 3443
295 599
1398 3838
4941 418
1878 1803
3352 4670
485 283
10 2801
4830 1779
3145 3484
3654 1231
1387 69
1305 253
2907 4506
2040 145
4439 3632
4970 2859
1544 2151
4499 2802
1623 4254
2395 3501
1359 4124
997 581
842 4442
2487 2402
1700 1211
2511 4680
758 1246
772 109
262 4239
3318 3785
4463 1903
781 2557
1672 3421
2493 3882
388 2091
889 597
4728 2259
1917 4280
4357 812
3592 3112
4927 4688
4956 1370
3612 2277
4907 80
4214 1335
226 3189
225 1562
1667 1930
3054 2828
1905 2530
3368 2960
2694 1048
2988 1546
2626 1973
4703 4124
2183 2506
3859 4597
971 3015
4779 1110
4767 551
454 4529
4714 2539
1352 253
4405 1179
2612 3417
560 4775
332 4278
633 964
1130 45
2808 53
1142 524
2582 2295
907 4287
4777 2312
4629 4586
3519 1614
2117 1985
458 778
4817 1070
406 3531
587 459
3014 2339
1985 1693
2122 3212
97 2620
2312 693
373 43
2643 2397
97 1600
4299 828
3946 3865
2347 2377
4950 185
2719 4529
1274 2365
445 1178
3528 3740
3305 2364
3052 4275
1665 4875
1028 880
2196 642
3199 1916
4578 326
40 1415
4509 2056
117 135
3225 2738
1367 2820
2851 3944
2596 2064
4231 2515
3700 4344
361 4644
3593 3815
4688 1477
1317 1422
1485 1588
2612 3535
3536 4309
3499 4731
77 3347
980 2318
479 479
800 4965
3188 4303
4030 1502
601 4243
3674 2464
4276 338
125 4965
364 3355
1650 1691
216 4206
1084 3999
3243 3301
1674 4782
2949 798
1744 1105
1056 3735
2718 4344
4614 2845
2891 1929
3627 83
1495 1676
4951 4848
2640 2654
2985 769
3524 3353
1036 4613
422 2156
1430 2020
4313 1410
1979 899
3231 2972
4315 2570
2362 3263
1138 2274
342 1552
1793 1107
1396 802
2854 2974
1771 204
2535 964
1747 186
4835 1493
4519 3902
557 2691
594 1778
2633 2352
3539 719
3708 4176
3659 2550
4216 2155
4439 3113
2446 1372
3978 4189
3469 1068
3075 750
4390 2494
3709 2887
2944 3186
1586 2556
4888 4032
1387 2921
150 3312
2209 2808
367 2232
1880 1405
4358 1600
2387 3018
4177 718
1397 1345
1002 1519
2852 3339
3607 1920
2348 1484
1495 3744
2505 543
1120 233
3239 749
2440 2756
3202 180
36 1115
901 1351
4510 778
4632 4219
3474 358
248 766
792 2346
1722 3859
4915 186
311 248
2794 3043
3020 613
2212 1428
4255 3725
862 617
1442 3858
4470 2838
451 4870
2719 1973
4072 2188
4968 1880
1306 725
1702 2304
3847 2812
3660 1503
1792 4892
2770 875
4848 265
1131 1318
3528 1720
1048 1547
3436 4266
1776 1943
1182 1193
3271 3037
3383 2968
352 712
1780 3676
147 3543
192 1964
3387 3281
4683 3674
1883 3437
4463 1952
3862 4943
4644 2040
1236 2034
4347 1655
306 3992
4830 3444
1141 1729
1721 2667
3705 238
1749 1230
434 2751
1563 2167
3754 2194
3655 117
3103 392
31 3341
3122 1244
3055 2937
4879 3427
1953 4353
110 3038
461 4541
4926 4376
979 2981
4570 3119
376 3105
567 4333
1689 1962
1268 1095
3534 2767
3269 2988
923 4386
1688 1344
3844 956
1388 3036
3476 3814
74 1729
4227 81
437 2775
4443 1803
3041 638
2812 1115
3750 1322
1757 94
4709 4105
2519 973
4818 4520
988 1745
3706 4342
4201 2586
3705 972
2041 478
4001 3619
3780 1102
1000 2958
866 807
2179 2541
3736 1080
636 2627
3842 4898
3175 516
2578 4724
4801 3292
2011 3101
1106 601
294 1127
1459 1439
1857 2382
4194 790
3931 3889
4683 4401
2048 3929
1118 3385
3580 2065
3713 26
2076 4645
4545 2445
32 2007
973 1438
3251 2437
2443 2400
895 1676
1365 2095
3725 4000
2129 293
4894 3524
3604 2233
3759 2577
737 1229
4225 486
4471 3185
4404 4968
3114 3185
1545 532
2351 3014
431 2476
378 2403
3222 184
1730 4847
3488 2976
3156 2960
4873 3965
2624 510
2383 458
453 770
3882 4344
243 3534
4965 2010
3203 3286
2385 2104
2303 1203
763 3643
1784 4209
2497 1305
795 4204
1488 2207
4556 4547
2743 2556
4529 804
3359 4358
1208 3657
2133 2596
3060 788
1346 3587
2200 1615
2877 3082
3947 639
2084 3075
165 4432
2153 852
2874 606
1614 4267
2345 1220
2426 2762
3648 1337
1157 2164
154 377
4326 2398
4191 2196
1652 608
3052 2936
2057 3743
3359 3775
2053 1914
3052 704
3228 2356
619 4239
2648 296
1797 3966
1664 739
2661 54
4048 2202
448 962
566 1963
4903 473
3678 3744
619 3598
2660 1622
3287 3240
4118 1073
2467 2836
4359 4278
4826 2046
4142 2713
1901 4723
3972 1658
2044 3552
2814 1626
1296 558
4409 4203
2578 1385
663 3262
4981 1894
970 2664
3951 113
1247 2335
4014 1531
3412 857
963 4644
509 4370
3846 1454
1005 941
4918 636
1179 2949
1563 2723
1162 3061
3585 4241
3544 1853
3227 3129
4066 2074
364 4565
1038 2710
330 4540
676 2406
1691 4795
587 4348
4413 1663
3998 3047
3539 3456
2678 2389
2173 1567
2275 4421
202 684
193 1112
1419 3544
64 864
1202 4946
836 4445
4419 4494
2965 2424
620 2632
3852 1308
4881 3852
1914 484
31 4444
3001 1965
285 3556
1409 2915
279 1404
232 4113
591 1204
723 2453
2184 4956
3343 2419
2589 1688
388 2094
4919 932
1933 1355
729 4898
2570 4106
3566 41
1608 1319
2493 4381
529 42
3721 3213
1437 2417
2056 3579
4738 2231
3836 1050
3920 1422
342 1386
2856 2218
4821 2509
3504 4639
3713 1388
915 1053
211 4346
2806 3916
2016 3374
1102 1164
2632 2937
2468 1603
4206 2914
1661 3379
2466 4413
697 4493
3357 1073
2315 2213
4745 4193
1619 1080
1381 3
119 4605
4747 365
870 4421
3223 4264
3272 616
2554 3057
1260 4894
2869 343
2074 1206
1944 1151
660 1833
2150 2519
2856 4525
3875 3680
4264 4959
2664 4801
2037 2655
1023 2299
3887 2576
4527 1584
1718 1534
1229 4645
4851 2085
3595 249
3293 905
1061 3361
182 4782
591 418
402 3877
2302 1314
1703 2364
1913 327
4729 3174
1167 1923
525 4120
746 3698
1289 4039
4887 2794
4490 2814
1952 3273
600 4523
3285 3801
4547 3365
4307 664
1764 4570
639 2547
3167 3278
3709 4462
4581 2981
4661 2635
2997 3940
4421 1839
1526 2787
1185 4195
1890 3553
3198 2046
3771 1504
980 584
128 2142
1101 4155
1745 3875
1292 4406
4507 2233
2285 3827
4330 1156
1863 4214
4448 3130
3450 4261
2176 3224
3301 3087
1783 2563
3763 4130
2156 3897
3447 3543
4621 2919
3212 3145
1086 3138
2783 228
4628 4247
3899 2818
861 1549
4382 2914
3768 2703
2233 3787
31 3218
2286 1849
1777 96
1294 2074
3100 4238
2000 976
1607 4153
2670 1183
2857 859
3792 865
2997 861
816 1776
4140 738
3683 2406
1757 2611
1058 3062
3423 3749
4054 3248
1033 2586
1821 1004
2915 1654
4549 3730
39 4014
1757 2534
4419 3954
2313 3038
2792 1105
4847 3383
4815 4049
4774 1160
767 4271
4936 4020
655 2401
3896 1215
2933 846
446 2896
4967 4211
289 3903
2577 1132
4147 4387
4569 4988
4712 1247
3680 2365
4314 292
2921 1127
2368 4689
2087 3216
4335 2547
115 4347
3326 2539
4475 1476
1768 4994
639 1136
1650 4457
4347 350
3223 3631
4255 3063
3813 2084
4456 289
2018 2894
400 2369
4647 4647
420 4779
2288 3213
3050 3858
1467 1986
650 4282
1485 929
3766 2276
1753 4885
2918 2994
1976 1137
1444 170
828 4016
807 2
4272 3629
2877 1828
3917 893
1011 1218
4439 4805
135 4518
218 3374
4252 2438
4396 4800
857 4915
3993 3850
1630 1625
1437 1000
48 4469
3125 1942
4424 1324
3342 4455
2597 1175
4684 1186
2522 3612
2390 2800
3134 2806
3395 2462
4595 896
309 195
401 3334
2530 2118
4098 2723
1634 1949
1195 2812
2897 4319
4500 2299
4989 3071
1840 1378
3177 2574
4496 2432
3021 367
3919 3618
4114 4876
4121 1113
260 4678
1309 4937
1823 869
2242 4020
4122 3293
460 3069
2120 3259
4552 3506
4597 4759
4226 1039
4200 4997
3642 773
752 1110
1108 294
2114 4228
721 60
3632 2505
1241 2512
1018 2869
1453 4282
2392 3696
1281 2220
3341 4036
2670 3444
4708 448
2130 1078
122 3394
636 4556
1347 4303
3911 3029
1077 3681
3598 761
162 4777
3709 2545
3126 3541
1692 3111
1106 3321
909 761
1902 1067
4769 3519
4005 3469
4770 1499
542 3527
4822 1346
1948 2628
3491 4369
2202 950
1232 971
624 2408
4265 2988
200 1370
3909 4366
4181 3679
1713 395
3461 584
4629 3331
2590 372
898 2995
1279 600
1758 3936
906 2201
661 4803
1095 1356
2114 972
4198 756
748 538
4314 4479
2190 1120
3002 1053
4332 3332
20 1520
4217 423
1950 2175
4242 2106
3140 4950
4459 4172
4543 1769
528 4845
1267 1065
341 3389
3661 140
817 2475
449 1855
3199 3716
1608 293
894 786
374 4625
1829 3220
1796 2510
3332 1523
2608 2498
4012 3106
4234 1119
4071 4537
266 3031
4663 3895
3146 1833
1597 791
3652 1224
3213 3060
2513 2957
800 3633
4083 1583
2160 4483
4066 1440
1939 183
2746 223
3564 3366
4773 4996
911 1309
3938 4290
2924 1049
4378 4557
2919 3123
951 2032
850 2313
4268 2287
2934 3804
4889 4267
399 4346
388 3248
4102 4869
4022 3767
3762 1282
1516 2973
1587 4220
1608 1041
1266 1775
885 4267
3825 3394
269 2076
3213 165
2151 3929
2793 3415
2054 748
1074 987
2225 2042
2516 2743
1507 1889
1038 2137
680 2271
2933 1977
3617 2167
1955 1413
1619 3125
3728 1616
1814 780
4861 1500
294 4692
3516 4645
4477 4677
597 2114
3058 1989
2283 4653
248 343
2276 239
4239 602
455 1142
1710 3601
1683 699
2227 2490
2257 2363
2381 2757
3299 3815
2869 877
5000 417
3888 1720
1908 3871
3513 2392
487 273
2254 2754
965 1813
837 2510
2894 2044
2886 2697
624 913
2641 3812
3991 384
1951 3624
4687 2612
2535 3933
1488 608
4459 2619
4200 1227
307 2917
4479 2533
125 3743
4042 1224
2591 3109
4255 3059
2809 3839
3753 2784
4780 1222
141 2614
1349 1119
4431 252
4144 3308
4989 3876
798 277
1804 1081
3192 4671
557 2976
724 1922
347 3750
4307 4948
171 1799
2971 4860
1126 3460
727 1268
4906 4691
3714 2598
749 3976
2325 3750
2904 1809
2981 2386
3081 3389
248 660
4510 4923
2733 3048
2303 921
1187 3293
4435 3788
3467 4626
578 3741
1733 1642
962 4015
20 1883
2120 2019
4538 637
1125 2065
4463 1946
911 4332
4415 3189
1395 650
4572 4363
471 1333
3943 1933
864 4557
3976 2638
3719 351
3930 3669
3247 1058
2132 2949
2517 4499
1018 201
2473 4163
4986 3004
4015 514
472 2911
1485 3413
2845 1499
4067 675
256 4567
1749 660
1102 1125
418 2150
4383 3391
2351 4647
747 1698
4078 672
1444 358
3799 3902
188 1520
1825 255
3474 4087
2241 32
2305 4975
2022 2921
2801 594
2634 4532
2399 3128
1942 2269
4153 4995
3539 4513
4500 4219
4756 4503
3215 4296
3504 3804
855 1501
1075 2930
414 538
2995 887
96 3739
1620 159
4160 2424
2237 1039
3995 124
2187 455
752 2618
3354 2445
4463 2188
4337 3244
2859 2636
1461 2597
2164 2211
3739 3555
4965 839
2368 4480
1242 26
1760 915
704 4272
285 138
1500 2192
1418 1125
2879 4679
3927 2916
2824 2331
4770 1452
218 3919
2514 1271
785 889
365 2282
4851 4439
4923 1054
1939 733
55 4821
1802 3389
232 2965
891 267
4157 2420
3772 3924
3623 4595
2918 2901
3797 902
4750 142
335 2691
3679 1021
3563 1914
4053 4351
3270 1254
1890 3987
3421 2823
595 4890
2306 2725
2293 1822
4138 4860
765 2373
605 3954
2711 1571
4134 1536
3770 4660
1285 1400
562 3286
1810 2775
4752 4100
4698 3271
3253 4874
2667 2656
1807 4606
4607 1022
105 1669
3770 3969
216 797
1685 412
4295 2478
1523 1768
1877 4478
375 2255
2636 2781
2162 3357
3861 2332
3792 4359
3171 2677
1673 2378
2672 740
37 1023
3112 4956
4216 1669
497 3345
4843 4599
3127 564
2135 3660
44 4834
1954 3129
4687 465
3040 1287
4527 2013
1736 558
3096 2714
3521 2246
3996 1098
1584 1856
3077 4159
1636 2028
4211 3110
4414 2022
2706 2615
3962 2134
592 1071
929 2585
4986 2211
4450 2084
1856 2007
1927 1879
2258 2474
1339 1177
2623 4147
2620 4308
2946 3639
1912 2367
1139 4242
2769 4313
3231 710
619 3654
2977 755
3897 4295
3346 3214
61 1022
4370 4422
4068 2950
3292 2199
2357 363
2754 1535
2048 2008
316 4198
1706 4081
434 1446
25 4951
2558 3098
4384 4900
4728 4609
3977 3050
3130 4323
2802 3989
3349 3892
1988 892
4568 4750
2103 4142
3792 3713
1026 1663
2824 1012
2206 66
3933 289
671 3087
2963 4066
2122 1086
4021 218
160 3194
3032 927
4541 2115
1391 2641
3120 2216
3706 4773
4485 2920
55 3567
4315 3414
1080 2672
4436 2071
2122 551
4120 689
164 3491
1455 4205
1776 4474
2617 2278
1480 1465
443 4268
2922 3388
844 2008
2672 1464
4967 2386
1669 3246
4300 3423
2798 1020
4522 1294
2870 4564
3301 669
2055 3072
276 4136
3335 4181
194 4875
2152 4853
117 1577
1342 232
4758 1851
4136 1228
24 3207
1468 159
842 1948
4979 682
727 3059
800 4894
904 2046
1736 452
1470 2308
2146 3582
2360 5
3090 4929
3217 529
453 4477
2521 1373
3004 3473
4453 3957
269 1167
1439 3157
3304 2477
813 2181
4656 2526
438 607
3406 668
715 988
807 3024
2291 2324
3135 706
3717 4282
3577 3526
4855 1371
3258 3132
490 2460
1729 3741
838 3010
4886 4943
3000 2098
1789 4061
1040 2880
923 234
6 1971
2187 829
3029 2066
4590 651
3183 877
3901 4685
3599 2912
764 620
3221 2243
2773 4514
1614 3851
1137 3698
2074 1688
571 3931
2175 4170
2768 3634
4884 4398
1181 4583
4457 2713
647 3470
3669 4596
3615 4725
3974 1263
600 3491
1006 872
752 1942
2912 2596
4755 3065
4794 3764
2817 58
2721 4686
3659 2039
2664 1647
1397 1850
2304 3354
2229 1215
968 4203
2225 3080
195 1529
3652 1996
3730 1092
4970 3429
3445 730
621 3309
3083 3940
4997 3796
4420 1316
3491 4415
2699 1887
3964 330
589 1292
2503 570
1237 4346
3026 1581
1718 3285
1305 822
1253 4578
4526 2153
4846 2087
1627 4966
1789 1866
3655 3939
4485 2275
3430 4979
3784 2404
848 4009
2242 2942
1639 4929
4449 1786
4220 2371
2941 3262
4 4825
832 397
4708 4685
2576 713
3784 4002
931 2118
716 154
2345 1503
2431 3945
2335 2870
3790 2605
4621 602
4147 96
444 289
2613 2928
1107 52
4714 1581
2222 4659
3168 892
3504 4981
1706 3285
4055 4431
4273 1197
2740 3860
456 252
2602 4863
1992 2900
4750 1977
4819 1228
2865 2226
4498 2559
2124 3908
466 2684
4880 1169
3456 3660
1628 3579
547 2655
2298 4376
738 2246
3474 2815
2493 3639
2312 616
2224 3122
1538 3700
3447 4746
709 1721
3031 1380
3237 4442
4658 37
915 1724
2338 766
2325 4814
842 1600
2232 3369
4818 1307
3891 3140
97 472
1776 4856
2215 4112
23 1165
4226 1738
3645 970
4766 2965
3681 2474
4757 1979
2545 708
2671 2621
4810 1490
3484 4994
4088 1036
2785 1315
166 3945
3264 3908
3267 44
4504 331
3385 1799
690 1857
3853 3975
2039 1322
4659 1155
213 166
4033 4528
3757 4981
2161 3282
2825 3992
3709 4537
4615 4650
4507 527
3533 86
4786 4819
4940 1020
4619 2426
2273 4790
1424 1901
4137 1175
4993 257
1116 1888
2935 1080
1404 2851
1656 4449
4277 3556
2003 20
1313 4471
1977 35
492 3141
3177 1400
2626 735
4991 1662
2041 4245
2274 2055
1106 2297
2143 4894
1481 2018
4990 3534
960 1454
1155 841
1159 4057
1911 4966
1315 988
4749 1005
2139 124
3219 1959
2384 2950
3790 892
4373 4389
2305 3441
3737 3402
3531 4640
3813 2406
4086 4824
2344 4727
2176 1759
1017 4379
1250 870
2587 390
2103 4552
1775 4551
2024 2986
2149 4158
3653 1095
2789 1911
4250 2101
606 2203
4995 3921
248 2910
4287 1927
129 4831
4467 3696
791 2964
4883 3599
2474 2606
243 2355
4863 4932
4862 2625
3780 275
155 1979
3469 824
3956 1234
2103 2907
1898 924
1730 3546
4819 3238
1105 3893
1241 3721
981 2925
746 1723
2166 1820
1498 1711
2978 3559
3682 546
1150 1151
1948 4913
2636 2519
1531 3532
3205 1191
4148 2893
469 4584
3504 2983
4049 511
2528 360
381 4137
3867 3014
4432 4145
2517 1403
105 1847
2222 1442
1152 1549
4481 4124
294 3590
2350 4212
3281 174
1462 4983
1888 4590
4063 3537
2296 2801
2378 1223
4347 4927
712 875
2298 4504
2115 3069
3163 334
1982 303
4735 3515
1531 4910
2342 3414
4546 3521
188 2073
3409 1342
3904 4881
105 1395
3874 2152
4510 197
320 2374
4126 4404
1025 1883
1217 683
4255 1296
992 4092
1204 2080
1567 572
1299 3078
3945 4080
527 2054
3678 1424
463 2651
3519 347
21 3801
1364 4929
4272 939
2845 1613
2470 662
723 1921
4653 778
1717 1162
1668 2009
2446 4115
1108 121
3429 1238
4397 4825
4641 1666
1124 4609
1447 3125
4748 1741
1283 857
439 1976
355 3209
3557 351
2040 4951
300 3921
4193 2156
2814 501
1870 1144
2331 3749
2004 1909
929 3623
4950 1085
4224 1525
1134 4250
3280 3154
744 1797
1928 2610
2851 1282
1450 3968
3285 2048
156 121
4377 3397
1547 2369
2488 3725
4890 3971
3705 260
1342 4249
3301 915
4794 1188
4463 1119
3549 3780
3769 2259
4297 325
2252 4731
175 1149
4108 4249
3546 4921
4176 3856
1181 4793
4620 4549
389 3753
3695 2825
1869 4631
3985 3646
2684 1766
1153 1713
4716 2303
1359 1102
1228 3230
4083 3795
823 2039
2304 2145
835 3535
4946 3231
3310 744
2117 1516
4798 2483
4313 331
4285 3040
4678 227
3418 4185
3295 757
2921 4677
2752 2729
3249 4065
247 691
1776 2593
1870 4003
1314 2940
4507 4349
2010 1577
1024 186
311 3802
3845 1057
727 4790
1280 1382
2970 3114
3742 4633
1084 4176
1571 4722
4131 1484
3604 2603
1732 2768
4820 2878
2481 3715
639 1114
3491 121
18 1951
563 299
3413 1316
4802 1297
1551 1349
1310 3173
1092 4780
4283 3872
341 4643
3652 4136
1407 323
4197 1937
670 4890
1608 4274
1981 2896
4623 2269
2639 2712
1549 105
4069 2521
4507 1016
2783 4464
27 2595
4112 2661
750 3980
303 304
4817 3941
3374 246
3129 3818
3028 534
4082 4649
2072 4857
3961 2970
3314 4322
4621 352
1994 1580
2511 4926
99 1793
4476 4185
1260 4255
3594 2910
2568 4009
2264 1530
182 2080
2231 4848
4914 4296
709 4366
546 2924
3394 2258
269 4363
3367 3693
293 4432
3792 97
2408 4658
1636 2512
777 3899
1254 3609
652 3550
3126 1677
1155 1685
4001 2175
1609 2455
2083 4964
1942 1113
2726 3748
3538 4057
376 3125
3887 3162
1929 1960
957 2801
864 1092
21 1122
1118 1756
1324 3073
2068 1762
48 2963
2558 3343
1332 1636
2298 3243
2283 3873
233 4326
1188 2390
3278 1926
1870 1881
4601 2092
1571 1405
4771 4582
3280 1254
423 864
2430 3174
1866 578
2701 3575
2048 1305
3284 2193
116 1181
4989 2595
606 3499
1943 320
468 2890
427 4976
4968 2816
1676 339
4084 4158
4577 923
3346 2373
3972 2489
142 2770
2102 1354
3624 2181
4725 4839
942 1422
4409 1229
947 4091
4718 2540
3138 799
547 3855
1069 2736
2651 4741
2949 2399
4375 1916
4065 2045
1240 243
3758 3871
4708 130
4151 2245
2603 1629
2215 542
2358 1536
1215 2978
4315 4038
3295 183
2756 1220
324 2271
1682 4546
2466 2392
3190 4930
711 2989
904 4734
4962 320
4299 3831
3533 4003
2989 435
1724 448
2270 925
2247 275
3524 2033
4844 4256
4399 534
2837 4813
3070 1418
4789 3850
174 2198
2933 4471
2481 4631
4419 1587
3011 680
4541 211
4452 1057
647 3400
4392 2487
354 839
3055 1475
482 708
137 994
4965 4560
4331 4010
3535 4980
2196 2203
2040 2600
4615 4357
2972 4299
253 1551
2728 549
617 4172
2242 2600
4486 4800
2349 1483
504 467
49 3323
3642 4964
2155 4246
4235 1399
203 4848
4483 2897
2057 1019
1343 192
1644 3626
4540 3916
1202 80
3153 3502
2585 1593
3380 3270
2462 3034
2325 4807
3605 3772
639 2156
2833 2317
2763 4492
1782 2322
1846 2897
2924 2792
1548 500
4685 3113
3850 617
728 4842
1375 4870
464 4032
238 4633
4114 2176
758 2085
2289 4849
4128 4832
1596 3581
4415 4692
311 3381
3708 3852
581 4013
58 4215
4398 3299
476 256
4348 4141
918 1879
4001 3688
4315 2958
1259 1393
1610 2607
4578 626
2627 867
2827 3174
3674 4977
2423 810
4131 3633
2287 2557
1458 43
2269 1417
2824 722
1943 3198
713 3356
2279 2641
4773 2193
831 4978
3717 2597
1918 607
3666 1127
372 4956
2269 4950
509 4135
459 807
2456 2199
3091 785
4952 3238
2546 3599
4036 3850
4795 3258
1221 3785
1684 3956
2205 216
3287 3396
3107 1827
3407 3753
3348 3462
4721 2366
4465 1968
896 654
1886 4137
1430 3432
3875 2791
4453 4089
975 732
690 4956
2159 4829
1081 2833
2203 4836
2863 3825
3310 2200
4304 3745
4876 2687
1271 3830
4841 3043
1492 3323
3567 215
347 1855
1068 1992
3322 1968
426 2535
211 3923
3197 1273
629 385
1477 3145
1083 3166
139 3096
685 321
3857 4666
2034 2740
2976 4534
4773 2278
882 1458
2844 3545
4919 2164
872 3412
2356 3010
3131 1034
4084 4129
3666 2844
136 3547
4935 1166
2981 3799
3942 1735
3828 3522
1817 4554
4302 2436
1358 4514
819 2540
2832 856
4931 4383
619 4547
2476 837
1739 1132
2356 3806
4537 2229
469 2831
774 3532
1968 4162
2293 3112
4239 3103
2179 3943
3059 1424
289 4058
2214 1079
3038 4673
2849 4062
881 1285
2666 4411
2203 874
4206 3303
3100 2694
4055 3584
2857 4738
3966 2466
315 1939
3027 3963
3897 4926
685 895
391 2458
2770 3870
742 447
3618 2246
1029 2188
2938 4081
3574 465
2910 1606
2459 2282
1678 456
2083 2993
3384 583
3902 1209
2565 2223
353 3802
3977 4679
4157 3653
3373 4155
2263 3070
1251 249
3144 846
1954 4100
4701 1205
4330 3318
2626 2100
2837 3832
4438 1793
1695 2865
4185 2420
2818 425
649 3815
4004 1011
1754 29
4583 4467
1004 3116
2742 4181
1212 1967
4352 972
3823 1730
760 1207
4829 4207
4258 1854
677 843
4994 3338
1745 4830
3322 1922
1193 27
3708 582
351 2832
2364 400
2066 1460
363 3593
1410 3855
663 2323
1142 317
3600 1903
3453 296
3014 3533
1137 2719
1540 1419
3042 1101
2785 93
4630 2803
813 83
774 2614
332 539
199 1900
3048 419
2000 2524
1294 1860
3071 699
482 1720
3719 515
2236 32
1712 2092
656 2343
1542 2649
4425 1081
3916 546
958 3981
16 1847
4885 4234
1570 411
2733 3525
1940 2365
2577 4419
864 1771
3708 732
765 502
4348 2638
156 3636
4046 4462
4361 4677
619 4782
1457 4567
3428 2884
3238 2179
1645 3329
178 1845
3907 1902
1803 4249
2419 2754
3851 3511
2150 2795
3899 1275
793 2445
4060 2952
2964 4981
2860 28
1946 1229
3816 3339
4359 2979
3090 454
1105 4914
1329 2616
2847 4013
4945 2454
3921 1583
4525 2050
2067 3899
939 4051
3728 1636
1211 75
3390 3929
2851 2537
466 4233
2219 1515
3493 3627
4626 4696
1218 1965
4301 4834
1828 4502
3657 4564
4514 668
2462 1178
2379 97
176 4938
4275 4834
687 2839
4233 2707
3896 1530
1443 2693
720 1105
3390 2829
2797 1975
2649 4850
1929 1254
3996 4987
772 129
1870 3376
4206 934
2224 2540
899 1774
1632 388
1916 1296
4541 3919
4244 2473
60 4694
2970 2371
4938 3914
3303 667
4404 176
4651 3687
461 811
924 1523
4679 4451
3809 2541
1008 2512
3704 4540
4973 4028
4031 126
3403 3164
1855 4380
3243 3937
1897 2704
3105 1859
1893 1312
3229 2176
3302 2596
100 2505
3376 3690
988 3121
1142 1365
3983 3804
4663 4642
4623 508
4348 2144
1314 1349
670 3101
605 1745
1945 3111
76 2144
1693 1865
616 1588
3024 2852
1349 3281
4482 1429
4951 4643
4665 77
1177 2010
2545 1431
4366 226
3239 2123
387 3164
1799 1697
3139 1554
2296 4120
608 1987
4409 3722
127 3654
127 1281
4695 3265
1505 1137
3202 546
2390 2101
234 4501
387 2695
2531 1582
1762 1818
3958 1132
3386 153
812 2967
384 391
2399 2538
3429 2650
4570 4850
4902 3906
787 470
2950 2589
3225 4493
3191 4613
2555 306
2933 1286
656 1740
2480 3524
1885 3239
3079 2056
159 4673
1836 4001
4122 3521
4390 243
3442 4717
2621 137
1632 92
2788 3854
655 3430
172 4687
4974 3680
1017 829
4315 2136
2928 3043
753 1109
1903 116
3997 2755
4492 2337
1916 3888
276 4488
4951 3905
731 1720
3073 4767
1986 1654
1336 627
1263 1726
3706 4007
4218 975
670 2408
1177 397
3318 4920
3432 4901
594 1475
2915 73
2529 557
1242 771
3693 3249
1981 4599
4650 1499
2903 1800
949 2786
2590 164
4308 4675
996 2359
2435 2396
4609 54
2465 1225
651 1952
1228 392
4575 2896
1883 4057
3787 2292
2423 4452
2568 3278
3622 728
2931 611
4227 4670
957 186
1857 1049
3479 4065
2322 4631
4176 4232
2579 434
3550 898
2182 4690
4988 1288
3663 849
4498 3167
746 264
821 3794
4734 4438
62 711
526 2568
1187 3784
2331 3824
2174 6
3042 4493
4569 3267
1854 739
4336 4689
1403 3031
4851 1801
4126 4472
4027 4949
1987 2623
831 3958
1333 1798
480 2093
1780 1165
3892 1315
3092 2475
663 88
1857 4261
3128 2634
3859 1633
645 3651
209 3026
2216 4079
2195 3697
1616 1102
3614 3760
1078 552
3991 2187
1501 671
3307 2941
1176 4630
3055 4419
4547 3765
2415 3767
3629 3338
4512 4847
2573 275
1366 4192
1649 2
1439 3816
4660 1022
1727 4381
4653 4720
4423 5000
2980 3462
3624 696
2902 3298
3352 2617
4494 4287
2072 2954
380 2772
499 1858
3074 2566
1101 4371
668 1257
2607 1287
4015 3665
1427 300
916 4515
2432 2470
4147 4969
4998 1146
4113 3076
4973 2594
3568 2243
4075 4592
1663 1071
583 1335
2966 794
4850 4304
4728 2292
3458 2318
1842 3677
3144 2968
1185 54
2538 1951
2411 4284
3907 2988
4412 2316
2698 4671
4032 1098
3669 2072
709 2122
2721 2784
429 1847
363 183
1681 2504
4065 666
2350 845
1116 4720
258 1284
1262 1369
3521 3023
1965 3669
2928 1282
242 562
3888 3138
4477 2701
2189 681
1369 1809
2009 2667
4659 4957
2017 1590
3877 3788
658 576
2498 2948
3993 2324
2312 2807
3650 4855
4180 1496
1102 3116
1815 3134
2579 982
260 754
2650 4221
4984 312
4136 2066
2272 4300
3056 2253
4702 4431
3122 72
4499 3590
263 2206
4842 165
1007 4305
2676 965
2472 3346
2087 4088
722 561
3414 2673
2621 503
3674 3469
3262 2606
2522 1803
4894 3055
1589 1978
2818 4961
67 2124
661 2184
1380 1060
3323 1944
3711 2903
1644 3834
4684 4516
893 427
1111 421
1047 27
2865 1697
4632 4407
3790 2359
1042 2548
4743 70
215 3097
3545 424
1768 4087
424 893
2973 4942
4367 3054
1795 847
4596 3533
4581 2246
1670 1252
3304 4467
1270 2460
3178 2633
117 4874
2725 461
2206 1415
987 1363
433 2737
3898 3214
505 3225
591 2750
2752 4669
4554 2745
4850 2401
3408 112
4192 4118
3517 4420
2353 382
2265 4430
4861 424
888 1112
3918 4312
1288 2310
1373 56
347 4040
2875 3071
4344 4459
4493 1329
3385 2467
344 1776
828 4160
4128 867
2575 995
441 848
3019 3692
4002 3007
1878 3846
2105 4407
4921 4349
4453 719
317 2124
4930 2687
3099 2507
3620 3567
3769 3716
3118 3826
664 1111
4637 1561
4448 4417
1136 1605
3463 3859
4140 4779
2579 1633
4570 2975
879 364
2076 2885
4865 1491
1215 222
4573 3391
3749 209
188 572
178 1170
3874 4821
1314 1061
1189 4715
1267 821
2017 4331
4030 3687
3476 1169
1243 1255
4493 1804
2847 4175
4342 1421
789 1268
1779 137
133 328
56 233
269 4680
1377 899
834 1733
2482 442
4747 2119
4191 4787
3780 2100
214 4587
3986 4782
770 2440
4940 1514
3248 3479
3140 4623
1841 2297
1044 3658
670 4953
2134 1999
3333 2664
1533 1510
4928 546
4082 4404
1176 3042
3289 1345
1385 957
4507 1507
3170 874
4333 394
4264 377
2773 4164
4791 2436
2990 2212
3169 230
2297 1882
2494 4649
3978 3617
982 3266
2576 3884
2327 454
3134 752
2655 4017
8 2368
2695 4090
4578 4242
3043 1277
1015 865
2086 3155
1205 2840
4082 3407
3116 4187
3351 2855
4985 3512
4808 2495
1342 2880
2080 4749
4129 1123
1615 4815
4237 459
2742 2360
1972 4626
2265 4924
2428 3608
3082 614
4922 2754
2669 439
4831 4653
3199 4113
3908 4284
1052 2318
4066 2534
3881 2488
4230 2191
3781 3440
1561 766
2555 2762
903 2267
372 2627
4642 2665
4593 439
3270 358
106 464
1390 563
1851 339
2029 3637
2570 4218
3019 3053
4836 2931
1274 4736
4888 2151
4429 4374
880 4668
4859 53
1655 337
4277 819
3386 4327
2681 1230
2538 1828
4234 850
977 4458
4744 2655
1792 3975
427 146
2489 1745
3754 892
4504 4994
2034 3673
1873 925
924 4072
1762 660
967 720
608 649
4806 334
1908 783
4769 2196
1375 3848
1461 1982
4760 2805
1883 2625
3093 4720
4412 4103
4534 2867
949 3272
2956 1660
4660 2057
2410 2970
2954 677
3854 2671
1971 1176
4478 799
1242 4607
4890 2970
1280 1531
1217 1490
559 3794
3545 3698
512 1361
16 1772
1519 2855
268 3760
3651 530
861 2158
4301 1287
24 3862
4164 4249
4116 3105
4413 4350
2127 3237
3257 4493
4217 1284
2784 2733
2547 4457
2721 4159
1419 644
106 4272
3697 3774
4964 437
2000 4683
4635 2493
4349 1385
1880 3927
77 2026
42 4801
288 3315
4691 4911
4720 1462
3197 4179
4168 3102
4712 3728
4919 1364
842 441
4663 3839
2484 4997
4935 2860
4770 1378
1525 3241
311 2126
3065 1217
1302 3508
482 3827
2386 1048
2939 1855
856 2831
4519 3962
4129 3758
893 5
3616 607
938 2079
3818 4017
1127 4589
4324 3834
2701 3738
3658 4213
4159 1161
2212 644
4051 3106
3661 4353
3077 4257
2163 575
4642 867
2678 2176
4394 2424
1758 4582
4783 2274
3312 252
4459 2666
817 2104
585 4336
1817 238
125 1644
1861 753
240 2080
1900 3542
2623 2422
2120 1021
3675 3423
4025 359
1545 2391
3799 3751
2365 660
2709 4963
3256 1544
3075 1768
2889 2268
2230 2251
2992 176
1132 208
3753 4677
278 1563
1801 4662
4954 3596
3560 397
4316 839
293 2643
3299 3663
94 1220
3148 4103
2516 1732
4206 3527
1088 2535
4941 2626
3079 962
1148 716
2663 3886
3972 1950
2641 3984
1038 3976
4894 2960
1921 4184
176 3641
3584 1491
2555 2391
4840 255
2658 953
2759 60
2547 4664
899 4064
2403 180
3102 233
4105 697
3288 2385
2704 4204
2134 3967
143 2427
3048 472
4356 435
4675 350
654 2464
4943 4740
3294 1173
3013 4027
1714 3338
595 1969
1585 3827
4420 2160
553 4755
2623 3640
206 952
294 2826
3342 477
1731 3194
3381 3963
4917 76
2521 4547
3600 1992
3112 687
960 2445
2490 4105
3842 2201
2168 3349
3613 2626
3326 2120
127 227
3461 937
4491 3475
3809 3379
1713 934
1302 3731
1577 494
1061 3840
2739 3102
1685 154
1808 4759
3740 2680
4495 2369
4488 450
2121 2519
1664 3858
3936 3005
2846 443
3361 3649
2531 3069
0 0
