22
0 0
100 -5
200 -9
300 -12
400 -14
500 -15
600 -14
700 -12
800 -9
900 -5
1000 0
1000 10
900 15
800 19
700 22
600 24
500 25
400 24
300 22
200 19
100 15
0 10
100
100 -25
200 -49
300 -72
400 -94
500 -115
600 -135
700 -154
800 -172
900 -189
1000 -205
1100 -220
1200 -234
1300 -247
1400 -259
1500 -270
1600 -280
1700 -289
1800 -297
1900 -304
2000 -310
2100 -315
2200 -319
2300 -322
2400 -324
2500 -325
2600 -325
2700 -324
2800 -322
2900 -319
3000 -315
3100 -310
3200 -304
3300 -297
3400 -289
3500 -280
3600 -270
3700 -259
3800 -247
3900 -234
4000 -220
4100 -205
4200 -189
4300 -172
4400 -154
4500 -135
4600 -115
4700 -94
4800 -72
4900 -49
5000 -25
5000 25
4900 49
4800 72
4700 94
4600 115
4500 135
4400 154
4300 172
4200 189
4100 205
4000 220
3900 234
3800 247
3700 259
3600 270
3500 280
3400 289
3300 297
3200 304
3100 310
3000 315
2900 319
2800 322
2700 324
2600 325
2500 325
2400 324
2300 322
2200 319
2100 315
2000 310
1900 304
1800 297
1700 289
1600 280
1500 270
1400 259
1300 247
1200 234
1100 220
1000 205
900 189
800 172
700 154
600 135
500 115
400 94
300 72
200 49
100 25
100
10000 0
9980 627
9921 1253
9822 1873
9685 2486
9510 3090
9297 3681
9048 4257
8763 4817
8443 5358
8090 5877
7705 6374
7289 6845
6845 7289
6374 7705
5877 8090
5358 8443
4817 8763
4257 9048
3681 9297
3090 9510
2486 9685
1873 9822
1253 9921
627 9980
0 10000
-627 9980
-1253 9921
-1873 9822
-2486 9685
-3090 9510
-3681 9297
-4257 9048
-4817 8763
-5358 8443
-5877 8090
-6374 7705
-6845 7289
-7289 6845
-7705 6374
-8090 5877
-8443 5358
-8763 4817
-9048 4257
-9297 3681
-9510 3090
-9685 2486
-9822 1873
-9921 1253
-9980 627
-10000 0
-9980 -627
-9921 -1253
-9822 -1873
-9685 -2486
-9510 -3090
-9297 -3681
-9048 -4257
-8763 -4817
-8443 -5358
-8090 -5877
-7705 -6374
-7289 -6845
-6845 -7289
-6374 -7705
-5877 -8090
-5358 -8443
-4817 -8763
-4257 -9048
-3681 -9297
-3090 -9510
-2486 -9685
-1873 -9822
-1253 -9921
-627 -9980
0 -10000
627 -9980
1253 -9921
1873 -9822
2486 -9685
3090 -9510
3681 -9297
4257 -9048
4817 -8763
5358 -8443
5877 -8090
6374 -7705
6845 -7289
7289 -6845
7705 -6374
8090 -5877
8443 -5358
8763 -4817
9048 -4257
9297 -3681
9510 -3090
9685 -2486
9822 -1873
9921 -1253
9980 -627
50
30 430
33 411
39 397
44 343
37 385
37 363
43 307
38 285
5 730
7 49
30 164
17 178
10 174
35 268
24 253
14 201
25 431
40 247
50 335
50 96
34 198
44 97
20 2
39 6
57 119
48 509
31 437
35 583
37 621
59 467
47 582
43 596
51 727
18 670
52 739
58 546
59 582
52 755
58 686
52 760
33 705
40 724
46 727
10 665
32 537
19 659
38 681
45 696
30 580
35 598
46
612 468
594 408
658 421
616 439
744 469
464 9
776 113
771 314
735 169
768 481
709 513
506 780
751 799
715 702
788 596
760 818
595 832
753 967
511 948
545 875
385 975
47 964
139 924
5 886
8 489
23 478
5 302
78 319
140 608
274 510
386 694
219 641
241 700
193 708
267 898
500 884
490 493
345 383
362 303
32 114
6 5
362 7
309 129
574 636
638 598
678 507
46
468 612
408 594
421 658
439 616
469 744
9 464
113 776
314 771
169 735
481 768
513 709
780 506
799 751
702 715
596 788
818 760
832 595
967 753
948 511
875 545
975 385
964 47
924 139
886 5
489 8
478 23
302 5
319 78
608 140
510 274
694 386
641 219
700 241
708 193
898 267
884 500
493 490
383 345
303 362
114 32
5 6
7 362
129 309
636 574
598 638
507 678
46
468 612
408 594
421 658
439 616
469 744
14 467
106 776
314 771
169 735
481 768
513 709
780 506
799 751
702 715
596 788
818 760
832 595
967 753
948 511
875 545
975 385
964 47
924 139
886 5
489 8
478 23
302 5
319 78
608 140
510 274
694 386
641 219
700 241
708 193
898 267
884 500
493 490
383 345
303 362
114 32
5 6
7 362
129 309
636 574
598 638
507 678
50
3 922
7 10
956 11
954 920
947 22
15 20
11 901
25 33
938 32
938 916
931 40
31 42
27 900
34 48
926 47
928 904
921 57
40 57
44 897
47 64
916 65
913 901
906 73
55 73
59 895
65 80
901 79
898 899
893 89
73 88
71 896
82 97
887 100
879 916
880 108
90 106
85 893
98 116
874 117
866 912
866 122
106 125
96 893
112 132
860 132
853 913
855 141
118 139
111 893
839 917
50
980 491
979 9
961 482
958 12
938 479
933 15
926 477
905 6
906 474
885 7
884 474
865 8
863 472
847 9
841 473
830 7
819 472
811 8
800 471
791 8
780 474
777 9
765 473
761 10
11 11
752 22
15 23
749 34
16 37
748 49
15 52
746 64
16 68
748 83
15 86
744 100
13 105
742 115
15 123
745 126
16 135
744 143
11 152
747 160
16 169
748 175
16 184
748 189
14 194
670 488
50
11 912
8 11
958 11
959 920
34 908
26 32
937 35
937 891
54 880
48 59
918 60
920 868
71 852
64 79
899 81
903 844
87 827
78 98
882 101
888 823
103 801
96 118
863 121
867 795
124 773
117 137
840 143
850 777
847 132
108 125
114 782
876 806
870 110
87 108
98 811
897 835
890 88
73 86
80 841
913 856
908 67
56 71
64 866
929 883
925 47
39 45
48 895
949 904
949 22
19 22
50
3 389
96 432
79 440
47 430
58 436
34 425
17 429
12 424
30 420
2 411
6 288
11 219
206 375
98 295
56 329
87 357
13 371
104 396
609 351
90 208
60 93
164 12
255 174
736 223
513 40
241 86
312 15
326 41
603 12
719 63
561 57
556 19
410 45
298 49
313 59
527 34
719 204
626 75
773 180
666 340
370 259
677 256
624 300
704 245
147 203
412 217
137 201
742 360
491 428
192 425
50
951 525
474 552
489 621
357 674
665 895
482 828
540 970
297 941
309 747
424 911
315 729
37 769
53 596
139 717
337 727
431 885
334 711
448 868
153 424
215 350
54 394
302 256
182 155
403 263
219 57
623 185
340 57
696 156
561 352
536 239
422 201
450 245
466 545
934 511
679 307
954 450
942 3
406 40
277 3
374 92
165 5
336 209
104 5
218 268
15 4
5 458
156 382
14 493
4 975
940 977
20
75 25
75 75
-75 75
-75 25
-10 25
-10 39
-70 39
-70 52
-10 52
-10 60
-70 60
-70 70
70 70
70 60
10 60
10 52
70 52
70 39
10 39
10 25
50
-846 656
-765 389
-655 28
-699 496
468 896
380 850
-218 613
-93 594
828 999
176 592
24 518
148 645
-552 310
-575 221
942 356
389 465
798 464
529 620
789 719
563 666
813 745
937 861
187 563
202 551
-164 360
126 566
982 965
639 1171
953 1065
798 1421
594 1248
423 1309
-297 1144
122 1381
-378 1254
166 1495
-750 1274
-91 1410
-804 1165
-747 1010
-198 1032
-676 740
-886 815
-682 727
-264 962
-84 1022
160 1058
13 1183
434 1020
-445 676
50
-733 669
-616 650
-794 732
-1133 854
-1267 1007
-29 1221
445 1190
527 1059
549 917
1095 1320
777 799
678 739
1239 340
806 500
403 335
301 435
532 105
1241 42
813 458
1181 131
1234 183
1271 293
1263 664
1392 958
1421 773
1500 168
1432 1288
972 562
1292 1130
1336 1354
885 1373
-75 1314
70 1295
-352 1335
-1221 1321
589 1236
604 1209
-1247 1281
-1311 942
-1334 1273
-1400 589
-1347 315
-1259 983
-1085 778
-1172 677
-783 366
-176 19
125 22
-146 839
-207 200
60
407 330
795 140
949 259
942 604
679 458
872 1103
622 1233
1290 1257
1222 1132
1202 1191
848 917
1203 1157
1221 365
1498 1186
1310 1401
300 1327
277 848
471 1154
576 845
415 1032
124 338
-278 609
-470 570
119 754
-28 1193
-138 1013
-124 877
-591 1161
-121 854
-697 787
-1048 769
-1183 866
-1335 811
-760 1255
-794 1084
-423 1300
-586 1403
-636 1406
-1208 953
-859 1283
-940 1389
-282 1442
-1407 1484
-1377 1416
-1427 970
-1417 657
-1309 287
-1354 196
-936 109
-584 398
-801 583
-1164 178
-1287 458
-1391 711
-944 553
-753 765
-344 365
-564 256
82 11
786 1062
70
409 856
378 587
144 1220
-75 1104
-174 1106
-444 796
-427 647
-588 514
-583 787
-865 380
-803 294
-803 215
-899 313
-880 58
-485 87
-320 113
-524 324
-361 405
-341 581
-143 741
93 531
-13 395
-71 303
-368 242
-142 63
-740 13
-5 64
34 399
109 203
67 137
242 307
107 245
540 573
407 977
532 1017
297 1269
652 1024
441 965
709 419
590 91
705 132
870 360
986 226
980 616
973 945
880 363
771 412
704 1311
-71 1277
192 1414
901 1279
875 1369
625 1376
221 1482
-574 1089
-749 1103
-474 1316
-614 1399
-578 1475
-830 953
-919 567
-924 617
-938 428
-965 609
-973 684
-932 232
-787 828
-365 1075
212 1264
346 1086
70
1376 577
1433 747
1194 105
1175 137
276 195
361 172
409 153
-283 110
-623 149
-678 314
442 577
255 427
321 540
-136 404
-163 306
467 400
867 513
-120 192
1387 655
981 849
993 870
1438 925
1440 403
1475 77
1471 908
1461 1325
394 394
1053 1212
1486 1344
963 1484
951 1321
1240 1345
275 912
6 862
635 1203
261 1022
858 1355
-122 1438
-845 1407
-1073 1361
-1130 1327
-1382 958
-349 980
-775 1023
-1066 1129
-580 1247
-69 1199
-554 1113
238 1079
-449 676
-1339 846
-1195 925
-1373 954
-1477 718
-1332 756
-164 548
-1395 731
-1389 607
-657 183
-1416 591
-1124 161
-1157 220
-606 107
772 99
-723 19
-308 0
933 60
-33 54
1400 102
1442 104
100
89 5
109 6
89 11
109 13
88 16
108 20
87 22
106 27
85 27
104 33
83 33
102 40
81 38
99 46
78 43
96 52
75 48
92 58
72 52
88 64
69 57
84 70
65 61
80 75
61 65
75 80
57 69
70 84
52 72
64 88
48 75
58 92
43 78
52 96
38 81
46 99
33 83
40 102
27 85
33 104
22 87
27 106
16 88
20 108
11 89
13 109
5 89
6 109
0 90
0 110
-5 89
-6 109
-11 89
-13 109
-16 88
-20 108
-22 87
-27 106
-27 85
-33 104
-33 83
-40 102
-38 81
-46 99
-43 78
-52 96
-48 75
-58 92
-52 72
-64 88
-57 69
-70 84
-61 65
-75 80
-65 61
-80 75
-69 57
-84 70
-72 52
-88 64
-75 48
-92 58
-78 43
-96 52
-81 38
-99 46
-83 33
-102 40
-85 27
-104 33
-87 22
-106 27
-88 16
-108 20
-89 11
-109 13
-89 5
-109 6
-90 0
0 0
80
-50 101
199 0
302 26
702 460
501 260
639 526
936 918
499 21
545 20
526 42
999 6
968 981
862 1192
343 363
576 806
804 1411
253 311
213 773
283 988
403 1084
485 1130
333 700
564 1190
164 939
640 1291
770 1412
686 1493
72 1412
-72 1327
-46 469
3 861
30 1000
121 1063
-38 437
-539 623
-440 737
-424 1041
-421 1172
-197 1274
-212 1033
-513 631
-288 588
-134 1337
-197 1159
-121 1455
-182 1464
-184 1464
-583 1312
-502 1348
-201 1466
-908 1479
-628 1440
-692 642
-850 599
-919 633
-967 1078
-911 409
-762 273
-609 697
-530 989
-788 324
-459 1224
-557 513
-496 426
-646 579
-605 317
-432 192
-558 31
-544 161
-830 291
-651 22
-305 2
-205 368
-243 326
-266 252
-404 360
-243 510
448 224
337 115
-206 374
99
-120 1
110 2
-110 3
110 4
-110 5
110 6
-110 7
110 8
-110 9
110 10
-110 11
110 12
-110 13
110 14
-110 15
110 16
-110 17
110 18
-110 19
110 20
-110 21
110 22
-110 23
110 24
-110 25
110 26
-110 27
110 28
-110 29
110 30
-110 31
110 32
-110 33
110 34
-110 35
110 36
-110 37
110 38
-110 39
110 40
-110 41
110 42
-110 43
110 44
-110 45
110 46
-110 47
110 48
-110 49
110 50
-110 51
110 52
-110 53
110 54
-110 55
110 56
-110 57
110 58
-110 59
110 60
-110 61
110 62
-110 63
110 64
-110 65
110 66
-110 67
110 68
-110 69
110 70
-110 71
110 72
-110 73
110 74
-110 75
110 76
-110 77
110 78
-110 79
110 80
-110 81
110 82
-110 83
110 84
-110 85
110 86
-110 87
110 88
-110 89
110 90
-110 91
110 92
-110 93
110 94
-110 95
110 96
-110 97
110 98
-120 99
80
-594 599
-968 947
-966 1012
-936 1075
-848 1025
-565 1133
-916 1143
331 1227
706 568
805 763
833 858
1002 562
1127 181
325 725
384 662
519 486
-56 928
289 800
547 781
240 1125
112 1108
-51 1048
229 1185
-781 783
2 272
-194 127
1097 110
-254 562
-432 640
873 193
997 164
-366 732
-280 805
1197 132
853 922
1265 338
1222 1138
1259 1241
1056 1352
1276 1296
1301 1361
1290 1398
-92 1470
-909 1492
890 1482
-1201 1494
-36 1380
872 1326
-559 1363
1129 1265
1017 1072
864 1155
-642 1366
-484 1334
-585 1203
-837 1263
-645 1395
-1064 1238
-1208 1062
-639 558
-469 342
-1168 269
-788 457
-938 746
-1195 630
-1046 728
-1249 1112
-1353 1302
-1360 922
-1143 431
-1269 193
-1307 260
-1457 202
-1083 83
-907 77
-717 115
-1057 173
-1013 195
-848 253
-168 222
100
-250 2
248 2
248 118
-248 118
-248 116
246 116
246 4
-246 4
-246 6
244 6
244 114
-244 114
-244 112
242 112
242 8
-242 8
-242 10
240 10
240 110
-240 110
-240 108
238 108
238 12
-238 12
-238 14
236 14
236 106
-236 106
-236 104
234 104
234 16
-234 16
-234 18
232 18
232 102
-232 102
-232 100
230 100
230 20
-230 20
-230 22
228 22
228 98
-228 98
-228 96
226 96
226 24
-226 24
-226 26
224 26
224 94
-224 94
-224 92
222 92
222 28
-222 28
-222 30
220 30
220 90
-220 90
-220 88
218 88
218 32
-218 32
-218 34
216 34
216 86
-216 86
-216 84
214 84
214 36
-214 36
-214 38
212 38
212 82
-212 82
-212 80
210 80
210 40
-210 40
-210 42
208 42
208 78
-208 78
-208 76
206 76
206 44
-206 44
-206 46
204 46
204 74
-204 74
-204 72
202 72
202 48
-202 48
-202 50
200 50
200 70
-250 70
90
-684 518
-693 140
-46 85
-361 152
278 434
35 182
627 653
312 264
358 65
237 245
2 56
488 62
452 115
631 30
425 134
765 297
985 393
972 543
755 629
787 569
706 535
708 533
661 526
461 431
968 790
207 516
990 801
846 1394
709 1461
766 1414
953 899
691 1087
771 1162
735 1371
584 847
-93 833
16 635
511 783
-232 265
-490 566
-228 426
-439 605
-695 1164
-464 928
-263 620
-251 1255
-438 1109
-292 937
-617 1104
-798 1316
-630 1130
-310 1324
-86 1235
199 1120
8 1159
210 995
28 1131
-4 1001
15 1121
-243 959
54 928
278 1011
262 1357
440 1216
236 890
597 992
580 1411
573 1319
97 1411
152 1312
32 1327
-75 1473
-147 1474
-676 1479
-186 1462
-225 1408
50 1314
247 1191
-671 1439
-986 1360
-893 21
-815 337
-723 428
-807 1128
-639 617
-452 401
-762 1043
-366 244
-550 174
-521 436
90
-1025 202
-530 86
76 123
-769 32
-496 20
961 73
1458 149
1367 444
209 319
964 389
1023 338
-63 253
-595 265
275 896
403 502
154 698
97 765
-401 400
-175 384
-290 322
1100 477
1285 597
1066 584
1463 927
902 760
1155 948
1290 924
907 1443
1162 1139
1135 1280
1178 1494
988 1498
855 1497
-134 1465
1028 1482
576 1445
682 1141
853 1295
892 816
833 609
482 602
333 786
702 1078
-464 867
22 804
-80 673
-286 653
-145 596
-1070 662
-1333 797
-1175 863
-208 1262
-477 1150
-245 1152
-134 1340
184 1353
-32 990
405 1216
393 1246
305 1378
390 1435
-558 1442
-289 1375
88 1352
-130 1344
-978 1342
-584 1442
-874 1406
-1443 1309
-648 1190
-931 966
-1116 1055
-1398 1183
-1478 919
-1410 830
-1292 497
-1464 544
-1315 395
-1024 473
-1238 572
-929 598
-219 568
-577 473
-1046 348
-902 306
-601 229
-727 254
-1485 243
-1123 38
-560 62
100
10 1131
-195 913
-758 803
227 512
-304 371
76 425
315 444
772 171
370 631
878 82
325 275
247 179
-483 294
-220 565
-589 505
-748 574
-143 606
-802 618
-837 389
-611 377
-995 80
-420 245
-142 159
34 128
-597 317
493 68
956 43
935 664
993 483
987 773
958 1069
739 704
960 1044
887 900
739 351
89 894
-20 823
6 1005
116 939
209 983
158 984
159 1120
59 1176
83 1229
176 1188
427 901
327 930
162 1084
295 920
257 806
234 813
640 531
647 919
707 763
622 1012
364 1368
394 1160
640 950
246 1129
5 1396
356 1410
639 1157
712 843
711 756
989 1131
913 1295
817 1389
847 1324
705 1474
444 1484
-34 1494
-216 1413
-443 1412
-594 1375
-522 1316
-573 1187
-797 1148
-828 945
-787 1033
18 1447
-338 1007
-563 1120
-663 1067
-884 901
-724 985
-618 960
-286 898
69 1300
86 1293
-76 830
-14 757
352 654
217 519
-210 670
203 526
-375 795
-50 1002
-122 952
-239 846
-115 765
100
-1258 519
-1363 1005
-1220 1204
-1248 828
-1245 562
-855 917
-1056 746
-771 1095
44 1249
-225 1152
826 1327
524 1197
674 1165
1346 1431
686 1361
774 1320
-67 1357
-175 1388
61 1393
1013 1431
-68 1371
864 1383
1128 1433
-371 1436
149 1487
395 1476
274 1500
-1451 1349
38 1429
-315 1367
-106 1328
-1473 1185
-1489 416
-1384 290
-1055 235
-456 180
57 154
-100 173
276 176
-615 241
-1107 328
-1084 264
-1236 430
395 175
452 141
721 83
-368 155
-591 104
-418 53
-1232 180
-1322 279
-1451 222
-1382 7
-971 4
-150 18
52 93
513 84
280 36
1158 77
518 167
-166 287
-616 384
-913 564
-511 949
-239 503
453 288
-549 515
-106 366
-376 362
1057 177
413 493
813 228
405 371
-296 659
-242 725
215 566
771 363
1046 256
1107 360
894 454
803 438
877 515
910 515
1458 727
1149 1074
1100 1128
451 1178
999 843
89 1094
446 813
464 887
794 702
849 625
387 642
740 398
-118 750
228 678
457 521
84 1059
-456 1112
