12 256
100 100 100 1 100 100 100 100 100 100
6 5 4 3 2 1 2 3 4 5
100 100 10 100 100 100 100 100 100 100
12 256
100 100 100 1 100 100 100 100 100 100
100 100 100 100 100 1 100 100 100 100
100 100 10 100 100 100 100 100 100 100
1 100000
100000 100000 100000 100000 100000 100000 100000 100000 100000 100000
100000 100000 100000 100000 100000 100000 100000 100000 100000 100000
100000 100000 100000 100000 100000 100000 100000 100000 100000 100000
50001 100000
100000 100000 100000 100000 100000 100000 100000 100000 100000 100000
100000 1 100000 100000 100000 100000 100000 100000 100000 100000
1 100000 100000 100000 100000 100000 100000 100000 100000 100000
50001 100000
100000 100000 100000 100000 100000 100000 100000 100000 100000 100000
100000 100000 100000 100000 100000 100000 100000 100000 100000 100000
100000 100000 100000 100000 100000 100000 100000 100000 100000 100000
60316 78156
11951 88618 25811 28471 86879 50170 74952 7826 2300 99807
30189 80848 50878 51995 12774 13298 6277 63757 5980 97637
32549 50260 75205 93933 97500 69073 76885 41696 2416 21517
18872 50563
94679 7039 43696 40205 2007 6856 1000 18198 95447 48235
16930 45043 44511 19452 33883 78872 1176 78624 1896 68546
92081 79881 8217 11339 92030 84927 44589 15471 43600 87849
21104 56865
83306 96505 22352 22035 63760 67814 52542 6238 51909 28262
45010 45779 36550 88604 44846 83932 81601 3032 46623 43104
54988 88420 16242 19308 98973 25876 86592 77682 1469 78297
10007 20160
26759 29380 74880 73236 47234 18165 68899 67944 91534 60079
87109 56330 50664 78033 99693 85480 28446 51363 2897 22325
47225 52438 18319 5018 87196 25341 37593 45889 54255 14442
69014 72611
60179 38477 19182 70855 38903 55965 68964 52069 98366 18856
43221 27237 76562 38019 86220 71892 82564 84649 93737 87977
11473 58565 59428 99092 95245 84546 52627 29530 62356 43622
43157 44238
64945 54200 18252 29167 69598 39944 88694 76110 72602 48703
45526 9416 33406 97242 55578 84063 13699 25945 93233 85200
47593 91339 80637 35120 98551 65852 30876 90439 96173 91069
87582 96352
20492 27145 76353 2562 73114 7594 18678 43931 81896 94854
1684 1839 71871 20704 92542 24076 54653 70872 69643 82696
77125 35624 83474 42491 11937 19995 74781 97726 62218 56574
24432 69397
28675 76753 97245 42626 11831 68764 88841 37184 40245 23311
74920 93928 21943 12133 75530 54297 22903 86054 93736 45359
21962 41343 48897 94607 3191 83161 9356 62407 33931 8958
30881 77843
83875 33863 54161 60234 75623 89236 3730 77486 81972 52109
88267 28819 48006 74762 20717 61546 74987 93799 38564 11961
47223 28541 91105 22357 39298 85609 74895 88260 403 39980
45809 53567
44819 60333 3341 66648 57602 48876 22019 68098 65986 43358
62640 3292 91457 94771 93503 59443 29272 32566 74824 39771
16104 92514 71402 53203 88470 13311 82175 76692 20883 79077
8711 41749
27395 67730 23861 36322 56778 18721 28198 81054 44555 70140
90480 55521 33114 2864 57478 36713 14982 75164 74787 82994
66375 35154 90763 36655 51519 88183 45648 33395 55005 34248
29103 55042
26500 5729 81299 78597 2642 36118 55488 79420 86378 73945
37059 1184 20047 52153 81193 3434 12225 3139 78082 37824
3763 29282 82080 79689 85946 29404 69217 73555 67019 11537
24894 92235
59907 50000 9751 93488 13656 18252 13663 77255 30305 4399
73100 36662 315 15831 91651 30742 25881 46558 12940 85779
44388 71868 10909 48734 17478 79127 4016 26988 55792 60994
45873 69354
3935 77917 77644 11180 63679 10952 84213 20167 24716 32935
91895 64902 82743 34243 99780 86727 14361 34447 45402 41972
53792 43295 90262 9634 13794 55574 56678 6110 41515 33633
16858 52560
72403 30100 40873 71764 56908 7983 89920 88806 55155 73476
52208 3756 26553 76856 81557 84464 68986 74229 31132 18962
6980 2482 24515 9944 68074 34867 73186 83167 49058 27064
63179 95573
96536 16423 87112 59426 25685 34026 75428 81203 65991 9044
3169 98379 1118 1580 20336 46528 38590 55101 1694 78018
69461 30654 20516 9021 41846 89871 9719 62976 79452 51679
29900 30027
52911 43932 40874 11575 62539 39660 38979 8222 80331 74435
51863 80187 22710 54476 83836 70183 29771 72980 1221 90452
62055 49335 84529 80478 12179 90829 74287 62219 58992 13289
6714 23644
93892 47727 29595 41903 79919 64958 21315 3653 74703 28331
64063 21993 6821 79511 17728 27710 48278 97604 70067 94415
1172 48802 22324 66341 30537 96146 33726 60318 95845 45809
10095 34981
44908 73279 48789 74391 66752 96259 22106 61915 56104 6593
62149 72614 14421 60665 74692 4946 69282 40967 15826 99856
7374 5702 22847 68230 36778 79877 66850 30115 9834 35663
32843 53723
66043 84391 27100 56255 39972 91938 86309 77410 8540 51361
62943 77199 95706 5831 98134 98078 72641 27212 66248 73809
99671 22026 75787 48142 63445 71079 5146 62720 83022 11519
66304 80517
63792 33750 22821 41502 22428 28150 62978 88550 64617 28295
23988 90740 78220 65893 75735 7493 50305 64602 78208 26130
4158 8084 12280 40416 69267 75012 81900 68274 94390 65277
69520 76805
56430 2652 38383 71571 7986 17389 83043 45001 63242 18385
40195 34966 53329 29331 50922 78973 63681 10658 94606 65850
61665 27662 41044 4268 71762 58155 52096 56348 19732 82464
43639 47008
26143 70912 21727 95480 17625 58497 28749 86138 33350 42780
29796 80239 21446 61769 73567 98010 1905 70489 5660 44764
40009 10670 16921 35677 39078 53363 89790 43109 27089 24755
1171 72183
61795 46779 80153 14268 83626 60139 43881 14501 50512 85658
29413 21973 69142 7126 60051 3716 30379 78262 14596 79400
99203 98154 59451 3489 54196 69063 48683 43030 48716 57366
58412 78906
89274 8368 42487 65216 58050 58487 92321 7013 15052 53197
27205 49455 28219 55464 90296 22441 67151 87843 8863 34026
57415 1392 83133 11896 92853 77933 61611 34015 3005 79503
