644 1000 425 153 0
1 2 515281
2 3 888636
1 4 152103
2 5 402893
5 6 580639
5 7 139320
5 8 27667
7 9 82556
2 10 563716
10 11 113529
8 12 801173
8 13 301174
11 14 845006
9 15 573724
8 16 467291
14 17 265401
13 18 690250
9 19 747710
4 20 215696
5 21 608449
13 22 517317
19 23 956092
19 24 156707
3 25 398860
18 26 974603
14 27 883251
19 28 264705
1 29 444310
25 30 986539
5 31 553408
12 32 99861
7 33 144413
30 34 344368
10 35 507264
31 36 726670
3 37 692317
1 38 329639
16 39 523792
3 40 497240
2 41 91348
5 42 54687
16 43 178253
9 44 162464
44 45 356543
39 46 692963
22 47 986004
18 48 688148
43 49 916698
29 50 884929
49 51 26050
45 52 75168
47 53 528802
35 54 714246
26 55 179252
3 56 81265
50 57 385237
43 58 913151
41 59 850119
41 60 877364
29 61 773936
53 62 715320
9 63 364952
10 64 834903
9 65 767535
23 66 28607
5 67 373828
42 68 989446
14 69 199311
25 70 283937
62 71 892264
65 72 406062
5 73 745614
29 74 611947
55 75 604898
12 76 64956
29 77 836201
3 78 659178
10 79 456269
76 80 903070
33 81 347420
12 82 891754
68 83 151175
56 84 183360
62 85 352740
17 86 895225
5 87 356141
22 88 860111
82 89 106751
21 90 391331
76 91 679452
50 92 366329
54 93 504810
67 94 632055
2 95 622322
51 96 302762
51 97 226977
56 98 641856
16 99 362314
15 100 417935
17 101 361442
56 102 259212
19 103 311362
100 104 231637
90 105 933737
39 106 665832
103 107 361783
68 108 727977
26 109 628531
17 110 915809
25 111 727431
99 112 331385
31 113 864063
17 114 235395
21 115 575053
98 116 50545
78 117 776007
15 118 166876
80 119 647783
55 120 294463
68 121 193611
29 122 483001
25 123 179699
92 124 467278
121 125 427013
95 126 843367
107 127 101196
98 128 173645
6 129 894772
25 130 548914
67 131 117328
112 132 874984
117 133 292501
106 134 845672
91 135 847709
123 136 869581
87 137 609637
77 138 806550
44 139 290126
47 140 338088
89 141 589151
91 142 729353
120 143 316994
3 144 934245
87 145 969667
21 146 55245
118 147 331540
23 148 863284
123 149 203339
137 150 377584
49 151 186338
28 152 312703
110 153 534199
94 154 552959
42 155 61002
124 156 141365
84 157 301826
109 158 648519
36 159 286311
96 160 216002
35 161 692073
64 162 339989
77 163 545624
156 164 969171
95 165 655466
6 166 182709
108 167 986040
49 168 862934
94 169 79809
114 170 75189
63 171 940198
39 172 405559
85 173 413804
49 174 206434
115 175 516989
135 176 156387
152 177 36264
144 178 392392
71 179 261852
8 180 615495
77 181 748593
165 182 601206
34 183 940127
38 184 134161
97 185 824260
80 186 966007
121 187 164578
97 188 898861
100 189 952095
132 190 477849
172 191 211524
121 192 616392
168 193 249086
7 194 572585
130 195 324576
70 196 46927
65 197 371487
62 198 536819
184 199 243861
171 200 656432
134 201 589119
63 202 803781
192 203 22143
132 204 116951
193 205 23642
150 206 970028
97 207 619514
103 208 217137
114 209 661294
71 210 902581
30 211 817957
125 212 719147
208 213 365687
173 214 620652
173 215 234012
21 216 203571
173 217 952178
129 218 21407
1 219 233339
87 220 860789
21 221 331741
158 222 565083
57 223 652513
55 224 368734
54 225 552501
10 226 127853
74 227 553578
24 228 876764
145 229 103542
146 230 47394
227 231 880435
28 232 920283
142 233 735006
218 234 164486
28 235 827993
220 236 626056
139 237 16105
150 238 93991
146 239 625656
27 240 594000
69 241 56853
171 242 626898
6 243 66479
207 244 942689
128 245 168414
10 246 382612
50 247 101850
18 248 805799
170 249 580929
32 250 825785
185 251 75734
120 252 312015
27 253 70973
78 254 307791
146 255 417728
68 256 143174
237 257 392396
41 258 337827
17 259 426421
236 260 194362
21 261 740014
94 262 562818
119 263 478801
249 264 681111
64 265 213213
191 266 649208
53 267 682611
249 268 541450
34 269 570521
105 270 910355
267 271 311095
246 272 506304
144 273 885917
253 274 122784
34 275 524922
58 276 730919
209 277 561574
182 278 637228
155 279 479193
197 280 352811
168 281 307954
195 282 2116
171 283 692849
278 284 664505
190 285 58173
279 286 845364
241 287 217311
192 288 868095
14 289 464517
39 290 18186
203 291 333440
207 292 153513
279 293 911110
276 294 640595
2 295 781873
33 296 932836
122 297 879358
203 298 397339
205 299 554319
279 300 693213
165 301 833514
153 302 492976
294 303 226103
27 304 882433
149 305 745925
125 306 336992
2 307 485318
197 308 44926
263 309 208143
212 310 298421
44 311 14617
200 312 805760
295 313 345347
83 314 525951
257 315 602189
113 316 944949
207 317 956318
182 318 120585
259 319 925247
35 320 152072
279 321 657246
167 322 791906
154 323 726605
94 324 6312
13 325 247040
90 326 870932
40 327 565330
57 328 505538
166 329 396416
59 330 740911
68 331 993388
204 332 624385
154 333 984411
86 334 432063
46 335 629944
60 336 458068
307 337 623567
3 338 728656
17 339 174227
76 340 878631
14 341 545625
22 342 890928
75 343 418266
306 344 642151
231 345 65141
286 346 634988
5 347 579435
125 348 823489
268 349 428385
310 350 145680
206 351 993505
224 352 825187
105 353 666329
294 354 958250
93 355 414362
21 356 230265
293 357 992666
97 358 585863
261 359 637619
237 360 458608
250 361 976483
70 362 786548
196 363 324618
244 364 521526
132 365 878830
338 366 867006
363 367 105658
45 368 485303
106 369 83514
258 370 502705
50 371 432865
91 372 676768
134 373 655108
38 374 295899
236 375 465821
38 376 339486
344 377 613896
140 378 821129
76 379 465801
177 380 261279
130 381 362756
125 382 638024
245 383 746883
288 384 655887
357 385 89204
218 386 431204
218 387 365033
108 388 720987
189 389 712662
134 390 182955
309 391 741654
328 392 495024
168 393 958822
250 394 91690
177 395 741800
199 396 829372
142 397 954338
70 398 355246
218 399 72445
30 400 117931
10 401 14150
245 402 925635
361 403 520496
119 404 367722
247 405 715920
91 406 329016
321 407 965728
279 408 567975
114 409 396413
199 410 223768
353 411 971432
280 412 801358
93 413 680584
47 414 253360
222 415 444711
128 416 830732
201 417 170737
276 418 960847
174 419 936248
165 420 312462
214 421 135539
107 422 703296
294 423 911290
176 424 59521
414 425 264587
223 426 795729
292 427 86152
206 428 832787
134 429 357495
415 430 487055
371 431 629697
196 432 349872
354 433 434931
430 434 395015
147 435 696448
121 436 719942
112 437 423805
349 438 838661
212 439 886308
236 440 387008
253 441 592018
69 442 400343
112 443 130185
249 444 306573
153 445 12078
42 446 32778
136 447 346251
349 448 376409
406 449 217422
74 450 653803
409 451 354505
412 452 609362
185 453 825968
200 454 220742
118 455 729566
326 456 404195
174 457 491217
445 458 423337
345 459 584169
230 460 685563
359 461 751277
363 462 336225
411 463 844038
152 464 916806
308 465 652353
47 466 210107
173 467 994577
168 468 661810
315 469 376203
154 470 706051
341 471 585193
374 472 368491
1 473 863688
98 474 232072
74 475 492330
109 476 545374
411 477 278388
251 478 115669
321 479 743601
49 480 704888
365 481 117645
195 482 649463
35 483 170074
479 484 380134
428 485 963279
288 486 649213
175 487 873860
72 488 973782
103 489 916344
76 490 564786
9 491 560715
459 492 574260
193 493 765892
400 494 525796
360 495 876492
184 496 5294
175 497 812976
369 498 444768
425 499 190563
50 500 703599
383 501 461499
258 502 939507
324 503 288879
466 504 379174
294 505 550687
285 506 210857
258 507 833548
462 508 446143
281 509 142491
468 510 284880
458 511 670615
424 512 35496
364 513 858092
138 514 247093
272 515 384045
344 516 844108
121 517 275982
240 518 997029
111 519 185387
245 520 987610
448 521 813695
489 522 424940
162 523 16878
260 524 816510
15 525 547900
192 526 871384
63 527 826451
22 528 576486
499 529 645312
121 530 721974
343 531 834678
188 532 740926
440 533 666379
528 534 420179
427 535 514870
427 536 281907
252 537 90519
125 538 541628
10 539 187695
327 540 519154
76 541 492772
320 542 454397
249 543 95614
336 544 812968
84 545 36205
80 546 36900
44 547 546688
489 548 187843
230 549 328751
505 550 112638
218 551 665234
435 552 632239
371 553 137192
343 554 721175
10 555 761105
236 556 49689
507 557 276692
13 558 479614
210 559 760538
234 560 366063
320 561 779569
191 562 857406
105 563 928011
184 564 542237
198 565 588284
233 566 254692
390 567 329791
462 568 296016
99 569 887985
43 570 781823
98 571 39508
458 572 950965
344 573 926669
151 574 632538
47 575 408999
275 576 322170
101 577 605902
165 578 867332
136 579 433685
276 580 663435
473 581 75505
176 582 909960
576 583 605499
512 584 159765
510 585 840754
517 586 560115
299 587 245366
176 588 976774
8 589 324238
255 590 391572
514 591 872547
405 592 302409
550 593 38595
495 594 764982
2 595 504416
262 596 68685
465 597 82830
265 598 484135
557 599 960200
52 600 189950
299 601 831467
265 602 747124
380 603 197433
2 604 960906
21 605 430872
228 606 700457
288 607 546320
511 608 749661
512 609 422801
45 610 361364
128 611 820714
270 612 391908
228 613 113683
220 614 430082
431 615 298213
189 616 14924
611 617 489052
221 618 855680
501 619 827228
495 620 366211
349 621 95337
554 622 4827
527 623 229101
612 624 928564
404 625 409078
562 626 936671
155 627 823222
143 628 539599
81 629 878529
149 630 797018
606 631 763666
554 632 859326
188 633 616710
108 634 27737
273 635 695327
166 636 26480
67 637 344643
550 638 764777
387 639 574203
94 640 282000
131 641 633524
344 642 527318
251 643 741633
36 644 949070
346 456 364439
5 147 752314
580 338 417044
270 534 973512
369 564 766019
360 453 18724
108 165 909587
132 633 377218
437 48 521226
390 181 138736
257 303 625121
287 411 212566
38 447 192157
482 598 402225
571 249 988464
103 514 251404
497 191 138255
68 514 479873
549 559 396693
493 13 531311
132 623 681177
610 159 953853
7 562 450507
66 537 229518
137 639 853653
62 223 203269
514 268 52976
287 596 621628
334 245 36740
309 355 800511
637 61 789701
509 304 784398
88 40 443338
292 265 967508
244 122 81904
620 19 358626
46 491 71983
447 205 30319
178 392 436219
470 543 560532
369 389 404574
16 429 380739
637 563 812052
319 37 744712
459 32 516840
326 355 341700
567 161 733133
517 120 215782
226 272 412352
105 177 158314
293 291 680412
623 297 362007
424 312 412798
419 584 594100
98 317 839834
280 6 943371
568 58 324958
391 112 619809
139 296 393798
83 122 828788
434 153 725376
247 445 39094
551 150 126721
279 313 924362
400 268 378344
599 481 846589
473 554 582034
218 238 223175
121 286 124157
618 235 293122
367 275 78689
180 251 529770
582 294 773516
278 328 949591
311 288 701118
32 14 924791
46 454 922949
107 281 921039
194 506 206233
599 16 191219
437 634 260154
310 126 648900
584 640 362633
418 143 944170
407 365 437797
604 31 728723
92 340 916040
318 550 213803
444 473 109409
119 228 766813
30 229 142707
392 577 309641
99 293 668910
69 440 707078
379 467 422284
133 476 650586
366 200 373679
427 224 680439
201 111 653050
369 552 462137
10 369 400558
201 303 193502
602 202 846406
582 94 209925
426 579 957781
85 157 421546
464 164 346078
232 381 547874
239 292 882932
19 286 553810
436 532 477075
533 98 162677
287 632 587775
352 222 71438
309 284 880861
116 256 100074
115 230 870479
278 377 445914
44 275 808468
76 116 925808
379 424 13151
47 238 180601
212 258 895414
236 144 688186
216 245 41614
632 38 952621
533 332 222118
531 137 649853
123 380 102818
382 48 290753
304 592 659689
492 295 83255
406 356 586241
373 365 357697
191 381 988585
640 59 413220
432 216 883447
555 184 391231
319 361 269940
605 262 648841
402 355 272885
292 1 282702
543 177 694972
379 559 260523
474 599 221326
18 88 338696
188 149 559830
175 530 281046
182 563 646907
631 116 590154
546 611 726333
598 312 109849
292 391 696854
644 502 608437
396 451 36623
561 516 250311
522 413 679649
147 458 421933
110 362 729933
489 89 270774
573 229 544574
630 615 615835
32 357 112157
451 609 206913
176 120 642870
365 126 688493
558 537 707274
255 386 806471
496 610 396660
86 81 176723
152 339 592000
138 513 215404
292 605 598025
305 282 37698
477 207 56402
318 273 568021
100 5 775976
148 132 927027
474 239 611574
490 191 276591
131 93 397801
229 310 893154
250 175 831750
301 354 36263
40 243 384776
189 121 521105
454 376 612927
355 574 427376
219 474 273637
114 88 296005
69 424 200515
108 339 941954
622 157 983172
414 56 477382
567 110 957081
214 89 99031
88 527 95629
85 301 135841
331 233 251689
397 303 910959
15 11 714443
289 253 856232
95 320 220547
351 11 606219
199 640 443503
22 517 443374
229 409 259799
544 494 408244
600 624 77835
38 450 683661
598 168 69884
478 463 570803
159 195 317401
320 286 588642
605 515 592108
380 638 510104
317 631 479412
7 494 22414
346 102 9028
524 535 472502
390 339 336028
225 205 868469
54 626 484999
219 335 270179
625 78 495733
599 224 231809
556 68 639130
441 68 621818
127 179 356998
641 534 795166
195 309 340295
400 15 975387
39 621 908348
341 427 489661
501 142 533116
445 407 34407
561 155 347303
547 407 331410
64 127 858122
292 21 540679
318 295 33017
416 506 568536
320 438 921385
89 76 953188
92 373 229068
54 348 150155
146 83 845809
67 209 609006
145 567 979547
268 209 550315
361 428 787872
74 606 558872
179 44 364806
541 600 123710
326 192 772633
110 313 651288
187 460 591888
407 537 508108
115 98 523041
381 312 266601
512 608 210338
46 45 358242
141 29 29603
572 93 971915
515 104 646280
560 115 897042
496 220 794475
403 9 116799
554 131 476465
365 607 810031
196 174 226092
643 335 419470
219 243 209457
67 225 203475
112 208 199867
541 64 842305
204 412 618049
37 565 295004
265 388 900372
235 126 588904
527 232 62268
42 214 561192
570 190 141523
632 456 455958
574 334 646945
49 521 453663
35 307 947322
82 118 499425
211 1 639701
44 389 306215
280 40 151791
637 243 702948
431 224 293600
91 639 887727
133 82 747133
131 345 567295
240 450 290734
12 430 429223
18 50 542032
181 242 979
556 530 721550
223 589 583748
439 192 592955
170 83 545929
442 410 546036
342 130 548415
363 602 117364
593 486 835018
586 102 889592
44 632 980373
370 525 303189
286 174 592967
368 492 210007
412 102 689606
617 92 341979
598 403 336944
568 544 873135
213 308 875480
163 462 874601
237 41 726782
93 347 566917
77 391 128019
316 331 406467
97 368 356652
256 141 615553
548 267 431876
240 239 33045
87 416 413943
219 217 542382
305 334 582525
299 160 524204
447 152 369316
293 154 282365
421 122 178897
344 315 624377
450 157 308665
627 638 221441
481 469 225179
500 81 707668
58 26 640832
35 285 656050
111 465 148982
318 638 587252
486 199 4233
346 261 792492
330 267 359172
407 375 483002
64 533 487719
128 54 621295
589 26 682793
297 497 471142
5 118 198384
265 309 774367
595 540 940687
594 145 797277
350 560 930047
595 534 105091
