466 1000 175 213 1000
1 2 214382
2 3 139837
2 4 27429
2 5 233731
5 6 520073
2 7 802859
2 8 462555
1 9 402744
1 10 425987
10 11 938194
5 12 203528
10 13 194372
9 14 90777
7 15 903422
3 16 681095
9 17 882964
9 18 855817
17 19 644734
12 20 498807
15 21 518038
16 22 483471
21 23 935197
12 24 56435
6 25 93110
21 26 329705
22 27 452969
18 28 919322
22 29 914913
4 30 713363
13 31 81198
15 32 732807
25 33 67076
10 34 117707
28 35 953467
9 36 751449
19 37 906445
18 38 948878
30 39 917531
15 40 396972
1 41 203048
35 42 995672
18 43 806172
8 44 918492
33 45 894658
22 46 606054
45 47 544458
27 48 692360
47 49 550472
3 50 794422
4 51 260724
40 52 849547
37 53 60072
38 54 963269
27 55 262693
41 56 866500
11 57 2766
23 58 756239
37 59 894315
28 60 417935
10 61 172839
14 62 968529
13 63 606162
52 64 643913
60 65 883169
48 66 112842
36 67 390249
63 68 35534
41 69 945383
57 70 977332
4 71 727291
26 72 123901
67 73 293288
36 74 23758
58 75 759382
38 76 652850
17 77 708689
52 78 338581
5 79 302727
23 80 849929
15 81 924493
31 82 769029
50 83 311322
63 84 148193
83 85 125195
29 86 939740
38 87 242270
21 88 260566
40 89 344823
72 90 327190
81 91 715998
21 92 614725
3 93 799614
50 94 723248
52 95 397992
42 96 751051
56 97 64590
48 98 797225
88 99 298568
19 100 655364
36 101 922451
1 102 268411
78 103 789645
101 104 353487
5 105 441978
52 106 238758
91 107 871682
21 108 473224
39 109 339376
49 110 176740
31 111 928373
59 112 769612
87 113 322659
78 114 184437
67 115 579442
31 116 137656
7 117 223679
113 118 977555
20 119 882248
85 120 141481
79 121 498481
99 122 996478
86 123 24642
74 124 285372
73 125 207270
64 126 415088
45 127 497774
95 128 829902
13 129 121612
53 130 866601
98 131 494105
93 132 321084
12 133 704399
105 134 485092
29 135 985743
131 136 926947
16 137 253724
52 138 496286
36 139 766046
127 140 929887
93 141 780641
43 142 299861
136 143 368083
70 144 161551
73 145 189706
101 146 929029
45 147 495419
24 148 884559
127 149 251140
42 150 997868
73 151 547427
110 152 157757
15 153 264956
40 154 394310
67 155 894103
116 156 238324
107 157 422432
130 158 997969
80 159 77669
69 160 947090
27 161 208027
14 162 274890
110 163 632602
97 164 939444
157 165 186845
144 166 708397
78 167 389443
53 168 587191
52 169 722448
25 170 168375
73 171 258156
27 172 282104
28 173 477219
19 174 79974
26 175 437539
62 176 608788
19 177 712194
146 178 891191
96 179 100341
87 180 615464
13 181 8794
88 182 696422
175 183 668143
167 184 212241
127 185 314456
59 186 474608
38 187 689181
49 188 925548
43 189 340714
119 190 520147
96 191 662349
54 192 845527
129 193 608700
188 194 812172
190 195 755148
83 196 155053
171 197 781755
141 198 474199
127 199 41831
170 200 335308
193 201 616597
194 202 467122
129 203 970987
14 204 789201
17 205 357493
113 206 438233
95 207 403236
148 208 370586
38 209 367626
127 210 508489
204 211 242592
2 212 429762
79 213 359489
196 214 896065
48 215 187180
168 216 920679
1 217 58949
133 218 834811
108 219 967316
200 220 413670
84 221 181445
22 222 226550
148 223 358439
96 224 333661
129 225 444653
11 226 948783
12 227 193776
126 228 874663
78 229 806762
12 230 572578
200 231 631421
13 232 496162
79 233 831786
194 234 731789
66 235 203802
28 236 485036
146 237 222681
201 238 4844
201 239 920918
112 240 964448
211 241 858980
237 242 120125
9 243 770620
230 244 70364
147 245 846265
16 246 583484
193 247 760282
168 248 542398
196 249 848835
59 250 396071
21 251 576957
21 252 252961
250 253 487665
188 254 230970
52 255 563505
115 256 670820
90 257 258927
210 258 605875
191 259 22340
112 260 775650
14 261 350123
43 262 990222
123 263 199299
111 264 103610
102 265 652881
40 266 465417
199 267 837819
259 268 919879
252 269 968398
21 270 959137
5 271 806264
141 272 166056
232 273 180111
82 274 971026
29 275 758281
131 276 538360
88 277 397506
201 278 97945
40 279 526841
102 280 853078
39 281 30546
157 282 821364
23 283 108310
9 284 702685
37 285 413166
143 286 421791
37 287 220332
249 288 374444
204 289 270851
222 290 864472
90 291 154762
259 292 666462
11 293 20412
13 294 549980
55 295 110267
193 296 125970
31 297 491848
241 298 683559
114 299 655885
256 300 320228
43 301 813971
37 302 705910
145 303 682252
199 304 42032
7 305 292171
282 306 433159
72 307 21191
288 308 158613
13 309 748891
17 310 618775
64 311 495177
105 312 111982
180 313 823410
239 314 999074
151 315 635232
196 316 22170
168 317 435453
273 318 236581
318 319 341145
146 320 736629
151 321 892391
186 322 194910
99 323 148544
114 324 322780
49 325 938655
54 326 464010
293 327 663587
28 328 113515
24 329 633553
280 330 663845
4 331 830159
222 332 43713
72 333 236906
284 334 100781
90 335 848145
114 336 786170
62 337 381720
79 338 587614
26 339 698742
161 340 964978
184 341 861574
325 342 808949
27 343 546442
283 344 611208
242 345 803235
253 346 559409
39 347 813467
173 348 536216
157 349 224732
322 350 530956
285 351 385142
158 352 791231
187 353 892060
47 354 452805
142 355 786535
81 356 520282
88 357 98770
96 358 71513
81 359 933117
117 360 874694
66 361 199018
226 362 970948
36 363 368963
269 364 993119
341 365 681938
327 366 130436
212 367 119623
46 368 756036
78 369 926261
66 370 679253
162 371 864789
170 372 925777
287 373 180290
96 374 298677
231 375 270908
116 376 126435
216 377 574694
308 378 456288
336 379 393159
83 380 471383
31 381 840396
224 382 484244
107 383 299012
123 384 313930
56 385 198179
255 386 333902
1 387 240896
69 388 325593
352 389 203671
256 390 101001
103 391 283655
82 392 152417
229 393 698517
77 394 300613
388 395 669864
129 396 75199
103 397 142986
358 398 68605
181 399 410606
298 400 436368
200 401 177892
330 402 272750
248 403 851366
246 404 591281
180 405 957135
366 406 9110
156 407 516959
65 408 949695
208 409 98873
61 410 319921
386 411 30052
406 412 894295
350 413 178061
256 414 275837
65 415 800131
231 416 822230
398 417 513722
233 418 693815
234 419 519945
101 420 965273
65 421 505452
224 422 149915
347 423 338179
139 424 787901
1 425 351377
124 426 766630
221 427 257533
31 428 32863
206 429 97556
78 430 451094
365 431 536773
294 432 410204
234 433 290404
131 434 387560
415 435 248680
5 436 769937
125 437 636845
301 438 795864
214 439 325683
169 440 340316
137 441 177053
276 442 296867
36 443 23410
142 444 547864
253 445 457055
79 446 277703
207 447 577012
193 448 349987
125 449 607138
435 450 453697
53 451 312196
299 452 698586
191 453 157907
49 454 881229
273 455 912367
432 456 458522
182 457 376925
315 458 839336
119 459 78724
75 460 609025
323 461 474031
51 462 326225
92 463 55566
248 464 129450
422 465 515893
55 466 813762
99 233 905179
368 112 377503
328 188 420218
142 403 971453
406 22 479378
230 219 107946
91 71 949594
154 328 236866
455 10 961685
61 180 62741
113 185 51116
460 340 360862
12 306 154954
407 465 941630
389 193 230905
240 336 167676
221 67 592571
338 319 705601
224 126 938860
52 370 360207
24 370 299095
330 273 197443
108 269 638358
30 354 57739
14 279 639534
245 164 149993
20 326 209898
61 7 49129
250 276 265463
185 195 996063
68 87 275648
264 110 450597
328 131 567883
4 333 62164
359 312 559252
35 422 140290
80 110 583273
123 204 43515
199 430 526918
171 285 605570
54 24 955699
367 272 1866
458 348 899738
10 153 690096
165 78 897261
244 395 54780
163 181 673080
434 353 241241
411 417 950275
127 42 427857
238 62 301867
353 46 944396
99 237 969409
126 435 239050
108 462 28516
391 256 672095
100 109 847771
340 103 408624
14 295 224950
392 167 20268
396 46 877157
94 284 370828
421 43 487833
213 156 777294
16 405 299226
113 159 238702
33 318 2281
8 239 809446
271 283 727959
410 71 664489
104 197 662565
240 175 358939
61 282 951839
326 416 382611
297 433 395891
264 135 631251
106 237 406742
242 85 808583
381 41 853914
318 226 20413
328 39 909320
228 196 120036
439 32 147332
315 158 848969
381 91 446434
57 139 360782
196 131 341508
424 171 844332
211 285 315446
215 438 744043
8 464 757835
6 167 871455
174 351 971961
324 56 876517
395 207 363955
335 402 754590
393 300 937542
148 216 857644
197 438 748087
208 424 31595
453 79 185435
40 300 562098
299 366 694647
2 70 903371
405 133 590233
422 406 117168
87 308 663862
25 296 878854
23 249 15366
36 72 501726
386 82 942109
365 103 971498
276 46 915532
395 332 754300
260 297 725048
216 12 988358
74 67 511353
3 299 113934
386 102 777142
240 133 875312
113 304 450047
172 164 577626
129 404 151084
359 150 257282
222 345 649204
70 352 673514
225 255 840080
222 191 743319
70 20 950289
24 399 367566
433 156 940992
308 289 103185
456 423 758517
438 245 796825
15 202 586426
5 153 241556
238 301 947425
323 359 812385
422 460 457060
290 22 465610
136 11 557052
222 417 672705
267 252 673859
280 391 448158
273 459 72654
419 326 513817
239 321 815622
348 319 262531
70 161 959751
5 439 228042
81 134 225979
226 35 404077
366 115 480823
372 15 377917
61 103 794390
422 121 395861
133 104 637333
60 304 584091
179 2 96047
175 130 606264
152 381 241339
126 248 620692
41 191 128963
428 355 978582
243 388 75686
400 195 25435
84 79 577712
38 174 714357
278 132 20024
345 211 638630
212 118 383419
11 406 762333
320 392 265464
116 112 136561
446 399 316172
87 155 883931
319 253 695439
34 44 985401
279 194 668846
372 381 167809
341 384 830986
91 242 836291
394 268 887826
172 396 87971
119 466 73437
182 87 890004
100 65 804875
253 414 843481
100 158 904604
398 290 801401
215 53 744209
224 177 446081
9 150 536322
361 106 131135
176 320 648960
392 423 470652
405 428 521644
111 305 308410
350 47 730072
188 148 324462
270 207 626397
9 65 719104
72 68 163581
38 219 350849
12 377 781882
316 449 271916
84 324 957814
102 121 665249
264 67 211341
110 127 835870
287 165 65328
433 130 411519
229 245 920644
300 463 893624
435 240 944187
323 323 758672
80 59 780849
210 331 258720
400 297 539466
367 400 109261
181 431 19530
125 224 856707
116 392 382516
374 130 769075
281 11 222760
210 150 943758
115 159 565303
25 257 791938
436 233 433929
75 85 236981
77 170 152242
88 460 478272
167 167 697616
417 344 933230
289 346 663657
254 381 183925
330 193 954627
139 103 86452
236 169 513219
40 413 192878
431 398 160586
403 294 619271
327 26 254861
342 267 231805
320 217 718964
191 314 693161
360 436 594870
463 16 749814
160 105 719603
12 80 229152
147 186 275155
38 242 364145
402 228 692189
272 463 201401
453 208 561690
21 291 1612
193 451 993516
196 104 638209
394 445 698601
81 415 915176
464 258 131709
184 3 904396
213 22 4095
1 212 563818
348 440 375762
303 212 469744
78 21 571519
110 448 486905
81 61 293905
180 213 635080
210 373 5618
62 382 144196
198 214 228805
363 107 711412
13 324 985284
70 253 204923
127 451 279707
124 406 771734
362 123 21380
76 301 249556
304 88 409892
29 365 237077
431 74 241766
420 412 469766
204 235 200151
197 310 432283
242 263 814147
273 141 424590
360 265 10638
387 296 33944
461 324 145941
69 341 991343
302 191 727110
458 186 967423
22 137 652541
298 384 85740
130 354 300962
302 393 691718
194 37 818816
106 411 954318
404 228 422630
393 239 23785
110 143 800324
350 149 661794
40 158 505342
382 64 22886
5 386 571925
70 177 150906
64 18 642231
443 247 422463
5 130 907172
8 126 624298
130 270 517379
114 202 736637
463 427 650756
321 458 888074
80 221 544439
296 137 258922
357 365 108717
208 125 657017
28 425 774350
400 132 870484
371 360 953339
124 280 894869
223 191 604838
167 466 711951
131 92 933742
164 229 981254
218 336 615296
83 370 271473
172 272 835242
304 141 360691
399 278 527298
423 389 823830
46 387 535223
134 146 324745
269 108 126710
377 26 122139
232 142 729856
161 285 129657
114 146 151306
89 465 924005
391 361 982870
375 22 480312
342 9 304080
257 303 970970
60 194 797484
107 218 513471
256 407 711678
394 163 179813
451 345 76122
464 362 12555
133 29 832045
151 259 709108
349 341 959708
57 17 2140
361 97 295068
267 378 245627
102 413 54738
159 280 42040
217 347 540780
426 250 830256
295 422 712319
147 94 691496
126 312 361891
217 420 42959
125 137 411789
61 32 148535
443 414 407660
252 324 821461
443 318 741638
11 325 252152
244 210 38931
187 255 860423
322 394 833626
13 316 376639
93 321 144715
148 170 812267
464 302 860638
132 173 967780
440 97 702890
276 443 162700
459 28 845065
295 196 917574
366 196 749482
340 82 129464
303 191 534774
171 407 929412
202 213 957096
177 199 403459
287 221 302503
209 255 143683
389 183 346662
94 279 491267
401 189 268991
142 440 655725
403 374 854667
59 393 59732
118 160 940805
446 83 195822
392 189 517472
262 220 820372
80 231 355110
227 99 643831
414 58 842515
461 76 121125
262 306 255601
119 136 534206
385 252 850421
242 56 569200
265 315 328218
151 12 534650
73 295 86589
372 281 997087
13 158 369978
314 65 812841
262 191 590405
100 248 434592
291 166 419147
423 430 53067
32 227 186635
91 244 34919
81 354 593135
263 52 819686
173 120 804079
310 417 199467
7 55 789480
195 406 689731
19 104 919545
365 380 849125
3 122 389279
65 259 158381
432 228 545490
142 199 898390
290 266 627424
301 140 219063
126 461 601416
175 221 679424
415 288 833946
457 5 995701
73 377 279565
77 368 597610
72 399 219041
372 217 737600
114 452 347447
178 49 425247
7 93 554157
237 390 899316
465 52 113215
128 163 847661
390 361 564507
40 200 54899
435 282 819267
187 182 749608
131 80 20969
412 24 589154
439 421 182278
149 466 754342
347 41 543548
202 141 84392
277 15 775725
165 441 597059
19 1 362332
189 225 197173
121 257 886403
148 135 496861
368 377 790004
61 227 943415
444 17 111220
278 218 424727
14 244 106645
43 253 949284
12 34 534227
114 276 464344
165 246 955570
228 9 118517
323 178 922902
273 116 978506
390 285 28323
239 65 941479
343 273 447254
46 5 286430
41 414 162276
374 246 569467
447 229 417938
46 152 655173
147 243 18453
436 72 600245
37 429 768812
228 196 166390
161 311 73594
386 141 50655
283 356 853480
342 17 536685
122 229 901563
40 106 229380
72 15 596786
184 46 202600
64 186 867235
420 132 54967
381 432 153110
60 43 973866
25 72 658850
212 322 404876
283 410 923592
34 45 750650
245 358 556621
391 19 40988
406 21 686876
444 384 850018
315 86 663003
183 295 365699
369 112 801740
380 261 715827
380 401 131368
15 22 922083
358 212 400120
169 145 553854
311 421 647156
111 58 15585
432 90 349279
234 187 718682
210 422 231330
8 240 330213
72 411 372073
75 415 272035
402 170 419452
102 330 801308
453 454 813151
337 423 616887
214 408 348780
269 245 420983
238 306 555438
299 154 539961
321 143 286722
