418 1000 86 243 1000
1 2 211478
1 3 645511
3 4 121505
4 5 128955
3 6 406234
2 7 863114
7 8 523949
6 9 493588
9 10 639180
5 11 190395
7 12 266923
6 13 383909
13 14 776386
1 15 364030
12 16 343950
12 17 8883
1 18 519056
7 19 954809
19 20 104524
9 21 543172
21 22 903883
10 23 372496
17 24 594522
22 25 332444
20 26 406217
9 27 886505
10 28 433965
25 29 295487
15 30 891294
17 31 278249
3 32 542841
22 33 547764
33 34 852383
4 35 337524
5 36 506357
6 37 283007
28 38 227042
3 39 391664
12 40 682132
27 41 368038
6 42 799100
40 43 801986
11 44 893133
5 45 548140
12 46 625600
28 47 38094
3 48 534931
37 49 70615
39 50 119045
28 51 370938
4 52 715484
8 53 988461
20 54 507104
18 55 557867
23 56 75293
12 57 107698
26 58 976421
12 59 375813
17 60 349387
9 61 901803
15 62 648745
19 63 531758
29 64 277787
8 65 462877
53 66 372162
38 67 163082
11 68 364098
26 69 797581
25 70 340740
63 71 846464
65 72 789940
65 73 942080
52 74 918532
42 75 643314
74 76 522088
73 77 778236
13 78 615704
40 79 112712
56 80 390865
63 81 689925
44 82 293908
40 83 225701
19 84 164389
72 85 59423
2 86 502862
54 87 829103
12 88 598169
42 89 894865
39 90 558618
39 91 883594
20 92 890787
49 93 871839
13 94 388557
31 95 636380
82 96 122677
42 97 280655
76 98 130045
38 99 248778
49 100 523143
99 101 461156
4 102 397502
85 103 772152
83 104 417613
104 105 455012
64 106 811493
87 107 582796
4 108 949436
98 109 797077
16 110 396872
81 111 972650
108 112 932808
10 113 40571
50 114 402876
61 115 194873
53 116 119784
46 117 253531
60 118 57748
37 119 21851
23 120 602319
33 121 256954
59 122 577575
26 123 20024
67 124 370227
10 125 863005
71 126 793674
115 127 235123
18 128 746057
30 129 14985
16 130 649105
16 131 721202
13 132 295558
4 133 447492
125 134 854865
95 135 844505
50 136 844447
71 137 855185
108 138 771680
101 139 5198
39 140 712649
76 141 651319
69 142 652050
31 143 486326
110 144 472824
118 145 718394
79 146 259964
77 147 273973
42 148 20835
4 149 101087
89 150 563764
135 151 779057
78 152 948925
90 153 884139
142 154 683470
42 155 202703
48 156 648892
77 157 889187
37 158 997920
37 159 614451
45 160 619862
98 161 163341
45 162 546750
75 163 383235
118 164 218814
3 165 61420
3 166 104829
16 167 899172
55 168 607914
144 169 189255
64 170 871283
118 171 746170
16 172 480271
63 173 772962
34 174 613364
26 175 780330
48 176 581153
83 177 155330
118 178 224406
74 179 978843
48 180 277911
71 181 743084
6 182 994797
113 183 518320
94 184 950052
59 185 81253
99 186 333838
90 187 74575
183 188 6079
64 189 964275
25 190 975183
73 191 741084
59 192 638043
184 193 256025
36 194 538692
78 195 459773
69 196 88558
7 197 800478
37 198 863107
80 199 320919
104 200 343790
146 201 114630
48 202 985952
28 203 965070
121 204 658702
46 205 692246
15 206 705584
146 207 948488
20 208 602627
97 209 398035
194 210 979145
186 211 79594
123 212 912068
31 213 517122
31 214 484671
75 215 493336
29 216 143173
125 217 505705
176 218 695271
164 219 889400
48 220 12026
33 221 360331
73 222 150231
219 223 741614
145 224 788954
95 225 724975
50 226 791523
97 227 753696
179 228 249624
180 229 129369
6 230 779873
208 231 978163
200 232 814954
101 233 227086
107 234 991269
19 235 497548
67 236 625541
31 237 390291
133 238 29700
193 239 666575
119 240 558302
96 241 136685
32 242 756308
80 243 510177
181 244 944426
84 245 113378
18 246 40041
166 247 929001
153 248 389470
113 249 236917
109 250 967065
115 251 421194
124 252 204207
74 253 992941
40 254 722424
175 255 386153
122 256 933777
150 257 67726
44 258 20955
240 259 682541
176 260 272251
81 261 771037
38 262 87256
230 263 997496
141 264 75296
241 265 249567
82 266 152131
137 267 502962
172 268 241974
29 269 622809
11 270 625202
127 271 253822
163 272 502067
80 273 643344
135 274 365945
40 275 331650
147 276 977994
58 277 611274
219 278 761965
82 279 628194
248 280 677296
93 281 706827
122 282 348580
64 283 440069
202 284 411036
273 285 716119
223 286 632882
77 287 866829
213 288 319042
31 289 39925
219 290 877165
141 291 81954
215 292 661143
4 293 30313
73 294 435432
53 295 538279
118 296 178639
86 297 130425
294 298 311355
21 299 784193
263 300 721760
288 301 629096
132 302 76728
4 303 611415
145 304 262336
273 305 931900
107 306 138487
41 307 703372
249 308 808418
70 309 151803
169 310 107978
112 311 783045
66 312 867836
82 313 445737
233 314 231816
295 315 814441
279 316 653635
252 317 929035
38 318 240837
113 319 310234
268 320 838700
248 321 913702
92 322 526743
157 323 78528
139 324 52075
288 325 630143
5 326 507346
303 327 112446
208 328 211639
19 329 141723
323 330 24779
119 331 824314
57 332 926083
308 333 423040
52 334 165528
172 335 124120
187 336 118406
131 337 983474
34 338 724109
301 339 493758
270 340 780531
222 341 781621
219 342 84736
56 343 196433
120 344 240384
57 345 918352
164 346 332485
118 347 736437
306 348 502242
249 349 161991
89 350 36593
139 351 552016
343 352 964686
163 353 411935
337 354 976346
281 355 282503
282 356 884217
216 357 100766
178 358 502356
9 359 461246
127 360 711768
306 361 330119
222 362 360693
326 363 168027
106 364 199775
165 365 18529
82 366 992657
21 367 336643
135 368 931461
311 369 4592
253 370 740221
86 371 22042
10 372 366269
295 373 514617
319 374 793295
281 375 994950
323 376 623357
352 377 945921
212 378 333531
175 379 267115
241 380 76219
242 381 912461
187 382 477686
157 383 718767
3 384 74602
158 385 64930
310 386 327030
205 387 369591
31 388 567936
94 389 841414
289 390 361583
201 391 838440
95 392 474674
274 393 353020
272 394 616695
320 395 167334
146 396 756596
147 397 589323
23 398 564770
315 399 441110
348 400 948029
11 401 558327
315 402 386181
168 403 29535
220 404 201408
57 405 331909
277 406 949366
25 407 112548
219 408 554228
176 409 444026
207 410 368778
339 411 307658
37 412 363916
132 413 968923
82 414 439700
31 415 2616
236 416 640382
43 417 79214
157 418 552683
293 68 626320
409 208 635825
316 414 218852
116 262 501504
204 83 773434
417 213 492502
94 381 683138
168 361 293362
254 346 531347
282 59 958641
352 258 668647
392 273 425387
257 170 214618
219 136 664718
8 183 345059
274 51 894522
101 157 919122
332 85 569052
135 298 187531
159 336 719503
349 45 501442
93 267 390128
214 251 865400
202 229 952384
228 138 446453
23 79 189568
56 94 100551
96 301 164233
32 234 294330
132 293 215274
316 342 938200
4 134 92998
140 341 660835
413 212 30253
318 34 819473
322 90 314617
122 208 714696
263 183 115372
269 43 394202
82 41 461704
373 23 133123
221 62 314608
316 110 618976
386 178 243838
323 107 375347
370 312 754276
91 408 300693
406 336 659143
335 26 786875
289 189 859161
75 243 834861
296 27 454327
47 289 193474
69 215 522691
280 186 610720
211 260 878018
21 412 59827
417 198 402808
157 83 353260
386 255 715651
298 208 621565
133 104 347189
199 160 877586
115 391 129975
213 24 975058
243 249 321371
279 290 677846
166 145 783040
165 339 714666
132 161 794092
65 10 547458
156 220 927653
169 253 15423
291 237 821969
55 114 837026
221 51 460623
417 296 37584
160 139 940053
305 141 837895
235 3 581068
272 55 772704
94 165 723049
206 346 807622
223 213 127309
230 113 313974
110 35 217696
351 288 26424
70 363 100970
310 13 338461
206 34 492850
137 148 262330
362 346 123739
225 410 657380
332 225 548347
379 386 849324
253 378 917502
325 136 403997
79 57 312571
216 88 796660
411 151 241494
261 29 638368
12 300 441942
335 409 208378
305 125 783368
156 227 105991
409 221 893204
163 75 676396
247 329 986846
64 147 966385
351 195 260832
4 372 532922
332 68 972230
209 134 671681
220 130 989642
91 73 68568
187 30 466
172 262 687967
96 166 446791
61 244 170753
70 196 349687
379 36 104628
31 269 668398
91 20 334064
332 392 677713
89 62 544943
99 211 75771
92 63 520807
255 327 567643
187 342 895429
262 96 469070
293 310 774954
320 38 461177
284 109 914346
173 35 765163
249 90 522371
84 319 618993
178 33 605211
159 25 795321
331 242 603454
6 117 137259
81 65 392087
325 318 708229
276 82 914860
353 10 355639
72 104 326047
162 155 276862
358 30 918562
285 6 448517
287 255 122171
396 75 712377
176 150 534457
106 374 883372
180 19 617014
381 367 512941
271 162 285774
311 382 361381
150 75 474655
345 97 848309
6 54 24642
284 93 915983
212 117 862344
175 285 528723
364 301 390009
237 243 776812
367 309 825737
310 264 386089
9 127 329436
133 8 170144
381 117 117116
112 67 682625
172 185 971800
34 199 81143
176 94 47040
258 126 353796
107 206 432863
145 316 334237
304 18 657977
282 356 24388
407 246 512997
202 25 315366
228 308 441612
106 16 277045
290 153 143010
160 225 688646
182 167 83173
74 305 784301
268 121 332821
406 166 144152
83 88 589683
151 19 832042
189 93 479037
271 31 300057
364 288 801640
158 176 247690
66 66 982687
173 167 570348
88 391 932156
314 273 236371
364 57 451269
172 412 92502
9 40 714921
324 119 629418
287 211 505979
18 76 133249
77 168 710702
265 403 123614
349 218 34066
35 156 107258
158 388 284303
260 79 173853
11 360 185503
178 49 684789
208 196 293073
399 313 94075
261 164 876412
58 91 832071
406 401 536384
292 306 33264
386 213 676163
283 119 169769
311 65 629547
277 268 236761
167 158 49368
267 35 104569
58 132 999204
267 141 171188
218 387 588446
380 206 274810
35 376 323
24 235 327590
335 157 309822
259 156 638097
339 377 519074
57 278 208118
397 230 10470
164 96 462857
255 78 275296
212 53 122002
43 327 876678
197 346 503054
42 215 192737
241 367 197703
295 112 607890
9 288 109747
263 263 886922
384 165 585931
102 309 145477
71 178 460142
196 89 958791
402 222 534005
107 132 14746
56 90 567512
130 194 962887
367 52 770369
153 14 304723
387 43 892464
112 91 562685
315 151 22608
162 106 773557
104 76 530327
169 387 7966
310 290 685795
128 381 243144
155 151 688019
195 160 213544
369 348 267621
251 406 467993
51 329 417487
202 209 102231
394 300 307808
203 293 747961
123 36 77399
80 391 483695
301 255 713860
17 323 597374
408 361 932191
259 11 644536
109 259 95142
415 376 153919
244 386 672187
374 351 318139
180 313 29949
101 289 840474
242 89 644965
68 255 521864
242 355 577125
143 76 701423
8 238 532093
394 25 618033
213 71 248862
156 170 348068
380 64 413442
351 340 45518
142 30 838923
377 77 283938
131 112 752476
144 179 726073
12 153 220405
240 88 941204
177 338 551764
404 408 309138
114 157 461640
235 382 707821
222 43 884055
243 152 595770
296 353 452947
10 277 825761
189 386 737849
307 258 358170
48 321 785995
30 381 570729
319 67 647470
335 119 243995
15 49 344454
408 28 368705
372 330 658513
369 293 998829
73 58 979586
10 38 324907
408 358 910112
161 343 723778
171 49 413470
359 2 620076
129 209 920763
123 155 734226
390 323 136733
329 384 159500
111 2 228970
302 55 322583
368 157 300712
276 1 187416
122 410 827862
321 242 224657
284 47 91467
228 286 92641
332 208 573133
386 104 662145
360 329 807477
194 214 852093
27 74 192385
18 30 449200
30 401 935482
62 113 952195
68 88 259912
378 334 605799
190 198 220946
48 50 767633
146 276 690331
159 31 67766
92 288 281946
17 406 147911
330 114 796569
390 192 456751
266 190 737872
141 220 399628
256 309 128835
54 311 488234
333 195 299865
199 285 62406
134 286 820351
361 173 865282
66 214 921021
224 329 236516
400 218 91351
201 158 224596
118 290 719720
5 337 802454
371 203 136826
41 61 604996
325 266 799016
259 202 315409
9 323 492280
10 237 95226
364 356 966067
122 259 389325
344 87 656008
295 71 225823
277 138 999137
206 66 59913
96 289 804163
66 22 646435
327 398 323116
294 183 932164
268 25 819944
371 308 215545
144 115 978293
314 268 445636
135 404 485145
89 185 252503
402 98 227200
267 282 10961
356 269 215066
171 9 587320
322 98 672053
378 216 845816
81 301 624215
412 15 154011
20 186 854367
162 283 460682
159 69 159708
352 357 73924
217 235 754542
361 277 131229
103 9 786845
5 144 233976
62 305 962103
30 353 438408
102 117 676910
202 216 588164
162 76 131505
154 394 122793
411 396 791178
89 228 408821
215 390 407288
141 107 875809
220 185 106766
29 203 576990
137 162 647116
320 53 375508
74 383 357181
104 1 633879
333 293 864785
133 51 488683
255 345 632379
126 387 350907
348 28 609806
350 285 143508
337 410 694036
277 185 487015
1 180 50608
249 313 872959
286 128 633973
146 115 991104
163 208 502982
6 127 647649
267 304 178160
258 385 915947
196 322 247749
165 194 26611
154 397 985466
260 372 674965
84 134 699588
299 218 819057
278 246 940590
18 127 981739
201 380 406143
251 242 355230
283 202 219978
90 380 357792
56 191 660437
81 38 722748
283 339 643247
5 371 995372
375 160 529612
332 273 673750
133 383 211555
58 306 971082
361 234 325002
141 61 981241
55 28 226320
360 309 679351
320 262 459932
375 9 437300
82 154 402372
401 31 6136
23 127 563953
278 27 681886
216 116 782769
52 9 980562
271 403 972893
38 185 66702
148 397 906477
180 316 519506
222 82 446809
294 418 185826
179 412 334513
51 120 395653
353 6 107519
161 198 794043
160 26 351644
96 55 683902
102 266 178129
399 383 522813
161 16 260015
56 102 234773
262 196 331569
373 225 115218
156 49 979217
94 321 535525
298 115 939176
34 182 294566
221 303 488650
406 235 430603
281 207 961249
179 143 537322
138 197 391562
253 413 557548
194 185 766381
122 389 905747
414 57 797153
353 340 478318
83 365 527232
171 418 260442
245 9 168326
34 88 136699
108 153 487472
415 69 860475
98 293 520339
109 375 986435
281 385 575738
71 379 728504
167 103 999173
49 405 179385
305 214 534335
347 24 891158
61 180 105790
70 223 104403
354 197 972929
98 225 991261
120 29 816453
78 66 51916
341 174 268456
179 338 742491
400 82 53955
216 19 327588
69 148 29762
311 298 993055
36 171 349957
354 102 745821
177 69 437244
326 341 911040
180 344 952511
191 208 281405
229 187 154988
56 187 229653
215 175 546629
96 136 945105
46 190 724873
118 126 138300
284 42 256466
225 1 460838
168 154 504239
47 327 164118
172 71 289091
69 411 613711
215 242 597983
362 88 88647
311 138 31707
290 142 821797
330 264 338170
251 331 301817
316 154 200703
105 167 157056
299 83 434379
58 99 453208
124 189 542393
384 200 778881
297 243 187900
144 389 188117
149 402 782199
40 77 9481
294 333 307165
404 300 627749
285 115 769035
329 267 665729
290 377 85987
215 400 934273
77 172 60779
383 282 832530
405 97 789733
97 245 591142
372 182 155824
279 21 994797
111 285 793567
89 9 928148
108 248 558936
360 229 160066
206 136 510577
4 181 456145
101 3 227014
184 361 430219
405 48 645982
387 136 741413
