430 1000 26 105 1000
1 2 344255
2 3 236046
3 4 784017
4 5 68811
3 6 661625
1 7 913861
1 8 901436
7 9 105346
9 10 296709
1 11 715567
11 12 77088
10 13 810459
4 14 547839
14 15 755834
3 16 268921
10 17 10722
8 18 547974
8 19 455377
3 20 907012
12 21 504998
14 22 179126
6 23 164451
15 24 320384
4 25 269874
16 26 212331
22 27 917469
22 28 364519
1 29 730708
22 30 644
4 31 122026
5 32 528504
30 33 450584
24 34 520669
20 35 956985
13 36 562480
25 37 946572
21 38 450963
20 39 98294
1 40 195531
15 41 222781
23 42 664451
32 43 145870
33 44 217927
25 45 971896
8 46 634377
9 47 476463
34 48 260576
16 49 620682
33 50 213828
41 51 223749
4 52 135572
5 53 859199
10 54 230416
20 55 258237
27 56 361247
49 57 780645
31 58 371914
37 59 778116
56 60 949695
16 61 86857
6 62 260623
51 63 162120
28 64 353904
33 65 523064
64 66 658876
28 67 658549
41 68 898672
59 69 722942
21 70 223534
35 71 365304
11 72 826171
41 73 741674
31 74 809793
65 75 111615
41 76 792271
74 77 646727
66 78 189012
20 79 52725
75 80 842664
64 81 756066
64 82 905603
29 83 2441
40 84 720580
36 85 294410
62 86 798251
38 87 253287
23 88 650079
15 89 987978
53 90 631401
70 91 622013
70 92 767095
29 93 237104
8 94 5658
28 95 618359
44 96 713929
61 97 448841
15 98 501787
22 99 818242
20 100 197392
34 101 795489
1 102 78729
6 103 192395
86 104 456332
75 105 317767
17 106 635521
28 107 832128
15 108 430328
67 109 265286
99 110 987424
110 111 863821
72 112 969105
104 113 7084
83 114 915332
114 115 654303
88 116 648725
75 117 175429
40 118 691080
48 119 401699
87 120 624449
117 121 580384
8 122 991882
35 123 926663
70 124 737873
35 125 415176
81 126 462247
111 127 259191
104 128 529730
82 129 818123
12 130 825084
104 131 848032
58 132 605202
91 133 688885
12 134 792230
37 135 733359
88 136 908862
102 137 283093
59 138 433730
84 139 493970
8 140 987714
89 141 126838
63 142 772525
79 143 452789
126 144 204571
74 145 705766
25 146 858821
120 147 689605
92 148 226503
124 149 768754
16 150 651813
49 151 697392
125 152 398147
53 153 275238
116 154 679915
139 155 944161
17 156 525003
122 157 18641
89 158 246196
10 159 980231
40 160 398749
128 161 381054
159 162 404446
162 163 774607
106 164 785077
116 165 993402
50 166 783236
147 167 531236
24 168 104913
130 169 678740
76 170 303812
131 171 574645
79 172 192941
125 173 305239
86 174 127356
79 175 748014
142 176 728390
100 177 958737
80 178 413447
93 179 327677
52 180 407835
154 181 279311
177 182 488899
147 183 68685
93 184 666918
110 185 793822
125 186 569486
100 187 861069
71 188 693159
186 189 863178
129 190 34883
48 191 291753
160 192 340440
167 193 858913
140 194 48320
78 195 9935
48 196 658169
10 197 881136
37 198 183907
69 199 514410
104 200 514820
87 201 644100
113 202 664967
9 203 293481
83 204 192569
1 205 165290
172 206 53003
166 207 227001
17 208 978130
72 209 98030
196 210 453194
181 211 787845
171 212 81103
44 213 231774
13 214 203426
18 215 960380
184 216 319147
191 217 111687
190 218 919857
205 219 154890
219 220 487203
103 221 797173
27 222 702290
94 223 347548
153 224 919477
135 225 227254
65 226 757796
20 227 773344
225 228 563741
13 229 844055
37 230 737155
29 231 836673
180 232 219609
126 233 27557
145 234 874763
11 235 611631
161 236 67686
202 237 6253
178 238 325147
226 239 76308
151 240 874944
148 241 263035
211 242 688206
160 243 482078
220 244 909284
76 245 699997
143 246 345667
58 247 333563
173 248 952272
34 249 884576
123 250 248533
106 251 721239
220 252 279169
229 253 669073
109 254 216739
36 255 432480
155 256 57011
96 257 883644
136 258 824969
2 259 316930
31 260 681123
257 261 796079
201 262 993251
2 263 364777
21 264 656847
221 265 612023
31 266 483472
247 267 522949
63 268 288564
265 269 258465
58 270 719468
155 271 806208
152 272 274446
106 273 945658
90 274 119571
12 275 728009
272 276 780762
276 277 790606
51 278 658532
35 279 214924
65 280 552982
158 281 928171
114 282 298427
252 283 135926
89 284 924671
255 285 101854
25 286 870325
254 287 733109
145 288 674193
114 289 869171
29 290 509102
288 291 85429
238 292 706058
130 293 520120
242 294 145925
25 295 928803
108 296 973094
93 297 762299
187 298 201238
230 299 664876
93 300 227235
164 301 897478
132 302 753470
293 303 345085
94 304 548669
56 305 285289
56 306 363098
165 307 646660
51 308 358514
282 309 384751
292 310 983238
150 311 758253
221 312 427774
275 313 832678
149 314 877985
50 315 778150
195 316 668574
131 317 103835
138 318 180487
218 319 694171
273 320 143057
61 321 97755
18 322 327701
246 323 39992
313 324 461393
92 325 639154
298 326 585576
90 327 748077
173 328 798558
78 329 843183
54 330 836509
158 331 322276
127 332 513907
128 333 386397
330 334 493777
144 335 912268
216 336 200653
256 337 613961
97 338 128929
23 339 748305
151 340 789098
228 341 974402
305 342 288106
251 343 473824
222 344 79686
112 345 737491
21 346 504713
346 347 674599
168 348 657503
80 349 330762
223 350 213915
285 351 825937
343 352 384753
193 353 352308
150 354 347389
332 355 916301
292 356 708410
239 357 227037
231 358 280524
48 359 623816
275 360 87159
329 361 153940
158 362 874021
292 363 165293
108 364 651620
106 365 958948
275 366 650533
153 367 501611
260 368 278718
80 369 296475
2 370 225513
74 371 219502
213 372 186371
32 373 506245
316 374 123406
289 375 580964
74 376 847983
71 377 167281
231 378 437873
301 379 237240
164 380 939712
66 381 598314
201 382 164335
212 383 765849
322 384 287667
382 385 997630
263 386 85669
330 387 642739
330 388 11780
323 389 648569
376 390 6448
240 391 226228
168 392 210928
372 393 92138
257 394 638574
316 395 478791
73 396 688694
296 397 979932
357 398 64954
344 399 492379
214 400 994960
121 401 439453
305 402 686706
114 403 86941
153 404 795197
365 405 21370
43 406 232051
170 407 233464
399 408 395642
375 409 970495
268 410 227738
211 411 718171
197 412 243715
61 413 496699
296 414 680325
271 415 282354
139 416 805718
20 417 107577
56 418 27279
284 419 696810
103 420 550831
96 421 203014
12 422 539030
4 423 225457
153 424 316427
232 425 698865
377 426 680440
271 427 125619
109 428 771689
104 429 846917
368 430 512720
387 428 718557
88 8 191729
228 148 964476
153 74 363817
322 192 593631
38 264 431219
131 294 901989
370 279 244879
66 141 594895
1 72 5895
258 185 406491
387 161 650408
224 99 530533
412 426 105533
376 351 697594
307 281 173650
93 339 939135
205 141 272040
385 50 709762
22 140 592757
317 184 310048
345 5 36766
217 112 153751
269 387 523703
429 145 916589
399 16 421115
118 67 52289
419 247 1927
206 427 898160
33 207 857692
23 340 212459
327 215 415125
174 37 955223
294 205 974630
317 154 303333
51 151 331990
203 240 653491
218 22 87423
330 50 58980
309 4 13571
425 227 267708
205 203 295953
288 185 254527
372 344 681753
390 104 238474
424 354 682060
299 80 479986
47 315 408728
405 417 820188
210 129 137187
209 426 268957
51 70 574854
251 385 879187
229 416 651084
39 151 221699
90 224 681451
55 154 759925
150 242 550339
264 428 381006
421 118 157973
103 209 14380
73 168 452165
119 179 413511
84 236 3732
313 286 867783
1 319 81623
316 67 170977
240 138 329660
216 81 911926
391 52 279807
268 112 282605
151 270 447656
111 245 756432
306 402 133575
11 240 127077
156 130 397235
68 319 63502
177 406 9343
349 199 803044
378 235 511295
147 363 552271
201 144 999354
423 403 483241
72 274 103344
230 39 22484
72 356 329614
188 227 762970
162 73 600048
191 175 769796
363 241 737367
354 361 712253
6 173 639403
249 110 991400
422 241 129971
195 391 188222
429 427 36114
254 217 833709
86 36 951300
396 31 879982
21 59 159642
180 229 987431
143 63 575219
328 275 962561
229 10 830780
102 4 789514
223 337 857386
362 146 40141
322 224 495797
110 199 876720
107 30 103447
214 57 116432
337 86 501253
389 150 407385
350 88 933422
64 17 526888
59 141 519090
63 233 445604
47 34 919013
161 112 319962
362 230 199492
344 1 343705
428 18 698935
22 229 280270
427 127 719881
354 258 176737
203 21 186980
426 46 753615
204 123 750417
259 401 117834
100 100 651310
96 320 982734
44 401 249968
146 281 672773
134 248 38556
172 284 859486
151 368 686465
60 399 724458
185 236 336824
170 238 286264
222 414 178399
49 375 403761
266 349 605586
56 257 80822
298 35 318572
255 138 512056
107 281 581757
277 30 912345
204 315 501068
206 119 257858
280 394 575248
118 221 162437
29 261 254249
399 76 184500
377 194 588260
405 367 788482
141 101 11247
6 398 706904
138 11 97306
187 156 955835
364 255 563023
376 44 966557
409 198 169364
108 131 533568
397 411 370687
37 57 844691
385 399 785784
88 111 428614
2 105 556598
108 207 707760
210 105 750643
299 56 139684
179 24 275057
38 314 515728
227 292 175346
423 407 276950
64 134 48691
118 393 461998
321 20 277417
356 54 395772
60 20 746623
128 355 357550
155 2 276046
72 246 672922
417 199 618782
200 14 947862
293 335 638429
268 106 536663
242 84 430686
210 399 896654
293 318 640468
260 223 979136
175 407 486607
368 52 968422
47 388 122294
306 343 924997
253 232 531717
145 370 5006
265 113 623625
353 284 205112
156 350 771995
75 61 322397
2 177 935514
179 290 667539
60 133 855660
369 290 454669
133 301 486710
104 256 750833
100 385 922522
53 67 416507
103 123 306289
418 79 5970
68 419 967498
275 352 952297
68 241 304482
347 256 539289
164 35 940452
164 340 885822
203 295 2658
316 378 871759
133 108 40853
30 260 948034
272 335 192274
93 53 669664
251 144 872014
106 423 951781
163 2 432276
97 148 596699
49 233 728580
394 2 95928
396 305 602511
48 254 160629
177 43 550832
169 375 263984
6 203 521005
237 43 78468
275 63 201103
10 369 349864
328 158 490207
160 10 534022
120 143 992738
256 6 614813
393 79 907094
17 233 433625
44 37 795501
121 79 583922
350 194 121929
285 113 627651
103 65 331897
133 73 879468
361 75 397684
266 85 93546
124 152 857236
381 379 852085
138 253 114133
219 352 178906
121 426 281102
366 159 83099
381 227 7086
306 342 424772
335 385 163835
397 361 393871
68 387 885640
387 368 506619
107 60 998518
300 318 308137
25 148 183917
170 92 697848
430 34 995930
110 242 668769
8 130 601643
235 13 29013
244 23 941129
207 126 539926
28 107 525590
207 327 482067
346 386 716968
371 232 460041
272 291 851589
23 409 949591
429 359 149535
337 159 439008
282 384 493073
49 418 872678
309 166 458907
71 402 101797
270 312 556443
78 67 385775
44 37 999181
265 36 481735
44 140 543493
155 114 914431
256 24 382123
164 323 968214
242 419 974326
118 76 956492
362 367 882348
173 49 474248
315 280 455513
140 227 58029
425 322 779214
58 219 57081
116 181 996956
105 134 558367
279 143 78545
15 151 398309
310 371 593139
117 61 841984
177 340 847292
240 183 511726
170 308 856469
26 56 113045
154 16 665877
282 224 961947
43 358 747387
319 203 217989
235 130 21227
112 125 720980
51 117 782310
214 171 474525
66 372 653646
62 5 670633
421 145 109144
44 347 683597
27 413 877010
244 352 419082
114 247 548120
190 428 45479
214 209 16786
209 368 796110
88 231 819953
271 17 677029
209 107 620842
62 155 174895
197 399 833777
279 206 651682
421 171 410490
269 358 349258
331 315 395628
290 376 574942
419 288 447399
87 287 557346
1 72 550777
263 326 805885
166 141 302875
286 363 183899
190 194 55602
329 361 541958
69 83 188803
340 143 878913
109 248 7670
153 26 258534
283 40 78926
241 402 187201
410 177 433576
323 149 561196
327 198 611186
308 98 623149
309 20 817391
213 265 712397
334 69 136361
20 399 711162
205 174 33909
384 30 345440
195 177 125422
26 209 249795
425 320 288043
352 10 889696
316 409 924098
51 378 312197
9 28 397186
365 356 146159
19 51 341739
159 87 560739
11 46 363057
330 225 668815
84 170 947762
375 193 727778
33 408 716404
43 63 627945
301 4 395171
31 251 923116
346 303 270217
253 10 729417
55 352 804111
294 323 38032
255 138 682739
7 396 66846
177 380 110986
308 14 340478
198 5 428921
101 114 943293
334 51 121071
288 347 769612
383 169 581542
264 100 64860
159 323 686554
163 307 491061
158 292 66504
236 314 933081
242 342 915819
302 223 57175
332 323 752627
365 345 584434
112 101 82184
135 187 631219
250 232 867390
35 430 680652
273 7 375001
262 405 103792
372 338 526467
348 405 372079
77 357 961227
243 363 957334
13 357 11297
140 346 118598
326 174 954639
360 109 600660
241 38 262459
41 281 29474
250 125 564571
78 358 705917
225 178 949560
334 377 758
379 118 639910
200 22 441669
284 311 59651
331 186 916827
4 299 777774
376 7 446086
98 279 537802
388 220 231499
95 17 114612
10 395 212671
276 86 24385
367 31 31271
415 92 784124
252 51 699858
198 230 557855
254 191 482099
13 207 504592
217 364 709443
172 405 75422
170 213 590487
230 266 418812
247 345 103678
304 429 526781
81 33 257822
286 222 252241
271 233 41552
85 295 240383
142 85 743289
430 181 530980
181 127 803242
288 216 702379
218 25 129019
421 289 605645
268 144 568483
402 50 595852
201 121 611996
189 148 858219
9 104 196981
205 198 666864
24 240 994808
247 213 525981
113 297 872445
392 131 400043
222 92 421135
185 63 384777
104 118 617790
139 121 942996
108 19 986436
8 151 852823
402 81 604061
416 122 901765
397 70 371937
251 108 23284
65 292 756836
122 251 967069
300 157 120336
24 38 596882
79 425 254593
321 235 378815
394 124 37217
102 307 972964
357 91 960006
310 256 28818
397 406 492361
278 364 720037
95 7 554728
50 262 787009
287 205 39263
14 317 950608
172 147 549314
59 271 371451
120 241 189023
165 370 460775
210 78 374034
338 371 278194
172 406 313576
335 276 65070
360 351 283321
85 294 291485
314 115 834368
403 139 663407
52 33 763133
50 171 562360
317 256 307149
104 296 273718
268 241 6152
234 189 660801
124 232 955932
190 339 34068
228 212 955433
249 186 552764
331 62 463644
88 136 125854
231 284 743568
96 62 801070
186 146 658722
159 179 572141
376 323 950611
71 223 342627
36 22 101924
203 80 157533
306 246 745134
47 159 67369
69 142 925696
43 62 858961
290 18 360317
166 78 10261
328 8 352116
30 334 311339
20 170 871298
321 395 370043
66 381 779302
177 163 128919
350 138 86115
239 154 661240
16 417 775836
145 88 781951
350 376 955371
64 148 500202
33 143 545218
18 424 430997
332 197 972422
322 167 684404
38 128 785961
45 379 17935
140 86 997832
266 378 4094
62 80 534213
399 310 445605
287 142 291877
295 29 728497
382 300 656108
303 47 276307
222 205 655543
15 345 963324
416 239 785563
44 24 838747
381 267 619710
219 114 220243
80 54 936435
190 322 948033
258 141 87385
419 112 221933
167 325 396406
426 256 718479
280 103 163152
188 320 980676
262 405 12237
