478 1000 108 153 559
1 2 123215
2 3 226604
3 4 67825
2 5 516675
5 6 279657
6 7 526629
4 8 510853
6 9 178037
7 10 500567
1 11 725205
6 12 725238
6 13 379376
7 14 372606
6 15 563122
11 16 273547
15 17 429194
10 18 225410
18 19 435247
16 20 723912
4 21 847639
4 22 627977
20 23 505601
10 24 244786
4 25 862893
20 26 303223
6 27 552287
25 28 552143
8 29 227296
18 30 657075
2 31 758909
3 32 82210
26 33 492294
12 34 852831
33 35 465103
22 36 778738
30 37 853491
8 38 20643
30 39 761292
39 40 298562
34 41 523772
18 42 651554
6 43 530279
10 44 634969
30 45 94774
18 46 3522
34 47 140246
35 48 937979
12 49 906104
21 50 815399
31 51 359246
32 52 203245
12 53 90900
44 54 745591
40 55 171332
6 56 219444
24 57 359265
25 58 282711
6 59 887725
14 60 388310
33 61 949427
61 62 725483
52 63 803006
48 64 475286
39 65 636576
14 66 843033
31 67 498924
27 68 884475
47 69 196540
16 70 498374
30 71 242475
3 72 569161
39 73 938844
33 74 497430
37 75 449522
10 76 208389
12 77 227990
1 78 56495
40 79 148404
18 80 55988
58 81 823934
39 82 229238
26 83 218215
7 84 567963
42 85 858153
21 86 857871
18 87 917889
74 88 87616
38 89 911917
39 90 713056
77 91 509749
72 92 411494
47 93 221791
65 94 150157
85 95 239545
48 96 539924
21 97 175954
7 98 962172
61 99 156545
78 100 366158
73 101 970590
25 102 163154
63 103 155140
92 104 336537
38 105 331605
93 106 197555
106 107 893302
18 108 492154
10 109 785678
103 110 981830
106 111 834123
42 112 190646
72 113 898397
108 114 335341
56 115 66041
24 116 24594
29 117 865112
24 118 91407
6 119 831862
47 120 830420
37 121 880083
86 122 44561
63 123 54133
78 124 635583
46 125 727332
1 126 348632
117 127 896940
14 128 158938
100 129 633502
52 130 529544
49 131 426256
57 132 463081
41 133 793049
76 134 883399
32 135 454806
42 136 581809
93 137 868647
104 138 587578
6 139 591730
92 140 401847
26 141 418015
23 142 291461
12 143 734875
22 144 773889
104 145 587030
87 146 903822
62 147 22084
67 148 619794
77 149 569312
69 150 281849
69 151 967140
57 152 621617
21 153 12242
125 154 887468
136 155 25582
25 156 332642
86 157 665409
53 158 931148
62 159 894616
142 160 669930
20 161 626627
60 162 929917
90 163 943831
40 164 189134
129 165 928813
3 166 752933
83 167 260896
53 168 286099
69 169 265682
75 170 794089
26 171 922408
169 172 533246
14 173 66186
30 174 468461
114 175 744612
41 176 594197
9 177 474471
102 178 417751
30 179 41928
156 180 109275
153 181 653696
180 182 781196
147 183 344779
29 184 798807
174 185 634857
10 186 851952
182 187 768928
105 188 160077
175 189 686200
161 190 507881
22 191 446270
140 192 279426
101 193 321921
131 194 64475
146 195 988568
181 196 525435
82 197 253466
92 198 898348
189 199 627236
97 200 721469
199 201 205655
3 202 685505
64 203 648215
80 204 92942
108 205 896717
76 206 24766
186 207 142630
48 208 923633
42 209 116562
71 210 970953
19 211 986757
151 212 924973
187 213 543034
57 214 523399
120 215 51435
197 216 793990
152 217 303770
126 218 290076
27 219 305227
122 220 389953
97 221 472648
198 222 463662
169 223 413148
97 224 452195
183 225 726040
107 226 59810
131 227 65169
220 228 194930
152 229 966368
118 230 220828
146 231 574944
47 232 643633
113 233 596980
79 234 613826
82 235 855806
29 236 803815
202 237 108969
67 238 701625
42 239 466400
212 240 419607
173 241 872533
70 242 173669
202 243 459579
196 244 597192
230 245 629324
148 246 376876
211 247 173700
109 248 911998
155 249 669156
142 250 877554
117 251 753904
190 252 68926
36 253 547825
23 254 408669
205 255 558131
22 256 493070
106 257 972808
82 258 976978
199 259 809412
254 260 793393
104 261 783231
49 262 556021
111 263 223382
108 264 517294
116 265 606186
192 266 254828
18 267 599007
81 268 163400
182 269 127710
73 270 818332
146 271 220628
98 272 419718
208 273 716273
229 274 152489
103 275 706922
112 276 656172
174 277 693816
123 278 402681
92 279 699926
166 280 392127
134 281 123014
148 282 224625
10 283 652429
207 284 178117
152 285 205426
115 286 953141
272 287 516996
262 288 608577
63 289 3345
30 290 782699
73 291 758767
265 292 912698
96 293 354231
148 294 514103
202 295 302725
107 296 581811
225 297 756345
13 298 669568
105 299 931705
242 300 734707
266 301 926829
274 302 661352
34 303 848449
255 304 872318
21 305 523431
136 306 1239
29 307 299026
146 308 792089
138 309 95740
122 310 792944
106 311 200353
209 312 891785
307 313 413826
236 314 392345
242 315 472739
146 316 698644
73 317 259469
255 318 256438
56 319 794445
21 320 554429
116 321 726067
241 322 505261
317 323 225300
260 324 665035
77 325 104136
167 326 545442
260 327 932332
276 328 625602
182 329 148513
143 330 275580
72 331 649548
225 332 949735
60 333 607380
291 334 488350
165 335 305383
158 336 758527
219 337 558837
213 338 879277
235 339 97075
45 340 18831
228 341 518042
340 342 641487
77 343 568933
110 344 523165
185 345 868055
315 346 831017
304 347 174322
163 348 869804
151 349 36417
26 350 412384
85 351 702543
97 352 569923
10 353 373038
26 354 45848
92 355 262833
339 356 256934
55 357 232306
97 358 903735
28 359 649677
358 360 404377
4 361 465634
293 362 650337
9 363 355543
342 364 338724
106 365 917844
202 366 69436
180 367 387142
171 368 125001
81 369 698141
203 370 880429
153 371 314829
141 372 608462
167 373 160080
303 374 751192
105 375 19426
250 376 718201
360 377 299716
319 378 827171
340 379 905403
311 380 414541
298 381 993806
131 382 547570
153 383 36939
104 384 443537
257 385 110850
337 386 563820
90 387 925255
373 388 702281
35 389 970805
39 390 781108
24 391 766822
78 392 91898
236 393 423420
26 394 211375
120 395 296220
233 396 850025
345 397 282989
361 398 596739
139 399 504030
385 400 920092
89 401 882461
302 402 647701
283 403 297120
116 404 509334
83 405 962976
55 406 121546
257 407 445784
130 408 974430
160 409 809867
146 410 89286
271 411 367292
305 412 412280
226 413 912884
187 414 530414
354 415 142463
2 416 639976
25 417 622446
302 418 411177
239 419 717271
357 420 982198
11 421 129745
201 422 787802
287 423 821241
68 424 218468
420 425 479408
421 426 568934
107 427 299994
91 428 272120
190 429 94816
391 430 131316
152 431 644398
321 432 383096
337 433 311158
169 434 533094
227 435 163308
164 436 768103
167 437 93320
345 438 39012
197 439 803592
92 440 563916
361 441 114219
263 442 162065
141 443 64694
185 444 36779
439 445 345522
302 446 487507
152 447 814764
58 448 624009
210 449 74420
385 450 874447
369 451 532831
231 452 852395
120 453 781318
376 454 341353
343 455 415940
260 456 572502
149 457 992828
218 458 75014
24 459 711696
16 460 844304
399 461 327211
365 462 348941
307 463 378488
157 464 335260
331 465 925353
142 466 728737
60 467 159921
370 468 107713
401 469 266826
176 470 372008
128 471 244976
226 472 435011
451 473 862947
62 474 463046
114 475 502313
204 476 269159
177 477 589386
413 478 320033
290 61 365907
346 37 836346
85 384 694878
476 101 917
297 146 26580
467 205 149028
183 307 586002
341 248 589616
79 243 294208
434 181 721569
63 133 536079
309 78 821406
14 12 858868
275 23 380266
252 218 25636
27 74 636
415 218 758289
145 269 255390
51 80 860644
218 296 305864
178 346 196347
29 96 907134
429 20 334053
250 343 7335
423 31 675483
371 183 511472
245 344 75074
161 389 486241
258 413 62175
77 319 524094
129 170 363418
31 74 678305
57 211 810487
249 223 375383
306 124 745937
296 478 663800
58 77 118616
439 29 643595
430 466 434060
4 276 99993
27 473 493883
336 105 644369
398 476 630200
282 12 967772
166 471 516700
72 377 531074
47 422 106689
196 278 185662
328 4 591037
308 74 647773
127 473 168477
173 455 611293
439 4 893859
332 426 851779
54 35 257601
243 286 742590
433 342 634774
290 174 568379
166 120 228456
107 114 708168
342 412 510627
275 221 196654
411 314 883538
81 30 834120
396 288 798172
42 460 869993
107 238 721152
72 379 819822
267 79 252244
127 313 920160
256 471 980283
85 15 39437
155 371 801893
297 74 688359
322 51 639308
351 162 706525
291 139 441516
358 327 469561
162 35 417027
86 436 684666
425 85 821386
358 444 509043
158 296 26227
476 220 325156
450 126 615139
42 376 517591
1 208 487282
366 109 200895
357 131 361441
457 388 111500
427 344 661595
333 78 355026
14 333 561968
59 77 320667
66 18 947150
150 16 773322
32 282 388864
332 460 21426
109 219 448364
322 100 974198
218 23 775496
407 239 949795
169 76 533342
455 280 281291
335 382 887232
153 298 967267
187 275 352909
233 72 86432
401 270 881445
353 445 325005
389 130 743337
352 476 271024
263 344 792951
99 100 209503
92 129 832485
57 131 847133
266 297 24764
387 344 802874
102 2 742647
409 67 182826
34 401 259068
254 316 796516
433 11 156762
208 137 17534
111 23 198916
271 141 436295
86 473 882893
147 1 905637
277 217 693542
368 40 705201
313 374 638740
36 413 646545
34 425 829365
288 10 623572
375 413 449077
353 2 651667
60 476 629899
158 378 645958
331 288 287866
319 114 141860
224 278 553798
60 140 372224
354 403 148851
118 335 56289
145 346 896580
453 198 293729
182 60 131315
335 295 78921
46 114 834476
315 267 657066
440 18 823184
187 264 441791
1 185 393127
340 190 133634
163 90 27045
37 435 42636
334 96 742305
363 4 712817
385 176 808402
90 99 593563
121 29 739339
308 344 557031
433 92 152888
437 89 407613
148 159 569242
238 26 10868
280 55 486976
396 95 798501
127 113 506247
10 308 289039
457 2 459091
405 269 696172
443 35 641166
456 239 449553
34 372 162081
132 61 555660
75 3 25010
471 110 164794
282 212 30365
402 446 387430
414 332 934262
107 156 945705
153 201 190205
375 294 843902
432 37 167203
108 458 745766
333 347 87485
2 16 762876
207 430 916678
129 41 14169
381 186 376026
226 104 54123
106 272 120881
94 192 841682
127 259 992921
349 255 391676
40 47 263223
101 13 969986
184 439 584832
115 49 256962
414 129 621683
363 169 577726
210 391 834329
313 472 427253
428 126 635456
201 414 282625
304 40 297140
139 28 753521
101 457 601856
210 385 916456
332 102 106468
202 478 608822
290 405 810455
327 395 778102
373 2 708735
329 374 142568
3 47 130350
459 141 110352
354 104 683936
24 267 816143
346 214 526515
426 462 960448
375 97 187047
173 81 842518
468 405 930774
27 79 838388
268 408 921142
235 373 554829
389 356 906829
103 251 537534
266 107 952947
453 79 224105
458 408 936142
82 432 174931
278 387 428491
288 389 191233
428 23 10201
457 395 517135
92 51 664427
346 419 743057
36 15 679790
460 88 853485
145 96 532807
404 219 142777
135 355 320272
159 162 859921
454 300 21
206 340 880188
365 70 878859
362 328 915840
291 54 631440
283 16 145731
368 151 329129
469 252 608229
97 430 86456
58 263 143002
195 238 923581
261 350 811916
218 81 5199
16 217 96881
329 423 768154
14 56 637352
225 406 336475
56 30 267866
441 282 846043
470 129 630799
197 416 500265
9 107 473295
126 111 224539
271 383 136891
337 3 519878
153 437 316010
161 31 747900
282 203 393352
16 38 787910
17 79 116397
7 379 757410
462 106 267707
312 311 252799
216 453 68346
243 103 318263
422 89 639671
326 332 468493
9 224 553371
452 121 903527
24 55 159560
412 269 675533
282 446 59897
430 359 224675
142 3 365210
423 104 749220
295 34 166566
376 342 777184
162 238 207745
423 305 880184
162 196 228821
157 94 20375
361 130 415601
430 183 289971
76 318 355039
462 25 428293
356 76 529413
473 84 232069
266 345 663870
74 420 600682
200 408 840826
63 61 110497
237 466 380244
398 460 913548
309 432 256243
129 1 571901
303 119 89571
147 284 561203
287 301 904756
189 460 977365
76 238 207764
172 2 425133
412 291 671017
357 400 864807
228 306 519282
117 285 137738
90 219 213919
277 70 220853
377 473 930926
174 244 492958
318 114 979912
406 152 521864
436 251 449499
184 222 855492
133 331 788537
290 154 572714
77 104 288881
458 401 404311
420 42 354797
128 274 24169
24 435 414541
251 317 919929
396 468 580610
277 363 946329
94 31 352365
290 254 856910
68 282 385721
380 91 887888
293 372 148086
421 63 156736
128 116 221304
154 310 311274
188 448 586927
401 245 313083
120 244 537289
92 244 222788
309 110 658246
228 369 304561
261 443 477338
448 112 182403
29 90 637000
205 79 845461
372 370 441277
335 179 53773
374 411 417899
140 461 569569
97 35 252584
411 270 879757
227 442 905542
18 417 433490
57 387 324276
283 235 715633
40 15 374165
96 390 307432
325 189 884704
246 122 534125
24 56 850552
385 151 670185
33 390 587213
411 120 112951
84 418 917363
478 57 701149
253 14 212225
380 55 703307
437 374 957869
447 383 193618
212 258 814951
223 414 627238
284 148 337331
186 55 188696
263 64 838347
198 250 701517
346 257 193653
65 457 910147
55 275 999328
233 256 122694
243 242 312709
127 261 558958
80 197 357948
199 162 855132
143 7 141085
77 131 520180
4 203 614297
67 476 144285
448 249 621528
208 111 735927
424 336 945172
348 188 577821
323 292 518262
409 114 581468
443 399 260975
374 44 271986
318 361 19738
61 385 358155
273 62 453265
214 350 48504
142 113 925709
278 113 936753
90 281 931459
139 288 679437
179 295 468219
220 390 431935
203 473 190834
288 447 442196
402 101 782387
53 252 133354
426 237 916082
34 402 713587
16 460 363754
28 30 976299
86 272 316663
167 328 95639
395 426 851638
18 278 850879
302 450 354204
460 37 64045
294 52 770133
468 229 967143
55 328 324958
406 255 767017
301 137 13413
323 41 771751
65 228 821728
82 187 375490
122 415 161452
372 301 724040
180 323 436263
220 339 579953
471 262 532048
423 14 750616
210 332 717981
126 358 966199
69 282 460573
96 288 563367
123 377 217680
101 465 152342
429 129 570244
475 20 525001
443 66 824434
202 180 506005
265 145 622616
371 348 992537
443 44 420696
136 14 310847
357 159 231442
217 243 204531
191 363 302398
42 141 21794
149 109 640524
83 92 231991
398 145 375999
177 5 194898
419 433 688519
238 123 178186
101 47 313247
22 242 255717
308 77 255783
309 373 347862
156 365 60675
409 180 418103
187 225 447540
149 143 505223
147 265 860150
358 339 670694
315 193 869593
56 369 966607
10 168 812772
397 340 881237
52 301 837031
319 293 273249
412 264 310112
30 78 226667
364 186 737169
349 357 18487
128 37 623904
324 188 806610
316 448 653039
211 49 443918
161 251 588157
130 305 836987
98 198 231549
447 14 324967
216 113 177654
398 47 936343
471 446 910492
298 257 174406
104 326 23084
424 276 115805
432 381 976205
131 414 633204
152 344 625702
276 280 603401
414 428 971963
278 201 859583
314 304 865420
393 30 830617
421 58 945072
39 412 137975
283 19 917166
52 334 602192
415 371 360541
370 408 744497
340 361 456892
53 189 38773
274 446 758996
102 437 450501
209 402 767437
217 461 485139
