201 1000 180 27 125
1 2 162480
2 3 420763
3 4 97145
1 5 62621
1 6 720233
3 7 873545
7 8 827425
8 9 147395
4 10 433958
10 11 444116
9 12 290082
9 13 317157
1 14 907299
14 15 704072
3 16 837274
5 17 638895
9 18 235998
10 19 446707
10 20 848487
20 21 707087
12 22 918355
17 23 81058
4 24 485028
7 25 271216
22 26 740928
24 27 743137
25 28 477423
15 29 961473
16 30 758561
29 31 402943
25 32 359718
14 33 166574
27 34 368692
15 35 491975
17 36 711524
28 37 821093
29 38 488053
3 39 784967
10 40 7048
19 41 65681
25 42 885154
40 43 248780
16 44 496813
35 45 255969
27 46 385783
32 47 284642
4 48 93233
30 49 782594
38 50 111154
16 51 671319
24 52 961458
40 53 985759
47 54 880015
35 55 127160
18 56 113995
38 57 524455
6 58 278988
40 59 777618
39 60 485147
1 61 545222
16 62 359589
6 63 160178
59 64 718333
36 65 22569
15 66 675864
9 67 15588
3 68 662480
61 69 829438
56 70 42914
6 71 493366
11 72 544687
47 73 852208
23 74 644031
10 75 193397
60 76 499449
30 77 450351
44 78 203372
4 79 51565
18 80 901129
64 81 502053
53 82 613415
24 83 28781
56 84 766078
73 85 60417
9 86 460204
23 87 218176
27 88 376116
38 89 206446
55 90 359865
80 91 247156
8 92 643847
89 93 897884
16 94 196747
64 95 318933
3 96 904022
82 97 47605
67 98 554334
2 99 65458
50 100 401980
58 101 532456
66 102 789615
48 103 879958
58 104 248792
59 105 759073
40 106 598972
97 107 577231
1 108 40902
106 109 959757
51 110 572162
96 111 660586
22 112 69410
106 113 307545
98 114 49213
102 115 433011
37 116 812619
103 117 568499
28 118 30955
32 119 137016
71 120 272477
71 121 860231
18 122 322824
102 123 192838
109 124 827509
1 125 562498
107 126 416593
33 127 953066
67 128 659695
25 129 751954
109 130 52356
66 131 875313
56 132 996650
89 133 731363
66 134 649310
91 135 534951
62 136 895042
9 137 165474
104 138 638363
71 139 990490
22 140 253332
103 141 228924
10 142 929721
81 143 701975
91 144 340989
46 145 127455
99 146 630708
76 147 474283
117 148 778457
46 149 278454
82 150 804362
131 151 473890
40 152 386119
41 153 381425
117 154 314423
119 155 463050
118 156 713507
54 157 176506
38 158 649337
122 159 685552
154 160 117514
58 161 162304
160 162 931212
27 163 908257
79 164 705817
125 165 838127
125 166 735790
7 167 790377
41 168 968173
168 169 130868
14 170 425179
133 171 539798
37 172 297763
96 173 186236
28 174 324305
124 175 958581
18 176 557080
75 177 472053
141 178 537228
132 179 710035
87 180 795753
122 181 85899
42 182 119690
90 183 626364
95 184 427186
12 185 280299
148 186 30407
137 187 939007
68 188 368466
9 189 700995
178 190 267009
109 191 590247
185 192 663909
179 193 883262
101 194 46517
113 195 172609
80 196 854280
1 197 522955
71 198 228447
60 199 720092
29 200 760217
103 201 325399
180 36 880572
139 108 57997
111 129 792781
133 49 953661
84 91 395060
153 196 238337
1 45 828780
13 190 113131
137 52 156267
90 183 744711
188 143 776183
131 12 605980
72 170 84483
149 11 534116
118 78 999182
128 77 363912
185 144 803070
108 200 291936
16 111 587065
141 69 844841
165 20 854213
58 111 460680
77 88 407457
117 116 400831
13 122 589476
183 173 721773
123 110 30677
6 83 517387
150 189 181834
31 37 959333
149 178 26052
3 114 559446
167 95 123595
130 188 407239
36 53 489863
145 140 745193
170 32 678240
199 113 699953
143 87 371094
81 22 692308
136 43 469411
101 152 983556
135 67 471888
5 180 605993
85 148 507413
104 183 922724
176 128 184182
62 19 174528
141 190 636059
148 162 255354
23 30 613998
66 44 135412
96 31 232122
183 148 439796
28 61 306947
118 44 3746
59 136 321249
175 86 423746
99 29 430817
103 163 820015
128 88 622813
176 191 157209
75 102 395611
146 43 580224
186 153 916773
91 198 190257
121 102 414247
80 25 787713
116 32 564942
190 10 14985
47 153 213662
105 164 417505
199 109 932245
147 128 918240
58 170 682623
195 105 75475
25 110 515418
190 129 796028
198 87 219244
146 104 406285
84 140 385953
92 13 867941
135 156 629737
77 59 372682
145 141 151634
6 32 648168
5 199 952226
40 46 237962
97 63 712120
140 160 390678
22 32 24740
68 65 317774
20 38 438659
153 159 860293
178 9 752608
196 24 570143
93 181 53512
79 84 221516
34 55 632493
57 182 692486
164 176 249470
166 7 27849
180 44 631237
196 85 544659
134 102 947265
70 157 488733
175 16 633221
184 87 525720
96 117 137297
187 122 189484
154 54 922736
5 156 891437
179 8 322514
115 29 777056
161 59 595307
42 147 95149
29 171 734283
37 31 923044
142 130 512575
87 119 253877
43 99 124585
195 143 682411
166 10 706332
100 189 740202
14 174 716475
51 146 158441
139 151 293523
102 59 481393
176 51 21814
119 157 301079
32 171 356634
5 170 863671
131 158 780593
153 38 826802
153 114 913034
24 102 184169
159 121 964136
20 124 5882
137 171 79265
66 167 388090
98 196 838266
77 51 509493
44 188 774850
119 29 640482
9 10 279085
167 51 771627
24 1 940978
175 166 85084
105 110 730663
18 100 279913
168 175 269979
88 42 347365
22 5 935605
2 85 635392
100 176 900299
179 97 896770
129 13 557830
161 114 225414
52 117 491380
192 66 218936
86 123 807726
74 179 276178
191 198 620460
77 124 137940
109 69 934502
170 188 63618
191 145 559277
113 87 850147
141 185 676296
190 124 118711
151 161 954643
91 75 755833
10 189 388950
191 118 435029
40 16 303011
124 10 936492
124 187 427186
151 100 240838
82 129 111424
109 108 688343
156 165 135205
71 122 457718
9 8 426485
10 42 927002
166 137 798619
61 107 567702
74 194 758705
84 150 549782
113 128 176930
114 187 183835
190 170 866372
52 10 58676
115 86 91889
201 65 815806
156 175 377829
186 120 144861
142 1 83677
31 191 920891
187 152 732014
184 179 362049
59 22 340771
30 80 269141
184 184 789532
161 30 896467
66 166 287332
160 67 114254
146 43 827537
139 98 466249
133 166 989410
36 33 780913
124 118 827860
71 11 461790
79 105 665733
103 17 537483
34 135 71438
85 90 63250
11 71 381531
85 44 299371
57 154 964428
10 152 25063
49 75 708113
4 183 334568
38 124 51394
56 46 712931
139 65 958653
95 183 865497
7 102 760836
74 133 594003
74 49 582294
153 136 148701
121 89 931469
137 66 201220
155 77 843641
61 56 40658
102 157 710459
177 178 743306
50 161 529444
81 91 517152
131 46 843086
141 1 127547
191 128 620859
183 51 522861
102 101 534958
103 115 234866
70 153 734728
11 66 258152
152 184 275812
120 27 972047
77 13 755893
161 56 406657
130 76 411358
111 76 793971
41 175 914770
82 18 607597
96 25 17518
108 81 326535
29 167 506772
55 43 61477
21 187 883210
52 84 467509
147 113 642962
165 144 736998
71 164 705035
54 27 736235
57 32 474696
136 114 35056
104 83 313136
5 114 854876
189 5 96918
194 68 791881
191 104 571674
32 116 283393
64 128 187648
125 15 513785
195 144 822863
18 49 822610
48 51 383789
160 87 635214
120 95 452665
129 19 883728
82 70 880554
177 148 451415
5 22 40550
184 67 698749
183 161 640230
13 89 627499
81 126 721353
194 130 935519
54 139 336949
96 187 283745
23 64 844277
97 87 249475
23 98 168976
65 147 628504
46 116 811111
77 196 30390
194 123 796306
35 192 741487
201 105 498683
96 156 291596
27 155 534906
191 97 457547
141 10 897203
72 132 347995
160 156 185006
177 192 401046
145 198 267318
96 200 247166
200 59 250804
44 39 731324
80 122 771276
97 72 272405
177 73 827064
35 90 526318
8 80 422181
34 155 727106
2 18 422475
109 117 967777
24 201 424913
91 112 135595
113 102 355297
61 161 299598
105 79 565127
92 34 827709
169 56 758288
91 31 554994
110 160 153569
103 44 95781
17 35 421974
125 130 728973
199 138 989916
178 191 1239
13 42 534097
117 5 80421
111 43 976155
82 63 975305
35 77 479046
112 173 297282
117 159 782179
99 17 614519
31 154 602781
193 194 271026
162 126 448094
56 173 917599
42 148 587042
17 116 902212
43 73 628377
16 61 754051
153 61 912195
6 111 962063
60 135 277512
113 174 220972
59 161 96982
22 117 632555
100 78 403263
181 136 264292
2 152 605139
62 131 619060
87 86 199866
17 73 704697
85 55 688660
37 38 646540
110 190 44436
95 99 462335
162 129 123290
95 91 437783
161 176 434257
170 185 546764
70 51 15817
75 13 784319
88 115 262998
139 127 237755
131 98 884969
92 132 382512
73 40 750701
184 170 486060
27 75 166501
41 168 511899
20 47 163780
120 193 636225
190 38 807245
166 33 122230
51 120 24749
43 82 402017
175 6 500886
190 155 631800
112 77 312542
137 35 705206
191 25 373015
1 150 941726
201 48 788336
157 8 709361
66 46 78796
129 3 579627
158 198 901474
174 113 139011
13 36 58645
124 188 419618
11 106 169813
153 166 490915
58 124 468790
16 151 458444
1 197 914575
178 144 899148
36 115 589783
116 56 724791
4 111 670139
85 31 790078
79 31 557058
200 34 44338
72 112 293157
129 93 121531
179 119 434602
74 12 425428
78 36 332289
37 171 34570
144 22 360352
26 57 562677
189 64 68579
38 95 310838
187 184 997982
116 8 625649
129 21 742917
33 151 398477
2 65 285823
44 148 759146
143 111 720326
67 114 960675
195 31 110787
137 153 188549
106 184 550312
94 7 640014
140 128 267661
39 30 417833
41 100 988943
65 133 202730
104 194 904295
136 19 135110
72 30 666631
25 158 463636
88 174 830266
152 137 174090
120 75 361277
14 4 33841
29 199 655960
10 46 867179
80 76 236738
61 4 685479
30 79 290549
154 120 676066
172 68 108814
33 44 128865
65 105 270631
34 15 693484
91 34 320056
107 184 816909
73 198 566764
136 110 979594
97 101 31169
60 19 940575
132 167 421219
149 57 700096
11 146 56008
82 18 648077
98 90 762127
148 100 582487
145 123 367189
77 81 447187
51 125 353689
104 183 821597
18 50 571345
145 161 351791
198 87 944972
18 34 430241
28 27 632906
189 18 346468
41 65 249113
23 63 682810
79 84 403762
44 113 743353
105 101 892180
58 129 335616
173 39 307167
76 189 385208
1 122 192563
182 70 313423
112 38 860042
141 199 736946
144 96 774931
11 187 697289
199 111 284241
38 84 848248
10 43 891637
71 190 924179
103 121 988855
119 3 896481
132 180 222011
61 165 243285
110 190 43170
186 198 687369
76 94 92269
123 22 945212
183 105 4378
86 44 121294
125 153 972729
95 106 356281
155 3 645454
190 188 690643
112 38 493868
187 47 384194
7 91 997072
172 93 967679
75 44 620476
152 177 726670
187 70 810134
83 69 160316
136 109 910849
154 122 766363
24 5 393914
201 126 752635
24 39 232885
55 65 481321
102 118 784312
54 188 307693
6 143 114361
131 183 943486
174 27 345461
102 7 395721
1 51 738833
100 76 512867
70 3 123380
60 173 254731
105 124 870628
106 106 615844
93 57 796897
28 197 584433
14 112 839615
63 195 321425
186 80 405512
23 26 457726
176 67 299090
170 171 432129
119 119 38813
199 45 747065
181 178 461488
77 42 278412
145 85 909684
170 195 614572
57 168 70609
180 40 413135
97 139 971015
189 38 603496
157 101 277584
84 68 562602
11 61 334198
44 179 895742
156 108 958319
83 101 793474
35 185 686016
85 126 879749
79 146 807825
27 100 231233
18 60 150797
102 162 720537
80 171 875837
9 51 510803
76 179 376358
16 188 407960
167 137 649952
47 32 192874
59 85 483257
87 149 860901
79 127 395401
50 177 854841
150 27 467287
61 134 390183
135 71 579501
100 34 176186
66 158 141624
108 122 537481
40 188 269795
119 176 83755
154 9 171508
49 49 207289
120 136 682406
71 59 219210
128 122 820553
57 175 461867
65 180 855960
79 36 815006
47 185 232538
124 182 584470
131 66 520508
7 49 92976
94 62 264748
187 41 867059
184 69 600313
91 79 63692
91 158 799337
48 94 338627
138 188 395355
103 41 176002
80 116 885279
138 120 225992
143 116 142547
102 34 145897
153 32 755520
119 110 220105
174 4 575221
72 104 750873
33 58 281506
178 167 187729
130 49 768183
117 197 913647
19 29 44734
66 68 947055
9 26 108023
14 109 132939
84 13 628083
194 18 582901
95 180 352499
85 22 301715
19 91 61570
48 52 83962
185 185 372112
170 163 807023
69 154 459025
100 35 331098
133 172 231126
139 26 562572
86 79 493291
93 51 883315
31 90 823665
156 171 978139
159 182 472700
149 108 57128
79 189 271151
180 120 751634
25 145 583575
152 156 287264
189 110 289223
187 166 286120
81 179 701298
160 37 772870
172 78 614542
48 82 118171
157 121 912679
185 188 740553
181 41 520513
138 138 421996
55 133 545203
117 186 624667
41 180 171328
93 147 336287
117 97 587832
156 135 614131
141 186 937807
39 100 326142
92 194 65597
104 110 538445
101 111 293462
28 55 797525
192 188 482027
200 84 272359
155 136 410080
62 55 288245
189 184 961167
151 97 421956
187 124 399134
165 194 747506
61 40 424477
100 184 463915
47 98 354979
154 188 80039
131 180 114985
135 66 358951
59 120 101479
124 98 414640
195 97 468206
52 96 360071
110 35 871494
8 30 251757
90 24 214793
117 179 196765
161 6 308480
48 49 630468
151 92 469757
92 131 232640
32 67 487353
190 39 199389
147 118 918383
43 175 966028
39 66 199800
94 18 314853
119 33 709417
143 21 463519
93 157 746
177 65 264526
114 145 404441
56 62 340957
155 32 355422
93 8 579851
132 116 540240
115 147 575083
50 123 871241
176 110 383511
197 20 87174
110 183 219061
163 126 695810
158 148 342125
172 173 647955
190 127 592297
16 100 643397
200 30 740431
180 34 974390
43 57 406843
32 133 487410
157 192 107009
80 199 122064
77 68 917218
8 51 403276
150 94 895885
190 41 382119
104 1 588760
65 34 475324
47 117 580862
50 60 39333
165 16 269020
120 82 587278
125 162 661480
34 149 358296
107 186 332657
106 77 434225
87 121 967645
145 6 563762
166 16 202014
69 75 180538
99 44 592950
161 123 717193
155 117 222638
16 176 948319
160 196 3282
113 73 952150
132 155 984112
96 116 980542
164 91 569808
147 121 175928
45 105 249846
34 175 544214
145 72 543190
145 195 654065
22 194 500120
58 147 598858
39 78 91852
181 47 159653
148 14 977904
167 13 16163
197 153 498336
75 153 59168
76 82 322909
173 120 917517
58 179 153665
74 22 585550
66 33 417538
119 178 689878
197 116 455526
173 164 691522
193 120 653382
141 50 705333
176 158 893702
58 103 508018
5 186 290260
21 120 682367
176 96 969952
91 22 928184
169 81 354971
3 97 914482
39 69 308914
16 66 124177
154 188 739021
167 194 136812
29 134 214340
75 169 996832
161 187 118945
141 174 5746
63 187 547356
68 45 681258
190 69 432147
94 172 605676
92 169 435337
182 177 374616
26 48 212002
181 197 466661
30 76 204636
129 53 125562
119 175 212431
87 113 416590
64 121 20648
129 26 720257
181 25 350562
