426 1000 270 354 982
1 2 229377
2 3 202498
1 4 345352
2 5 767389
1 6 157729
1 7 922631
6 8 501249
6 9 883576
6 10 135617
2 11 245068
10 12 814943
9 13 459587
5 14 941502
9 15 43969
7 16 181025
14 17 890443
1 18 294004
6 19 470032
1 20 715076
11 21 292445
5 22 86082
6 23 454759
11 24 20868
21 25 257862
20 26 950980
9 27 748084
4 28 301343
1 29 384018
17 30 623575
7 31 738595
19 32 756689
19 33 896783
6 34 440728
31 35 920994
26 36 789912
22 37 729034
29 38 641060
22 39 548508
39 40 728496
33 41 402192
11 42 185111
36 43 809472
26 44 870039
11 45 555501
27 46 120656
6 47 159931
19 48 363977
39 49 118640
32 50 435563
23 51 110968
31 52 867844
11 53 324580
51 54 906821
25 55 884966
32 56 789380
28 57 882134
49 58 564027
51 59 817713
16 60 938951
55 61 148757
23 62 349802
16 63 399942
8 64 157002
25 65 339820
40 66 481007
54 67 417299
55 68 519432
31 69 213801
56 70 920359
47 71 676035
69 72 575873
45 73 826841
46 74 733871
64 75 593797
16 76 940400
70 77 967560
55 78 144228
43 79 339590
1 80 17298
25 81 682245
69 82 634019
8 83 202929
6 84 169829
41 85 29467
70 86 958537
1 87 119157
71 88 122213
21 89 351064
69 90 96947
4 91 911550
24 92 132368
75 93 153864
68 94 130046
13 95 685498
12 96 197283
24 97 929722
68 98 191432
75 99 136148
12 100 905946
57 101 262777
101 102 156652
16 103 717179
77 104 91698
50 105 940435
32 106 524808
24 107 559195
69 108 914409
2 109 769620
86 110 722361
20 111 93218
25 112 353084
100 113 655051
30 114 792156
42 115 30779
36 116 185703
51 117 804675
55 118 340686
102 119 893013
64 120 358632
6 121 836810
76 122 292652
94 123 859677
90 124 28155
111 125 665837
93 126 30932
80 127 138302
35 128 638813
15 129 674808
18 130 56737
49 131 104231
19 132 612428
51 133 531706
39 134 514865
59 135 407684
56 136 779013
80 137 300414
38 138 399137
4 139 666754
99 140 164100
27 141 2769
51 142 470863
10 143 832783
83 144 226951
9 145 594562
75 146 816726
31 147 72023
99 148 611210
82 149 658524
139 150 537940
56 151 167687
125 152 419787
121 153 638637
89 154 894055
65 155 496076
55 156 289286
85 157 856834
140 158 344554
134 159 203092
39 160 529849
160 161 489064
87 162 143547
86 163 700747
128 164 43616
127 165 61675
11 166 930552
153 167 417694
92 168 235257
39 169 78938
85 170 808828
82 171 619450
128 172 901568
73 173 64575
117 174 358054
4 175 519437
170 176 43699
6 177 156522
162 178 126929
90 179 545987
67 180 76558
119 181 988583
69 182 809627
157 183 129737
127 184 34191
68 185 121346
71 186 709602
67 187 650829
10 188 578738
16 189 26121
31 190 330177
147 191 841018
135 192 373493
42 193 413513
101 194 420183
73 195 501503
1 196 313364
132 197 217486
115 198 728575
7 199 999305
103 200 897997
127 201 800678
122 202 111448
28 203 669379
89 204 433309
4 205 545246
134 206 934205
98 207 438044
190 208 691712
156 209 607427
16 210 47565
75 211 381056
133 212 761075
76 213 61346
42 214 996963
137 215 482076
183 216 991924
25 217 391559
110 218 514974
26 219 674334
15 220 75839
127 221 505728
158 222 505306
129 223 529586
165 224 992594
141 225 38426
202 226 953331
72 227 369349
180 228 633770
26 229 363938
21 230 135432
159 231 371844
5 232 139203
152 233 346852
229 234 791732
182 235 486685
151 236 262362
100 237 227694
40 238 200406
39 239 935036
109 240 124909
43 241 86669
12 242 903498
23 243 312910
60 244 262201
82 245 81742
100 246 68268
144 247 993217
156 248 988730
190 249 973950
154 250 376795
24 251 203968
126 252 378030
100 253 627689
98 254 645619
150 255 229946
252 256 341073
40 257 19549
232 258 260433
236 259 105500
166 260 635040
145 261 283943
219 262 734161
143 263 721873
32 264 138265
122 265 500307
179 266 883538
6 267 356232
246 268 211641
157 269 767663
245 270 997872
20 271 586221
268 272 231676
244 273 184457
72 274 630280
274 275 269933
36 276 308448
214 277 283499
85 278 831990
2 279 624246
213 280 945761
276 281 7909
160 282 521625
251 283 975476
7 284 922877
129 285 756802
143 286 559565
286 287 870420
36 288 758192
157 289 365200
280 290 891759
16 291 347395
238 292 271096
221 293 149596
190 294 300444
25 295 559663
52 296 41745
45 297 916851
262 298 646193
282 299 140868
295 300 976825
223 301 173473
171 302 778571
261 303 319983
125 304 384044
85 305 716469
12 306 36359
264 307 827934
163 308 755432
110 309 322362
140 310 63810
43 311 78140
15 312 751401
236 313 825469
121 314 950552
179 315 691768
285 316 115117
88 317 708749
48 318 990056
8 319 961343
258 320 746992
11 321 731125
182 322 299278
118 323 863484
163 324 848432
297 325 452867
196 326 577191
12 327 780830
22 328 738026
17 329 412100
221 330 113552
238 331 383633
259 332 737306
291 333 133637
206 334 641894
237 335 290114
322 336 728573
335 337 272914
14 338 962951
96 339 75167
207 340 233361
199 341 272185
249 342 281230
110 343 799636
4 344 68626
212 345 467719
67 346 795737
182 347 313998
287 348 68606
347 349 331912
210 350 3717
278 351 431034
146 352 388562
241 353 158411
136 354 615151
239 355 840326
140 356 804554
47 357 591323
159 358 598260
309 359 153822
222 360 631907
206 361 27142
94 362 319473
36 363 271087
248 364 574107
79 365 431065
98 366 265219
301 367 330598
67 368 702831
322 369 960416
277 370 87431
88 371 263729
151 372 696155
66 373 206825
102 374 485339
351 375 8060
17 376 527644
238 377 655937
181 378 476378
80 379 319668
54 380 962672
20 381 765685
223 382 85282
151 383 273415
256 384 796692
209 385 753681
283 386 807696
123 387 271841
118 388 286084
66 389 413348
302 390 913922
264 391 897967
205 392 644542
28 393 192313
123 394 556051
88 395 280734
248 396 215742
240 397 655966
322 398 297121
185 399 304283
186 400 453378
78 401 369183
325 402 251017
91 403 871124
178 404 806790
13 405 458314
289 406 517353
393 407 180917
198 408 49608
24 409 74733
107 410 833692
207 411 219052
335 412 718468
138 413 18386
216 414 10432
223 415 675044
217 416 732663
330 417 107145
167 418 169011
303 419 828172
130 420 472352
314 421 443677
299 422 299856
117 423 941648
266 424 664313
227 425 948701
421 426 82549
218 144 631902
14 336 666318
333 6 931328
357 23 456412
144 278 314895
199 312 524246
47 160 355346
367 394 133197
412 44 537536
406 383 596521
40 329 610591
288 14 948517
226 184 487585
404 115 292366
130 360 986556
391 142 25020
184 357 536009
133 112 79695
299 223 466208
71 308 156974
55 225 628337
270 103 998589
195 99 594214
52 282 15581
96 241 285049
266 108 947625
150 223 540048
223 81 287021
92 307 629216
172 217 63018
270 259 610497
45 77 968904
177 158 605134
194 268 444699
168 274 592512
134 67 792090
155 286 191371
222 337 593756
284 397 836410
323 426 374869
42 36 612231
50 67 713231
215 45 366270
166 408 834220
14 315 379731
318 389 3291
355 193 86848
168 153 834457
121 209 432356
71 186 766187
83 347 366489
420 49 27481
392 198 559061
238 308 173869
157 348 265667
230 373 483436
170 136 817891
44 224 201877
219 133 473120
407 160 378008
234 55 338033
2 112 524761
274 265 265074
416 401 706918
117 118 763972
58 62 885749
202 35 852194
279 157 383969
157 69 181510
362 57 374247
37 367 40700
138 257 722972
2 401 772165
172 26 628338
9 225 797487
413 277 73835
387 30 674354
144 67 617565
404 167 96783
105 58 395495
360 192 950437
45 120 63666
388 142 346900
351 342 655532
364 19 916310
118 176 798018
106 220 844379
294 211 395804
259 372 272996
6 404 847518
265 425 931490
41 382 870620
202 175 486800
320 289 174109
390 283 57742
193 156 339156
159 13 7872
405 99 44379
407 2 639271
166 121 585649
402 172 872638
236 386 950582
193 149 687192
60 336 237348
62 16 234936
265 379 813200
129 217 118514
15 103 404642
221 373 731777
418 391 54610
277 71 147880
242 212 668069
405 149 978572
366 115 118118
272 313 70930
29 263 289256
22 42 247414
40 257 723258
324 116 845548
411 149 870892
31 37 115003
205 300 250370
347 175 187734
114 180 913015
352 308 231997
38 278 246965
103 331 436500
37 124 851154
407 408 636034
405 73 961037
19 61 638798
100 184 830728
107 170 452405
60 365 684169
107 96 378255
81 393 996268
137 393 617891
216 100 401004
56 89 139911
8 2 869330
382 359 410301
234 91 575868
32 18 808075
372 256 532179
150 374 616090
189 56 57158
301 205 474642
32 421 613195
408 58 601780
3 337 12824
424 69 704440
386 3 815900
120 66 568744
282 162 761860
170 220 528829
251 32 733355
117 62 424761
398 364 542817
246 33 540100
406 191 759200
180 13 416843
148 184 338059
391 401 103383
260 220 247400
374 338 766378
197 168 758176
220 209 992800
138 418 608757
232 322 589507
187 284 88515
419 414 690607
69 390 397882
72 335 713768
149 106 133531
210 344 208888
344 294 13297
20 231 75022
392 333 703059
82 8 414164
424 370 199191
60 258 784976
203 14 195225
173 209 387070
419 60 607213
101 383 164395
289 157 715041
320 407 903637
60 136 479799
156 392 28930
347 278 297569
107 138 267423
49 208 532415
60 281 747802
388 39 535701
175 413 525442
98 265 76560
220 406 387485
152 35 435707
176 7 940491
65 142 87485
262 105 349018
248 241 976150
7 34 355753
136 393 225626
348 369 307841
222 409 632557
226 223 401904
106 386 376768
231 406 130984
321 230 539915
92 400 825560
203 16 891724
21 222 813578
234 112 784575
35 125 4990
12 67 861086
73 133 28485
303 108 461339
131 23 566368
269 153 380507
313 376 186586
198 182 376246
378 147 339108
93 106 137965
29 400 106352
157 141 30892
354 183 92048
300 370 573569
217 338 259599
131 229 899931
147 281 100240
288 318 299718
49 291 175654
68 59 760678
97 220 382389
347 361 639027
377 383 712712
347 336 57908
27 350 875122
361 278 906239
324 116 254185
219 246 582640
329 363 564959
261 329 713448
308 298 42339
137 109 891272
407 303 171704
96 74 695727
326 193 465781
130 93 624753
123 331 498654
393 157 292696
39 64 246913
61 188 592735
293 181 846675
104 385 786797
42 32 373579
21 150 507599
106 335 553791
387 178 270265
349 54 890111
316 251 479487
184 380 656304
378 372 290895
375 227 432490
209 214 91698
410 307 937555
371 387 615235
85 243 44925
246 288 89135
419 168 614590
359 309 157998
102 316 253007
303 279 766209
419 43 375784
78 21 574381
145 370 262426
155 282 771255
271 421 482349
69 323 567456
109 31 893755
118 248 200227
222 360 987469
341 257 960877
252 361 868341
285 323 201308
71 300 350892
270 125 253372
282 158 92461
203 179 926334
381 96 806801
44 381 680186
82 303 288429
393 309 550183
409 168 196649
232 261 120921
257 205 656931
71 262 149562
248 17 235524
101 279 666124
74 108 148385
118 383 260318
72 325 300948
100 426 899342
166 256 81308
31 71 171070
57 108 597747
155 388 239002
138 361 570351
172 13 502153
181 148 128412
147 93 45361
204 133 842584
163 340 684657
178 330 47215
235 290 791450
362 308 531128
363 116 790446
21 390 361391
280 131 457691
8 385 627733
287 8 487482
413 211 634438
1 407 851587
424 274 412825
187 203 957076
37 239 839997
56 85 868002
347 270 531858
116 201 518335
151 390 377799
199 253 768845
393 113 332275
212 15 185474
341 75 953013
202 149 10269
133 41 354767
385 394 248552
24 279 650561
84 55 908271
350 330 917219
6 135 856256
52 195 94277
88 295 294819
409 292 278923
217 43 298396
162 212 866563
411 187 754335
308 303 504457
15 155 741523
239 424 180701
165 266 657867
234 381 747779
254 1 795073
424 62 191004
160 401 847125
349 147 981700
193 88 817796
162 120 756204
404 384 948524
138 184 209336
44 14 443904
4 39 386012
114 178 886151
398 66 924147
198 346 882330
17 425 800608
425 347 159773
54 400 379817
296 358 820926
406 424 681296
342 202 313900
318 416 690484
360 299 394842
45 82 571433
192 275 466805
377 399 634644
212 133 730979
78 22 427145
228 269 190397
331 374 493992
215 362 966733
28 218 125813
73 178 355787
118 268 784568
214 419 631381
198 273 34453
130 284 358574
332 410 826221
210 371 10105
202 168 871348
279 271 535094
90 373 663188
117 359 317693
257 375 394435
168 357 318904
342 116 331489
258 408 546790
54 270 87957
171 113 227853
250 417 870440
239 243 823168
45 421 367842
40 186 398674
152 319 99428
355 87 955738
318 366 253319
199 241 402984
149 90 425523
155 130 977350
90 361 114242
412 93 135090
315 48 383638
413 68 363867
274 93 950136
158 259 518620
66 19 539251
81 279 665973
358 158 544496
258 65 190416
183 122 82900
184 172 426227
77 23 547927
424 387 560449
178 289 914471
306 322 287286
215 52 842749
81 16 546210
196 408 267134
389 221 840102
374 258 270293
351 31 239982
291 328 714958
354 228 786542
62 321 824503
282 414 86944
410 145 338867
335 341 34685
215 106 396959
106 243 512506
263 379 567080
158 266 468869
259 215 36588
425 352 929280
62 272 362641
306 26 877886
37 133 777956
109 360 99068
149 371 634740
271 403 615586
218 288 20909
64 313 649082
143 412 357433
219 292 38320
411 131 130132
213 305 295499
145 50 551663
20 304 194923
111 292 447177
279 170 319813
36 124 171337
391 50 990939
418 123 657374
399 19 752447
5 158 688987
325 409 678793
359 393 761933
214 250 387030
351 197 585311
16 400 662149
77 14 855665
1 388 702573
57 329 866036
419 245 749601
208 92 255753
109 156 575655
310 220 540315
195 418 500917
184 348 38971
383 210 613485
198 289 323067
208 201 535131
132 220 843405
303 101 506285
324 358 528157
182 153 386034
126 201 45996
11 48 574678
166 354 370350
257 242 835677
13 290 680167
72 347 86047
314 296 338882
317 27 984260
64 305 89778
10 121 467007
85 425 328269
91 81 547600
355 113 294438
278 284 805237
242 369 742634
204 408 206768
389 374 984765
351 211 575040
158 371 303446
287 388 218137
267 278 978777
132 421 513381
229 2 331380
114 314 276224
342 216 632060
310 51 14574
283 82 518089
188 2 272416
213 31 278991
87 164 744743
386 375 651646
221 253 732472
63 129 188829
320 133 734433
110 224 602595
217 334 986251
425 267 610455
192 123 662194
39 342 111721
224 115 532385
155 332 200976
328 40 263665
88 236 375654
295 136 360707
221 393 67137
337 3 960572
301 60 503699
253 29 924417
235 214 55684
121 225 746099
215 95 456654
141 330 934957
174 175 9050
406 368 323132
281 375 845146
264 337 294239
370 271 277863
348 309 44095
47 119 631708
278 405 689649
50 109 31091
294 8 943530
329 411 413535
239 15 228034
162 262 695721
418 223 318253
218 344 593103
115 363 634358
23 336 292442
106 218 752765
235 409 42815
129 86 38322
28 84 122489
7 149 909714
98 352 43173
395 350 456738
295 216 34462
230 117 166699
248 313 772378
329 207 150965
337 393 132741
397 106 174087
130 311 245149
33 283 524061
112 57 37198
234 174 800555
29 190 561807
205 218 176210
387 229 809725
