572 1000 318 183 0
1 2 766926
1 3 196852
1 4 709210
3 5 143900
2 6 194355
3 7 425964
5 8 58585
5 9 809606
4 10 83630
5 11 136623
4 12 914748
12 13 450258
10 14 362285
12 15 759291
5 16 828817
3 17 677341
8 18 345436
4 19 372428
16 20 635109
10 21 420548
21 22 977960
19 23 202848
22 24 107524
10 25 940644
5 26 228670
4 27 441908
24 28 390332
5 29 870938
2 30 106955
19 31 483651
29 32 658458
10 33 844867
30 34 253629
16 35 745037
27 36 384491
32 37 926780
8 38 855360
10 39 674637
36 40 609660
27 41 399330
11 42 206594
33 43 478528
12 44 538521
32 45 514130
38 46 140462
25 47 936420
30 48 289616
20 49 733865
34 50 74291
38 51 766966
31 52 522926
44 53 323076
16 54 18429
50 55 677298
26 56 387136
45 57 680704
5 58 560249
52 59 273493
23 60 884946
1 61 582266
13 62 389333
17 63 589853
52 64 566066
63 65 479631
44 66 633981
33 67 683462
64 68 245101
10 69 448220
20 70 161054
15 71 65166
51 72 563536
58 73 814591
16 74 785254
56 75 675570
21 76 551527
44 77 99603
57 78 634560
41 79 774702
43 80 960640
45 81 842614
75 82 257307
41 83 336064
44 84 600232
10 85 319237
48 86 475107
13 87 383268
47 88 153644
65 89 488669
43 90 264518
87 91 678999
17 92 805721
73 93 686684
81 94 351792
81 95 737815
42 96 899067
61 97 667165
19 98 61774
96 99 806177
61 100 332128
17 101 967550
49 102 588941
48 103 194993
17 104 670293
82 105 765532
20 106 911771
93 107 423493
78 108 27622
57 109 466005
56 110 838435
89 111 519001
28 112 14050
31 113 488324
86 114 437525
87 115 935339
104 116 490004
62 117 959303
109 118 759963
64 119 401847
119 120 320970
37 121 205756
19 122 560804
78 123 546811
88 124 484688
87 125 476222
17 126 213659
108 127 623283
27 128 731317
68 129 634027
30 130 821872
3 131 903261
99 132 268548
77 133 809569
40 134 358349
58 135 727093
101 136 552971
107 137 900731
4 138 932641
46 139 545145
138 140 73430
51 141 614424
98 142 356760
37 143 766757
33 144 716340
43 145 704851
60 146 510559
58 147 260535
82 148 266096
18 149 51722
142 150 608739
32 151 170539
84 152 413848
107 153 509339
90 154 861074
121 155 798079
24 156 28473
70 157 210209
149 158 419672
85 159 552751
82 160 653023
116 161 705019
150 162 682722
148 163 670457
94 164 419161
118 165 491780
86 166 655838
10 167 873562
11 168 92722
101 169 188507
117 170 841720
8 171 736270
168 172 471800
35 173 320539
39 174 23517
152 175 180946
128 176 432311
143 177 267875
16 178 244858
84 179 458212
166 180 2366
8 181 339407
12 182 949757
103 183 803200
16 184 313432
138 185 498811
71 186 417426
173 187 321188
62 188 736339
118 189 147910
89 190 254694
170 191 996493
69 192 479867
45 193 364875
49 194 474406
192 195 996151
99 196 534111
4 197 757097
184 198 700736
110 199 973663
160 200 297866
32 201 437308
64 202 374752
112 203 176195
145 204 136714
195 205 200160
49 206 508915
32 207 682720
52 208 526763
28 209 953076
50 210 568807
127 211 900402
199 212 354556
2 213 888980
74 214 584295
181 215 511927
12 216 802632
81 217 691676
149 218 481954
130 219 295531
158 220 973085
118 221 581419
114 222 614341
82 223 68363
101 224 609416
47 225 712989
146 226 772731
26 227 510549
18 228 301910
31 229 381199
162 230 745139
36 231 981318
82 232 307795
12 233 324509
60 234 201881
32 235 978778
221 236 625613
120 237 414246
32 238 741274
17 239 160463
96 240 8017
35 241 277958
224 242 701732
209 243 475489
16 244 330987
94 245 927002
181 246 149731
70 247 185102
162 248 537194
98 249 863615
219 250 466628
114 251 27538
247 252 812569
188 253 544594
76 254 234292
60 255 947691
76 256 599110
57 257 943151
199 258 440545
56 259 167573
96 260 21821
47 261 430709
29 262 459191
216 263 461198
208 264 712717
250 265 498688
235 266 382563
235 267 581522
211 268 754177
90 269 513069
99 270 456338
55 271 986207
121 272 306407
258 273 276377
235 274 153906
228 275 202929
118 276 296460
178 277 778273
248 278 639983
108 279 452934
31 280 525436
19 281 790306
47 282 332598
232 283 311258
158 284 910533
279 285 71289
270 286 75701
202 287 264683
69 288 522804
269 289 380163
132 290 20888
80 291 597430
82 292 800470
280 293 390365
282 294 578636
164 295 658167
170 296 844664
88 297 153572
103 298 295998
14 299 356459
120 300 145382
298 301 370613
46 302 389788
235 303 372048
118 304 753966
11 305 756781
78 306 304530
268 307 581858
94 308 357597
76 309 927529
79 310 499789
131 311 720223
19 312 488640
286 313 440070
52 314 590138
274 315 678596
261 316 275299
279 317 388065
261 318 583303
201 319 6029
116 320 519892
298 321 766936
305 322 765856
312 323 979447
143 324 162528
158 325 68614
217 326 839154
264 327 911488
261 328 519316
175 329 614025
129 330 161514
159 331 224741
193 332 131260
146 333 631486
190 334 535542
165 335 915426
261 336 617191
60 337 462082
222 338 213058
175 339 340788
317 340 362783
82 341 474162
143 342 755835
313 343 391706
216 344 144180
258 345 428716
84 346 425807
67 347 116238
173 348 529842
311 349 561547
110 350 41961
137 351 961807
314 352 373221
272 353 428333
321 354 21880
8 355 394714
103 356 54747
325 357 208367
154 358 394537
98 359 142315
132 360 392417
191 361 881135
109 362 522151
313 363 41984
143 364 818435
11 365 202440
119 366 14625
276 367 279317
65 368 326416
150 369 200728
309 370 291459
301 371 368104
341 372 869523
14 373 579197
28 374 270907
110 375 839413
243 376 405978
326 377 757330
343 378 317108
159 379 963450
29 380 231665
25 381 625589
128 382 863645
295 383 569587
280 384 705831
319 385 590852
161 386 106594
202 387 22558
349 388 1799
365 389 876250
287 390 271473
62 391 271799
18 392 697695
312 393 505173
102 394 240757
324 395 278524
276 396 506172
157 397 728083
141 398 595485
380 399 417641
388 400 889962
218 401 457455
381 402 533653
74 403 875900
353 404 468023
362 405 632968
350 406 620875
260 407 50033
159 408 798768
340 409 943417
241 410 450603
98 411 690502
102 412 520098
340 413 872289
410 414 9506
97 415 717751
354 416 366106
279 417 837531
321 418 141021
117 419 784130
298 420 44772
370 421 589766
94 422 172874
177 423 930148
109 424 640078
34 425 778173
14 426 827604
315 427 48152
149 428 817445
168 429 82399
204 430 272042
335 431 218782
92 432 705397
134 433 524295
30 434 609785
224 435 912497
313 436 781261
64 437 312852
428 438 668524
399 439 588238
314 440 170936
267 441 762657
270 442 787442
248 443 636659
370 444 18180
335 445 528141
308 446 924279
130 447 360221
166 448 427901
120 449 103924
207 450 410025
124 451 375176
410 452 872178
4 453 157362
391 454 27124
370 455 71281
54 456 486062
365 457 152102
42 458 534788
372 459 46614
169 460 309759
93 461 8300
215 462 230857
320 463 247412
397 464 813810
43 465 693344
94 466 513773
210 467 689991
55 468 624915
406 469 267425
366 470 215135
89 471 407948
160 472 694640
66 473 990731
118 474 96075
350 475 755842
386 476 443222
240 477 176187
310 478 860062
403 479 127203
198 480 997842
1 481 38605
247 482 391110
203 483 360366
117 484 266929
135 485 547360
331 486 344494
227 487 1696
244 488 600447
153 489 210000
153 490 774278
170 491 96757
396 492 864266
398 493 281466
111 494 916664
393 495 522987
293 496 870943
90 497 998458
108 498 723122
420 499 871358
291 500 396554
486 501 174063
250 502 898082
202 503 430316
376 504 378202
115 505 628725
493 506 563060
458 507 612721
140 508 741978
142 509 301161
249 510 68950
194 511 939851
287 512 633368
212 513 577128
152 514 238067
502 515 693622
456 516 852000
235 517 277263
252 518 53370
248 519 191664
27 520 57089
278 521 985723
19 522 474456
228 523 927093
409 524 747462
356 525 677577
400 526 839736
41 527 352003
226 528 208829
113 529 440725
359 530 424393
93 531 344982
467 532 329907
122 533 841214
401 534 34999
18 535 252780
135 536 102772
140 537 550624
194 538 116783
351 539 968577
120 540 439119
497 541 162328
80 542 188319
374 543 621011
10 544 441103
16 545 269763
109 546 235762
461 547 972383
1 548 926657
200 549 188286
341 550 889431
307 551 45984
106 552 511732
461 553 513126
237 554 469307
342 555 135062
470 556 906099
259 557 263256
478 558 670281
328 559 946556
173 560 577612
18 561 279473
389 562 836912
131 563 708303
330 564 822540
436 565 302735
341 566 455964
235 567 538317
7 568 425856
7 569 175629
312 570 300283
139 571 195379
512 572 706804
396 408 342729
256 189 444127
524 370 753078
424 158 155797
195 420 441512
318 283 181663
78 317 72005
173 236 702970
483 480 986003
461 4 889099
413 507 864849
482 99 157972
405 436 936854
71 439 664308
401 59 405416
215 475 709732
263 502 43360
175 279 967792
538 487 970428
453 459 946995
551 86 374213
41 74 93334
287 87 876003
49 55 824202
379 467 543805
51 447 317316
397 261 262166
136 324 891833
537 343 817637
4 509 329370
531 453 925492
119 181 898706
407 221 942267
106 417 919679
265 312 998078
119 550 433133
474 140 468900
278 426 111513
463 91 289434
228 6 34405
329 319 26920
541 572 812439
557 411 310738
348 183 535767
233 505 509299
158 224 771945
142 536 707861
516 162 586791
452 265 310035
208 553 418052
144 292 307251
111 318 308989
373 329 236286
103 262 815584
341 544 865379
568 192 782082
52 553 709836
145 253 225660
513 172 558398
415 351 73766
412 223 802999
393 516 544215
225 338 687619
40 511 882652
59 126 683232
105 343 694455
352 525 649492
470 152 429786
83 429 453131
138 103 603364
529 400 277429
244 462 94299
501 7 133024
181 315 263211
534 534 767826
27 464 101214
107 63 362730
537 148 602589
82 386 502263
405 132 989927
172 488 798873
258 208 671696
468 18 929688
466 395 712891
493 104 31042
1 300 117019
253 10 770505
415 243 191335
163 151 230044
39 449 130012
220 253 436869
114 79 214008
370 503 573187
154 20 918452
109 352 745961
290 320 145537
254 163 627191
497 204 353095
333 160 558456
513 424 527130
86 142 889436
522 278 108030
482 274 578966
151 240 937566
235 543 458617
133 548 111431
250 451 987279
230 516 37482
456 13 503163
284 34 379922
219 551 682512
63 368 841315
178 507 789681
531 134 142292
158 397 357931
517 222 885422
291 507 148176
324 41 990342
271 428 414165
151 293 99640
341 13 218735
306 107 667748
97 33 26857
557 190 422958
42 143 290826
68 375 279345
40 221 339749
347 547 151491
343 72 173824
316 255 654511
476 386 914218
212 194 411951
364 243 418519
207 520 836393
370 132 526014
123 229 346477
32 355 336245
266 388 823404
56 155 701963
121 458 607674
427 131 856679
248 366 116679
431 397 931487
248 442 306907
438 130 383964
13 22 905297
227 459 999468
109 60 440597
404 338 672040
287 64 282785
55 558 219400
551 253 991093
33 535 353796
425 207 617813
84 349 570412
288 331 214728
452 507 194570
90 65 374158
113 207 177399
117 292 120865
503 149 192060
216 488 925168
178 49 826090
415 39 916504
475 149 277372
448 308 562981
151 158 145132
475 348 990600
95 524 596435
127 201 720025
208 272 146693
329 190 994958
40 494 302188
76 312 647293
157 216 401253
174 70 534351
437 234 828760
67 340 116102
545 274 308956
132 527 428913
550 366 316043
302 373 761645
30 264 74529
435 359 687966
419 78 749531
316 66 101166
421 490 680462
552 470 150598
64 348 606981
88 168 448267
32 38 563680
408 76 808732
248 231 790634
376 95 280457
10 143 708793
491 10 502102
241 414 750220
9 250 433200
179 376 575648
399 153 553903
176 541 313555
64 169 9422
475 145 603454
565 540 527975
20 481 347661
264 357 242674
241 374 98400
193 225 915008
470 230 167
85 124 850163
563 437 759418
572 169 755328
492 466 775287
309 416 15976
450 526 78880
75 279 576052
527 205 407540
55 243 253231
409 159 566221
136 244 261033
243 361 221498
122 490 56297
57 124 334174
38 306 177266
164 273 129418
73 213 173946
128 415 929814
411 99 710056
541 537 688773
274 410 287052
517 199 553178
60 92 738723
260 342 867318
33 380 561611
199 546 499700
233 537 324356
198 72 449991
241 172 835560
276 557 11218
63 50 112876
569 166 177992
287 347 262872
326 116 612870
112 562 630212
415 482 537774
8 45 5716
58 485 153542
104 189 510389
570 104 860240
178 382 547545
99 185 647979
120 356 398256
444 350 196842
540 138 218151
301 43 342771
249 18 657829
71 507 542556
125 348 528388
192 2 162049
431 290 550862
532 511 86249
544 193 786360
57 246 733403
528 210 712675
262 455 590267
383 216 261009
50 343 633833
49 436 487333
494 95 858971
325 65 664094
313 572 953594
162 505 326677
130 270 463740
150 56 687862
263 376 760384
68 260 733116
324 127 105903
392 401 385456
31 196 623249
325 402 393188
555 311 76462
122 552 185067
531 270 651367
16 102 818203
127 288 775572
399 304 582853
207 54 490591
256 556 794484
399 86 157152
126 366 506406
359 318 547579
208 480 340360
17 245 728824
394 294 930997
55 501 659297
173 126 436271
210 365 87522
77 259 43167
376 333 433308
398 325 650890
564 171 678922
366 268 304533
188 115 979353
493 339 671291
518 439 329857
369 431 22348
3 256 173033
257 433 372712
68 3 160379
260 191 49597
34 132 441859
354 169 821246
530 215 977870
514 396 672101
41 288 156545
497 362 598506
68 385 891000
162 437 817732
271 378 307808
227 209 953056
106 489 889303
335 311 63520
452 130 275651
568 431 765334
124 456 966256
140 281 415553
232 428 597295
227 444 302536
68 258 626091
455 55 858037
291 559 245645
10 112 627315
328 135 577747
439 366 384267
513 534 353261
440 522 796252
299 84 201625
256 45 890906
53 412 549248
22 68 97481
178 548 527312
112 171 910906
148 91 934107
103 234 729540
83 23 693169
547 486 660423
230 490 954681
514 36 220510
312 195 203798
510 12 280867
217 21 179128
298 132 968616
475 4 800576
41 465 653298
55 114 648281
493 194 916217
5 479 68307
150 30 756318
315 200 639490
352 224 112108
332 357 683991
85 23 477331
109 45 949181
99 154 857953
355 563 143351
369 450 414018
540 138 678264
512 364 172922
183 409 35075
440 169 190752
394 336 183813
415 145 507038
315 65 370992
141 18 671142
444 547 762906
153 342 231287
11 407 885845
427 138 430929
413 340 884112
399 401 536438
478 93 3758
25 449 381410
298 549 442086
218 97 981515
298 299 581595
542 314 391133
545 158 145661
331 486 737968
124 226 351968
333 186 164235
408 224 925211
162 83 450653
67 111 237284
528 512 916538
369 400 825899
565 438 638675
72 403 818228
323 560 988409
182 122 862649
160 484 643540
198 474 189952
231 355 964575
540 56 676856
536 284 731815
273 567 710234
122 79 952132
375 235 27582
79 160 163158
553 48 426428
164 145 377220
486 19 412293
272 180 609522
446 216 402369
357 372 219201
201 141 514154
450 536 761292
79 490 810345
40 25 796127
372 379 618928
216 493 353787
390 330 796055
508 368 155592
76 368 415483
300 456 795099
340 465 440212
527 564 271080
227 62 110615
458 72 119881
48 560 964876
