599 1000 462 186 486
1 2 654462
2 3 577563
3 4 468644
4 5 863507
3 6 275424
2 7 235189
3 8 422370
6 9 450002
3 10 745085
2 11 246752
9 12 405162
1 13 904313
4 14 788164
6 15 962586
9 16 43467
8 17 36005
1 18 589730
12 19 326687
3 20 127120
18 21 561971
10 22 811906
9 23 856685
8 24 876231
11 25 635647
22 26 922515
17 27 332864
3 28 761469
8 29 15720
5 30 502721
18 31 458454
4 32 709374
30 33 922954
3 34 997753
11 35 835691
2 36 955353
7 37 368770
16 38 184361
28 39 560445
27 40 986905
34 41 786733
27 42 499580
41 43 685961
7 44 236619
6 45 717608
15 46 381025
39 47 719178
32 48 254910
7 49 207504
32 50 374149
28 51 436928
22 52 300733
29 53 791746
17 54 657427
50 55 320742
32 56 292758
4 57 409435
30 58 382778
21 59 631225
49 60 269078
34 61 121337
36 62 713254
33 63 388087
44 64 822026
17 65 450231
32 66 228997
15 67 706589
43 68 979838
6 69 451443
35 70 706754
54 71 482727
43 72 346624
23 73 635146
33 74 816780
52 75 799186
69 76 729821
16 77 422169
73 78 353167
12 79 770332
73 80 472674
78 81 582653
27 82 57913
45 83 878722
37 84 49051
46 85 954003
53 86 920693
16 87 246080
19 88 137751
21 89 355385
15 90 708082
44 91 547795
79 92 442593
72 93 797002
55 94 9053
71 95 960121
19 96 381574
13 97 489060
26 98 211041
78 99 787695
60 100 66773
67 101 629028
35 102 385645
60 103 632241
31 104 26265
93 105 865319
50 106 657837
7 107 474813
98 108 118496
23 109 117387
5 110 600206
69 111 37199
33 112 61559
46 113 35435
51 114 376702
78 115 249509
61 116 671339
7 117 275301
108 118 13673
16 119 197371
35 120 968648
79 121 798295
11 122 248828
70 123 163598
95 124 581276
36 125 560220
73 126 318500
19 127 579357
90 128 203700
17 129 815122
49 130 195983
25 131 807522
97 132 130140
81 133 644439
34 134 665769
113 135 930141
43 136 165155
60 137 900358
65 138 533023
111 139 826632
99 140 800212
75 141 255229
122 142 857822
104 143 375395
102 144 386365
87 145 308762
124 146 615380
9 147 728616
97 148 790571
89 149 145976
78 150 188461
40 151 321175
95 152 248554
11 153 255670
16 154 642390
113 155 948971
80 156 340872
88 157 477615
121 158 184637
25 159 101409
27 160 944146
127 161 527810
58 162 919501
104 163 588919
85 164 727381
64 165 273354
26 166 766453
125 167 264809
157 168 578974
100 169 417638
15 170 628898
31 171 259445
13 172 107001
60 173 935089
19 174 119935
5 175 480663
18 176 488180
57 177 178314
8 178 894971
95 179 979021
69 180 513372
156 181 759820
176 182 922562
125 183 87828
71 184 887485
111 185 245014
118 186 108097
111 187 17704
113 188 471526
158 189 968387
42 190 437542
132 191 447430
185 192 676770
53 193 304498
64 194 84573
162 195 893164
27 196 965119
107 197 291454
176 198 874259
137 199 8279
158 200 341577
61 201 198
75 202 390197
183 203 661635
62 204 887311
62 205 641702
26 206 573105
141 207 499565
64 208 989980
4 209 387002
162 210 758515
203 211 372755
61 212 880830
125 213 408865
73 214 144360
113 215 385714
19 216 123138
4 217 58359
205 218 381694
170 219 807366
190 220 628980
128 221 939288
153 222 943968
116 223 313164
34 224 959010
21 225 728227
68 226 426877
111 227 510338
26 228 109849
220 229 765364
131 230 175746
87 231 339877
44 232 334118
230 233 390952
71 234 810842
3 235 761713
223 236 923990
153 237 183515
230 238 694836
69 239 578724
173 240 31157
184 241 743276
89 242 876220
37 243 89146
152 244 515921
170 245 643383
18 246 298591
20 247 37681
26 248 771127
195 249 213209
31 250 391499
28 251 431749
86 252 112499
100 253 358639
84 254 533996
75 255 296052
147 256 606548
126 257 800085
64 258 132975
59 259 427130
73 260 882853
254 261 179818
205 262 923009
166 263 889813
181 264 405044
161 265 689290
139 266 593744
229 267 673473
98 268 389198
157 269 561618
156 270 671688
217 271 897468
28 272 554495
245 273 55583
179 274 209174
194 275 82114
254 276 783445
16 277 464462
70 278 637352
7 279 805009
17 280 290653
194 281 194300
2 282 131433
197 283 295653
174 284 28708
248 285 2118
7 286 783432
71 287 284476
64 288 307894
175 289 70345
12 290 454962
152 291 982802
170 292 1506
129 293 343266
219 294 626322
223 295 353829
77 296 820851
221 297 539822
36 298 474647
115 299 768945
282 300 324022
246 301 551690
227 302 13933
29 303 278644
219 304 281274
156 305 66835
264 306 784065
69 307 625387
178 308 433546
63 309 164198
163 310 670913
64 311 543314
74 312 693940
242 313 359200
151 314 820825
267 315 611174
23 316 775173
222 317 419998
18 318 813302
260 319 265125
264 320 5834
298 321 281917
152 322 288453
101 323 389451
220 324 863375
132 325 31386
203 326 697652
190 327 587542
59 328 237282
218 329 623890
212 330 381871
7 331 260227
112 332 351440
208 333 671234
92 334 649955
35 335 225358
40 336 285350
283 337 487175
6 338 754685
72 339 705653
221 340 154736
204 341 1855
227 342 294891
214 343 850036
115 344 989309
132 345 192645
41 346 904409
56 347 975752
18 348 327448
76 349 580599
94 350 166644
170 351 802671
46 352 454414
174 353 759602
252 354 660074
78 355 277286
269 356 58670
145 357 245268
236 358 839974
164 359 577641
15 360 502787
96 361 844280
109 362 51160
230 363 453814
197 364 221595
39 365 986876
262 366 24490
187 367 818633
232 368 865987
99 369 223357
332 370 307594
4 371 211295
57 372 246280
293 373 785881
39 374 954022
309 375 711863
204 376 508790
366 377 470315
90 378 343338
350 379 19595
214 380 374043
88 381 99729
348 382 480900
71 383 883802
342 384 403780
122 385 729961
120 386 272799
234 387 501921
66 388 403070
279 389 309774
353 390 47146
132 391 888796
79 392 174805
95 393 74974
44 394 960017
51 395 336393
92 396 913943
91 397 983351
75 398 422402
391 399 786980
333 400 355217
340 401 985524
55 402 244008
248 403 63467
194 404 782032
255 405 808372
258 406 191346
79 407 759003
57 408 391776
74 409 967890
55 410 840525
295 411 729391
351 412 181455
184 413 687532
82 414 815460
165 415 105959
259 416 444138
144 417 1440
319 418 571366
27 419 533694
328 420 810494
170 421 709577
152 422 54911
34 423 183985
7 424 294424
39 425 735174
14 426 295004
82 427 538174
418 428 178628
404 429 469106
102 430 288427
37 431 662305
350 432 150608
414 433 774764
116 434 234136
406 435 634200
90 436 126793
294 437 263055
19 438 935248
177 439 847072
208 440 904763
190 441 751994
435 442 680832
170 443 669812
102 444 630901
422 445 377865
300 446 65942
206 447 99348
5 448 940290
302 449 640664
4 450 775101
227 451 744571
152 452 740144
97 453 445830
200 454 275237
199 455 384358
254 456 550155
336 457 698862
380 458 566392
371 459 238483
184 460 573090
234 461 703407
213 462 518181
351 463 431295
274 464 293248
145 465 948709
88 466 948120
139 467 811878
86 468 579827
271 469 732972
458 470 630462
337 471 671813
425 472 703496
435 473 16419
5 474 759876
373 475 794779
244 476 345355
196 477 979174
206 478 451672
210 479 76066
412 480 707914
54 481 325009
236 482 361510
471 483 281177
37 484 138706
342 485 843331
462 486 185627
346 487 378301
202 488 724912
97 489 192536
133 490 895205
132 491 34762
42 492 302257
429 493 720173
7 494 912880
20 495 756926
31 496 147937
93 497 733854
1 498 703593
202 499 550421
92 500 538702
120 501 284746
279 502 238141
358 503 154380
101 504 570885
330 505 860557
79 506 587930
427 507 959906
292 508 591315
200 509 234372
436 510 224747
37 511 408145
78 512 562628
263 513 670284
450 514 582688
215 515 31897
82 516 47270
392 517 419586
362 518 780003
193 519 828788
273 520 408902
188 521 541058
314 522 599075
85 523 331810
142 524 632625
93 525 69611
391 526 142732
383 527 494813
257 528 788531
482 529 647705
87 530 654347
197 531 705445
530 532 77274
102 533 112169
111 534 526733
350 535 150388
179 536 162675
201 537 285496
418 538 609728
224 539 893706
308 540 733579
92 541 693731
229 542 797136
9 543 983970
129 544 676590
288 545 644807
534 546 301482
368 547 241593
457 548 863403
435 549 983041
176 550 503100
463 551 431565
108 552 966925
464 553 421806
72 554 864561
48 555 567130
4 556 863458
502 557 11051
519 558 943417
458 559 598878
132 560 63414
384 561 433173
433 562 986942
163 563 714517
501 564 527575
41 565 798217
356 566 682798
91 567 97405
196 568 487186
417 569 841508
173 570 495479
350 571 193619
479 572 620596
210 573 165699
62 574 679109
284 575 724691
284 576 90890
451 577 89795
83 578 319110
352 579 151226
286 580 820832
158 581 502017
116 582 574245
332 583 9478
143 584 181892
517 585 257883
168 586 103633
579 587 887348
234 588 166915
496 589 545580
533 590 534262
11 591 666560
387 592 788266
232 593 964242
545 594 986242
114 595 724199
179 596 188870
178 597 376810
164 598 667489
407 599 883815
178 53 974755
126 254 116915
484 552 748029
203 546 763064
446 221 799052
593 239 991526
333 163 715393
337 111 303277
83 262 124487
235 482 518811
132 474 774625
244 206 420060
19 220 601154
248 100 750708
40 585 223469
13 485 930490
31 418 360655
478 214 104472
26 384 106522
242 102 538240
145 248 183716
230 347 176497
372 341 642111
275 95 560875
209 271 764314
504 307 706736
124 515 803544
147 207 102332
597 591 29872
62 64 512389
531 128 123973
576 37 547575
191 576 398279
115 448 957546
545 388 143306
391 336 891685
434 274 832677
92 253 203479
200 190 751182
559 557 317716
596 49 669173
301 352 318413
381 599 561118
50 469 424211
4 149 598979
321 149 94734
321 65 602666
94 579 279545
50 94 521666
161 548 573537
489 72 782788
305 552 281758
323 401 229064
236 415 14544
147 328 181606
393 74 49630
318 254 927695
583 558 540524
530 597 281003
206 214 369883
170 99 624436
246 254 423750
261 485 577043
307 175 269625
276 477 281338
384 15 559477
68 29 924417
493 73 54626
538 168 136389
554 235 679509
142 490 920254
333 302 247490
562 180 589089
175 235 785731
284 41 12022
189 127 323851
181 50 59131
227 364 520420
374 362 99448
220 55 257968
5 79 28580
464 56 326366
290 285 151673
360 580 764139
496 508 147731
363 337 879516
135 82 248847
583 93 60601
447 415 626466
138 436 659980
36 346 421496
423 551 300250
223 528 9167
75 425 275170
61 361 844754
171 424 257877
427 92 329530
267 93 609492
334 116 506659
161 191 237360
70 163 751211
563 108 554462
281 563 522385
251 247 751610
306 177 457163
480 398 56766
436 195 668136
584 423 197186
19 279 279144
35 163 804471
289 164 331737
170 30 232159
423 51 354420
478 300 333456
104 67 748343
241 90 316265
584 115 489925
100 459 513747
515 303 521723
244 510 889084
74 279 553492
27 383 611985
359 29 852927
60 432 26042
102 1 892479
509 47 127067
23 190 86980
543 453 998664
155 468 135817
110 263 230792
328 472 577903
183 358 439822
89 458 511063
518 156 821620
255 86 453637
71 282 732857
559 461 959092
447 331 540093
92 14 502709
310 571 813178
422 585 603788
529 398 134
332 269 62924
32 4 357511
41 451 503026
366 256 546997
477 484 737088
496 122 705431
438 365 16796
503 37 157559
380 70 598184
149 493 365096
486 265 96291
380 493 183226
48 156 992193
231 385 341754
56 245 288198
352 164 828912
170 152 154281
140 186 381971
229 499 664039
13 456 593744
247 428 295205
570 233 872956
90 528 6090
26 300 230486
357 424 530204
507 175 366593
453 18 376859
520 302 466048
375 540 56475
491 328 282802
436 467 199526
206 243 433297
173 82 587218
69 72 676710
47 420 623647
237 105 937487
293 161 394899
598 521 327989
395 148 213018
103 82 844231
394 387 672472
234 114 624059
437 136 205905
143 184 211527
341 323 340092
88 522 802011
206 590 613796
569 538 924769
595 84 657343
180 314 152311
582 461 990738
150 319 530604
166 342 121029
312 195 53050
167 507 4675
203 286 835972
592 473 389973
174 529 490064
5 584 170688
109 401 792391
433 599 851868
27 219 891371
248 459 702071
331 309 542488
84 390 733545
366 87 668862
548 587 461945
440 24 649758
515 223 242545
133 99 303811
136 81 290622
132 454 588676
252 87 666251
429 513 172279
9 141 237086
107 396 225400
444 201 604466
318 596 910363
442 181 399447
138 227 845998
369 595 286856
324 515 650547
542 441 821580
27 145 19101
277 390 921487
259 565 900105
416 539 613378
545 217 678526
358 92 267185
30 512 827816
430 6 298851
79 59 105938
189 33 40375
454 176 491683
465 124 118013
242 76 686363
329 6 54291
352 33 118478
102 269 167170
480 193 428896
26 430 909593
73 143 836610
172 172 574344
324 301 809452
551 473 224639
133 320 177948
67 151 530120
474 372 997134
222 474 220579
6 596 90364
537 144 611809
441 265 911256
597 251 555203
243 285 686727
106 292 233108
167 532 149665
594 322 384452
1 171 188584
156 217 891527
118 437 104005
14 43 930798
183 127 508041
18 202 319877
265 555 557090
345 547 824621
432 548 176412
427 174 951994
373 512 110811
154 560 636559
467 537 180951
256 152 550521
170 304 485271
389 360 174986
488 496 337201
362 86 759864
352 500 361601
456 90 752886
124 496 696488
447 235 308689
540 384 378952
261 386 638093
274 457 943869
243 409 715521
109 427 228190
285 84 185840
202 316 52532
578 351 189162
324 466 609082
173 499 150627
325 582 904023
80 579 171091
575 27 960216
94 6 258574
36 581 124209
584 221 933860
440 368 183542
226 373 65148
127 489 700053
212 111 534317
52 71 625303
77 444 549150
20 499 415319
100 92 470303
146 428 498434
247 540 348487
367 575 201936
194 437 462863
243 197 180098
141 229 346991
270 272 379741
574 156 429496
502 273 110374
596 382 292274
438 464 927198
174 302 128055
272 186 340864
371 103 723920
44 531 299833
515 464 831823
424 295 680423
405 248 457005
44 572 238998
469 25 995045
30 534 494711
596 255 19472
114 443 193762
235 181 375618
508 361 426638
596 545 640870
172 349 704399
355 348 144214
313 149 992143
181 264 555454
230 12 784336
290 599 188530
407 495 744290
32 370 270669
258 45 648992
19 42 55308
513 338 796207
386 153 510506
208 190 152058
353 275 472701
198 135 818216
200 544 665553
1 254 125792
336 595 961539
520 514 647870
454 324 151073
33 4 285846
443 131 768449
212 27 148777
279 349 427936
8 97 662629
570 428 986301
375 501 780707
86 2 480500
181 135 277403
306 501 443487
481 26 356843
298 374 445098
551 63 493128
265 393 821046
72 400 20804
251 26 498801
168 198 363457
95 330 145460
36 443 95029
352 382 542238
236 543 783775
100 4 152879
297 248 177673
168 265 855783
475 497 312703
577 593 163936
421 479 500175
188 301 451370
259 291 188673
494 190 793318
77 463 467865
267 570 463333
13 27 205963
360 218 141122
397 377 297214
480 198 525822
165 192 433029
369 6 556763
506 570 196826
538 55 955835
229 267 986973
341 594 532217
558 405 349964
94 485 98504
342 157 867906
372 103 618572
351 416 473589
443 350 917174
275 551 275307
460 212 828516
217 96 535613
