602 1000 255 304 0
1 2 169290
1 3 937642
2 4 484676
2 5 577504
4 6 625942
4 7 548963
1 8 396349
2 9 756708
9 10 681274
10 11 158612
10 12 746577
5 13 544683
12 14 764491
10 15 187490
3 16 39285
1 17 876216
12 18 812959
6 19 588529
9 20 65566
6 21 484690
10 22 473674
22 23 506791
10 24 945216
5 25 750909
11 26 505314
18 27 772072
23 28 885394
15 29 6910
19 30 209147
6 31 268058
23 32 832776
5 33 384922
27 34 794282
6 35 912418
25 36 617622
21 37 444759
34 38 361668
17 39 796644
37 40 449970
3 41 248248
34 42 458144
33 43 424326
40 44 543313
37 45 372036
9 46 740624
23 47 174701
47 48 869096
46 49 18559
27 50 79211
28 51 348285
14 52 845804
45 53 184878
16 54 24901
4 55 273948
26 56 450066
54 57 486742
20 58 916596
9 59 321710
53 60 868943
35 61 585404
38 62 312076
8 63 690137
5 64 905943
43 65 524261
26 66 324386
4 67 706050
50 68 826017
57 69 417815
42 70 52812
3 71 292174
52 72 983072
29 73 562773
38 74 173598
19 75 717793
16 76 832651
73 77 672358
45 78 632878
19 79 804128
58 80 231829
29 81 278286
17 82 655632
62 83 715634
80 84 390324
65 85 321554
15 86 114841
59 87 190394
78 88 653981
33 89 972535
52 90 896927
14 91 462429
48 92 484740
87 93 94659
88 94 914422
89 95 881282
50 96 346272
66 97 835129
42 98 118836
29 99 412364
40 100 163749
94 101 510560
82 102 865965
98 103 645792
102 104 533127
80 105 972347
23 106 703222
56 107 358308
59 108 86525
78 109 103057
84 110 349669
77 111 460541
97 112 955898
44 113 87398
49 114 225166
109 115 42576
43 116 720180
7 117 2944
49 118 168262
28 119 190081
39 120 127200
28 121 898466
91 122 387427
37 123 288054
34 124 528435
53 125 224850
98 126 473721
5 127 550035
38 128 851170
106 129 622358
32 130 311454
96 131 674366
95 132 393698
32 133 704114
9 134 451302
4 135 467676
2 136 637607
60 137 490859
76 138 213607
1 139 988817
55 140 682536
60 141 776326
137 142 897652
111 143 496003
102 144 320600
12 145 783496
34 146 470757
120 147 939351
123 148 114670
61 149 599414
31 150 609932
49 151 526705
22 152 538269
25 153 343957
78 154 911168
124 155 183351
137 156 988379
84 157 346347
135 158 381974
91 159 15629
22 160 314589
3 161 641660
14 162 199841
17 163 36697
91 164 118872
111 165 12365
153 166 266361
99 167 368064
16 168 899521
90 169 357603
30 170 162288
166 171 510503
93 172 416332
39 173 58563
130 174 636061
154 175 262514
11 176 638000
13 177 573106
38 178 526228
175 179 856262
66 180 144032
73 181 477430
172 182 348203
112 183 166986
121 184 35410
158 185 450002
86 186 794614
134 187 951201
175 188 758524
135 189 374733
61 190 354891
105 191 404657
105 192 532177
109 193 132331
37 194 594110
175 195 949726
186 196 684103
127 197 416433
145 198 26852
145 199 440782
36 200 856339
144 201 37348
193 202 424851
174 203 759013
101 204 534441
56 205 512841
74 206 55199
34 207 886666
112 208 994688
16 209 179173
76 210 172829
36 211 530655
75 212 120332
81 213 40126
66 214 647971
205 215 979340
79 216 545345
149 217 263256
133 218 495302
96 219 300148
214 220 634517
128 221 291128
12 222 850009
196 223 360125
146 224 525054
7 225 42723
78 226 275507
140 227 990859
192 228 528559
104 229 188382
225 230 124777
2 231 877956
44 232 529182
127 233 93102
100 234 557134
69 235 151885
186 236 963584
105 237 669400
132 238 805242
16 239 236874
48 240 411785
99 241 648354
98 242 995199
133 243 478369
132 244 64624
171 245 395728
50 246 901236
156 247 24823
196 248 572777
109 249 797606
170 250 437998
82 251 840368
182 252 637480
38 253 109419
61 254 259328
60 255 975858
184 256 121635
179 257 452259
93 258 861442
128 259 28514
196 260 578960
50 261 51156
28 262 243078
48 263 773412
82 264 295586
191 265 440449
182 266 885603
147 267 491998
247 268 626575
3 269 218417
18 270 310957
34 271 439732
174 272 717708
55 273 187175
194 274 225466
51 275 953164
145 276 129102
249 277 623658
67 278 983582
29 279 462795
276 280 462537
213 281 66942
59 282 887535
133 283 440277
153 284 337652
168 285 101672
171 286 298561
102 287 636624
278 288 666754
272 289 309293
108 290 874985
249 291 771233
289 292 856426
21 293 244051
104 294 646653
19 295 737388
245 296 918495
160 297 867869
3 298 900561
40 299 713303
244 300 675543
262 301 141010
30 302 288058
63 303 654599
168 304 224519
269 305 518582
304 306 804750
259 307 663520
254 308 76644
157 309 414094
104 310 418081
184 311 161672
74 312 686563
15 313 245023
138 314 428617
186 315 935524
164 316 821624
224 317 23598
98 318 359706
96 319 178072
31 320 923290
318 321 627712
316 322 642601
37 323 730890
181 324 382013
45 325 555547
207 326 145548
103 327 154654
238 328 484501
18 329 905602
48 330 219415
204 331 876858
203 332 422552
90 333 742012
127 334 128544
297 335 684355
68 336 727867
211 337 205581
64 338 899643
283 339 379549
30 340 444723
245 341 71866
209 342 338557
127 343 506222
171 344 204341
289 345 120328
123 346 293308
213 347 194523
341 348 110518
25 349 48957
195 350 191244
77 351 566920
229 352 170539
317 353 614044
243 354 170947
310 355 550491
257 356 500553
198 357 159404
202 358 262837
64 359 119033
96 360 272900
141 361 952880
150 362 365239
240 363 916614
117 364 372306
176 365 969775
73 366 64543
29 367 430184
57 368 572585
234 369 680173
340 370 193089
252 371 100739
154 372 287228
279 373 545328
334 374 653362
112 375 73917
245 376 905921
37 377 706747
259 378 713736
356 379 892987
295 380 774573
103 381 966228
73 382 894232
327 383 56865
351 384 302453
140 385 282177
231 386 335669
216 387 614805
104 388 556877
388 389 360454
285 390 390518
254 391 531708
336 392 853932
129 393 380072
30 394 697264
124 395 409978
95 396 127814
318 397 612780
68 398 229815
269 399 309621
207 400 230607
195 401 505367
187 402 400800
161 403 855378
392 404 690749
297 405 106542
331 406 852800
135 407 24117
235 408 750790
273 409 243574
62 410 983597
85 411 350212
183 412 384029
189 413 305653
163 414 442556
199 415 356452
369 416 340152
333 417 420591
334 418 143425
126 419 566841
81 420 281099
79 421 656233
354 422 953361
243 423 228329
329 424 765069
318 425 328168
369 426 222145
141 427 709016
309 428 935602
169 429 135729
208 430 598311
290 431 125548
35 432 661422
76 433 371337
149 434 689368
326 435 511882
185 436 967352
364 437 220277
180 438 394407
20 439 450646
21 440 436291
23 441 711931
343 442 175084
417 443 209142
426 444 541893
329 445 531999
244 446 293753
137 447 559503
58 448 337459
95 449 203046
11 450 953445
262 451 791365
12 452 243458
327 453 511445
260 454 667076
19 455 626430
242 456 642087
116 457 585649
360 458 782764
159 459 296799
97 460 689623
365 461 36159
72 462 78385
234 463 746380
249 464 755079
422 465 291972
425 466 934377
339 467 520555
309 468 879915
353 469 449542
128 470 604647
191 471 512864
65 472 81850
446 473 92937
289 474 614659
59 475 80018
290 476 978279
174 477 142738
180 478 839823
434 479 18019
363 480 573672
66 481 676197
321 482 514210
263 483 91259
335 484 112498
191 485 939978
286 486 989201
20 487 336253
230 488 698746
115 489 166403
381 490 611184
442 491 877902
99 492 636405
354 493 811542
450 494 94804
106 495 622421
48 496 663704
66 497 506569
120 498 400722
240 499 684277
18 500 547864
206 501 451743
59 502 490176
426 503 337363
384 504 192169
253 505 400479
318 506 599987
73 507 122198
452 508 747074
375 509 569869
465 510 505535
238 511 375009
199 512 426390
374 513 853934
431 514 959545
395 515 625881
238 516 778267
421 517 439368
88 518 537142
182 519 709796
20 520 796230
515 521 502366
5 522 939532
408 523 968167
468 524 571596
437 525 250359
48 526 137872
406 527 556551
309 528 408418
318 529 61782
153 530 963989
446 531 129640
12 532 734077
141 533 564482
319 534 992179
413 535 468847
246 536 661202
454 537 615679
97 538 715708
238 539 138563
527 540 709461
122 541 700114
193 542 297543
508 543 691527
117 544 625725
411 545 910016
26 546 37928
250 547 521825
234 548 425661
136 549 732495
63 550 510261
307 551 840885
318 552 213836
484 553 189378
360 554 127042
151 555 854121
480 556 905565
36 557 526368
16 558 824996
411 559 675361
21 560 592230
491 561 873197
301 562 598129
410 563 757828
175 564 783388
196 565 703341
496 566 244414
68 567 324853
367 568 960883
455 569 10600
406 570 935710
107 571 804825
552 572 435682
302 573 932704
225 574 349672
100 575 192470
150 576 774685
144 577 698459
381 578 366769
256 579 389329
164 580 333976
196 581 607839
30 582 107852
181 583 405294
356 584 554570
126 585 401199
486 586 856657
565 587 211476
567 588 44710
320 589 428050
553 590 421074
489 591 880037
15 592 268962
26 593 729292
237 594 469670
252 595 662665
238 596 716851
13 597 914978
60 598 253602
267 599 548387
540 600 210638
554 601 308185
300 602 168409
136 384 473048
34 94 952821
489 478 86690
493 220 153489
464 75 69311
363 534 34219
396 33 7916
190 555 260113
269 588 755025
62 3 542322
383 588 618680
341 332 152757
115 221 194701
499 212 648023
350 561 459735
219 194 404297
210 484 679799
84 309 470217
370 262 895327
532 428 98560
273 183 780500
216 544 889693
144 409 5799
594 112 194480
99 303 799216
99 202 328522
473 72 540428
384 339 335443
346 469 705946
538 289 433451
302 559 638897
362 125 13574
401 15 908388
215 601 586050
382 525 293305
584 422 949835
111 205 790886
564 143 349489
138 270 775501
125 433 796425
444 529 538810
196 117 979330
260 513 51099
427 458 255304
404 325 510463
395 98 818590
510 559 523474
555 366 416888
75 450 54296
24 235 743575
219 336 26345
1 596 576617
59 321 451501
380 138 68193
383 330 261720
458 16 340819
593 282 336807
367 52 134610
1 511 305627
435 250 149197
356 138 55925
268 61 443560
378 80 293108
116 593 562136
333 310 722572
97 273 750337
433 320 367591
230 436 710483
244 12 982881
415 201 380514
535 114 522494
110 495 190342
46 519 716655
591 284 314803
282 141 957509
409 337 952474
35 61 917685
84 488 599808
249 547 785933
541 278 193949
19 422 322294
148 234 581560
115 94 285420
329 582 10881
310 534 897146
364 95 952687
169 539 208825
274 538 246171
235 284 136842
472 508 531805
412 543 900690
272 6 143014
451 127 380726
82 405 811934
304 477 178775
581 463 726592
489 455 37648
296 482 896499
317 581 472174
321 527 802922
212 442 252144
333 354 491454
143 152 248831
379 489 628362
222 238 634416
300 230 92295
201 366 175160
477 481 155370
63 7 566767
50 223 63228
277 576 856137
485 264 80184
323 330 373201
33 192 5738
45 582 118887
412 469 179718
16 272 458875
301 383 31175
276 156 98058
357 550 929930
491 242 279769
67 503 150826
149 520 930225
225 17 511773
383 562 565338
439 334 21007
586 1 573979
329 43 69886
189 107 575920
116 406 809558
441 456 529805
401 240 641871
441 421 994451
331 368 646723
219 246 390865
87 551 57108
16 205 848957
597 235 804222
582 134 912179
176 514 371384
303 461 11758
389 366 843986
285 250 263172
137 200 565834
281 333 663975
416 295 117679
579 237 634970
201 462 7034
263 332 783472
272 405 322474
306 563 227468
424 514 618527
389 544 925973
45 40 251450
532 241 431352
593 560 173747
119 250 574691
297 189 956859
474 533 451454
544 566 751315
72 81 139693
526 38 907564
52 154 994052
157 441 885762
541 534 107595
307 584 759603
264 310 239475
163 432 695844
321 181 931543
122 108 572118
62 600 38583
202 516 286213
523 110 210416
205 111 370114
194 411 648832
66 163 413714
176 18 633146
271 514 680774
419 361 632581
220 547 980252
303 80 372250
66 303 474455
167 184 847998
529 155 265819
28 429 446845
402 365 624267
88 484 8679
333 247 98343
95 448 584783
34 92 651104
29 583 638466
318 367 526462
486 33 611142
308 360 364789
66 526 722132
430 334 691139
170 140 470999
452 424 536333
82 289 198245
447 183 167483
188 506 889853
224 221 921169
151 117 213378
7 105 763728
541 445 684023
549 520 534925
223 132 960316
362 362 728720
69 487 832009
502 266 571120
124 70 867369
598 331 990445
536 137 679352
21 83 247758
501 412 65056
152 100 229308
321 128 486417
486 115 12703
480 94 248447
85 45 396537
269 120 978593
331 480 731648
234 229 267623
234 66 103807
99 93 50747
92 589 919087
1 504 556860
35 88 618130
388 83 207863
402 305 566481
543 178 332647
62 404 240408
333 352 909871
578 561 38446
173 429 564758
217 141 456857
297 330 99395
265 364 184562
468 172 421305
567 113 306436
242 206 55636
176 123 2987
471 334 330885
52 59 430699
294 563 816843
531 490 195919
523 440 322226
448 594 946500
422 165 350545
386 274 465526
494 459 497087
355 181 37737
568 438 964886
267 187 746458
463 305 522667
492 241 271703
204 2 115276
549 333 326620
254 596 31740
507 122 405168
597 587 37739
525 352 556288
156 349 46266
570 37 312123
576 226 675566
456 545 674542
185 152 42674
22 411 582048
204 478 235986
54 600 245105
19 40 495349
171 53 829743
249 446 47964
455 271 176185
120 263 938713
600 457 253720
63 340 853521
45 325 464859
269 112 48629
128 465 225714
388 504 297918
383 506 758926
70 344 115431
60 3 972983
265 461 475824
524 75 290670
226 370 503440
566 309 414852
246 408 799674
500 16 165371
416 67 665876
579 262 903388
580 429 51060
451 379 742745
142 288 662749
483 463 118244
3 503 565560
149 501 983759
278 345 193430
38 485 665062
119 105 84326
55 184 79050
352 318 307890
426 173 225296
195 542 120415
140 79 497625
534 53 71653
274 483 401715
120 308 934220
586 332 542577
598 85 429672
522 209 537223
395 299 310678
576 344 941673
237 4 351608
483 517 815204
54 63 170989
358 7 912253
279 303 877333
231 151 288904
304 189 535300
15 192 802252
41 379 123845
572 138 43862
495 434 418193
292 326 442844
472 108 520144
512 9 23507
159 309 878479
224 199 298643
72 567 581635
318 411 20650
463 527 165694
366 168 612478
50 340 646191
54 89 885031
319 384 857056
142 250 392588
124 279 579754
491 511 892925
16 557 513083
260 601 480657
422 548 861707
592 379 398402
595 127 614747
128 395 531782
589 18 955696
198 544 806447
247 202 982543
450 160 239109
391 109 227770
590 221 893219
176 423 866218
158 419 331600
517 289 310029
258 533 968671
218 500 4162
24 443 668169
565 490 749459
124 231 829065
471 538 509363
525 312 191545
531 330 462648
364 278 236204
56 347 114138
525 351 724299
576 2 119277
392 397 477364
301 431 212828
462 329 591696
173 531 101991
49 196 604020
275 559 124190
311 163 443387
423 89 464607
39 87 795874
305 417 97933
588 442 61605
260 127 77521
397 60 43224
417 402 537302
315 147 237320
549 174 963968
463 495 241619
200 252 965613
138 569 927685
279 128 889006
216 48 510582
346 497 688392
10 245 735713
296 100 946919
8 319 899653
65 151 625762
510 254 27777
62 564 110133
149 39 950188
346 290 807419
372 246 533236
346 19 289003
