852 1000 430 15 0
1 2 757120
2 3 186670
1 4 773013
3 5 674269
2 6 538342
3 7 629310
1 8 466967
2 9 372920
7 10 374642
7 11 544598
9 12 632357
9 13 238408
5 14 27137
6 15 490018
12 16 781053
9 17 49243
8 18 560753
14 19 990927
3 20 71259
15 21 701758
21 22 254813
13 23 614987
4 24 94972
23 25 59005
1 26 845091
15 27 210306
13 28 726815
4 29 836455
26 30 438369
23 31 176417
31 32 718782
21 33 967239
11 34 168690
15 35 120597
15 36 549209
1 37 807723
31 38 820916
31 39 612428
35 40 951914
3 41 23007
24 42 654725
11 43 98290
2 44 961713
37 45 304946
17 46 925952
1 47 205108
12 48 538024
16 49 257711
40 50 645123
6 51 203967
36 52 155535
37 53 861476
3 54 782828
52 55 84481
36 56 661088
45 57 128670
15 58 278614
11 59 215014
51 60 278555
40 61 600361
33 62 90464
14 63 708059
8 64 465658
41 65 518995
9 66 265253
3 67 691149
27 68 340925
59 69 972201
2 70 344643
64 71 155882
37 72 409439
5 73 352440
68 74 726552
21 75 294302
40 76 989725
30 77 791885
24 78 936127
64 79 28183
11 80 230517
80 81 720372
56 82 158807
50 83 501440
29 84 861411
76 85 976443
19 86 19771
15 87 998536
11 88 820261
11 89 140015
50 90 891722
34 91 633563
51 92 585848
38 93 643356
9 94 387232
56 95 231910
68 96 125016
85 97 620049
25 98 469913
70 99 601303
20 100 876674
35 101 983385
59 102 110612
22 103 511770
64 104 404212
7 105 176898
2 106 9324
84 107 642908
67 108 797418
104 109 773080
29 110 157056
64 111 371210
99 112 70626
57 113 220074
11 114 37356
106 115 135442
82 116 400985
72 117 54979
21 118 774092
88 119 125664
105 120 301003
114 121 683313
59 122 394559
117 123 943457
116 124 213366
16 125 621185
60 126 104353
37 127 901763
28 128 843414
123 129 635199
24 130 201870
24 131 586737
119 132 753896
44 133 398713
90 134 345381
66 135 932186
16 136 697514
91 137 119356
40 138 635202
23 139 396203
72 140 113305
43 141 580565
54 142 266114
60 143 809999
32 144 430385
91 145 703569
83 146 638401
31 147 292533
74 148 306160
25 149 752828
24 150 272350
126 151 845065
4 152 217106
98 153 639716
78 154 337397
28 155 847672
84 156 405973
131 157 574934
16 158 308451
133 159 227888
81 160 349365
153 161 89118
33 162 945860
151 163 59421
29 164 926511
153 165 324811
100 166 115575
40 167 312748
152 168 112194
152 169 446312
135 170 88920
42 171 707978
83 172 502056
66 173 804547
21 174 170052
48 175 207397
11 176 747297
22 177 437352
105 178 930264
152 179 482985
100 180 370983
119 181 176614
179 182 64753
58 183 732547
109 184 940602
116 185 792136
16 186 754092
58 187 274529
174 188 826645
156 189 934940
64 190 742438
152 191 138670
179 192 207541
49 193 830255
16 194 124988
85 195 787865
94 196 250136
120 197 417421
51 198 487819
141 199 680079
34 200 278458
126 201 362693
193 202 695280
128 203 797563
105 204 175769
55 205 293474
49 206 546248
56 207 782732
87 208 135217
10 209 753457
123 210 12336
43 211 860590
142 212 385536
118 213 625601
22 214 476165
56 215 683726
61 216 683587
70 217 763549
43 218 420324
213 219 992538
126 220 781878
41 221 934931
119 222 956586
66 223 78846
210 224 339094
97 225 481584
117 226 867508
136 227 442215
16 228 387745
27 229 459457
156 230 655903
7 231 737154
19 232 441171
124 233 811282
68 234 648072
13 235 109693
172 236 248298
205 237 670321
48 238 461324
164 239 304452
193 240 740707
215 241 16683
50 242 111176
92 243 677444
17 244 12794
82 245 464589
92 246 216729
105 247 143338
178 248 109036
169 249 660579
25 250 144541
74 251 446436
32 252 774712
107 253 714300
245 254 951983
143 255 333278
90 256 439768
75 257 149731
257 258 596525
10 259 274565
245 260 227723
232 261 41125
39 262 719220
128 263 961479
23 264 681422
52 265 771537
39 266 46689
240 267 671055
218 268 157149
108 269 976178
226 270 174610
121 271 700940
228 272 259510
189 273 591830
116 274 227874
219 275 120107
192 276 497621
272 277 767434
165 278 611247
70 279 363479
89 280 523447
141 281 782491
235 282 411479
15 283 113727
1 284 886234
59 285 637845
25 286 278901
69 287 55759
167 288 332411
237 289 133958
46 290 473063
289 291 471477
76 292 465814
17 293 269051
135 294 678858
278 295 506844
144 296 436713
269 297 702656
274 298 634044
79 299 151795
234 300 274352
176 301 543076
156 302 10904
110 303 482470
131 304 547241
220 305 778162
145 306 429053
106 307 698851
299 308 888336
290 309 124344
230 310 595334
57 311 563477
12 312 429859
138 313 494083
54 314 222225
141 315 148203
134 316 553950
111 317 972063
157 318 971196
73 319 14738
305 320 712767
137 321 540890
270 322 789154
237 323 317813
208 324 732227
52 325 733441
311 326 19554
8 327 625347
42 328 304485
270 329 551329
163 330 894871
169 331 545832
55 332 553829
213 333 26759
93 334 164000
103 335 511889
198 336 299646
52 337 391359
82 338 974040
17 339 600236
140 340 429805
41 341 609175
327 342 817502
284 343 155300
85 344 942128
321 345 127388
287 346 450765
132 347 609321
335 348 924483
180 349 147290
337 350 771780
97 351 880421
153 352 534756
285 353 186144
343 354 127838
40 355 901831
121 356 173520
192 357 475385
133 358 582522
352 359 19898
359 360 787843
49 361 391411
194 362 219508
160 363 39726
63 364 818426
94 365 951962
143 366 991464
348 367 623181
352 368 372339
149 369 119933
140 370 154869
90 371 43590
156 372 944875
177 373 619495
171 374 504311
99 375 423813
235 376 464990
96 377 789030
323 378 774474
141 379 167223
18 380 402569
287 381 430023
280 382 263693
280 383 130313
344 384 621226
43 385 692758
316 386 232028
216 387 57513
340 388 161726
288 389 634273
388 390 143443
81 391 426243
302 392 935041
117 393 489397
324 394 768977
227 395 369156
86 396 763889
237 397 458015
172 398 978034
45 399 453786
267 400 170122
367 401 197612
191 402 230867
115 403 506417
135 404 129290
34 405 163624
181 406 431440
265 407 555574
52 408 112301
168 409 745505
373 410 743624
326 411 750294
395 412 360240
90 413 959652
277 414 415255
262 415 241919
199 416 635154
49 417 909117
396 418 877402
301 419 389532
419 420 683533
306 421 833083
20 422 445230
395 423 547293
302 424 474593
226 425 308393
87 426 675440
194 427 237100
137 428 53192
317 429 69653
90 430 899388
73 431 997560
1 432 163266
98 433 21964
45 434 526833
406 435 917100
135 436 580489
324 437 897306
377 438 858155
173 439 995320
393 440 354333
257 441 459917
121 442 715783
290 443 126982
60 444 526008
178 445 35442
90 446 776738
299 447 434565
208 448 272282
240 449 909078
388 450 872409
97 451 731873
203 452 561790
376 453 80133
51 454 263561
390 455 635143
171 456 3937
47 457 565774
172 458 616271
328 459 346469
304 460 832897
418 461 700796
429 462 596744
243 463 957478
378 464 432858
158 465 699612
300 466 494737
189 467 753145
366 468 252394
459 469 927165
29 470 76551
435 471 736971
363 472 563117
459 473 198762
463 474 884743
53 475 967495
417 476 980897
372 477 22193
85 478 607406
197 479 636636
288 480 420995
457 481 766495
76 482 927193
424 483 980150
46 484 426703
4 485 772993
114 486 632293
332 487 618179
9 488 702402
334 489 175459
134 490 432687
322 491 916590
57 492 507802
56 493 134355
52 494 5652
79 495 101990
272 496 416404
179 497 529822
76 498 975794
368 499 524823
452 500 66156
431 501 228753
212 502 120484
292 503 225263
325 504 594271
143 505 68664
26 506 575304
59 507 814874
252 508 387883
134 509 993762
27 510 973947
218 511 551045
206 512 711501
410 513 71578
424 514 882970
480 515 870045
45 516 264961
5 517 243693
199 518 876291
231 519 941135
217 520 974789
190 521 920362
112 522 642193
400 523 232329
132 524 966293
479 525 993308
38 526 709154
325 527 293943
56 528 260526
144 529 586449
210 530 745683
129 531 127750
152 532 393806
136 533 748758
377 534 540226
187 535 937700
102 536 176306
379 537 627064
87 538 981258
51 539 15549
129 540 409942
429 541 540355
285 542 393801
222 543 462654
282 544 290360
293 545 640005
75 546 515420
49 547 71764
12 548 997716
438 549 533323
147 550 189281
486 551 81517
372 552 709480
46 553 456226
384 554 471283
387 555 156533
419 556 871344
422 557 93334
32 558 450161
491 559 850969
327 560 46250
343 561 492469
526 562 547318
372 563 814022
140 564 381906
326 565 335628
502 566 271328
566 567 835434
550 568 164838
160 569 755176
193 570 201997
37 571 887153
328 572 968226
514 573 801365
175 574 384472
339 575 299848
556 576 627908
104 577 418465
69 578 792864
339 579 353757
364 580 931464
33 581 297625
466 582 154304
125 583 33243
472 584 827628
152 585 82314
447 586 535767
499 587 715825
374 588 336749
87 589 282817
508 590 69888
478 591 410444
491 592 825799
215 593 612682
433 594 414554
81 595 319319
400 596 660663
173 597 255859
154 598 220544
592 599 105025
314 600 255611
286 601 10441
254 602 45969
354 603 583478
202 604 660175
431 605 43288
242 606 463464
25 607 798307
342 608 514225
389 609 124335
217 610 298340
575 611 902582
513 612 20126
40 613 577689
541 614 772448
281 615 208283
166 616 926674
355 617 647076
446 618 320379
105 619 580415
268 620 91018
577 621 668380
157 622 245713
31 623 966288
383 624 872900
224 625 730000
580 626 606718
84 627 572025
131 628 216765
290 629 841483
207 630 65249
32 631 547689
88 632 271473
22 633 790427
205 634 223318
566 635 647564
137 636 472477
313 637 405517
589 638 664633
283 639 628240
510 640 677823
410 641 413357
438 642 774761
371 643 744929
299 644 152084
201 645 512905
317 646 626754
426 647 149676
131 648 993304
303 649 966126
381 650 84384
85 651 227806
527 652 440649
536 653 323881
233 654 77026
622 655 770596
562 656 432419
130 657 434631
630 658 448612
461 659 49644
71 660 614883
63 661 555604
661 662 388483
136 663 26274
240 664 199112
574 665 103454
473 666 509724
530 667 942260
21 668 260748
557 669 478258
474 670 472715
647 671 783501
413 672 330798
297 673 359389
636 674 30575
286 675 485404
183 676 957547
195 677 886123
569 678 427364
422 679 753037
274 680 624959
571 681 920682
296 682 119879
26 683 910093
273 684 921448
316 685 839527
15 686 81333
15 687 202570
34 688 810850
445 689 124143
237 690 424971
134 691 938736
501 692 517995
413 693 341006
494 694 416742
487 695 51052
516 696 668735
183 697 347090
212 698 746402
352 699 977836
412 700 364252
61 701 269832
188 702 245278
178 703 967067
509 704 714111
560 705 327229
200 706 99638
382 707 183464
492 708 648611
13 709 353149
226 710 982727
357 711 270464
317 712 775560
129 713 842775
47 714 460718
420 715 72014
596 716 548969
433 717 63766
316 718 34312
382 719 579841
713 720 187523
689 721 130568
431 722 602418
689 723 265989
602 724 880020
440 725 628025
629 726 507657
602 727 583175
332 728 310552
169 729 562423
555 730 643498
491 731 6389
660 732 318797
222 733 243343
225 734 241650
674 735 914619
528 736 847216
721 737 616142
496 738 208510
515 739 218310
414 740 339133
717 741 664065
467 742 293932
411 743 404867
512 744 9777
248 745 289844
361 746 140759
570 747 932896
299 748 535306
686 749 844981
190 750 937053
470 751 281609
594 752 290949
78 753 236817
127 754 240283
90 755 959723
235 756 556574
256 757 974101
115 758 596782
743 759 391091
286 760 12946
180 761 663374
519 762 976691
357 763 439887
422 764 172703
325 765 632520
663 766 462919
117 767 296363
138 768 585730
554 769 332753
443 770 681992
737 771 907572
543 772 208439
397 773 991029
535 774 944017
217 775 117400
560 776 56123
79 777 401283
391 778 386560
490 779 679299
441 780 801613
357 781 998854
30 782 372594
670 783 269026
229 784 718567
340 785 65868
295 786 597829
437 787 464738
184 788 243400
169 789 227682
597 790 492564
299 791 304880
226 792 471661
313 793 174677
97 794 619965
456 795 239482
545 796 879890
580 797 900465
406 798 717533
687 799 106156
335 800 658165
573 801 809092
653 802 262994
734 803 372276
177 804 112146
603 805 375131
663 806 675895
773 807 627389
522 808 61159
16 809 218179
577 810 522923
27 811 530550
664 812 687152
541 813 890184
452 814 51081
470 815 859723
764 816 100587
515 817 982520
179 818 516271
415 819 774890
151 820 796116
147 821 978976
176 822 778043
357 823 933119
779 824 833257
174 825 977485
227 826 250696
611 827 882679
445 828 521382
36 829 731787
413 830 748405
558 831 79743
803 832 854601
136 833 635368
132 834 243613
738 835 155460
485 836 745998
293 837 439345
141 838 490654
320 839 379572
772 840 589555
218 841 396275
618 842 841942
772 843 996923
103 844 178612
478 845 76411
412 846 71904
712 847 658310
331 848 874511
11 849 27861
283 850 189403
375 851 884099
201 852 619521
538 42 592783
457 178 530857
850 230 469766
280 800 518340
7 328 912516
722 563 9096
718 453 331213
759 126 114534
61 380 660030
19 378 251919
817 580 707436
478 715 173873
852 24 626044
161 225 818226
5 147 602882
836 22 838507
289 540 664159
32 562 619431
699 99 154197
351 488 211676
414 393 913389
766 263 260329
334 312 456907
723 172 419090
605 295 720272
16 658 476408
167 626 972209
231 322 578332
360 165 588182
650 636 754518
744 349 55478
332 662 627665
384 566 452658
237 648 664777
420 291 97711
539 744 927816
424 479 263095
627 479 154142
731 561 304915
379 76 767647
629 398 189218
511 440 768930
348 398 537533
21 505 176311
250 495 580879
747 571 912297
21 581 21039
328 24 327413
620 775 323392
665 128 412169
548 486 337995
13 832 52928
681 32 56092
55 111 992990
590 446 127514
285 474 367303
546 737 606891
296 611 807557
769 433 783112
800 705 781563
291 208 756893
449 290 385251
124 70 206564
127 473 557967
332 453 507714
454 557 570782
419 628 658402
703 586 729981
576 714 892625
320 766 338080
26 588 53723
115 495 280257
672 772 375652
504 724 689049
10 420 92553
692 30 575326
271 687 102392
551 536 587452
220 604 744974
554 652 339863
601 839 997040
485 60 850367
407 508 497516
659 728 502261
578 447 624529
580 729 652894
32 260 736716
395 463 809094
274 419 145476
577 726 736151
466 301 570169
821 691 335769
632 3 171033
476 177 999021
745 427 195044
407 362 515973
458 625 390849
707 664 121126
561 108 137888
240 386 190177
78 146 93073
817 580 45007
175 752 30117
411 133 78732
520 798 428612
665 143 235445
277 114 774991
687 416 470757
657 86 349880
430 39 645932
773 187 479775
311 715 136785
64 87 728878
242 730 89994
696 27 902583
525 285 625146
85 167 678092
314 82 200555
528 746 471583
138 338 389004
23 705 665180
638 340 121580
352 697 888516
294 235 464696
64 295 400780
644 595 940018
277 112 333430
334 806 882483
822 734 655022
396 101 366243
306 742 991400
668 709 559286
294 686 494584
163 423 31658
171 461 573810
275 846 411198
119 188 575683
846 139 551285
751 704 34512
79 125 722636
602 370 820750
46 428 937208
732 806 498018
372 524 157284
425 388 933626
3 538 461353
291 711 611948
332 677 534223
314 95 97869
