92 999995
788784483 5265105 449371229 858251697 746622610 45509079 726493771 889511982 939236653 226640314 455218280 575698160 505247295 838037085 714669779 229582707 895733859 897140649 886521515 219240005 228271937 197303673 464286711 46549787 445499383 200106671 847924984 931115025 812224750 54807787 64414778 804180547 366079418 742751827 740668924 575337196 706276910 436053876 320615939 508315501 149005359 637388668 218189835 155644651 636797311 729702912 32436302 254015898 26891963 721512370 608393413 813959070 504647935 679267109 369228116 687946642 590095365 38556395 850469476 773166675 148150179 36749266 923515658 850190255 855092590 835431439 954066335 678753798 368018531 204970858 442667062 328591212 861907200 848420174 391577621 886166323 371882005 473767647 465883627 92249328 867499655 994857898 750176045 386289101 679851396 829034691 263093800 349659770 348932335 534929316 817586631 646721749
01111111011101010010100111110111111111010001111111111011011110111110011011111011101110111101
10010011111010101011101010110111011111101110111100101000010110100100110110100001111111101011
10011111111111111011001101111011111110011110011011110000010110010111010010111111110011011000
11100111110010001001010010110111111111111111010111110111101111101111100111101110010111001010
10100111100101101010111010110101111010101001011110111110010011111111110111111101011100101010
10111011101011111011101111111100101111001001011111101111110100100011111111101111111111011111
11111101111010110111110100111010010011011010111111111111100110101100001110111000110100101101
11111110110111100101101101011111010011000111000111011110011111111110010010101111110110111011
01111111010101011110001111011010111011100101110111101011101110001101111011101001100111001101
11110011101101101111100111010111110001100111101111111110100011011111111011111111001111100111
11100110010110111111111111111010101011100001100101100001111100111101101110111100000101111111
10101001111011101101111011011110111100110001010110011111001111000101111011000111011101110111
01110111001101110111100001111111011000110011111110011011110011010110110101111100100101011101
10101101110110100111111001111011110111100111111110101110101111111100111101111010111111010111
01101111011111010111010011111011100111111101111110110001101011011111111101001110111101001110
10100110101010101000101001100111110100110111111111111111111110001011111111101110101010111111
01111100111100010010110111010010111101111111100010101010111110100011111111110101000001110001
00000011111111100011111111101010010111101001101011110110101101111111101111011011101100000101
11101110111011101101111111110111100010111011111011111010011011110100001111000010011010111111
01110111011111100110111111101111111110101100111110111111100011111110100101010111101110000111
11001111011111011111011111101111010010000110111111000111100110110110101101101101101110111010
00011010001101101111100000111000000000100111101111010101010111111011011100101010111111010110
01101101101101010111100111010111110101101100110111101110101011111110100011101111111111011000
10100111111000001111101011010001100010110111111010111011110000110010111111111011101111110010
11011100111100101111101101110011111010111010111111001111110001101000111111011111111011010111
10100101111111111111101110111111111001111011101111101011010110110101100110100100100011110110
11111110001011110111110011001101111111111101010011010010111010110100111001010010111100101110
11111111111111101010011111001110110110111110010111100101110101111111110111111011111101001110
00100111101111100101110001110111111010100110100011111111111100111111101111111111111110111111
11011101010110010011101001111010111100011001101111011010111100111101101101110100100111101111
11110011111111111111101011011101100101010111100000100011111101111111111011010110110111011100
11111001010011110011101111101010111101101111111010111010100111111101000001011011011101101101
10111100111101111011001111111111010010011110111110110100010101111011101110111111111111111010
11111011110111011101101011111101101010110001110101111111011111100110101101100110101000110101
11111100101110001001000011101101010001011110101001111101101001010011110011001111011101111011
11110100000101111101001000110111000010111111101100011011111000111000101100111111110001110110
11111111101001100111100110111000110100110001011110110111111101111111111000110101111100101101
11010111111001101100001001100011001000000110010111111101011000110101110111101111111101101100
01011000111111111111011111111001010110001100001101111110001110011110110111110110011111001110
10110010000110111010000111110110111110001110111111111011110110111101001011010111011011111110
01111110000000101111001011110101101100110011100011111011100101110110101001100010011011110111
01110001110001111001111100111011101101110011010011111010111111110110111001111101110111001101
01110011010011011010110111011011101101011101110110000011111100000111110100111110111111111111
10011101111111111110010101100111010110001110110110001100111111101111111101010110110101010010
11000010111011111111111111001111111100011011001100101000111100100100111110111111101010110010
11111110100111110011101110110001110011010111001110111100110010111011100000111111111110000001
11101110010011110111110111000101101110110000110111111111101110110111011011111111011101110111
11011111111111110001111011010100110111110011111011111011101101111110100110111101011110010111
10111111110111111111111111111101100011011111011101111011111111101001001110011101111111011011
10110111111000010110111011111100011001111100001110011101111011011111001111110011010111111111
11111110111001111111001101011011111011111100111110001111111110001000101111111111101011001111
10111011010110110111010100101101111111111100011111001001111001001011110011111110100101010111
11001111110111011011001111001101011101111101111111110100101011101101111010010110010001110000
00011111010101010101111010011000111011100001011001101011101100101111110001110001110111111110
10011111110111011111101111101111010110111110001110100100010011010111110101111110110010001111
10010110101110110001110111011010011111011010001111110100101111011110110011011011111011111101
00010110111011111101101110111111001110011111111111111101010110010011110011011101101011111111
11101101001010011010010111111110110111010111110011110010100101001011101110110011111011100111
10010001101101111110001000101110011111100111101111111101000111111110011011001111111000011111
11110111101101011100110001011111110010111111101110100101111000001001101110000100011101111011
11111011110111111011111001100001010000110101011011101011101001101110110011001100001011110100
00011001010111100111011010010011111010001101000111011011011010101101111110111011010110100100
11011111001001001111111111111111110111011101111110001100001011011111111010110100000101111101
10101001011011100111111101111111101111111100011101000011101000101001101111100101011111111111
10011011111001110101011010011111100110110001010111111101011111110010110111001111010111010111
11111011111111100111101001111111010011111111101101001111001011100011111111111101101110111000
10111101010010111101111100011010111010101111011101010111111010101101111001101101110110100011
00111100111100111100010001011111101011010011011011011110110101110110011111101101011010110110
01011100111111111101101111111110111111101111110100111111110111111110001011100111101111110110
11101101110111111000010110110010001011100111101000011111101011101111001001011110110101101100
10000110111101111110110110101110110110011101101011101000011101110111110011111010110111110111
01011110001011111111110111011100110101100011100111100010010101011101000011111010110101011101
11111111111100011110001111011010101001110000101111111001111111111101101101010000010010011110
10011100110111111111101110111111011001111101001001110111101010011111111110101011110110000101
11111111111011011000111101011100110111101110111101110110010001110111101101010001110010110101
10101010011011001101000110111111100110110111111111111111110001100100011110101011010001111011
10111111111011110100111110011001101101000110111110110011101011001111011101010101110011101111
00111101011110111001101011001110111111110111111110111010101110111111110000001001111100101101
10110101010101110111011110111011111101111011111001111011011001001000111101010000000110000011
11101101110100001101101110011001101111010100111111100101111001011111100001111100111110110101
11100111100011110101111111111110110111000111110010110111111000000110111101101101000111111101
01111111000101100010011010111011101111111111011111001111011101011011011111111101001000010111
11001100010101110111111110111001111011111010111110100001111110010101100000000101010000010001
11011111111111100101111100111111101011100111011111010100000101111110111101000111100010001110
11110101110001010011111111001110100000111110110111100111110011011111101011101011100100010101
01110100111111101000011111010111101101111111001011111101110110111000111100011000100000001101
11001011011100011010100101101101111111011010101001001101110111110111111000111101100000011110
10100101001111011010111111001010111100011011101111011101101110111101101110110001111010101011
11111111101010110010101000111111101011110110000011100111101100110100010110011100100101110110
10000110111111110111010011111111010111111110001101110111111011111001111111101101110111101011
01011101011101110011110111111100101100111011101111110110111100011011101010011010010100111100
11000111111111011111000010001101011010001110011111110011111100111010001101111111111011010100
