91 999998
468764177 320166299 608489983 543809390 137046526 596902325 963161386 366682401 325173665 212138372 730228057 109769965 490386167 416068577 161707395 643229711 235332039 261758634 434622256 56489058 448151272 112521535 271270072 558222517 902814091 607107330 484580966 444330034 208272125 361604919 871651665 203227378 681140320 421828553 427314046 573532068 657173968 379007876 747447538 684426829 64366750 284640959 359736737 977509294 935946359 252338090 523683596 536103965 845923986 860753102 754175916 395794595 122838382 535731724 663883992 253804349 471041441 147935289 584456200 658119802 892318269 924505122 408023382 661401615 888313882 393876511 195847893 878746047 108838821 379256550 885293733 255864778 184534410 864725794 180917931 257376142 541665781 946633849 525762139 108680527 154713921 863387029 629977364 443044176 59101635 454515938 407067202 709317074 775356784 124255793 683132590
0101111111011101101111111100011111110111101010011001100110010100011001011111111111101111111
1011111110110111010110110101111111110111101111111101001100001000111101101111111011001110010
0100101111100111011101010110010001111111011001111111000111011001101101111100001111000101011
1100010111001110010110101111100111110000001011110111111111111101011111111111000111111111111
1110011110010101110011011111111111110111111010101110110110110000111111010000101111101001110
1101100011100111101110111011011001110010011100100110101111101101101111111011111111111001110
1110100111111100010111111000101011100101110011101001110110101101011001110001111110010111101
1111101000111111111110100110011111101111110100110111001111110111111111101111010111111000101
1111111001111111100101111101011011011101111110111101011101110110111111110011100011101111011
1011011010110100011110110011101111011101010101111111111111111101011111000111111111011011011
0110011111010011111100011011110010111101001001000110100111010110111011110010010101111111101
1100101111100100101111101111111111000111111101101110011101101101100111101010011111111100101
1001001110000001011101111100100111011111110011110101010111110001111111111111110000111111111
1111111111010000101111110010110111101001110110111111011111111111010110111111101100110011010
0111010110100000111011111111111110111101111010111011001011001110110101101101001111010011101
1110110110101000111101101011100011001111111100110110111001110101010101001000101011010011101
1000110110110111010110111001100111111000001101110011110110111101110011100011011100001011111
0111101101101011100101110110111111001111010111111011111111101011101111001011111111111101111
1010010101111111000011111111111101011001100011110111001000111101110101100010011010111110010
1111011111111101110011111010111111111111101011101101110011110011010111110011010011111000110
1101111101010110101101110111111110111111111001111111110111110010010111011101011001110111101
1010101010011111011110010111010100011111111011101101111010011111110111011110101010101111111
1101011111011111111110001101101111111001111110111101111111010110110101100011101001100111110
1110111011101110111111001101110101011001111111100101010100111110001011111111111111011111111
1001111010111011101100110010100111111100100011110110111111110111101110111010100111111110101
1111100110011010011011110010101111001101100110111101000111111011001110111001011001111100111
0011110101110111011111001100111100110100101101010001100111101111011101111110100110111101111
0101110011110011101011110000101011001110110011101111111111111111111111100111110011110111011
0101101001111111111110111111010110110001111011111101110100101110010111011101101011111011111
1110110110110110011111010010101111101100111111100100011110011100111111101110011111110101100
1100111111010010011110100111010000110111011111010111111101011111101110101110111110110111111
1101100101011110111111111110110010111111111111001101111011101011111000111101101111101011101
1101101111111111110110101101110101110110101000101011100011101111011101011111101101001011010
1111111111011101111100111101010010110111101011110110111110100011110111011001100110111111111
1111111100100110100110101010111111011100100010100010111101110001011001111001100101110000100
1111110011101010101111111010101111101010111110101111011111100110110101111011111111110101100
0010000111101111111111111101010100110101110100110110010111111110011001000101111000111001000
1110101111111011010111001111011111101011011010111110100111111111110111101111100110111110111
1110110100011001010111000001001111010101101111110111111101101111000111101101110011010011011
1110101111111111011111110100101101001110111101101101010010101100111011110011000111011011101
1100101110011111001111111111110111111011011101101011101101001001101101100001110110001111000
0010111111011111010011110001111100011101101100011110011111000111011110110001001101110011110
1111110010110011100111110010111111010111110010101011011011110011000110110010010100101011110
0100010111010101110000110110011100011011110011011101110100011011010111110011000110010110101
1101101010001110011101111101111101110110001101000001110101101111101011111011011111101101100
0111001001111000111111011011111101000011100110000101001110111110110111001010111111010111111
0111111111011111111111111101110011111111101000000111111011111100111101111001111011110010110
1111000111001111111010101110101001001110010100001011101111111000111000001011111010111101100
1110101011010110010111100101100110010101111100010101101111101110011111111100111111011001111
0111110111111101001111111101111101011111010101101011101110111111100111101111110000111110101
0011110101110111111010001001001011111110111000110101100100100110001011110111001111111110111
1111001111001110111111110111101110010011101111111110110111110100101110100101110010111101111
1001111001100001110111101011101111100110100110111111010000101011011110111101110111111011010
0001101011011101110111111001111101111011011110100001100111011011110101111111100111111010011
0101010111010111011001101001011101110010111001111100000011111010011111011101010111110111110
1111111111111100110010111111111001111110110111011111010011011101011101110111101111011111111
1011111101101110110111101111010111011101011001111101011101111001100010110111010111001110000
0011010111111111010110101111001110111110111010111001011110110100010110110001100111110101101
0001111111011101111110011111100111111111001011111111101011011111110111101111010101101111110
1011100111101101101111111101011000101100001101110101011111100101110110111101111110100001111
0111011001010110111001010111111110001111100111111100111110100001111101101111101111010101011
1001011111110111101001111011111010011111010011101111000101110010111011011110001111010110011
0000000110100110010111111111101111011110011111001110111000100101001010101011101010011001001
0011011101011101111101001111001111100110111110000100110110111010111100001111111010111101001
0110110110111010111001101001011101010101100011110101010010111101001111110010110010111101001
1101101111101111101111100011110111111101010101111000111101111101000011110100000110101110001
1111111111101000010000011111011110101001110010111011101100001111100111110111001011101000110
0111110111011111011111101111111011010110111101101101111101111001101011111011010110111001011
0001110111111100110111011101111001000111011111001111101011110110111100100101100000011011110
1111111111111011111111110011110011111111100111101110011100101100111100110111111001111001111
0111011110111110101100111111011100110111111110101111110111111010111111011101110001101011111
1011111010101100000111011110100111110001011110101010111111010100111101100111111111100011000
1111010100011111010011011110111111110110000011111100111000111111000100100011011111000111111
1111000101001110000011010011111110001110000000001111111110111101011011110010100111100101101
1101010111111100111101111011011010010101001111010110010110101111101101011101111110011111011
1101011111001110110110110101100111111111110110110111111111111011001111111010000111110010001
1100111011001101010001111011101111111110100001111101110101011011100011110110001011011110010
1100011101111000111110010101011000011010101011111101101010110001100101111010000100111011101
1110111001010111111011110100111110011000010011111010000100011111001001011010100011111010010
1011111101110110110000011010011111110101111111001010111111111100010100011111010011111111110
1111111111010011011101011011111101010111100111111011111111011111111100011111101101111001111
1111110111110011010110111101110110110011010011101010111111101100001001111101101110110100101
1001110110111100011111101111111101111100011010110111111001110001111101110101011111011111011
0001011101111111011110011111111001111111010101111111111101001111100111000011111111100101110
1101110111111000111101011110100111001101101010011111110110100011111111100010111110100101111
1111001010111000011011111111011001010100100111010111001111101101110000001110100101111011100
1101001011101111101011111001101111000111111101100110111110100100010010111011111100100100010
1011111011101111110011110011111111011011111011011001101101111011100111111110010110111100111
1001111100111011110111111110111101110101011111111111001101110000001011101100010111011101011
1111110011001100111101110111101011000110011001101011111100111100001111101010101110111011100
1011001111111011110011011111101101000111000101001111010101011111110101101111010011101001100
