90 999998
559696446 695064413 473224021 275413265 792127350 193958327 794692363 346098191 366402441 298987084 620860036 758184729 577953616 119903364 42107604 641958935 889610420 554041668 61151845 562287029 827245120 378806914 29969945 552514587 467368567 432926703 161887775 257828985 327048405 382104412 921408111 877081994 480097087 95080961 601288900 715093586 28660965 656364059 756261478 367062143 747794561 627950914 898614601 392368771 689088247 20175303 9054544 94846037 602981929 674892163 433959269 180746915 751333656 28998731 387953700 667231496 678044319 481699986 150176257 634894395 59686402 807025703 990512008 989292450 873251147 721973135 540545758 707959318 747227960 864498711 156950373 66781842 953706376 400517861 944006146 52976770 404534212 48425800 193325647 870271236 96453062 960117965 834287687 54394510 500050800 485554834 883717392 548106884 523762709 873798972
010000111111101110111110010111101111101111111011101101101011011100110111111111010111101110
100101110100101111111000000111000101101110110011100101101011110011110110110100111011100111
000111010111110011001011111001111111010011111111111111000110111011111100101111010101110010
011000111010110100111111111011101101110011111001101110100111100110111010100001101111011110
001001000101011001111111110110111011010110101111111101010011110110011000010010101011101001
011010101111000010100101111111010101001111101010000001100010000101100101100111011111101100
110101001111111111110011111010001110001110111100111111100111110110011111001011111111011111
111100001111011100101010101111110111111110101111010110101001000111101001110111111100011111
100101110101100101101101011111111010101011010101111110011001111111011111100011111101101110
111011111001100011011111010101111111110111111100111111110111101111101101111111101110111011
101101110000000110110100011011111101111111110011111101011111111101001100101111111101111101
101011111100010111111010011100111111011110011001110011111111101101101010010011101011100001
111100101100000001101111111101111011111000101010011010010100111101011110100011010011001110
001110110001001110101111110001111110110111100100101111111111111110010111110101010011111111
110010110000010111111111001100111111110111110010100101111101110110011011110100111101010111
110100111011011011001011110111010110011111111000111011110100110011000110111110110011111011
111001100111011100110111111110010001110111010111011001011101010011111001111011101011001111
011010101101101100111111100111110111110110110100010101101100111101010101011110001111111101
110111111011111011010111010110101011001001110101110101101100111100111100011100011011101111
110110100111001011101101110111110101001111001011101101101011111101110111110111101110111110
111110011101111101010101001010101011001110011010110111111111111100110110101101011101101000
100111001110111011111010101101101100101110101011111110110001001010001110111110110111101001
101110110101111111100101011111100101110111010011110111100011111111111010101101111110111011
001111101100111111111010001111111111011011110001001110001110000110101011110111110111010001
001111110000110111010100000001111110111111100011101111001111110010011011111001001111101110
101111101111110110110010001111110100101011111001011110111101111100011110101101101000011011
001101111011101010001111010101001011010111110010111101111101010000111111101011111111110111
110011011101101111110111011011110100110001110110111000110111101110011010101111111111110111
110111111010000111111011010101011111001011011110101101110011001111011111110010111011101111
111101011110110101010111111110111110111110010111101010111011111101111100100101011110111101
101110011111111001111111110101011001101011111110110111101011111101101011011111111111110100
001011011111111111010001110111100010011111000101010110110001011101110110111101011110001011
101110101111111000101101101011100111111001101101110111001101011011001010110111011110111111
111101110111011101010111110111001010000110110110011110111111111011011111111110110111011101
101010111101111101101001101011011100111110111011101110111100100001001111100111111111001110
111111010111101011111011001010101000111001011110011101111111011011011100110001111001111111
110100011110111011000110110101101011000111100110100110100111111001101111111111010111101100
001110010111111111000011101101011011000110111110011011100010101111101001111111101100111011
110001111011100100111101110011111011000010001111111111111110111011111101101011111111111101
110011110111011111011110101001010110110011011110111011111000100011111010110111110111101101
111111111111011111011111111011110110111101101010011111110010111001111100011001111111111010
101101001110011110110011111110111001100110101110001001101111011110101001010111011101111111
111111110110111101100101111100101110110011010111010101111111111001001101100101111011111000
111100101111001111101011011111100111010100101010101011011101101100011110101111111101100111
101111110101100100011100010010101011011111010111101101010101111101001001011100011110110101
001010111100010011100000000111111101111101101011111100001100001100001110111010111010000110
111011010010101010011110101111100111111111111101001110110110110111111011001000111010010111
111110011011000010110111110001011010001000101110111011010101110100100010101111011110011001
111110101111011100111110101111101010101100011101001111110100010001110100001011011001001010
001010111111100111101110011100111101011110100101000110111110011011101001001110111110100001
101110101110110110010101111111000111011111011111100011010110111000111111111111111101110010
111110111110011001111111111010111111101010101110110011110000110101111001111011111111001011
001100111101110100001111110001111110111110010011111101111111111110001111101011001011100111
111011100111011111111010101010101001011111111001101110111111101111011001111100111001100101
110101110101011101111110011111110111111111100010110111000001111101011010111001111100111111
000010001111111110001100011111010111001110111011111111001111111110001000101101011011011100
110000011011011011111001111001101111001101110100010011010110000001101100111011111011111011
001100100111111111101001111100001111101001111111111011011010111100110111111111111101010111
111111100111010000011011100111100101111011100010011011011101001010010111001110011111110111
110110111111011010011110111111111101100001111001000011110010110010110100011111111111101110
011110101111111101111010110101100110111110111011001111110101010100011001010100001100001010
111010101010111111111010111001111101101011101011111110110101101111101101111110101011111101
101000001111110001111110010111111101111011111100011011110110010111000111111100100111011111
100111111111111001111011010111110000010001011111000111110100111011101111011101101110010101
011110111100011110000111100110001101011101000010010011010011011100111011010110111111000011
011001011111100111010010000011111111111110101010110101101000011100011100111011001101111010
111101010101000010111011001001110000111111000011111100001101010110011011011100110111010110
111110101000111011111010111111010101001110010010101101100111100011101110100111101111110111
001110111111101010100111111111101111111111111110011111111000110111110111100111111011101111
111001101110110101111100011011010111101010110100101010001111011101011011001011111101100100
110100101001111100011111111110111110100100010111001010100110001110111101111111110010110101
100001111100011011010001101010100110111001101010011111000110111110101110110101111101111111
111101011110111110011111111111011111111100110101001111111100011001011011001100001111010111
110010010101011111110101100010111101110111001100001101101101111111100011001011011001011101
101000100110000111101110111100110100111010011111111111111111011101100110110100000100110001
111001010110011101111111010101111110110101111001011001010111111110111011101001011010001111
101011111111100111010101001110101110111101010101111110001111010011011110010000101111101101
101101111111110010011011111101111011111111110001101110111101000101011111010100101101011110
010110111111001110010111011110100111011110110110011101101101011110111111000011000011101111
111001111010111100101111001111111111101111111111111101111111000010101111010100000111111101
010111111111001011111010111111111011011011111111111111111111110111011101110111000111111000
101101111110001001011111101101111110111111011001011100100111101111110101101011011011001010
110111100101110111110111101111111110101110101111010110011011011110111010100110111101100111
111111101011111111101101101110100111101111110000101111011111011011111101110011111110111000
111011001111010101111110101111101001111111111000011011101011010001011111001010111011001111
001100110110011101010011011101101101011011101011001000111110011101110011111001011001001010
100111111110110111111110110011011111111111100001100100111001111001001001010111111101110110
110101111010111011110000101111101111101101011110000011110111011100111111110111110010101011
111100111100111110110010111110011011010011010110101110101111101011111001100101100110111100
010010110111011111100111011111011101011101011011010111101110011110011011111110110010100100
