92 1000000
704144341 445019356 125667264 561559009 67856319 247045861 317212836 999963525 544185492 991942076 712658038 699852273 691004543 42511666 427773779 184419363 730586124 51699818 31796183 672446463 551608089 904271219 302810123 620917508 34602978 926728080 952019950 454771409 815138154 279783233 869218520 398724732 45806563 942464949 350994148 170078934 270837424 916968540 64279034 109827381 531591577 441061523 151135025 931595291 609589652 657739165 678567497 696996800 483806268 60190123 414701281 62835878 952657756 336410759 292216956 951815744 991384019 627794840 824684575 844389087 216234161 985514736 806234306 530960093 176917011 23229373 858326506 893322686 117602963 931918266 516845256 657948519 154666477 883312575 506725277 344878722 444528541 948878424 250605686 648437042 800969291 658780449 904821397 956445867 968855848 312294503 637689034 528933440 470482465 564100403 139288391 494481287
01111101111101011111111101001110111110111011111111111111110000001111110101111110101101111111
10011111110111010111111111111100011111110011101011111100001101101100010000111101110100011111
10000101000010101111111111110111110110111001111001110111101101100110011010111111001101101111
11001111001110110101111111011101111001110100011100110001011110100011011101111111001101011011
11010011111111110110111100111000110101111111101011111101100000101110101111011001100011010110
11110011011011111110010011011111011101011101111001111001111010011111010101110110101010111101
01011100101011111111000011110101011110111011010111111111011111000010111100011010101111000111
11111100101000111111001100111110110111001001111101011111111110110110111000101011111101101011
11001011011110010000111001111001000110101011111101111111110101000011011111110110011001101011
11001100101101101111110111111001010110100111111111001001111111011111011111110010110111110101
10011111110101101111110111111101111001101111110011100110010111111111010010110110011110011101
11011000111001011111111001111101101011001110101111101011011011101111010111111100111100011111
01111110100001111011111111010110111110111101111101011110010111100110000010110010100100111011
11001110011110101111001100000011000111100101111011111110100010111110111111111011111110011010
00111111011011011100100111111011110010111001111111110101011110010000111110001001101110011001
11011111100110101000111000100111011110110100101110110010111111101101111111110101101111011101
10100111011111110110111111000001101111010111100111010111111101101111101111101110111000111100
11111111011101101011111011111011111011011011101111110000110111001111111101110100101101111101
11101111011111001101110010111110001001001111100011011110011101101011110100111011111111101001
11110011011111000110111011011111110111111110111111100011011111111110110110100011101010110010
11111000111110111111011011111101111000111001001111111111111111111010111010011001100110111101
11111100111110011111100111001101101110010111100111111010010011001110100100001010011111111111
11111001100111011101100110111011111110111110101011111100100110111111111001011011110110110011
11111001011011101000011010011111101111111101111011100101101100011001011101011111111101011111
01110110011010101111111101111011111110001011100011111111001110110101111111110011111111111100
11110110111110101101110010011111100111101101011111111111111101101111101101011110110001011100
01101011111100110110101010011111011111110110110011001011110101111010110011110111111011011001
01111111111110100111101111101111100011010011110011101100101001011001111001110011110001110111
11011101111100100111111111110001101111111100111111101000110010011011101111010100010101011000
11110111001110010011110101110011010010101001111100111111101111101110100010011100001010111101
10100101000011110111001111110101001011111111100110110101111111111111111111110100111111011111
00110110111101111101111111111110111101100110011000110110101011101111111111111111111011000110
10111001001110101101111111011001011111101101110010101001011101010100010100111100111110101100
11111111011010110101101010100101101101000100110111101010110011110001110001101101110011101011
11010110001110011110111110101011110110110101111110001111111110010101110111001101111110111110
11101111110011011001011111101001111010111110111011000111100011110111101100011101111110001001
11100011110111111101011111111110101101001111101010110010010001111001011111000100001011111011
01011101001101001111000101111011110010111110111001010111001111110111110100111001110011001111
11111010111011110001101101101111101101001011111011000100110001101001101011100110011010110100
11111110000010111101111100111010001101000101110111111011111111101000110111011101111111101010
10101111101110100111101111001110100111100111111111111001110110110110111101111000011111111011
00011100011111011011011101101011111111011011011111111111111101010011101001011111110100110001
11001010111100001111011010110011000111101101101110111011111011111111110111111101101101111111
11101111111011101110110111010110101010111110111111010110111010100111101111111111100000110001
11101101111111111111011110111110111111111011011111011100110111111100111011100111111111101111
10110111111011100001000101111101111101111101101111011011111001101001101000101011011110000011
11111101110111110101101101001101001111101111110110010111011111111111110111110111001100110101
10010011110110111101110001001110011000011111111010111101111011101111110101111101011111110110
11001010011101111111111111111010111110111111111101111110111010010111101111110110101010000110
11101111111111101111111111111000010101111101110010111010110110110111111110000101110111001111
11111110101101110101111111011111110010011110000111011010110111101110111101101111111001011011
11111111100011111110111011000111000011011111111111101011011111011101010000000110111001101111
11001111110111000010111011111100111000011110110111110010101100110100111101111100101010001100
11101011101011101010101111010111001101100101101110000001110110011101010011101100111101001011
10100011101111011011110011100101011111010111011011111001111111111111110011100101101100110111
10111111110100101001100111100110101101011110011100010110110010111111101111111111101110111111
10101101110001011100101101111111011100111111110111101111011111111001111110000110100001011011
10010111111110111111110001101010111010111111111111110111100010110111111011011000110110101100
01110111010100111011100111010111101001010111011110011010100000011111100101111010111011100011
01110011111010111111101111100110101001011100101001111110100011011111111100001111110011100100
00010111011111110101111010001111011101011011101111110111110101101110110111001010011111100111
01100010111110011111110001110111110111110110111100110010100110011111111011011111110110111011
01111001001111011011101011100111010111111011111101101011110010000111110111010011110011011101
00000101011001100001101110111010111111001110101011011111111101001111001010111110100111111110
11001100011101011111111101111111000010110010111100110111101111010111110010100110011101001011
11101101011111011101011011000111101101001011101111111111011111111010001010010011100111001111
10111111111111001111111001101111000101001111001111100011011111111100110010000010010111101110
10010100111100011110001111011011011111100111011111010111111101111000111111001101111001000100
10001011000001111111111011111111011101111111111111101011111111101011001111011101000110011110
11110111111101110111101110110011111011011010101101111110110111101011001001010101001111111001
00111011110001111100101111011011000110101101110011101001110101010101110011101100110000011101
10011110110101111111010111001011101111011011001111101001101110100001100000011010101100100001
00101000111111111001100010101111001010110011101011000111110011111111101001011111101110111111
10011100110101011100001111111011011010111111101110101111011011100001111010011111011111101100
11110101111111011111000010110011110001101011111110101111001000011000001000001001000110111111
11111110111111010110101111111111100101011111001110001001011001110100110111001101111011011101
11111011000101101010111101000101111101011111010100101101011111010001101111110000011101100100
11110100101100011100000101101111111110110111101111111111100101011001111011010011011100011111
10110111111011001011011111110001000000100101111010110001101111111110000111000101011010110101
01111001000001110011101110110001011101010111111101100011000101100101110011110110111011110010
11001111010111111111101111110011111101010111100011111111111101110101001110010001000111111011
01000001111101001010011111111011111101111100110101110100011111101011001001011111000011110110
10110111101101111111010110100111101110111010111110111111001010001001010111011111000110010110
11110011011111110110111110001010101100011110111101000111010011011110110111101100101001001100
00001110011001110011111010100111111111111000110111001001011111110110110011110011111001010011
10111011110000010110010111111011010011011010100101110100101110111111010001011001110110011111
10100101110010001111111010010100111010111111101100010011011111010010010111101011110000010111
11011100011111111101111111111110001010101111001100100011100001110000111010110111111011100101
11110101101111111110110111101110111111011010100001111101110001111110111011110100100101000110
11101110011100011100110111010111101001100010101111011011010110110111101011111110011101111010
11111011100111000001011100010011011011011010110111110111101011011110100010100101111011101101
11110111111110110110111100110110010111001111111001110111101011101100011110110110100011110010
