100 999999
449860332 863767515 115716262 699781338 711131840 6195311 844629656 667760104 990582545 920622723 147033723 378482457 668513038 749907480 644466065 770362315 325677924 474871503 769583478 924853650 654062240 134707917 130595332 620484078 515741591 392580143 508460315 60789368 39449382 558040547 77650488 676079859 231583534 18173829 922564685 668210572 106535144 379302327 316924622 956246854 671790269 570473250 29010855 404967248 332890612 83670252 578545077 575474614 109618800 989238509 542818818 490325539 796566527 570518517 160350744 725994239 96178750 511392717 727919190 998601025 501993552 391367536 63152112 384217892 751404264 593186240 941344221 572910441 439599433 829798729 80113256 677210318 769046987 851466138 536266058 515728786 366979722 411529486 83578752 87568413 376594440 186496812 945134247 10574958 39598535 94935634 547149137 756488482 243496383 529096412 479796318 904478011 503580371 214195801 202983813 220212912 803940115 501564364 28894394 162568773
0111011001101111011011000110101111011001101101111111100110101101011110111111011111110111011111010100
1011011100111111011001010101011101110111111101010011101111111111111111111110011010010000110111111011
1101110100101011110110111101111100110110011111110101100010101111110111101011010100111001111000011111
1110101110110100101000111110111001100011101011011110101101110001111111011110111111111001110101101111
0011001111100011111111011111111110011110111111001110110101001011100101111011001111111011011101011001
1110001011110110101011001011011011111101111111010111110111100111110011110100000001101101101100111010
1101110000110110110110101000101111101001011111100101111111110110011110111001010111010011111011111101
0111100010111100101111101010000011111011101001110100111100101110101100011110001001011111010011110101
0001110100001111011001101110110111011100101011101101111011111110110010010111011100100001001111111011
1000110000111011001101101001110010110110110010011111110011011111100111111101101011100110111011001100
1111111101011011001101101011110101111101010010110110010101101101110111011110111011110110110011101111
0101011101101111011101010101110111010100001111011101010101011111110000111010110011111011111101010111
1110000111110111111111101101011010011111111011111111001101000111011001101111111001001111010111101111
1101011110011010001100111100101111101111011001110111001011111111110111111111000010111101110110110100
1110111011111100010111100111111011110111110110101100111010111101101010011011110110110110101111011000
1110100011111000001011110011111010100111111111011001010111011110111100110111100100101101111101111000
0011111100001000001111110110011011011110110101011101010010111011101101110011101100001011111111101111
1110101010011010001101010011011111111101010100101010111101000111111110111111111110110001011110110011
1101110111111101110111101111011110101100001101110111111101110000111100101001011111001101011101110101
0010101101111110111001101001110001011111110111111111110011011010110110111001110111011111011000111111
1010111100001011101000111000010000111100001011101111110111111111111101111111110000111000111111011111
1100110111111011111100010011111011001010111101011111010111110111110010110101101101001111101100101001
0011001111101111101110001110101000111101111100100111100111010000111010111000011011111110001011101011
0111100000010101110011001011111111110101001111111101111011011100111111011111110111110111101011010101
0011111111101100001110110111100111111000101001111110000111000110101011111011101001001011110110111001
1111100010011110101000101011101111110100000111110110010101011110110101011111111111000101010111111010
1001110110100011111001111101010110110101110110100100101101111111011100010011001110111111101111110100
0110110001111011011101011110101111001111111110101000100111110011001111111011011111111101111111010111
1011101011110111000101111101011011011011110011010010101011111101101000111111101101011110110101111010
0111110011111011111111010010101001100100111111110011111010001101111111111011101100001111000100111101
1111111000001111111001110101110110111101111011001011111111111101000110100101011101111101101111011001
1110101010110100011000011111001000001010011100011101111110111101110010111111110101101111101111100110
1000111111011111111001011111101001111111111011011111101011111001011110011111100101111010111101001010
1101011110110110110101011101110010101110000110110100111110011110011111001010111111010011110110011100
0111011101100111011010111110011011011000111110101101101111111101111110111111011101110011111101111111
1110110111111010110110111110101010101001111110111111011101100000110011111100101101100111111011001111
1000111110101100111111101001101111110001110100001011010110111011101111111001110110111111101101011010
0110110011111111111110110111011011000001011111111001111110101111110101110101111010101110110011001111
0111100101001111100101000001100111000000110011111111101001111011011001110100101101101111110011110101
1101011100101111010100110011101010011100011100010111101111110111011101011111111111111111011101100011
1101110111001011100101101011111010111010011001111110101111101010111111110101011111010011111011000111
0110111001101111110101100011111110111111101111111101111011111001110011011111011100000101010011001110
1111111110011101001011111001011110110101110111110010001111101010111111011111111001011101000101101000
1110111000010011111101110111010101111101011011101111110100011111111011001100110101000110101110111111
0011111011111011000110010111111011110110011100011111010101111010111011011111111111111111101010111110
1111111110011101101111011100111010000110111100111111000101111110101101011111001100010100111111111011
1010001110101110011110111111010001110110111101010001110111011101000111111011011111111111111101001110
1111010101111101101101011100110111010111111011101001111111101011001111111100100111101001100110001110
1001100011011011110111011001001110111110110111010001101111010101111111111110010111111110011100101110
1011111111111110101111111110000111110011110111000000111110101101111100110100101100100011111110110110
1101110001101100011111101100111010011011101111000001011111011110011001111110110111011010110101110001
1110011011011101101111110000011110111111010111111010111110101110111110100000101111110111110101000001
1111111111000010011110110011111111100111110100111101001111000011001001100011011111101111101101100100
0000111111110011111111010100011101011100010110110111001111111111101111111110101111010100110111111101
0101001110001110011000010010111111110111111000011111110001011001100111000101011101111111101101110110
1101111100111001011011101111001101111101101111111111110011111110100111110001101000111101101001110011
1110011011000111100111111001111111101101111000111111110100011110110010101111111100100011111001110010
0101111011111101011111111111101010110011111011111010111100100111111001010111101111010100001011101111
1111011110100110101011000011101110111111111011010101010101010111001011011011111011111100111000111111
0101001011010111101111110111101111101011010111101010011110101000010101111111011010011100100100001010
1110100111110111100110010110111111101110111111110111011110010111001011000110111111001101111010101111
1110011111111111010011011110111101100101000101101111010111101011111111110101011110111001011001111101
0110111111011101110111001111000001001111101111010011110111101101011000111011111111111101110011111110
1111110001111110110011000011111110101111010100111100111001101110100110111111111111010010111110010101
0111110111110111111111111100110100111100111111001101011111000101010101001011001101111011111001011011
1111011010111101011111110110010111110111111110001111000011010110101110110111011101110111010111111110
1101001100001011111010111011110011101011101111011111110001101110010111011111000111111101100010010111
1111101101100101111110010111011011101101101001111101011100010101111010110000111110101110110111111111
1111011011100110010101111001011111111000111110111001011110101101011101111011101111110110111011111000
0111110001101100100010011101010001011111111111111010111101111100101010010011010111001100100011010110
1110111001011101111111101001111100111110100000111111110110010111010110011011111100100110110101100111
1101111111110111110111111111110110111111111011111110010101110111011111101101101011001101011111011111
1111101101111110011110111101110111111001011111111010010010110011101010110001101111000111100100011101
1101010111101101010011010100101110110111111111011110011011011101011000010000011110010111011111111101
1111100110111111110010011111110111100001011011101010110011111011111011100001011011111100101100110001
1010101011001111111111011111111110101101111011100000101111110111111011111010111101100001101100100001
0001000001111011110111011100110111011111001110010111010111101011000110111001000011001101000111111111
1111001010111010011110110101001101101101111110101010101010111111010101100111001111101110101101111111
1101100111101000111001101111111001110111111011100101111111111111110110111111010111101011011101111111
1011101010000011111101010111111111111011110111111111111011001111111111101101011011101001111111111011
1101101001110110011100110111000001001101100010111011110001111111001111011110111100010110011111110110
1001111101111000001101111101101111110011101110111011111001101011111011011011111100000001111011111001
1011110011110111010010110011001110111111000010111101101110100110111110100011011100000011100011101110
1111101100110110010110110011101011101001101011101011011101110111111010000110000010001011100110001110
0011110100011101101111101011111110001111001010111010101100111110101101010010111100010111110001111100
1000010101101111001101110111111100011111011111101001111101111010011111111110110010001010111100110111
1000101101111010100101111010110111111111100110101111101010000001110110101100011010111101101111100101
1011111110011101111101011111011101111011111010110101101110001110111000011101101101111010111111110011
0111011001110111100011011011101111111110100111110111111110111011101111101011010101111111011100110011
1111101101111101111110001101100011110111110001101111010010101111110110110100001111001101101110111100
1010111011010011111111110011001110111001100111101100101111101101100010010111011111000111110100101001
1101110010011111111011001111111111101001001101111111111000010001010100111111111110010111111001111010
1100001111101110110010111111001101010110110111010100010001001011011111010100100111110011010000111101
1101101111111011101010110111101110111111111001100011111111000110110111110100111111101011000100101111
0101011110101101111101101110110100100011001111001110111111101110010110100111111111101111111111011100
1110111110010111011110011111111001101010000111000110011110100111111111011110111111001101110110101101
0111111011101011100111101100111011111100011111111000010001111110110110011100111101111000011111110100
1011001101111100101110010011010101110110110110111100111001101111011101111100111010111110010011111001
0111010010111000110110100101100110111101110111111100001111111010111101110000111110110101100101000001
0111101110111000111111111001011000110111100101000011010101101101101100111111111101000111101011010110
