100 999993
975679768 490842113 28992512 657906445 919343564 675375679 872486780 454579716 544838183 658879193 298071682 222620430 554898642 52628565 363657824 116941473 222434073 72004657 374776771 684273419 738585871 24084107 636240529 82773884 598460676 761731752 715012396 338033316 562742019 829070921 92414745 493102204 136056736 698110666 511471475 549344277 226587546 767456351 596747237 689840591 603670958 209613930 165351522 969090178 556528193 975228215 669807700 986266309 345128762 192305851 126172779 934190776 18367333 811240057 983986587 827806478 384417695 737202647 763269085 431401758 571212356 331235281 333377194 21458559 118126234 967721504 371902869 84258965 785615927 112616092 183647338 594348503 40747059 248326596 781828037 601188843 397878130 708245708 176285408 828369305 919859997 618811267 753537404 329347510 14667499 509576954 100783094 33780277 394339008 445289349 53138421 625316229 655293373 58345643 552922633 399784263 363075490 493435384 69234284 307572143
0100001110111010100011101111000111010110011000111010110111111111011110101111111011110111111110011101
1010001111111000111111111111000111110110011111101011010111000001110110110111100101110110111010101101
0100100001101101111011010011000111011111101100100010111010010001111011101101001100100001110001111110
0000000101101110000101110111110111100110101110101000011101110101110001101110101110011100011011011011
0010010010110011011101010111101101011011011111001101111101000100111111100001111111111001011101100111
0000101111110010001011001100110011111111001011111100110011001101111101101101010110010000011010011101
1100010011010011101111100111011110111011010111010110100110101011011100010101101111000111111111110101
1101010001111111101111111011111011101110111011101111011011100111101110111111111001110101110110011111
1100111000111100111110011110011101001101110111111101001101110111110001100111100110101111110111111011
0111011100011111011101111011110011100111110100110111100101111011111001110111001101011110010110100111
1111110110011101010001111100001111111011011110001110111010010111011111100111100111001111111111101111
1100111111100111101110101111011110111100011111111111010111111101100001011001110111001100110110011111
1111000111100011111111111111011111111111111111111011111010111101111111111111110101111101101101110010
0011000111110010111000110011001110111011000111001111100101110001101110001111011110111110100010101110
1001111101011101100110110111111101111011111110111001111111111110100100001110110010011110110110011111
0010101101111010110101100101110101011001100011001100111111011001001101111101111011101101100111101101
1110001110011111000011111111101111110010010101111110011111001101100110011001011001101110111100011111
0110100011101101001000110001001111100111111101010011111010111110101101001011111100011011100010101111
0110111111011100010110010100110011101011111111101111111110110001001110111000110111011010101100111101
0101101111011011001011111110101000110111101011110111111111110111110110011011111111010111001111110111
1110011110011010101100101110111011111101110110100111111110111101101111111100111110110111001001111110
1111111101101001100100111010100111101110111011001111100001101100100011010001111111100111001011011111
1101001101111111110111010101111110100100110100100110111101111000111110100111110111110111011111100110
0111100111101110111101101110111111111100111010110111101111011001010010111010110111110000100101011111
1100010111111000100111010111111111000100110110111010011101010111111011000111111101011011011000101101
1101111010111011101110111001011101011110001111001101100101010001101110010000101111110100001101111100
1111101111011110100111011000100100001011111100011111101100111111011010111110101111000001111111000011
1111101101011111110000101100101111101110011001110011111111010110001111101110111011100101011111111101
0001110101000011101111111011011111110111110110100011111010010100110100010111111100000101101110111110
0001011111011011001010111100101111011111111111110010110111001111010111111111111111111111101011011110
0000101110111110110110111101110100111101111011111010111111111001101011001111001110101101011010100111
1111101010111111110001111111111011100101110011110111111100001111011111110111101111111111001100011111
1111011101111100111011111001110100110010010011111111111110101000010110100010011001101100011011110001
1111110111101011111011011101110100111111101111111111111011011110011101111011110111011010111001111001
0101011101111110111111110001101111010111100100111101110001111101011111110110111101011011111111111010
1110111000111111100110010100111011100111111011111001111111101101110111101101111111111110110111111111
0010111110111111001011010111011001000110110100010110111110101010011000111011101111110111110101010111
1111010111011000010111111101111101111010101011011010110011001100111101010101011100111111001000111111
1111111101101110111101000111110011111101111110101111010010111111110110100001111011010011111110101100
0010111011101111011110000010111101110010110011101011001111111111111110110110111111111100111110011111
0011000111001011011111111010111101111111011111001111111111010000111101101010100101100101111111101110
1100101111111010111011111011111110011011101111111101111110110101000101001011011101011001111111011110
1111110100111010011101010111011001010110110011101010011111111111101011111101111010001111111101111001
0111101011111110111010101110110001101010110011011010101101111010011010111011110001100111101011110101
0101111110111111001111011100111111010111111100110111111110101001010011100111111111110011110011011011
0100111110011101111101000101011111010101111100101011011111011001001001000111100011100011100110011111
1111010111011010101110111001111111110011011011011111110111101111100111111110111111001111111010110110
1000011011011010110100011011011111111100010110101101110111100101001100111110110100111100101111111001
1101110110111111101001001110001011110111111101110010010101101111011011101110110110001111111111111100
0000111111110101101111110110000111101010110010110001011101111100001111001000011100111100010101111001
1110001101111100111111111011111111001111101111101001110110110010110110011001101110101111100101111001
0100100111011110011111010111100111110011110011110110110111010111111011110100101101101011111001011000
1010111001101111011111110111111111111100110110110011000011100010011110100100011101010011000111110011
1111110100111011111110101001111111111110111011111111001001111011111111001100101111011111111001011110
0011100110101011111110111011101111011001111111000100010110111000001110100101111111101101100111100110
1101101011010111101110111111011110011001111111111111001010110111101011111101110111100100010111011100
1110011100111011111110010001111011011111111011110011101100101111101111101101000101000000111101110111
1101110111010111100101111101011001110101101101111101110000111110011011110100111110111111111001110110
1001001111011110011111100010001010111011011110111110111111001111111001001110101010100110011111101000
1011000011111111011110111111101001100011111101000111011101001110100101101101101111001001010011101110
1000011001011011110011110010011111111111001111101100011011110001110101001111100011101010001111111111
1001110110111010110111001011110101110111011000111101000111110001011001111010111111111111111110011011
1000001111100010010100001011010101001011001100101011110111110001001010001111101110011111011010011010
1111011111111101101110011110011100110011011011111001010110101110111101111100000001010001111111111011
0111110111011110110111101100101000010111101000100011010110111001001010011010111111110011100101011111
1111111011101000000100111010110111111111100110001011110001101101001111110110010011101101101110110111
1010111101101101011010101111001101101101101101011101111111100111110010011111110111111110111111111110
1100111100101111111110100101110111110111110000110110111010011001010011000111010110111001001010011111
1110100100101100101111111111011110110011001110101111111111000010111101100011101011101111001111111111
0011110011111001010011001001011101110100111011101101010111111101010110011110111010111100011010111010
1111110111101001001010110011010111111011101110111001101111010101010010001100011111111110011001111100
0100001101011001101111010110110101101101001100110011000101000101111001001101000011111110111001101100
1011010100011111111110010011011001011000111100111110010110111111101001110111111110110101101000010100
1111011111101111000010101011111100110101001011111001111111111011011101111011111010111101111111011110
1101000111101110010100111011111111101001110111111000000000101110111111001101011111011010011110111101
1110111111111101110101101000111101011110011111000010001110011010001110011110101110010111011010010101
1101101110111011011111111111110101111011101111111011011101111110101011001101001101101100111111001011
1000110100011111111111111001110011110111011110111100101101000100111101101110001110111110010110010111
1011101101000101110111001111111110111111011010100111111001110110100011101111110010100111111111110111
0111111011111100011111111110111101111101110010111111111111010110101100101011110011111100100011110000
1001111010110111001111110111011101011011001011101010011101111110111111111111011100110011101111101111
1100101101111001101101111111010111111011110111100001111110011101111010110010100100100010110111111110
1110100110001101100011110101011110011101100111010111001101101100111111111100111111011000001011110111
1101110101001110011110111100010101111111010010010100110001000111101101111111010110100000111010001111
0001100011111111111000001000011111110101011000111111011001011110011111110110110100100111101110011111
1101001111111111100111100101111110011101101100111110011101100110011011111101111100001011111001010101
1100001011100110111111101000010101111110001111101011110001101110101010110011011011001100100101110101
1010101110101001010111101011111100101110111111101011111001010111110110001101001010001100011101110001
1110001110111111111000010010110001111011111111111011011011000101111000011100101111011110010011111111
1111111111110010100000101011001011111011111010101101010111110111001001110111111001010101101101110101
1101111000101000101111101111111111100111111100111001010011101111011111111111101010111101010000101111
1000101111111011101100110111100100111011111001011110101110101101111010000110111011001011010011111111
1101011111110111010101100011111010110011110111111000101100111111011111000111111111111000100101111100
0011101010101001000111110111010011111000111110011111111111111001101010110100101111100111110110101111
0110101011101101011110101101101011110110101100111110101011111001011011110010001111100011111111001101
1011011110011010101111010101110111111101011111111111110111001111111111101111011101101111110110001100
1111010110110111111011011101110101110111111011011111010100111111101111110110100011011000101111110110
1110111101110111111111111101111100011111110101101000011111011000111110111111011011111110111111111001
0011100111111110110111110010111100111101110011100000111011011111111111000100111011111000101101001001
1101111111110011111101011011001111011101001111010110100010001101110110000011111010111111111101100110
