100 999998
267973532 316029190 611992164 114048870 447026298 340136574 16984450 659900791 638096382 467737139 464728210 509845180 253395294 848128737 863896425 352470067 710888805 414438485 872698204 421109669 522986412 879029408 343209590 315688205 564312007 277322416 243746014 842687657 26572812 233922556 429668827 104469410 287192683 384924941 656057756 927090683 770497661 163476208 710303161 447318864 216331449 437528197 375660934 915786326 859617474 94639570 10761256 417761124 357348356 677935964 653318859 675755948 828798543 585185929 581508124 281513925 753371755 314807649 718341464 242910545 50118114 50843841 2436666 501636818 442140332 51662728 494375993 654769846 4046912 397949695 138244477 723463080 535210451 727961774 62174969 730612172 464534277 196396775 521565075 768855903 487057371 698606153 257038435 850974328 523360314 641998041 479733250 854738839 831009813 723753931 878257887 559714160 329073503 163474262 191337018 33695623 392000198 93565776 67648384 498683627
0111000010011001001011101001011101000110111111101111111110111101001101111110011110111111010100111101
1011111111100100011011111001111001110111101100011011011111110010101111010100111111111100110110010100
1101111001111010001111111111001101100111011010100001111111111011001000000100111011010110000111101001
1110011100110011101110110010011100101101101111011100111010111011111000110110101101100100111010111111
0110011111000110010101110011111011111111011011111101011000011111111010011010101011010001111011100100
0111100001001100011010111000010011110110111010101111011111011110011010110101011001111100111110111010
0111100111111111010110011111011110110101011111111111011110011010100010010010111110000101010011011010
0101101011111011111100101001101111111110011110101001110101110110111111000101111111001011111001011110
1100101100110111110111111110011100000100110101111100101111111001011111111001011111011101011010101110
0110111100111101011101001101101110001110100111011110100010101101001000101101111100110010001101100111
0111001111001110100110111010000101101100000011110101011010110011111111010100110110111110111010101101
1011001111001111001000010110110111000011101011111011101111111110111100111100010011110111110010111101
1010011101110011100111110011101110100010010111110111110100010011111111111111001001011101111001001100
0100111011110000000111010111111001010110010001100110111001011111101111101101101110110110011101011011
0011101110111000100111100110011110000111110111111011110100011011101101100011111000011000111111111100
1001001111011000001001101100110101110111001101110110101000111011111101111110010110100010111110110000
0001000110101010010101111001111101111000110111111111101111100010011001010011111010111001011111110001
0100111111000000101111111111011011100110110111111011011111100010110110111111001101000101101111111111
1111010101010001010111010100101111111111111011100111111001101110000000110110111111110000110111111101
0011101111101110111011111011101000101111100100110011011111011111100110111101001010110001110011011111
1111011010101110011101011011100101111011000111011111101011111110001111010111110110101111100001111100
1110100011001111111110101100110001110111100111111001001110111111110100010111011001000111111111110000
1111110110101011110101011011111100111001111011101110111111111110111111110011101111111110111011111101
0111111010111100111110100111011101001111101111110101010101001111111000011111111111111011111110010100
1110011111100001110111100010110010111110110110011010000111001000011101111111111011111010100111011111
0010001011010111011001010011101101110100111111101111110000111110000101110111110101100100001101111101
0011101010111110010110111100011100010000111011110100110011111010001001111110110100011101111010111101
1110101101001100110110110100111101001000101101101100111111111011011111111010011110011110101110010111
0100100101011101101111101101011101101010101101010110101011011000110111100001110111111111101001101110
1101111010010111110001111011101111111111110001010010011111001011101111101110100000010101110101111100
1111101111001110111100110111110011110101110011010101001101111110111010010101101011111111110101001100
1011001111111011101010110111110011010001001111010000111111111111110110011111001010011101111111111110
0000111101011010011000001000011101000011001011110111101011111110010001101111110111110111111011011111
1110110100110101111011010101111110110011101101101110101111100100101111111111001000101111100010111100
0111111100101001111111101100111001011111110111101101011101010010111100101101111101100111011101111111
0100111100000101101011101110011101100111111101111110010110011010111111111111111101111001111111110101
0001100101100000101110111001110000100110111011011101111101101111111001110100110110110101111011000110
1111111111100111011101011100011000111011101101101101110010100101111111100110110111101110101011111100
1110110101011111011111011000110011111101010011111101010001101111101111001110011111000111101111100001
0111101000010011001111110000011111110110101011010110011111110110111011011001111010101111111001110101
1101010011010010111101111111111001111101001101010110111101110101101101101100011111100001011011101111
1010111110001110111000101110011000111010001110111110000001111001101001111101111101111110110101110111
1111111100010001001000110111100111011101110111011111111011110110110111011011100011111111011101111111
1101001111001011110111011101100101110100111011000110100110001111101111011111101111111000101111100101
1011111101111010111011111110001110101011011100101111001111011111011101111111111011011110101101010010
1001101011111111111011110111111111111111101100110010111010111110100101111000111001101011100111100110
1010111110111111111101110111000011110110010011011101100011001101010111111000101110101101111111111111
0101101011111011110111011010111110011011111001100011011010110111110001111110110111111101111111110111
1101111111010010110011101101000001111110011010100111101010111010111111101111001110110111111010001011
1001111011101101101010110111101011111111111110101011111110101111111100110101011110101111111111110100
1100011001011111111110101100110011010001111111011100011110101111110110111101011111111010101101101010
1110111100111010111111010100001010101110001010111100011100111010101000101101011011101001110111111011
1011000111011111101010100111100111001100101101101100010100110100110100111001001011111111110011001101
1111111100101110011100110111010100111111101001010111100011110101111011001010111111101111110111011100
1111111010110101111111100001111111101001101011011111000110110011111110011111111101111010110111011111
1110011110011010110101111001011101111001100110000111101010001100011111111010111101001100100111110100
1111011011110000110111101011110111010101001111111110011101010111111111011010111011111101101100011111
0110010110010100111110111011111111101011111010100000010010111111101111011111000001101011000110111111
1111000111110001111011100111001111001111111001011111111001011111111111111100110011111111011101010011
1111111110111111000111100111101110110001111011011001111011101000010011111101100000100111010100111101
1011111011010111001111111111111110011010010111101111000101110110000000000110111010011001010111110100
1000110101010100001111110100001111001111101111110110110111101010011011111111011110111100100110011001
0111111100111111111111110111011110111011001111011111001011101101110110111101000110100110011010000100
1011100011101111000101010001010100001110110110110110011011100010111111111000010101101110101011110111
0101101100111111010101110000111101111111111101011111111011100011011010011011010111111011110110001111
0001110110111001110001111001101110111101001010111110111110110111100011100011011011001111110111011011
1111110111111111100010111011011001111111110110001101011111100101100011000111111111010010010110111111
1100000110111111010111101101110101110110101111101110101111100011000011111101110110001101111011010111
0100111110101100010110100001111101010111001100101010011111110111111100010111111111011111101101110111
1100000110101111100010101111110011011111111111111000010111110101011100111110110111101001101011100001
1001010011011111011100101111110011111100110011111111100100110111010101011101100101101111111100111111
1101111010111001111111111111001101011001011111110110101111110111100111101011110111101111101011111111
1000100011011101010100011011010111110011111111111011111111110111100101110010011011000111010011110101
1111010101111101011111011110011111111110110110011111001001111110001111100011101011010111111011011101
1001101000001011111011111111010111010110001110011000011111001100111011011101101110011101000101110101
0000010111001110110111111100101111110001011110001111101001010110111110110110101111111011011111011110
0111101101100110101010111110111010111101011111110000011110111000001111110111000111110010110111110111
1110011111110011101011011111100010111111110011010111011110101101111111011000000101000111100111011111
1111111111001110111101111001001101110011110111101111111110001100011010001111000111111111011101110111
1101001111100101011010110111100010111110110100111110011100000111101111110011111010101101111111111011
1110101110110101101110111001101110001111101110111111110010101110111111011111101101101010000101011001
0111110110011000011001111100101010110110111111010011111111100001111011111101111010101101100101111000
1101010001110101101110111100101011111101111101111111111011110111100001110001101111000110111111010110
1110110011111110101100111011111110011000011110011010101010101100101010000111101000001010010100001001
1100010110101010100010111011101101010101011111110111111111101101110111110011001111010101111111110110
1111011010111100010011100111111111101111011010111100110110110111010110111110011101101011111101110110
1010000101110101000011111001101011100111011011001110111001110011111010111101111010110101101001001111
1000101110011000110111010010111111111011101001111101110011111000110111111111011101001110001000011101
0101110100111011011111111011111111011111010111111111111110000101110111110100110101101110011111100111
1101111110111111101101110010011110111001111000111101111000111010111100101101101100111100101111111101
0001110111101111110001110111100110111111101110111110000010100011000111110101001100101111110110101011
1110010001000111111001011101011100110010011111110111011111111100111010100011111111111100111011001010
0111111010110011111101111011000111011110100101111101111101001111111101011101110100101000111101010110
0010101101001110111111101100111110111111111111110111111100101001010111011111111111101110110110111010
1011110011110011111011100110110101110111111101110111000101011001001011111010101101001100111001011010
1101011100010111111111111111010111110101011010110101011111111101011110111111111111101101010011101101
1011011110111110011110101110111111100100101000101011111011010100111000110101010111010011011101110111
1101100111111010011110111111111111111101111101110100111111011011101110111111111000101111110010011011
0001011111000100010100001001100110101000111011111011001011100001111110110001111100101110101111101101
1011000001110100111100101111000010110011111100111001101011110101111111111110111110010011111000011110
