100 999992
29076854 681649149 884413288 50587745 21524632 510003643 436177552 987744478 668988419 988529328 59742278 981889404 2292173 316868380 184861417 26912960 5509412 671294500 728531510 658691444 379636657 856157911 580068622 738345784 786961592 52968496 673654238 726301098 655891007 868321528 775632610 341162627 876584633 371768526 211503162 248616946 501028074 523168300 8832039 962660186 381210482 978817769 863634356 401252469 253773123 936896714 64558796 70118875 448582167 933420960 961028309 493974517 773371212 236775290 798161257 264586299 228705506 528957841 699161827 757970589 784012349 862883047 906450528 651096654 442995835 462826502 551925621 205937894 500003586 543277641 501379 467543194 613508093 593171950 947750429 875642455 551797346 979360313 846417331 706459865 580869380 559194612 121296238 189449597 879421883 394025580 880720153 722399178 294501635 316433885 562465005 315310365 645296503 659333034 348961986 947263242 843303859 324996081 52265806 128784360
0011110000011111100111011111101101010101110100110110011011010101001110111011011010011111010111101001
0011111001000100111111111111011110110000111110111101111011111110101011111001111011111001111010001011
1100011111111001101100111100110111010110010010101101110111101110001110110010011001110101011111111111
1100100110111101011111001011011111011011111101111101101110110111101101000101010011100111101010111100
1101011110010111111011100100001001010010111111111110011110001111100101111100111010011111100001110001
1110101111001111101011110011011111001111110011111111111001001011110111011001111111101011011100101110
0110110110010010111111101011011111011010010101001111101111111001111011111011110110111010111101111010
0011111010011110100111100011011011101000111110111011001111010110111101111110111111100011101100110010
0011111101111110111011101111101111111011011101110011111011111110111111101111110011101011111011110100
0110010010001110100110111111011100010110010111111101111001011010110110011001101110110100111101100111
0011000010000111111101100010110011110110011011100100111101111111011100111110111011011011111011011001
1011101110001010101011111101101101011111110101101010101101101011101100111111011010111111100101010011
1011010111010001100011111011111111111111111101111011011110111101101000100110111011110111111011111110
1101110111100001101110000110101011101111111110110111111111111111111111011100001011000111100111110110
1000111111110001011110101010010111011011111101001111111111010111111010111101110010111100111011111100
1011110000101110011111000101111110010000000100101111111010110101101111100000111010111000011001110011
1110111111111100010011100111010110111010111111111101001101010111111010000011110000001110110110110110
0101101010100011101110101010110010111100111001111101101111011111010010101100111011111111011010111111
0111111010110111010111001111111110001110110111001111011100011101010111111011101010010010111101001011
1111001101100111011010001110110111110100011110010011111111110111001110001001101011100100110100111001
1101111111011111111100110111101111011010000111011111110111001101110011111100011110001111011000111100
1101111110111001101000101100110110001100111001110111001111011010011111110100111100010011011101101001
0110111111111010110011001011011110000010111011001011101110101100111011101111011110100011101100111101
1110010001011000000010001101011011001010101011101011110111111111111111011110110101010110000111010111
1111001011011010011101110011101011100011011110101101001111110011101001010111110011010111110110110111
1110100011010101101111010011111100101110111011111111110000100001010100111110111011011101111101010101
1101011111101110111110101101101111001110100110001111101101101011111101110110101011101101001011111001
1101011111011001101010111110111000101111001111010111110100100111101011011111010010111111000100001011
1010000010111101011111001111001111110101111111110101101100111101110010111011010001111100111001111011
0111011101101011111101110101000110101101110000011100111111011100101010101111000111011111111111110111
1101111111011101001010111111100110101111100010100111100010101010000110101111111111001001011010111101
1111011011011011101111100110111011111110000100101011011010111111101000111110110110110101111101011111
0111011110101111111111111010111101111011101001110111011011011111011000111111111101111010111001011011
1011111110111110000110011010100110111101110110111111111110110111111100101110111011101101111101100101
0100000110101100110100001101111111010000111111010111110001001011000111011101011101000101111100111001
1111101011111011110110000000100111101101010001111001100011010111111111111011111101110111011111010100
0001011110011110111011010111011111010101111011101011001111111101101001110101100111111011111111100001
1010010001111100011101000111111101011011110000001011110101101010111111110110111011001111011111111100
0011111011111110101010111111001110000101101111111001101001111111011010011101010101011110001011111110
1001010010011110000000001001111011011110110100101111011101111101110101101110100111111101111111011011
1101110100011110111001110110111011101111010101110110000111011011010101010010101110101010110101111011
1111111111111110111101101100110001111101100001111011110010111100101100101011110011011001110100001011
0101100110101110110101111101100010101010000101101010101100111000111110010000111010111011111101100101
1101101111011111101110001011100101100011101010110100101011000011111111111100010110010010111101111011
0110110101100100101110111111101001101010000101110001110101101010111110011110101110001111011111011111
0001111011111010111011110101100010111010111010110100001011101001001111101011111010111010101111110110
1111110111111101110001011100101111011011111111001110010011010111111101011000111111111011101111111101
1101110111001100110111000101110011110010110111000001101111111111000010111101001100111110001101100111
0111111101011011111010111110010101011111011000100010011010010001110001001110100110101110111111010010
1111111001100111111011001111111011100001100101100011110111111001101000101011100110001101110101010100
1000111110011111001111110111001111101101111000101100111101110111001011111110011101111101011101001001
0111011111001111111111111111101111111111010010010100111111111110011111100001001101000011001110111111
0111011011110111010110110111111001110110011110010111011111011010001111001011111000011111111111000111
1110110011101111001110010101010111100101010010101111101110101111101000101110101111011101110001111111
1101111111111111111101101010110111001011001101011011110110101111101010011111011110011001101011101111
0011101100111110111111111011110001001101101010010111111000111111011111111100011101001001010111001011
1111101110001111010111111000011111011000110101111101111000000110111000000101010101110111111110100101
1110011111110110110111011010010010111111100111110111100000111011101101000111111011101111101110000010
0111001010111101000100111111101101001111011011010111011101010111100011111010111111111100011101111101
1101001111101111111101011000110111011011111000111111100101101110111110111111111100100011110010010011
0110111011111100011011110010111110101111111011010101111101010111101111111000011111110101010110110010
1111100110101111111110110001110111011011010000110011011110111011110011100101100110101111101101011011
0111110111110110110101011011001111110110100110110011111111111101101111111100001011100100111011110101
1001111000111111111110011111100111111011100101111110011101101110110111111111110110100111010110101000
0101111111011111100010111011110101011101011110101100011011111111000110111111011001010110111100111101
0000011111100110111011110110100011010111101110101001000110010101001101000011001111111011111101101101
1111001110111111100101111011010111011110011111100111111111011010010101001110111100001101111110111010
1011110111110101001101010110001001110101111111100001100101011011111000111111100111001110110000001100
1110011011000111111111110001111000110110001111010011101100111111100000000111011101111101100001011111
0101111110000101001011111011000000111101100101101011100101101111011000111010101011110001111110110111
1110101110111011011011100110111111011101010101010111010100111111100101001000100111010011011111010111
1110111101110110001011011111100110111110101110110010001100111011100101000010101010011111000001101011
1100111111110110011110110101111111110011010111111110111100111011101101100011111011010001010111101101
0001100110111110010011111111011111101111000110011010011111010111101110000011110111111100011110111101
1010001110111000101000111111111111010101110011001110111001110001111111011101111101010011011111111101
1101011011010010101100101001111010111010010001010101101011010101110110001110100111110101000111110111
0100111111101011111101011110001111011101111011101100110001110101001101111111011101000001111111011000
1111111110111011110011111101101111110110011101100010101111111001101010001110101111111011100011010001
1110110101111101011111100110001011110100101011110011111101111010111011011010110001110111111101010001
0000011101000000000011110000011110111011100110111111011110111101011110100111110000111010101001001011
1101111111111111011110101111011101001101111111101100011001101111010101111101010001010111101101111001
0111010110101100010100011110111011111111010000100011010111101010110111101111111010001110110110101101
0111011111011011010100100011100111011001101001111010000011111111010011000101011100011101101100010111
1110101001111011011001011101110110011011011101110010111010101000110011111111011110100001111111110001
1100111010110011110010000111111011001111111011111110111101100100011110010100010101100110111110011010
1011100001011110110110011111110101110111000010011110110011101111101110010101001011101011001111101111
1001111110111100111011111001010010011110101111111001100011010101110100110010011111001101101010011000
1111110110111100010011101111011101111101011010100111111111011101011011111011111010110110000111111111
0101101111111110101100101100110111101001111101101100111011010110111111000000111111111010011101110011
1110011011101011111111001100111111111101111110001110110110111011111101101110101001011000101101101111
0111011111101011011011100110111111111111001111111011101011100110111001100110101110111110110101111111
1010011101010100101101111101010101111101111111111111100111101101111001101111101011111101111011101111
1111000010101110110000011010011000011111000011101001101111011011001001101111110001011111000101100110
1010101011111111001001010110110111011111101111111110111100100110010010111011111110010101111110001110
1011111111001111110111101010111001101110101101110001011010101011111001011111000011010101111110000111
0011101110111111110110111110111110110111100111101101010000111110101011100111111010111011101000001011
1111011000101010011111100011101110100111110110100011011100100101111110011110100111001111011101010001
0011010011001110110010111100011101010110001011110101111010100010110111101111000001100101011111100001
0110011101011101111000011001110110000011110111011001111101011100001011110001000100101101111111110001
1110100001110001011101111111111111101001111110110011111110110110110011111111011111110101111100111110
