100 1000000
203455936 480921345 420347014 776215510 193819059 161841253 111454351 675344981 107913658 76151999 667808369 439002318 244856193 415081430 637920703 340817608 453272773 970125132 786015276 633196386 742526081 253947983 583513782 595630707 665608136 607481587 864525058 342482352 14068308 41125477 520035376 840914492 896765598 137059539 401812029 907057518 348063966 958411085 345334608 491383229 75506313 880734582 342873109 944768054 439417433 723400471 846650407 574628671 360845226 208745153 337169953 188657545 941824086 499923676 996743035 54204783 169184095 681550165 264352579 648574370 826538122 453218524 802284309 610865415 573757328 626510631 653737310 945313951 671523340 742487948 99079131 123487248 555038148 600987162 46063125 276339295 673329001 294629478 984162500 869068550 508679507 58842347 932443010 163332051 359949628 733434787 450568460 321452343 115411491 95177350 898517018 617645082 153712783 250118181 302162412 369679123 987541441 464768778 38164105 446367537
0111111011100101010110101111101110111101011110110101110111011011010101101110111100011111011011110011
1011111111101101110110011110011100111011000101111011101011111011011101100010110001111101001101011111
1101110110011010110011110101010101010010101011011101000111111001111010001111110011110001001100110011
1110011011111010011110111111011111101111110111111111111101101011101011111010111110110001101111101101
1110010101011111111000101001010110011111111111000101101011100101100010011111111111101111110010111011
1111100111110011010001001110010101111100111101111111111101111010110111001111001011111011011101101111
1101000011101111110110100101010110011011010010111010000010111001111110101010111111111000011101000101
0110110011010111001011101110011111111110111101100111001101101010010111011111000101111101011110101011
1111011101111100110100011011011011111101010011111111011111100111101110111111010101111100111111111100
1101111110111111000001010110111000101110110110011010111100111011011111101001111101111101111100101110
1101011011010110110101011001011011110110100101101111011101110110011111110110011110100011011111101101
0011110111100101111100000011110111111110111011011110111101000110111101010101100110101110111010111011
0111101011000101011110110101101011111011000011100001101000010011111111110011101011011101001110110000
1100101111111011111110001111101100000011100011010111111011110110011111101100111111111111111111111110
0011111101100101100110010111101011011110010111011111001011101111111110101101100001111111010011001111
1100111101011110010000101011011111011111101010001111001101101110110111010111111010011111010111111110
0110101010110110011100111001110111100111111101110111111111111110110010110011101111111010110011000001
1111111010111101100111111111101111011111111100101111111110001110001011010111111001001011111100101001
0001100100011100100011110101011010010011111100111001010101011111111111011110111001110110010110111001
1101001010111110110001011101111111011110111100111101101010001001111110110111101100100111110011101110
1111001100001110011001010011111011000101111001111001110011110101110010000110111111001101001111111111
0010010101100000011110101000000110101011001101110011010111111000100100101011100100011101011101110000
1011101100001001111001010110100110111101011000111110001111111100011011010011011101101101000011111011
0111000011101010111110101111101110101001111111110101011110110111010001111001110011111111001110101111
1101110110100101110101010111100111110110111011111011011101111111111011001010101011100101111110111111
1111011101001110011100111010110110000111111110101101011100110011111101011101011110100111111101111000
1101010111010111010010111100000110111001011110000001100111101001011011011101000110100111111011101111
1011101010111111111110011000101111111101111010010010100110110111111111110100100110011101101101011100
1000000001011110110110111101001011011011000111101011110110111011101000111001111010111111101101111111
0111111111110001101110000100001111000111100111101111101111101001010100110110101111001011110100110111
1101000111101111011110010001110111111011110011110011111111111000111110110011100011001101011011111001
1111111100010101110101111111011010110101010110001111011101110111010111101111000010111101110111100011
1001101110111011111111111111111101110110100100010100011100111001111101111011110111110011010110101011
0011010110111011110110001001111010111011101101011111101000101110111111011011111111111111111100111110
1101010111111000100001111011001111001111011101100110010011100110011101111111111100010000111001111111
1110111110111011011100101011101111001010101111111001010110100111010001111111111111110101111010111001
1101111111011011010101110011101001110011100111011011011101011101101111110011111001011101010110001110
1001110111110011110110101101010110100010111100011001111011110110011111011111010111101111001111111010
0111101101111111111101001100111011111101110001111010111111111110001101111110101110100111111101111110
1101101010001101111011110111111101101010111111110010001101011111011011111101110111001011001000100101
0011110101110101111110011101011011011111000011110011111101010110111100011101010110111001000011111010
1001111111010010111110111111001100100111001101101001111110101000111111110000111111010111011100100010
1010110100010001111111111111000001110101010100001000100111111111010110100011111010110111010101101110
1101110101100010111101010110110111111101011000101011011001111111111110101101111111010010010100011111
1011101011011111000000011111111100011001100001111111101000111110101001111111101110011111101011010001
0111110110111110100011011000111001111011110010110111110111111110111111111101011011111011011101110011
1101011110101000111111111100111000110011110111010111110011100001100101000111011101111110001111011111
1111011011010110101111111001001011011111100011101110011101111011001111100101110111111010101011001110
0111011011110011011110101100110101011110011110010101011100110100111100011111101101011111111100010011
1011110110110111110100110100010111100000000011111011111111110101110111110111111101000000101101010101
0101011111110111110001101001111101101011100111110100101000110110001011100110101101000100111111100010
1111110110101111111111011110111101011100110111101100110110011111111100111111011010011101001110011110
1101110001011100110110000011111001000110111011100111011111011111011001011111111001001110110111111001
1001010011110100111011011100101110111110110101111101100011111010101111110110100101010111011110010111
0101110111111111110100111100011111001111110110011110100001110111111101010010001110111011111101001101
1011010111110001111001111111111110011011111001011101100011011011100011110111110001101110011001101111
1110101010000110110111110011111000110110011001100101110101011101101001010111110100111101111111111100
1111110110110111101011101010011100101111101101110100111110101011110111011101111111011100111100001101
0111111111100111100011111111111111110110011111111110011001000010001110100111101111111111001110111110
1110011001101100101011111101101110001111101111011111111110000010110011101110100011011001011100100101
1111011101000011111101101010111011001011011111010001110111000110111101111110111010011001011111111111
0000100010110111111010111001000101111111101111001111101010001011111101001111001110011111001111111111
1101010111111111111000011101100101110111101111010011111101111101011101101101011101111101111111101101
1111101011001010001110011111110110011001001100110101101111000110111011100111101111100111001110100100
0011111010011011101111001101101011001000110111101101011111011101011100110011011010100010110011101111
1110011101111111101110111111011111110101111101001101101001011111101011100111010011101100111110111111
0111001011111110011100101111101011101111110111011011111010101111110100111111110111101011111011110110
1100011111111111001101000101011111101110111101111101011001101110101011011111101011100111111110110101
0011111111101111111110101011001101001101011101010110010101110001010101101110110111011111011111110100
1101010101111101011000111111000111111111010011110110111111011111010110010011100110000101110111011011
1101001011101110100101010001111110111011011111010111010100111011111010011110111110111011011110001111
0001100110111001111100110111111011111111110011001101111111001000101101100101111010110110110001101110
1011111111000110001001011110100111110111100111001001100001011110001110100011011111001011111111100111
1010110110110111011110000111010100110111100111111111110111111111011110110011111000111101110100111110
1111111110101001111111101000011111111110001010101111111110111101111111101101110100111110111101010001
0010110111011011110101110110101111111101101111111101100111100111111101011110000000111100011011011101
1111101001011111111111011001111011111011011110011110110111111001001111110110001111001010011010110001
1111101011100101011010110100100011111101111101110101100111001010111010111110001010001011110011011110
1001111001101101111110101100110001111010011111101111101001101111100100111100110011010010010110111010
1001101111110100100111100111010011110111110110111110011011100111001011101010100011101011111110101111
0011111000111101100010011111111111010111111111010001001001111101111111111000111101101001111101011011
0110111111001110111010111000011011011101010101111110110101110011011110001000101110101101001111110101
0111111111110110101100111110100111010110101001110000001110100011111100110111000111001110111011110111
1111011111001111101001010001100111111000111111111001011011111110000010110111001000001111010010101100
1100111111011111110011110001111101001101100011111001101111111110011010101111110111110101011111100011
1100100111011111001111111111101101011110011010101011110111100111010111010111000001111001001111011111
1000110000110111111100010110110011000111011111111000111100100101101110111010111100110001110011010100
1111110101101111010111111111111111011111111011001001011010111111001111101100010111011110100111111100
0001100011010100110100001111110101110010000010011110101011000010111101011110010110100011010010111111
1000111111110111111101001110011111111010011101001010111111011010111111111111111110111010101111111001
1111011111111100010011011111101001110111010011111111011111111111011110101011100111101100010111110011
0111011111101101011011011101110111001110011101101111111011111111010111101110001111001101011010011111
1001100110111111101110111010001110011100100010110011110010101111111111101001111101111111111101100011
1101011010100111100111100111101100100110101011110110101110001110101011011011010011101111011010111000
1011110111111101011111111110111111110111111001000010100110111111111110011100101101111001111011010100
1110100010011101001011101101111001110110100111101101110010101100011111000111111011100111111101101011
0101110111110111011110111111101011111110101100110001101111101110110001110101011110010101110101010011
0101011011100111000110011011110001101011001100110101011111111111111110111101010101110111100100100010
1110110101010111000110111010110111101110111101111011010100101100111001111100011110101100101110011101
1111111100110010111010111010111110110001000111101100111101011110110101101011100111101100111110011010
