93 999991
844028938 159217473 478601147 326758630 833899890 117743581 562076689 494868097 358593450 993440491 808929024 188691986 386417502 89597646 228145658 721112766 118661357 345528253 292592438 299705673 48185018 852937893 383332501 479444670 782009255 203337123 196020401 85455865 82146248 348314307 300091645 639230458 335580643 795711310 82582199 561480454 209873896 822863920 53765897 604316914 170037152 575223518 991922982 58016910 942580399 811343596 167759791 440669200 800708762 361371659 265400178 356583448 279979391 2283423 96130562 398354940 516942577 277949615 186659922 488646941 956341507 252470035 792144407 433728926 202954799 506026074 443927865 636150133 227707239 886744521 941267937 941916414 940268164 229971398 525484600 551420078 68893034 215791767 623352801 617173609 225380156 344099386 371314622 189702833 498471790 52092094 979470682 178544053 596787415 749394 880395222 735016372 582433465
000100111010001011011011011111111001011111101111011011110111101111011110111001110111011111111
001100011101011100011110111011101001111110101010110011111111010001111100001101101111111110011
010100011101110111111001101110000111101101100110111110111111000111100111100010001011111100011
111000100111111011011111011100111001001011001110110111011101001001010101101001011100111101110
000001011110001111011001001110111111011011111101101001111001011100101100111111111111101001010
000010110011011011100111111010011110101101110000010101111111000111011011110100011010101101101
100101001111111111110101110101111101111011101111101110011010101011010111000100101011101111111
111011001010110110111001101110000110010110111010100110110110111101111011011011111111101001111
111010110111101110111011111111101111111101111111111111111111111110011111111110100010011110111
011110101011110101111110111111111111101001111100001110011000110111111101111010111000111101101
100111111101110100111000100111011111001111000110110101001111011100111010111101010010111111111
011101101110111111110111110110111111111100110111100110101110111011110011111001000110111001111
001100111111011111001111110001111110111011011100110011011111101101011000100111111101000100111
011101110111101101101111011000001111111000001110111101001010011111000110110001001110110110101
110111101001110111010001001011010011111001110110111110001001011111001110011000110111001111101
011010111111111000110101111011101000101001011101111001011011111111001110011001001001101111100
101111111001101001111010100101101111100110111011111111101111110101001111110111110110000111110
101111100101111010111101110110011101010011000110100000001101100111001101110111111111010111101
001001111111010111011000000001110111010100011111000111101111101110101011111100100100110101101
111110111111001111101010111000111110111011111111111110110101111110101111111101011101111101101
111110011110110011110111111101011101110111101111010011011101101101110111101011101111010001100
010101100101110101001011111001100100010110010001011101111110001010001101111101011110110011111
110101001101110010011100110000111111111101101010111110011110111100000110011100011101111001111
101111111001111101001100111000011011100101101111111010111010111110111011101111001011111111101
011001111111100111011111010110101110111100101010000011110110110110011111111100101110001111111
110101101101110101011111101111101111111101111010110010101110011000100110001010011100011001100
111111011100011100011101010011101111011110010110001111100100100101000111110111011101010110111
101110111111000011001000110011010011111111011001100011101010101011111111111001111101101110111
111011011111001101000000111101011111010111011100011010010110111111111110111101011101001010010
110000101110101110101100011110100111110011100110011011111111110111000110010111011010011000001
110110101101100110110110111001011100001110101110010101110111001100000001111010110111111111101
100111100111101001111011000110101010000001010010011111111111010011001100101111101111111101110
110111101111110111011011111010110111110111111110111110010011101111000111111111011011100111011
001011111111110011111110111011101011001011111100101110111111110111110010111100100110111110011
001011011111111010110011111111011101111101010010011100111111111111100000100010001111010100110
111110101111011011101011011111001110011111110011110111110010110110101000111110101111111111111
011001101101111110011011110101001010010000110101101110101011111001011111011011101111111110110
110010111001111001111110111111001011100111011110111101001011111101001110010101110101110000111
111111101111111100010010111100100111000001100110001110110111110011010111011011110110010110111
111001011011000010101111111110101011010001101111101011101110101101101110111100011111011111010
110110110010100011011100001111101101010000111111111010101011111101001101100010101110111111110
101111101110101101011011010111011111011100111010001011110110101110101011110100111111111011111
111011111101001010011011110001101101101111011111101111010101111111111111111100111111111111101
000011011101101110110100011110011111110011100011011001111101110101111111110111111111101011111
110110111100110110111011110110101100010111100110110011101100111000100101111001111001111110010
101110101111111101111001001011101100111110101011011111111111111010101110001111110111010111111
111100111011011011111011111001111011011111111101110111011001110110011010111101101010111111100
100010101001000110111101000100000001100110110110010111110000110110111111101110111111101010011
011110111011111111010011010100001101110110101010001010100100101101110111011111101111011110111
111101001010111110011111010011111011010010011111001111001001111001111111000011011100111101111
101010101100011110010111001011011110111111110100110100111101101011011001011100101111111101010
001101111111011010110110001000111111111000100111011011111111101001111101011001111000110110111
111100111101101010111011111111011101101111101111110100010110010101101010011110111110110111101
110111001010110110101100101101110001010101111111010100100101011100011001011100110100110101101
111011011001000010110101111101110111101111011101101101011001000000111011101001000000100010100
111111111100100100011111100011111111001001110111001110100011011000101010111011111110101010110
011111101111111111101111010101010110110110011110011100100111111010101100101000101011110101111
111101011011100011111110111011110110001101111100101111001001110111110100011001000001001010011
111001111011110110100111110111111111111111000100000110011000101111100111101101110000001001100
111111001010101111111000000001111110111010110110011101111100100001001100111101011111101011101
100000111101100111111011101111001111111111111111111100001111010100111010111001111111010011111
010010011111011110010011110011010111111010111111010011011100101111000111100110101110001111111
100110111011111100111111010110101010110111101100111101011010010111010010010111111100110110110
101011011110111111111011101011101111010111110011100011000110111011010010011011111110111011010
101001101101011101110101100111011111001001100111001000001110011101110111101111111110101011010
111101110101111111001000001111011110111110110000111110000111011110110111111101111100110101101
011010010111000000111001010110000111000101111101110110111110100011011001110001010101110110111
110101111111100000001001100110000100101000110011111101100100101111100110010011111011111011111
110011011110101111110101100110010001110111110111011111111001100000100001111100111101011011011
111110101100011111011110111111011000111110111101110100001111010011010011011101111011101011010
101001111011011110111011111111001100111101110111110010110010111111010101101111011001100001111
001101111101000011111101101100101000101011111001111101100010010011101110110011000111101110100
101111001111110011111101101110111111000111111011000000111011110011101011000011001001111101101
100011011111011111110110101111101101111101111010101111010101101101111101001111000000101011101
110110011111001100111111110110111101101100101111101111111111100111001110010110111011000100011
010011101010100011110111101011011101010101110111101011000011011011001110011011111100111111110
001010011100100011001001011001111011101010010101110010010000011110010011111101111100101110110
110110010011110111011101001111011000111000011110110100110111101111110111110110111111101101100
110010111100101011101000100100110101111011111111101111011010111111011100001111011101011110100
100111010110101011010110011111101000011101111101010111010011101111111110001111101111011110101
011111110100110101011111111111011011100111111011111110011001111111011110101111110101101111011
110110010001111011111110111110110111111111110101111011010001111111101001000111111001101011101
111011111011011011001101100001111111101111110111101010011001110110010101001001010001100111011
111010110000101101011011001110111011110101111101101000001101100000111111101001111110111001101
011111110111010100110111000100111101110011111011011111111001001111110111110111001111011111010
111100001111010001111111011001110111111111101110111111001000101101111000100100110001100101111
111111111111001100010011110111110101100111111011111000010111010110011101110111111101100011111
111101101110111111110001101100111111101110101110111111001000011001100001101111111010110001100
110000101010011111000101101110101101101111111111100110110101111110111101010110111110101000111
100111110111001111111111110000111001000111110110011011001011110111011110110101001111111100001
100101111111111111111111111100110011111011110110110111111011111001110011110111110101011110000
111110111011100010000110101110011111111111011101111100011100111110111110001110001010111010001
111001111111111001110111101101101101011001110101110111001101110001111010111000011111011011010
