91 999999
587622011 423519333 620995343 730167383 659804025 558116889 589813993 356568028 712236359 77299037 473172287 177335590 438284955 702654706 535307688 219799772 166132339 654696113 797556320 130872615 526584670 56468418 25169957 530922820 794009704 545057599 733237059 563731688 215195206 238613345 433031748 943453548 381760383 25257912 481807551 382924526 126271041 807440997 780446898 879670473 692612425 893697038 288935909 873698264 340316979 660899137 802384025 763040724 130760653 918534977 622693768 387885194 302196846 187924334 644800543 952507329 218276493 962319461 336271465 402571321 34996903 774347253 844523955 482461355 60126981 385511603 408723573 186594628 743721109 450584913 511220850 300386694 439690574 607526395 994679137 144938766 13518036 709127848 968415567 358057745 515050482 784842257 936814295 330718463 987115784 757377717 723497398 293673753 831028979 42830677 765987597
0000011110110001010000111100111010101111111111011111111111101011101011111010011101110111101
0001111111110011111010011111101111001111001111000101101101001111101110111011101101110001110
0001101100101000111110101000111001110000001001011110001101011110101110011001111101100101011
0110001100111011110000101110010101000101010011010110111010001111001100011011101110001101010
0110011011110100110111111010011010110011111111001111010001111101001010100111100010111010100
1100100111100110011100111100111110111100010111111110111001111111010110100111101001010111111
1111100110111101110000111111111011110110011111100111111101111010101011101110111111101011111
1111011001011111111111101000101111111111111011110111100101110101111110100100110011111001101
1100111001001010101111110110111111110111001101001100111111110101011011111101110010100011111
0100110110101110111111001111110010011001110111001111101000010011100111100011111110011001110
1111111001011010111110100111101101101111100001110111110101011101101111000100111101011111110
1101101100101011011111010011001110110111101010111110111000000101100111111101000001110111001
0011001111110011111111110111110001110011001011111110011101111110111101101111110111100111000
0000111101000001111101100111100110111000100010101110110100010000110100111111111011111111011
0101010111111000100010111111110011011000010111011110010011001001100011110010001011111111111
1101001100011100101101111110111010110111011010111110011011110011111111100111111011101100111
0111101111101111011011100111110100100111101111100111001011111001110111110111001010101111111
1111111101111100100000101010101011111001001111101111110110111011011101010011101101001011101
0110010111111101100110101110101000111101100001101110111111011110111011101101001101110101111
0010110111111101001011110111001100111111100100111111110111111110011011011110101111111000111
0110100111111010101100100011001110111010011111001111011011100110011110101111011110001001000
0000100111011101100100010011010001110111000010010101011101100011111111010011011010011111011
1011111110101111111110001001100011001110110111010101010111110011111101011100101111111111001
1100111010011011000101001100110010001111111011010111011001000101000111010101110110111111001
1111111101000011011000110011101011001011111111100111010001100111011110001111111100111001101
1101011011101111101100010011111111101101111011110101110110111111100001111111101111111001110
0101101011111111111111001101111101011101111101010000001011111011111100101110101001011111101
0100001001111110100111101110110100010110010110110011111011111111111111111111001100101111010
1110011111101111111000111111000011111110010111001101011011010011111011010111010111101111100
1011111011001011100001010111001010001111110110010011110111010010101101111111011110010011110
1110111110110001011110001110010001111111001111000011110111001111111111110000011101011100111
0101010110110100100110000111000011001110110001110011010101010011111011111111110111111001011
1100111111010111010010111100110101111111111110101111101110111100111110101111110100101111111
0111001110101010010001101110101110111011110111010000000111111000011011111111110101111100111
1010111110111101111111000100101011011011110100011110110001011111101001011110110111000110011
0010111111011111011111000011101011100111101111110111011111110100111110101110011011100110110
1100010101100110011110111110111111100011111010010111001101111011111010101111000011101101101
1101011110110001101101110111111110010000101111111011011100101010011110101011011110010110111
1100101110111001100111111001111111111001101111110111011001111011101111111111111101011101010
1101100111111001111101011110011011111010111101110111101101111111101011101011110100010111000
1000100101110100101100111110010111111111010001011100011110110011111011011111110111001110111
1001111101000011000010111111110111101001100001011100101101010011000111111110110001000001111
1110101110011001110010011110001010011111000001010111100101101110101110001110111110110001111
1100111011000010110110101011111011110111000001111100001101010101000101111111010011011101010
1101111101011111110011111101111011011110000001010111111011011000011011101010110011110010111
1111111111101010111010111110101101010111111110000011110111111111111111101001111100110101101
0000011100111101111100001101000110010111000100011110101111101010101100101001010011111111111
1011010100111011000101110111010101111111111110101101001101111100011001110110111111001111100
1010110011011111011110000000100010100100110100110001011101101111111111110010111011000101110
1111111111111111111111111100100010111011111110110011010011001101011001001111111110111111100
1011111101111111111110011001011110111111001011100100110111110111111010011101011010110100111
1100101101100000110111111101111110011111001011011100111101011110000110001001111011011011100
1101011111110100011100000101011010100001011011100011010010111101010111001010111000111111011
1001111010111111011111111101111100110110100011001111101110101110110101110111111111111110111
1111011011011001101011010011100010011111110110111001010101111011110101111111110111111110101
1110001110101100011101100100011111011101111101111011011011110110111111111100010110101101011
1001000010000011111110100111111011010000100011100110110101011101110111011111111100011110111
1110111110101011101111111011111101111011011111111111001110011111011111011000011111101111011
1000111110001001110111101111000011011111101001111010111100001001110100101011111111011011111
0010111111101101111100100111110111111011110111010011101111000111001110100001000100110100111
1111111000101010111100000111001011101111001011111101111011100111111111010111011111011110100
0111110110111000001110011101001010110001001101011111110111011011100101011111010011110111101
1111011001001001011111101111111100101111111001101011011101011101001011101111111111111001100
1101110111110011110001111111101100101011110101001110101011111110011110010111011111111011110
1110001101111111101001100111111110111011101001101010011110101100011101111101110101011101110
0000010110001101111111101011101111011100100011011110111111101001101111010111001101111101111
1111101110101001011111101011111111111111101011111110000101011011110111011011111111110101111
0111010101111101110011111011011010010110011101101001111111111101111011111011101110101101111
1110111111110011101111011001101111011111111011001011100111011011011101001010011111110111110
1000001011111011111101110101111101100011110111011100111111001110111110001111100011011010111
1100111111011111101010000111011111011111010111111000011100110010100100010000111110011001000
1111000010010110110101110101111101100010110100011010011111001101111100101110000110011100111
1111001010011100001110101111010111111111111111100111101111100110101111010100101110111111011
0000111110111101101110111111110111111010111100010110011110001111110001011011110111101100101
1101111001001111110111001111110111111111111110011100111010101111011111010101111110110101110
0111110011011101111011011101110111001111100101100111011010111111111101000110101011111010010
0111111111101101010100111110000111100011111011011101111010100010101101101111010001111011111
1010001111101101000011011000111111110111111111111111111111101111101010100110100010011111010
1111011001100111111111101111011000010110001001011111110011101011011110101011000011100111011
1111001001101000011110111101111111100111101001010100011111111011111110111110000011111101111
0001101111001111100111110100110100111100101110111111011101101111001111111111011101011100111
1110011100111111011100100110101101111010110110111001011001101111111011000101101110101011101
1110101110011111101100111101100111011000001011100110111101010111011110001111101101001101101
1100110101110110001101111110011101000111001111100111111010111111111011111011110110001111101
0001101101100111110111111111101111001010100100110101111111101011110101111101110111110011011
1011010000111111101001110011101011111111100101111110111111011100111110011110011110110011110
1000111010111110110001110011110010110101100010110101111011101101000011001001111001011101100
1111011111111110111011111111110110001011011101111101100101100111111110101010111101111110001
1100111111100011111100001110111011011100111011111111011010111111111111010110100111110110001
0111011011100111101101000101011111110110111110101010110111110001111111011011111110001100001
1010011110010111111101111010001111101100111011100010111111110100011101011100101111111001110
