1000 1000
2534 6590
7237 1464
60 61
1795 7457
9149 7390
546 4906
2077 3797
7532 6407
4772 8500
3168 1200
3619 8202
3594 5974
8599 1641
9642 4081
780 2095
7427 8846
7046 3053
6412 5249
3824 3034
9959 7744
5633 199
9872 33
2307 6596
4914 44
3126 4115
943 8124
6996 5911
7280 1277
1199 1221
1153 12
8956 8330
9090 8094
7433 6991
5070 387
6876 7584
7855 3069
329 2074
3526 7404
9808 5527
4121 6475
3523 4789
9829 4177
8465 2786
3158 7508
9973 8235
2419 1494
387 6055
9547 7700
5094 750
2915 202
4568 4493
5983 6483
6890 9785
6725 5815
4441 7154
2904 8005
9815 1048
4095 243
6196 2998
6198 6464
5120 2252
213 5042
3418 2165
7773 771
5802 3470
1778 5782
5933 2850
1908 4959
5509 9253
4256 1034
3367 6338
6497 7092
7683 9979
4833 610
6526 4085
3525 1986
2785 5222
4709 7414
7185 1944
9842 3395
6603 7464
316 2200
9708 9427
8027 9093
5788 9365
9993 5166
2985 1213
1020 7776
5355 6247
6839 7772
94 160
3471 4542
2467 6979
82 3564
2015 2187
2317 2117
2576 3338
7303 657
6380 632
3327 3927
636 53
4606 9562
7182 317
7530 9036
1990 3137
793 429
8576 3508
363 2819
389 3108
4323 2497
1083 2381
8575 2394
8881 8918
584 8
9063 6285
3116 8051
4281 6059
7216 1879
5869 238
2980 3103
7208 1767
3216 6546
3796 4080
1422 6476
1529 513
3554 40
8281 4593
1808 9490
518 2330
8222 5824
8342 6253
8655 6985
1251 2400
3393 1526
7744 6108
3640 3865
8988 1497
9206 6118
1631 926
4504 8949
7816 35
3953 4249
8635 6108
1706 6644
8003 976
8696 6948
1361 5856
9208 5363
8492 1589
9031 7908
472 8851
7790 2336
5862 9724
9620 1500
1342 5252
3211 2217
5300 8751
2459 9696
6967 3110
4319 1824
5420 2514
5483 2948
3499 9669
7150 5250
8095 6126
1319 2177
1133 5865
6556 6431
4133 1065
2422 4786
9607 7244
4035 2129
1696 9075
6987 4114
6089 3603
933 5658
8933 3709
2852 2431
2092 8797
8738 790
8763 6792
9079 6683
8751 2975
2682 6884
3387 364
4552 8339
6652 6399
4315 7416
7407 3905
4562 625
7843 8952
8818 2038
2034 1548
9176 2535
4420 8530
420 2989
4138 7514
4179 1059
6701 3255
4112 5986
2892 9990
9860 9264
6775 2065
4282 8563
3158 9144
2626 4774
5381 1316
3645 7490
4717 451
7934 386
4664 548
4287 7054
9219 3357
9789 5677
3795 7546
6893 4223
3659 3877
5659 511
7887 2154
1897 6546
6311 1225
5668 6410
6564 7487
8785 1740
4631 8985
5009 546
5513 5151
723 7591
9849 4510
4016 631
5489 1757
1673 3547
1835 7101
5013 5312
72 3554
8572 8674
6582 910
2843 275
2387 1012
7156 571
7411 8441
6167 5094
5282 3283
4624 5721
5332 7094
5822 4832
4053 172
6101 8583
4089 3377
9960 6157
3596 1420
7420 9387
1831 2210
819 5552
1604 9000
3986 6913
7718 3351
4313 5743
1123 3155
315 9715
6653 1026
5834 267
8361 2954
4079 3364
7865 3741
924 2129
4679 8942
1410 6785
2851 586
9926 1514
9933 8660
711 8138
6565 1984
9851 8580
3909 5271
6504 3838
7832 2807
3124 751
1596 808
6348 6505
6801 184
1791 2438
7568 3991
2318 9690
2961 5549
1891 7470
8342 2513
8046 7975
8467 9082
6939 9408
7786 8430
278 6678
3671 9867
5160 8215
5198 7143
4443 3727
7531 5448
760 1064
7555 3295
7372 6836
9754 1846
282 9852
158 6537
2523 8295
2533 2709
1632 6244
8568 5913
8486 9749
7796 1618
3424 2714
3575 9819
2052 8061
5048 9587
519 8505
2747 1510
4243 9169
2214 4498
4055 6362
4333 2607
2626 7385
1296 4908
1093 8437
5477 3023
7032 7579
3216 5718
8125 1260
5081 8510
3554 1015
922 1233
8705 9498
2260 7355
7119 2044
3602 5295
2818 374
9614 2662
7629 7615
4009 641
4760 7568
6366 2245
5578 5896
7832 729
2269 2374
1629 9798
669 6129
2762 8628
7841 375
0 804
7297 6433
8928 9146
5568 9802
3456 1177
8081 3550
2512 4130
922 4220
7370 7886
4404 117
3131 7984
4298 7192
8115 1541
522 6899
9719 9762
2338 5787
5572 1466
8682 9889
8729 5814
6015 668
4116 5328
3868 3380
4915 8297
3463 3927
3236 7153
6068 6231
6765 4360
6736 5471
4050 9650
6290 9033
9277 9972
6310 1796
3555 2305
9002 1331
450 9937
4858 5335
5140 5300
5039 7548
8995 9425
7113 1747
1768 8103
7808 9649
1362 7597
317 6909
8641 8200
896 1523
7654 1266
9681 9563
6983 9631
4974 8287
8177 2468
5080 5782
9870 722
1952 5597
4814 919
9436 4007
9558 2288
5428 4223
1266 5786
5118 3519
9274 5862
8266 3468
4165 5360
1222 5845
9272 1520
9294 2917
5997 2024
5098 5012
9267 3414
3983 2614
1134 7573
9890 995
515 2007
3419 8861
6472 1152
5426 8060
600 4877
3036 1553
5610 4126
5525 392
1494 6688
7386 2503
2961 9835
4800 4408
5352 677
5014 8601
5924 4070
9561 6692
7452 4716
7472 4573
8352 3350
8539 1333
1264 1208
8790 8006
7657 6305
4387 7357
9622 6584
8294 4379
8461 4407
7225 9360
5818 190
6461 4965
164 6429
1596 2810
4437 2795
9267 9499
4774 8804
1930 8771
6621 1134
8121 1480
5056 8208
6530 3990
2137 1134
6396 4886
4003 8390
2470 1900
8155 495
7454 9668
6309 278
4412 8051
9553 501
6517 4801
5423 4325
1899 7583
3295 5080
4828 9019
7232 9949
496 4917
3761 7870
4378 8260
6174 995
4830 9433
57 4048
2865 7613
6953 9976
4217 3362
7882 3303
5449 7250
5618 6801
2465 9545
7773 8016
8245 368
2126 5863
8952 6121
6352 3791
5112 5972
9053 3302
9383 14
78 9446
4047 2834
1089 8918
8891 1699
2855 4237
5996 9307
469 9949
3728 7586
9941 9590
9770 9176
5781 5221
9833 6242
9438 2128
1979 2380
4382 4161
2664 541
1338 7390
2187 7887
1020 7100
9359 6304
5084 4514
9629 5877
7078 8104
8512 2506
8683 9877
9576 7569
4775 3414
9844 3259
8798 7089
9207 5799
3141 8768
8326 3841
7995 446
1342 4850
608 927
904 1146
6421 3889
2231 5597
3489 2312
8330 2762
4948 8702
9992 6045
2085 8122
6560 4405
3374 7241
2455 78
8661 9272
1209 8170
2316 3393
1937 667
8057 892
3923 8528
3431 1355
2106 6747
5051 6486
9713 3316
7731 1231
3337 7988
823 9942
1277 6608
5200 609
4623 1124
1405 9211
5315 9449
4743 8143
4844 7079
5579 4274
3165 9917
7672 9714
6106 5239
2763 6251
8503 5259
2440 3340
2363 4254
7030 8921
6250 6280
5573 4220
4482 8387
10 985
4660 1312
6858 4362
7334 1651
3908 3433
7277 7156
9117 4171
6133 3701
6712 6216
3888 2520
3628 620
2816 6758
3022 7252
8211 6574
3701 7109
5771 1337
1345 7834
1171 4575
9735 6058
5311 1411
408 8168
4149 9299
1555 4708
7085 7256
5130 8148
3374 2134
3664 288
3409 3044
3535 9794
7020 6189
7397 7118
5175 6031
5177 1683
9361 6523
6757 7471
3335 836
510 4214
9642 6839
4174 8809
2362 2074
8482 7097
7730 8309
7744 7950
7571 7527
2356 956
5178 1563
7328 2195
4127 4209
9866 1482
6785 9958
795 5532
2761 1499
9871 7715
330 8486
8950 6366
7973 6471
7943 6895
3287 7800
6916 6491
388 3002
8757 9498
2574 6791
55 9291
2248 928
6536 6790
1651 9153
6266 4090
7287 5054
3165 1167
5031 7178
6212 1953
5887 3311
8729 4183
2539 1643
9975 9584
7029 4774
8854 6975
6507 6768
8185 253
9560 437
537 8135
2553 2089
8801 6257
9063 6914
3749 5386
1435 6726
1992 7430
7996 4225
7475 3278
9061 6486
8701 8480
4843 4340
8494 8398
1484 4796
8356 7979
5845 6315
9742 207
7851 8922
7725 9859
3137 329
3060 1653
7524 7532
8405 2168
4012 5849
7354 6195
570 4534
3395 5801
2952 5597
6454 2978
1318 1832
8065 5232
3052 733
1190 5788
7557 6672
6482 3281
5568 4574
2494 2744
3241 6950
8702 276
8094 8647
4450 3937
5579 7626
654 7342
1481 5309
5275 5750
9243 6137
8062 5858
1855 5257
9367 1005
7319 4455
3463 1967
9577 7031
8325 8179
467 5016
9117 4038
2913 8910
2103 1336
7459 3202
2208 5357
3821 8201
5906 1509
8816 3267
8095 4957
4724 6867
6365 396
8147 6557
7160 6331
1478 6189
8961 6059
3733 1767
855 4045
8 8735
510 3491
5532 8253
6049 6012
8294 7057
1585 6449
9794 5834
6293 9384
7878 1521
4787 2429
9833 4949
4814 3392
1853 9816
3374 3685
1427 6587
1243 6271
4718 7354
4583 2204
9204 8931
6062 1029
2953 5864
1243 9687
2751 5481
5165 2436
7005 9533
253 5621
9035 1534
9971 1360
5594 2170
283 4545
1105 1825
4589 6542
2426 6333
7737 9182
5695 9706
7905 6244
2251 9638
7108 5830
7410 4146
1026 6999
8643 5750
2717 9321
6153 2122
3594 3751
5086 4525
5539 6184
8414 5920
7335 2570
4949 7219
7351 9136
8751 553
8403 7663
5656 3798
52 6316
9219 4086
6122 3091
8968 6350
2641 2617
1013 7314
2215 3973
1217 856
8858 5506
4390 2529
1680 4996
6597 125
2075 3689
4793 1685
4306 7877
9717 3696
9970 8011
4875 6587
9079 8495
1625 1740
1235 6369
9935 9046
7973 1248
49 3418
1716 5447
4750 2377
2087 6020
4944 9471
4603 5743
1656 5477
9859 9615
3269 4057
105 9428
2793 5199
8750 8675
1671 2304
7728 7811
1154 3821
9213 6079
2122 5280
6198 2243
3867 2099
2182 1349
4858 1865
8892 2057
6922 5906
9013 9773
7358 9679
6700 7399
2367 3724
8240 5628
2655 2295
2889 5108
4320 599
2407 2576
2885 3498
6100 2707
9760 6699
1420 5405
3586 2046
9726 5485
4728 6950
2206 5027
2581 9401
995 7149
6963 9216
7978 3666
3098 2644
4883 5986
5263 3642
8277 1599
783 7363
7227 6637
9209 1213
5009 704
2368 5848
6001 7917
7611 8916
8307 7409
5799 7929
6330 363
2552 7714
3591 9406
2634 3317
1935 2982
9753 7855
2243 427
8766 9139
3496 6947
4208 8305
772 4092
8645 6330
29 5666
6148 2233
4860 9978
1870 9485
3006 9139
9189 4996
8033 9699
3349 5195
8990 5472
9687 4203
880 5446
924 893
7596 431
4940 3912
7912 5299
8102 5276
3133 1659
8757 2669
41 7649
2828 5879
4824 320
6001 2222
9087 536
5402 1132
402 3813
4605 3080
2734 2653
5443 1959
9415 2600
2610 6043
4837 2064
5619 7803
3495 141
4961 7768
7304 8210
620 8262
5649 7153
6400 7630
5485 1937
6444 8257
5136 3409
4455 5437
9227 6417
6699 8050
9419 7815
444 9168
314 8643
7815 5533
9290 8677
5949 4442
5930 9208
6538 3597
3845 3642
283 5707
378 5251
4271 2490
5611 9519
5939 5435
1236 5509
7462 3066
6405 8177
9476 8099
9693 2184
8929 1030
9900 3993
6733 5203
4199 7532
3431 3947
4887 3815
9954 5366
3213 6119
5163 1063
3883 7650
5669 2154
3318 5133
83 9774
6938 7899
7303 4163
7300 1584
2031 7397
6999 4434
9953 1790
9859 1812
1538 2951
9359 6927
3342 4256
2362 7928
8999 4436
731 917
3122 1955
4036 3975
8349 168
3081 4236
1158 1784
3574 3808
9266 9611
938 6746
5189 2899
5507 422
3252 6939
2975 6010
7107 6222
4768 7106
5418 8014
4652 2183
3339 1368
8702 6298
8696 4409
5050 8505
7842 4235
6622 9774
8298 3348
5389 9405
1566 6705
5742 1839
506 254
6378 5409
2731 7151
6495 3098
40 798
7916 8030
168 3981
8113 3821
8078 5472
6084 3888
2046 83
5981 9965
3713 4132
5061 1467
6557 5243
7239 774
9921 3615
