802845032780310983066540100266930755157218769840134443886478149678247100
113469587689055067561760458146915851046473592803979118913854437711824668633718102578
2690080950550760234
53994493123986665824867214748214632319362490366570756266622517258247
1219594477174993362138918072516929272211792
11666241058106388377671695140449754946354380184658002043843152247653046061186211217020
1009937
76570983985429
76685959034312977783994661887596458685913087
13470496282580323351245655494651490446957372600980169360
0
