3316 677 1738 184 3 191 5964 830
8538 547 4076 40 4 131 23 57
577 732 296 537 3 288 11 694
3589 3624 3552 3068 4 151 96081 9088
30641 715 25857 41 1 294 261 2
692 8177 421 1988 1 75 8474 70
600 22944 575 22587 1 339 5 31086
35079 31889 34950 18609 2 350 8453 768
11658 44198 9921 15822 2 178 792 10
3397 7905 2164 7855 5 96 5664 42870
998 146 322 40 1 353 29982 1
4270 3588 3637 3501 1 207 267 886
88070 1176 85075 518 2 60 61 9046
4442 70812 1319 18644 4 311 1629 2463
16843 817 726 163 2 192 50 682
81542 7471 43998 5336 4 18 64214 54
22790 225 20887 215 4 350 7348 56
1652 79013 117 20872 4 44 31 1695
34031 841 8204 211 2 250 56 2
248 95749 170 19928 3 224 583 408
55006 37154 25905 11211 4 277 9492 8394
9557 7971 1159 7344 1 282 406 995
7063 684 4662 582 2 247 9 261
34431 522 3020 417 2 191 67 6
3732 56904 3511 26612 4 292 8 436
0 0 0 0 0 0 0 0
