5
-3716 4142 4579 6374 9305 5272
2
-7230 5104 3386
9
-3007 6267 6131 1356 9729 7700 1259 3601 3750 8200
1
-6361 2297
6
-8658 658 2703 6343 432 8319 7576
1
-8349 917
7
-7480 8137 2491 2699 8434 7131 9485 203
7
-6841 3637 3401 9407 8914 6131 4522 5347
6
-1003 2343 4267 6276 3253 2269 4422
10
-9231 7256 3267 5837 8876 245 5315 3949 9245 2857 6859
7
-2110 8616 3595 3415 2534 5763 4567 386
5
-8321 9885 740 7544 736 222
7
-8442 5707 4947 1515 9004 618 6831 1395
1
-3922 2456
10
-8892 627 4485 9537 4165 6914 3544 9141 7211 5956 2719
3
-8279 1688 5489 7449
3
-530 7473 4556 296
6
-2484 9713 8622 8881 8448 5195 9098
4
-4663 2231 8271 8107 7042
1
-4210 7206
3
-6643 6383 2054 2295
6
-599 7490 2872 931 2266 8490 9973
9
-9200 798 4977 970 8385 1687 8537 7247 7337 5167
1
-4375 7632
2
-2720 5642 4581
0
