988864763884885274958115986197
677836695734564321125
9583698825485655
997682811295245724544643137681
89724988681479397726168262
99661569816683414882333976342
98469651351214464118675
8958515882642527652825334
99988683717141823397937851315
9727725435597985428326931
9345741778521825597651153
9818762716124155693246943341
8684687175345174475343723
98794768489172658863751
863835441112346657125749425
984896982775565624226179361352
886653246868148575263354512431
9635919263616389368964554
989612734986413887442874354453
984273963114232339468333811
78575619272773674311314336562
9653954863622161495363859321
998169626259429592258143913
9989785371584418359789352
993893864778966329673371378
