6 5
59861
11689
58487
94789
27638
58848
4 7
6#52116
7##572#
7839334
7#66456
5 5
#8#51
882##
965#5
93485
58#56
5 6
828673
181931
167946
224244
955754
6 5
49881
21864
7#397
98977
#28#2
26616
6 5
36793
48333
26428
16148
8#996
96516
5 5
57681
#9841
36464
69514
51321
7 4
3528
3652
472#
9854
582#
1546
5882
6 5
14182
79933
19897
768#9
38153
51387
7 4
543#
2756
275#
7197
9389
6954
2382
4 7
21#5976
5825355
87#7511
3714439
7 4
3246
9349
6376
5482
5117
1981
4216
5 5
43723
38684
51546
77538
44717
5 5
79473
81568
9#734
58868
62719
6 5
2144#
31153
4#638
66825
#5717
52494
5 6
489698
824772
922552
166565
793613
5 6
268653
538612
735134
554246
841868
4 7
4#61629
5538361
6439##9
9869635
6 5
89421
64376
31989
88445
47533
42874
4 7
#814831
3312961
3497394
8633232
5 6
47672#
313772
315629
136571
437856
4 7
5691239
3954865
6122638
1495363
4 7
1934195
396#829
1626522
8992594
4 7
4418359
859979#
7189893
3587#25
7 4
6923
7366
7398
1477
3698
7833
8#99
0 0
