2 1
1 2 3.0 1.9
2 1
1 2 4.0 1.5
2 1
1 2 5.0 1.3
3 2
1 2 1.0 1.5
2 3 3.0 2.0
3 3
1 2 1.0 1.5
2 3 3.0 2.0
1 3 4.0 1.9
3 3
1 2 1.0 1.5
2 3 3.0 2.0
1 3 1.5 2.3
4 3
1 2 0.8 1.1
2 3 2.9 2.5
3 4 1.0 1.2
4 3
1 2 0.8 1.1
2 3 0.9 2.5
3 4 10.0 4.2
19 27
12 17 4.0 1.774
6 10 1.0 1.283
2 17 2.0 1.247
6 7 3.0 1.091
1 8 3.0 1.526
9 11 2.0 1.922
13 17 2.0 1.497
6 9 5.0 1.472
9 15 4.0 1.685
4 11 2.0 1.463
4 14 2.0 1.18
11 19 2.0 1.263
10 12 4.0 1.296
4 7 4.0 1.768
7 16 3.0 1.871
5 11 5.0 1.853
10 15 1.0 1.014
2 9 2.0 1.635
1 13 1.0 1.477
15 16 4.0 1.611
7 13 4.0 1.996
7 9 2.0 1.793
5 16 2.0 1.884
6 8 3.0 1.348
6 15 2.0 1.905
11 15 4.0 1.409
1 3 2.0 1.278
45 56
16 21 2.0 1.052
2 12 2.0 1.022
16 31 1.0 1.023
7 26 1.0 1.049
2 29 1.0 1.054
8 29 2.0 1.045
12 43 2.0 1.059
26 39 1.0 1.02
6 25 2.0 1.062
5 17 2.0 1.049
16 30 1.0 1.066
1 31 1.0 1.021
24 29 1.0 1.018
13 40 1.0 1.018
14 39 1.0 1.065
15 27 1.0 1.0
6 28 2.0 1.057
23 33 2.0 1.075
24 38 1.0 1.011
5 32 1.0 1.082
16 24 1.0 1.082
10 41 2.0 1.011
18 25 2.0 1.065
25 44 1.0 1.073
15 35 2.0 1.044
6 18 1.0 1.068
17 24 2.0 1.028
7 31 1.0 1.078
2 31 2.0 1.003
3 31 1.0 1.005
6 24 2.0 1.057
8 21 1.0 1.01
36 45 19.0 1.085
3 14 1.0 1.026
1 38 2.0 1.068
15 36 2.0 1.079
15 17 2.0 1.08
27 32 2.0 1.084
36 39 1.0 1.012
5 19 2.0 1.023
6 33 1.0 1.009
12 25 2.0 1.091
35 40 1.0 1.033
24 31 2.0 1.097
13 45 16.0 1.03
4 21 2.0 1.017
22 39 2.0 1.094
29 40 2.0 1.049
28 42 2.0 1.025
11 40 2.0 1.006
5 26 1.0 1.028
32 42 2.0 1.036
22 23 2.0 1.031
19 35 1.0 1.031
12 33 1.0 1.07
5 31 1.0 1.053
39 59
7 10 3.62 1.002
26 32 5.99 1.001
12 29 2.37 1.003
20 30 8.09 1.004
12 23 4.53 1.003
19 21 6.44 1.008
34 35 5.91 1.007
5 6 1.23 1.01
5 17 4.48 1.009
18 19 7.58 1.005
2 13 9.67 1.001
9 13 4.97 1.001
5 16 6.05 1.006
4 19 6.08 1.008
23 33 7.42 1.003
15 34 8.27 1.004
22 28 6.25 1.007
9 26 2.69 1.002
24 37 7.59 1.006
7 12 7.8 1.0
2 20 3.78 1.009
18 23 3.69 1.003
18 28 9.98 1.006
24 25 2.8 1.001
13 36 9.56 1.009
10 13 3.18 1.008
4 16 1.9 1.007
15 38 8.96 1.004
8 12 8.34 1.006
2 21 5.91 1.003
4 11 4.78 1.006
19 28 5.05 1.009
23 35 1.59 1.008
13 15 3.19 1.005
17 31 3.52 1.007
1 13 3.79 1.009
2 10 4.68 1.009
2 23 4.83 1.0
15 17 6.45 1.004
16 22 3.43 1.006
14 32 1.86 1.006
19 34 5.45 1.005
6 10 2.47 1.009
27 36 1.39 1.001
1 17 3.38 1.006
13 17 3.38 1.007
10 38 1.12 1.006
8 30 5.58 1.001
36 38 5.49 1.008
25 39 9.66 1.006
20 37 3.27 1.002
1 30 6.68 1.006
8 24 4.72 1.004
5 15 2.53 1.001
9 31 5.11 1.002
2 5 9.73 1.002
13 16 2.08 1.003
31 36 3.31 1.01
2 28 5.98 1.006
30 37
10 27 9.28 1.002
19 23 1.03 1.007
9 14 9.31 1.001
11 18 4.02 1.009
5 9 5.74 1.007
3 9 3.41 1.008
20 27 7.14 1.001
25 27 9.92 1.002
1 8 6.07 1.006
8 26 5.84 1.004
17 27 6.37 1.0
3 24 9.91 1.004
3 15 4.14 1.008
9 24 9.78 1.002
19 29 7.71 1.003
10 16 2.14 1.005
23 28 9.43 1.001
15 25 7.73 1.009
9 21 7.49 1.009
2 6 7.58 1.005
12 20 7.29 1.0
4 7 7.25 1.002
21 26 7.26 1.006
18 20 7.73 1.001
4 24 6.08 1.005
13 16 6.28 1.006
4 6 6.8 1.01
10 17 1.08 1.002
6 25 1.7 1.002
5 29 1.99 1.009
15 21 7.16 1.007
14 22 6.5 1.009
5 30 7.16 1.005
25 30 2.99 1.009
14 29 5.96 1.008
11 12 2.68 1.002
3 5 2.91 1.002
75 110
40 47 4.75 1.004
43 73 5.37 1.01
5 37 4.23 1.003
8 26 6.8 1.009
15 60 8.75 1.008
16 48 5.2 1.009
21 51 8.79 1.009
5 67 1.82 1.007
52 75 1.75 1.003
58 72 6.35 1.005
16 56 6.31 1.002
10 22 1.83 1.005
23 59 7.15 1.004
9 27 3.58 1.01
8 69 8.05 1.0
13 18 1.92 1.001
4 52 6.9 1.0
39 54 6.0 1.004
6 35 8.3 1.003
15 37 5.95 1.002
31 40 6.15 1.007
38 58 9.76 1.006
3 55 9.85 1.003
13 75 2.87 1.007
1 15 2.7 1.009
2 25 1.44 1.002
12 53 4.96 1.005
2 65 6.03 1.01
6 68 2.66 1.004
43 69 5.53 1.007
34 38 7.16 1.001
29 43 2.94 1.002
23 70 8.54 1.0
44 65 6.73 1.004
16 71 9.86 1.007
36 62 3.63 1.002
35 48 4.02 1.002
46 75 3.9 1.006
55 65 5.72 1.001
33 40 4.55 1.003
57 62 5.14 1.003
39 41 5.89 1.007
14 35 5.06 1.009
71 73 7.45 1.005
4 61 1.7 1.007
1 69 8.77 1.008
24 55 1.46 1.003
8 35 3.79 1.009
24 32 5.47 1.008
3 56 4.87 1.009
18 57 7.76 1.006
20 23 8.87 1.005
20 74 1.95 1.009
19 28 3.41 1.002
50 66 1.18 1.0
32 50 6.7 1.009
25 39 3.53 1.003
1 41 3.41 1.006
23 36 8.93 1.009
14 16 6.58 1.002
42 43 5.04 1.001
52 57 3.66 1.009
20 43 4.53 1.0
18 50 6.58 1.002
48 59 2.77 1.008
10 28 5.38 1.007
42 73 7.9 1.0
56 73 8.2 1.002
18 22 5.54 1.007
17 28 4.05 1.005
32 46 5.3 1.009
14 19 2.09 1.003
47 57 9.78 1.002
24 28 8.04 1.002
3 5 9.6 1.008
11 74 8.74 1.005
40 64 6.51 1.004
11 66 3.13 1.001
38 50 9.13 1.001
17 51 5.69 1.001
24 56 3.85 1.005
13 71 2.71 1.009
30 36 3.55 1.001
7 48 6.33 1.01
20 63 2.13 1.01
9 15 5.37 1.003
46 67 9.89 1.007
18 43 4.23 1.002
8 60 4.28 1.001
30 75 8.47 1.002
2 37 6.49 1.001
43 47 8.48 1.0
3 36 1.0 1.003
31 35 7.85 1.007
64 75 4.74 1.004
15 49 2.09 1.006
37 57 6.96 1.006
2 51 8.04 1.008
49 58 2.75 1.005
10 29 7.89 1.008
17 72 8.12 1.004
49 50 8.6 1.0
9 74 2.96 1.004
2 23 2.25 1.002
22 23 1.45 1.005
6 52 5.28 1.009
26 60 7.13 1.008
25 46 2.52 1.006
16 38 8.47 1.0
3 59 9.88 1.005
87 174
35 53 6.88 1.001
16 75 2.87 1.003
8 56 7.0 1.007
11 76 7.25 1.004
5 36 2.3 1.002
55 74 4.9 1.005
45 78 5.53 1.009
35 47 5.01 1.002
49 69 7.85 1.01
7 33 4.1 1.001
36 62 4.74 1.005
7 59 4.33 1.007
13 42 1.18 1.008
9 70 1.17 1.001
34 68 1.64 1.004
47 64 2.15 1.009
35 66 2.54 1.005
5 64 9.11 1.004
29 45 7.3 1.0
27 86 3.69 1.007
52 72 5.63 1.006
14 38 6.13 1.002
12 71 8.5 1.004
31 48 9.19 1.007
18 45 9.28 1.008
54 79 7.61 1.005
66 77 7.67 1.005
50 57 3.24 1.007
44 79 7.83 1.005
9 41 3.78 1.001
27 66 3.78 1.009
37 50 9.11 1.002
2 14 7.69 1.004
10 69 1.94 1.007
7 57 4.98 1.006
18 49 8.73 1.008
15 18 9.09 1.001
34 66 9.19 1.007
72 85 9.41 1.002
26 44 7.07 1.002
30 54 4.37 1.009
13 84 6.52 1.004
9 61 6.02 1.007
76 78 7.08 1.005
42 53 9.53 1.008
48 81 3.52 1.009
13 23 7.89 1.005
58 77 7.11 1.008
23 62 5.52 1.007
21 38 9.54 1.006
15 48 8.11 1.005
16 47 7.25 1.009
54 59 9.93 1.002
8 19 9.06 1.004
63 82 4.16 1.007
55 78 3.05 1.002
39 58 3.59 1.003
25 64 2.94 1.005
15 55 3.2 1.006
22 65 5.56 1.001
4 22 2.39 1.006
2 38 4.55 1.009
26 30 1.73 1.0
16 23 7.58 1.003
22 52 6.13 1.006
12 70 6.58 1.007
32 46 9.67 1.006
28 70 7.53 1.009
17 47 4.24 1.009
52 76 6.71 1.001
3 27 8.12 1.002
25 52 5.02 1.001
11 75 4.54 1.01
33 56 2.2 1.006
74 85 6.68 1.009
30 65 2.75 1.001
13 50 2.59 1.007
56 69 5.21 1.009
50 61 7.29 1.004
22 48 9.62 1.0
8 13 9.13 1.007
26 71 9.76 1.008
19 31 9.86 1.003
54 84 4.06 1.006
1 21 9.43 1.003
39 64 6.23 1.007
22 41 4.5 1.004
23 40 3.96 1.001
12 79 2.8 1.008
10 83 7.92 1.003
7 27 7.59 1.009
43 53 8.9 1.0
68 69 9.54 1.009
26 48 9.88 1.008
21 27 3.89 1.002
60 66 8.55 1.003
24 41 3.31 1.008
41 62 7.14 1.004
11 59 7.01 1.01
12 52 2.07 1.004
24 28 9.68 1.005
7 50 2.95 1.007
47 49 3.92 1.01
1 47 9.92 1.002
4 46 8.57 1.009
21 84 6.09 1.001
45 49 9.81 1.007
10 48 6.77 1.001
2 76 3.41 1.009
23 81 8.66 1.007
27 32 4.11 1.006
32 61 9.05 1.008
6 8 8.49 1.001
24 75 9.5 1.001
7 25 4.41 1.006
31 38 9.99 1.007
43 51 6.17 1.003
11 28 2.11 1.006
40 50 7.27 1.007
21 80 6.72 1.001
72 83 6.34 1.006
22 64 5.9 1.007
63 72 5.5 1.006
31 45 3.13 1.008
30 42 3.22 1.006
35 46 9.68 1.005
8 49 5.11 1.003
31 66 3.49 1.009
12 40 3.0 1.001
2 18 2.46 1.005
15 81 8.38 1.002
21 36 2.18 1.006
54 60 7.02 1.009
48 54 5.68 1.005
37 79 9.53 1.009
9 42 7.53 1.005
29 73 9.17 1.003
65 73 4.88 1.002
48 78 7.16 1.007
47 60 6.67 1.004
2 39 6.52 1.002
5 22 1.86 1.006
40 80 7.68 1.004
1 25 5.47 1.005
62 85 6.57 1.001
8 32 1.21 1.001
32 35 4.79 1.006
11 64 7.21 1.009
40 52 5.25 1.005
54 75 6.65 1.002
2 31 5.38 1.009
20 64 3.57 1.01
7 18 3.11 1.002
8 21 8.78 1.006
3 76 5.2 1.003
36 51 7.24 1.002
50 62 9.51 1.005
26 53 2.87 1.003
37 73 8.2 1.002
35 73 5.4 1.001
46 50 3.76 1.005
67 87 5.62 1.0
59 86 7.74 1.004
46 67 3.16 1.004
1 58 7.89 1.006
6 13 4.18 1.01
22 42 3.96 1.006
23 39 2.18 1.004
73 80 6.46 1.001
19 70 6.87 1.003
34 71 8.11 1.006
71 78 9.59 1.003
5 31 5.31 1.004
20 31 7.33 1.005
92 106
43 72 9.62 1.01
17 88 5.37 1.001
9 72 9.91 1.005
46 76 2.66 1.01
35 81 5.88 1.009
39 41 8.38 1.009
10 22 9.54 1.01
68 75 8.15 1.002
17 23 4.03 1.001
24 45 7.51 1.005
64 68 8.15 1.0
30 64 1.91 1.003
42 53 1.55 1.005
49 54 3.5 1.006
34 35 1.81 1.009
19 26 4.37 1.008
10 30 2.59 1.007
25 37 1.16 1.002
7 68 2.52 1.008
10 31 4.05 1.002
24 80 8.11 1.002
15 22 9.19 1.004
3 38 9.28 1.003
18 35 7.43 1.008
59 73 3.81 1.007
69 87 5.12 1.004
59 92 9.11 1.009
1 27 7.85 1.002
23 25 2.16 1.004
3 39 3.24 1.009
16 89 9.52 1.003
40 59 6.62 1.002
22 28 9.52 1.002
23 70 1.01 1.003
10 51 1.78 1.0
12 19 7.37 1.007
6 74 2.2 1.001
5 29 4.98 1.01
4 45 9.44 1.005
1 85 8.37 1.002
31 68 8.53 1.007
63 67 5.58 1.005
50 53 3.5 1.007
26 66 6.06 1.007
7 46 8.34 1.008
23 71 5.45 1.007
36 40 6.66 1.0
29 84 2.5 1.003
4 68 4.02 1.005
9 31 2.69 1.005
11 81 4.38 1.007
2 4 7.9 1.002
5 28 3.2 1.004
61 67 8.16 1.005
26 33 5.13 1.003
13 87 3.43 1.0
23 90 9.14 1.007
17 33 4.38 1.005
25 72 9.78 1.001
44 74 1.84 1.005
13 38 8.12 1.0
4 32 5.96 1.002
2 73 2.25 1.006
14 41 2.65 1.005
8 15 7.24 1.003
74 79 1.76 1.009
4 55 6.81 1.004
53 89 8.28 1.005
1 79 6.37 1.002
15 45 1.41 1.003
23 74 9.28 1.006
4 10 7.15 1.008
71 77 6.12 1.009
56 83 7.91 1.006
14 44 3.52 1.0
10 28 7.64 1.01
18 71 3.73 1.005
41 88 4.6 1.0
62 65 7.03 1.002
57 82 1.52 1.002
61 63 5.2 1.007
9 50 3.6 1.005
49 89 7.21 1.007
18 48 3.97 1.0
71 74 2.01 1.003
5 60 3.77 1.002
52 74 8.77 1.004
17 22 3.51 1.004
23 65 7.27 1.008
7 51 2.16 1.004
36 64 2.62 1.006
63 90 1.07 1.001
9 78 4.95 1.004
22 86 2.5 1.005
40 91 5.08 1.002
61 62 9.66 1.01
5 15 8.0 1.007
11 80 5.31 1.005
71 88 5.12 1.003
16 18 2.47 1.004
21 77 4.37 1.005
14 43 3.58 1.006
31 50 7.53 1.005
41 64 5.95 1.001
2 70 7.33 1.008
22 70 2.57 1.008
55 96
17 29 6.37 1.001
35 36 2.66 1.01
16 48 8.27 1.008
21 49 8.29 1.006
38 49 6.22 1.006
18 50 3.89 1.002
2 29 9.73 1.002
24 45 1.92 1.002
19 21 5.42 1.008
18 37 5.41 1.005
16 35 1.31 1.007
28 40 3.43 1.004
10 17 7.91 1.008
36 47 6.31 1.005
15 17 7.78 1.002
34 35 5.82 1.008
35 42 4.51 1.006
26 34 6.65 1.005
21 44 3.17 1.001
7 32 5.99 1.001
14 27 4.26 1.006
13 37 3.09 1.009
44 47 9.22 1.009
9 29 8.33 1.006
25 34 5.51 1.002
4 45 2.38 1.006
19 53 5.74 1.001
18 49 7.16 1.007
18 46 7.87 1.007
9 26 1.41 1.008
29 50 4.39 1.003
4 34 7.77 1.007
3 44 6.54 1.001
19 46 1.55 1.009
23 47 5.99 1.0
31 44 4.29 1.004
51 52 2.26 1.0
7 8 6.11 1.002
35 38 2.56 1.008
34 44 8.05 1.002
4 6 9.44 1.002
10 14 1.1 1.006
4 23 7.66 1.005
27 35 5.4 1.007
2 31 3.17 1.002
23 31 2.29 1.003
13 33 3.35 1.01
14 38 8.52 1.008
28 49 6.46 1.005
19 49 8.44 1.002
15 27 1.93 1.008
47 48 6.67 1.01
6 24 6.57 1.004
46 54 9.2 1.004
2 21 3.49 1.006
8 21 3.77 1.001
6 37 3.32 1.004
3 20 8.57 1.001
6 50 1.14 1.0
19 28 8.72 1.006
13 38 2.3 1.003
16 18 5.58 1.004
30 49 8.3 1.004
8 15 4.52 1.01
19 29 6.11 1.004
3 15 2.87 1.005
44 45 5.23 1.002
26 42 9.76 1.006
23 54 8.96 1.004
4 48 1.9 1.01
7 9 6.59 1.008
4 5 6.27 1.008
14 34 2.46 1.009
22 55 6.39 1.007
11 22 7.56 1.01
9 41 5.47 1.003
17 22 1.55 1.006
10 15 1.04 1.003
32 33 3.02 1.006
37 44 8.88 1.008
19 24 1.38 1.0
28 52 1.45 1.001
23 52 8.33 1.002
38 53 4.32 1.01
21 50 3.07 1.006
9 12 6.39 1.002
21 37 8.3 1.005
1 36 9.72 1.009
1 24 6.75 1.002
37 39 9.92 1.006
12 18 9.08 1.006
10 36 2.67 1.006
3 16 4.34 1.004
19 41 4.88 1.003
22 51 8.75 1.006
21 40 5.11 1.008
46 50
22 29 1.68 1.002
10 42 5.98 1.006
17 29 8.46 1.001
8 43 2.0 1.009
40 46 1.57 1.001
22 35 2.21 1.003
17 23 3.74 1.006
18 24 3.42 1.001
6 45 3.41 1.001
29 32 8.21 1.005
28 40 8.6 1.008
15 16 7.07 1.004
31 40 2.69 1.005
12 37 2.0 1.009
6 15 9.28 1.0
11 15 2.13 1.007
16 17 4.97 1.009
11 43 4.32 1.009
16 44 1.75 1.01
5 13 4.87 1.006
3 13 5.42 1.001
25 34 5.59 1.009
26 31 9.72 1.005
13 14 2.5 1.009
2 17 3.43 1.006
18 33 6.6 1.001
21 45 1.18 1.009
10 21 6.46 1.001
12 27 8.64 1.007
32 35 2.11 1.008
35 38 6.3 1.006
18 28 9.03 1.009
8 41 4.99 1.003
6 8 8.34 1.003
29 30 3.03 1.006
3 9 8.08 1.006
8 12 4.22 1.009
1 38 9.14 1.004
6 10 1.8 1.005
7 19 7.75 1.0
17 25 6.14 1.001
9 21 2.03 1.007
6 26 1.06 1.009
18 20 2.92 1.005
43 46 8.09 1.004
22 45 8.22 1.009
20 21 4.91 1.003
16 18 7.16 1.002
31 45 1.46 1.01
25 33 5.01 1.002
90 101
25 31 8.26 1.001
4 36 6.25 1.008
40 71 4.59 1.002
8 26 3.99 1.003
9 51 6.11 1.007
62 76 6.28 1.003
27 33 5.03 1.005
12 68 9.89 1.006
37 38 9.14 1.008
9 16 7.26 1.003
12 43 7.97 1.006
44 82 2.93 1.008
66 88 3.36 1.005
54 87 7.04 1.005
35 86 1.97 1.01
27 55 4.97 1.005
13 57 7.93 1.004
38 79 9.28 1.007
11 24 6.93 1.005
2 90 4.35 1.007
27 85 5.54 1.004
50 72 7.26 1.003
16 53 5.39 1.008
13 51 3.09 1.006
22 44 6.03 1.004
7 41 2.78 1.003
39 55 3.2 1.007
49 72 4.24 1.003
37 65 8.17 1.003
25 71 5.33 1.002
20 60 6.36 1.008
3 75 4.99 1.007
5 85 8.27 1.002
40 42 5.46 1.004
18 74 5.65 1.0
17 73 2.72 1.001
13 31 4.03 1.007
41 87 6.15 1.003
1 72 1.11 1.001
30 47 6.27 1.009
36 57 3.0 1.0
34 68 5.85 1.0
47 64 1.54 1.001
14 48 9.3 1.005
61 73 1.46 1.002
46 64 4.02 1.0
1 13 1.24 1.009
11 61 4.13 1.005
25 40 8.82 1.008
27 65 9.24 1.002
39 56 1.38 1.003
63 70 3.19 1.001
28 38 6.04 1.005
23 34 7.92 1.001
12 77 8.72 1.0
29 39 9.02 1.009
29 77 3.62 1.004
75 77 4.61 1.006
19 63 7.83 1.008
26 29 6.13 1.003
12 14 9.36 1.009
34 54 3.04 1.001
8 15 7.65 1.004
28 58 3.55 1.001
2 54 7.72 1.006
42 67 1.15 1.003
59 75 7.17 1.004
7 72 5.02 1.002
25 30 2.69 1.008
18 76 1.0 1.004
62 78 3.82 1.006
51 73 7.07 1.009
52 76 5.29 1.006
6 33 1.1 1.001
37 89 9.02 1.003
46 63 7.04 1.005
9 60 1.95 1.001
17 25 5.16 1.005
39 80 6.16 1.007
14 36 3.26 1.004
55 80 8.72 1.004
44 52 3.97 1.01
38 80 6.1 1.003
35 68 3.85 1.007
10 18 1.81 1.002
9 38 9.94 1.001
3 17 1.2 1.008
10 33 3.49 1.003
37 66 6.23 1.009
3 32 2.32 1.01
35 41 6.57 1.009
4 31 1.36 1.008
5 87 5.23 1.003
44 54 7.58 1.0
10 90 2.91 1.0
42 77 2.74 1.009
5 71 7.72 1.009
5 40 8.18 1.003
6 39 3.55 1.006
31 47 9.2 1.005
44 88 1.4 1.001
28 37
6 10 5.24 1.003
2 4 3.39 1.006
9 24 3.75 1.01
2 27 2.65 1.005
5 8 9.71 1.002
7 22 7.46 1.01
11 21 4.86 1.006
2 7 3.48 1.003
2 12 7.42 1.008
5 14 2.73 1.01
1 22 4.21 1.001
13 14 6.72 1.009
12 23 8.34 1.005
7 12 7.33 1.0
5 12 2.75 1.006
18 24 3.66 1.006
6 23 2.57 1.005
7 16 3.81 1.002
21 28 8.82 1.006
24 26 2.06 1.009
3 17 3.7 1.004
3 7 2.22 1.001
1 26 2.5 1.01
14 16 9.1 1.008
17 26 9.19 1.002
13 21 8.58 1.001
19 22 8.01 1.009
7 27 3.93 1.01
3 18 9.97 1.001
8 10 8.71 1.007
7 20 3.65 1.0
6 11 6.93 1.003
11 17 7.94 1.007
14 28 1.77 1.004
5 27 5.6 1.003
9 23 2.95 1.009
10 13 7.39 1.005
44 46
5 42 6.72 1.008
11 18 5.85 1.001
20 41 9.21 1.004
15 32 7.92 1.004
21 36 9.46 1.008
27 33 9.98 1.003
8 29 9.16 1.008
30 31 9.88 1.004
23 40 9.94 1.002
8 23 5.91 1.003
4 19 7.55 1.005
3 19 8.08 1.001
14 42 5.35 1.002
16 27 8.27 1.005
27 30 2.4 1.005
1 25 7.4 1.007
13 25 6.8 1.009
14 30 5.84 1.009
25 29 8.26 1.004
21 32 1.67 1.007
4 34 6.01 1.001
10 14 9.19 1.001
27 35 2.66 1.002
23 37 2.81 1.007
14 23 3.15 1.009
15 38 6.52 1.002
28 38 9.72 1.005
23 28 8.0 1.007
11 39 7.45 1.002
21 41 4.33 1.005
8 15 6.93 1.003
6 43 2.48 1.001
22 30 8.23 1.001
7 22 7.36 1.0
23 35 6.12 1.008
23 41 8.68 1.003
36 38 4.45 1.006
30 32 8.04 1.006
15 21 6.64 1.008
5 35 2.08 1.005
11 23 7.58 1.009
3 11 4.11 1.008
16 39 2.77 1.001
14 40 2.19 1.0
40 44 9.04 1.01
12 18 5.68 1.009
0 0
