100 10
30 27
23 84
78 40
100 20
42 16
84 97
93 21
55 6
31 34
79 58
24 95
3 69
5 61
22 7
49 57
4 3
68 100
46 78
70 36
59 67
40 54
9 9
94 51
92 98
48 43
31 96
16 39
74 47
12 66
43 0
26 49
33 55
39 94
15 23
23 62
100 5
50 48
39 47
46 71
68 52
36 6
41 52
11 81
49 54
83 15
76 66
2 61
5 40
27 33
68 28
10 73
78 82
11 100
66 55
10 75
16 36
96 47
82 69
3 35
81 26
88 80
46 7
29 15
36 2
80 36
82 77
20 100
56 98
57 59
58 17
31 72
61 34
79 95
61 27
90 53
21 2
70 43
65 9
14 13
95 23
70 38
3 1
74 22
93 1
41 26
11 56
80 59
64 22
95 40
21 68
36 72
18 95
99 43
36 33
22 44
22 33
59 26
64 27
20 56
66 90
