90 1000000
116208626 800935426 903265420 287188925 948957913 282099436 466133477 716028725 12169068 945826306 654746492 61079897 238556855 60438913 241442214 148814246 674651338 151712724 331406638 265549061 522253917 254147252 709023070 928094611 901899364 832557712 505104172 939179209 767304798 43587991 827339720 969978736 712361084 743958144 330917077 478344249 162482831 81534072 619223810 682732320 365761161 515076828 879054082 867674776 714427146 268701697 903454301 711426928 995519679 936248039 807583380 101068251 878798595 766554634 50055975 206516565 813711047 219178014 749374069 469669487 397140032 498488890 556203401 280980145 793024752 133073005 552657370 530836692 183562220 305968268 74029637 910016700 621595769 210391162 101756754 228101951 732014406 228815863 752224756 230936259 237624997 168704421 944350294 222255184 473979619 103507052 331706353 959658469 570618795 849640063
001010101010110100110101111011110100011001011011001011101111001111011110111101111011111101
001001111001100111111010011000011111111111101111111111101001101111101010111110101111011101
110000101110101101000110111101100111111011100110011000110111101101111001100100001110010011
000001011110010110101110110111111010011110001010111111010011111101110101100111110111010101
100000101100111110000111011111001111110011001110111011110001110010111111100111111100001011
010100011111101011011011110100011110101011011011010100010110101010100101011101101011101111
111010011110111101010101111101101101101110110010111110110101110111001111110011100010111101
010101101110010111110111111111000111010111011111011011111011110001101101011010110010001111
111111110110010110110101011010111011111110110111101101111101011101111101110101111110100101
001111111011111110111110001011001110100100111011111101101010110001111111000111011111111011
101101111100100011111010111011101011101111011011111011001000100110011110101101101011110011
010001000100111101101111111110011101010011111111110011111010111111111111110101111010111000
111011100111011101001111110111110001110110101111001111110001100111111101110101100111111011
100110111101101101000111010110111001100111000110111111111101011011110001111111010111110111
001011100101110101010111111010111100000111101011100111010001110101111101111110111111101010
111110111101111001101101001011011100111001101110111101011100011011111111111111001111111111
010111011110000001111001110111011010101010101111111111111101110100010101111101011010011111
011001110011111110011010010111110111010111010011110111101110011011111011111111101111111111
110100011111000110011001101011011100111010001101111111110111110111111111100110001111111110
110001111110001011101010110111110101111111110111110111100011001111001000111101110111111011
010101000111100111110111110011011111111000011101111111010110010000011101111111100000101111
101110111101111100001011111010111110001111010100001001000111001101110110011001111111111010
011111010111111001011101110111001101110000111100111111111011111111011100110011110011111011
100011111001111110101110111110110011111001010111110101111001110111110101111111011011111111
101101110011101010111111011010001010110111011001101011111011101110111011010001010110011111
111111111011111011011111101011111110111111101101101011111111011010111000111111111110111110
111010111111001100100101110111101011110000110011011111111110011111111111101111011101010011
001111110001110011010011001010101111111111111010011110101011110111000110111011011011111110
100110011111111111111111111100011111001111111110101111001111001001111111011010111110100110
101110110110100111111010011000011100011010101100110001011100101011110100010010011110011010
101100101010111001010101011100010000110110111111110111100110010101100101111110001111101001
110101001001111111111101010011100100000011111110111111011100101011101110011110101011010111
010111101111011110101110111111000110101111111010100101111100111111110101001100000000101111
111011110101001101111110010111011001111110000100011110101111100111011110111000011110110111
011111011110000011001101111110001001111001101111110111011010111011010011011011111110101101
011010111011110001011011001110000110111111010110101111111000111101100001111110111111101111
011011101110110110111011111100101111011101010101010011101110101011010011011001110110111011
111110011001100101111011111101100111101011101000111111110111110100111111110111101111011111
111101101010000110111101010111001111110111111111010111111101011110011000111111110101111011
010100111110111001010100110110101101101011110110101111011110010001001101110011011011010001
011111111011111011110100110111111101011101011111111100101011110110110100111101101100101111
111011010011011101010101110110011011111110111111111011101111110101001110101101110111001000
011000101101101110010010011111111010011101011111001000011011111110111110111111111010110010
100001111111000001011111101110111001101111100001111110111111111101101111110001110111111001
110111010111101110101010110111111010011011100111001101000101001110011111100110111010110110
011010011001110110111111010011110111101111101000101111111001111011111101000011100011111111
111111111111111111010001001110111011001111101000111111010101011100111101110111000011011100
110001011111101011111001111000100010101011111000110000101101100110000010101101010011111111
010110101111011111111011110011111011010111010111010111110110101111010010011010001101001000
011111110111010111111011001101110110111011010011100101011110010110010111000011100111111011
111110111110110110101110111110010101010111111110000001101011111001110110110000111011011111
010101101100111111111011001110111111011110011110110011110110101011001111111111011111110101
110110110011111011111010111110110111111101010110100101111110111000011111111100100101111110
110110011111111111111111111011111011111101001110111110001011000111011101110111101011101111
111010111101110011110011111100101101111011010101101110011111001111100110011110111110001011
001111111001111110101011111001011011011100110110110110100110001010111100011111000111111110
110000011111010111000011111111011111101111110101011011100111011101010101000001111001111111
101001101000010111101100011011111100111101011011110110111001000111110111011101111101011100
101101010101000001111110111110100110110111110000111111111001000001100101011111001111010011
111110111000111010110111110110000100011011111111001001101110111001111111101001111101111010
011111110111101010100011100101011111110011110101101110000001001100111001110011111111010001
000110111101011111101011011100101011011111110110011010001001001011110101010000111111111010
111101001001010101010110111011011011101000111110101110111001110101101111101110111001111011
111100101011101010110111101100101101011011111011110001101100101011011111101001111011001110
110011100011110101110011111101011110101010101101110101110100010101010111111011001000110001
111100111101111101110111001111111111100101010100101101101111011110111110111101001100000110
011111011101111101100101111011111001010010110110001000110111111001011001101111110001000111
101110001111111111101111111011001110111010101110111011011101110111100111111110111001111011
111010111111101101111010111010010100011101111110000111010001101101100011101001111000111101
100111111111101110101111001111111100010111111110011111111111011111010010101111111011111111
110010100111000101100100101110010110110001111001111110100101001111011101101011001111101111
001111111101111111101001101010101011110100011110010111001111111110111010001111111111101111
111110101011111111111011011100100101011111111011001111000001101111111110010111010101101101
110001111001111111011111110111110111111110110010101111110110110011010000101011011101010110
110001010010011111011101011110111111101011100001100110110111001111111111010001010111011110
111111001111111111111001011000111001011011101011000111110110001001110101100011110110110001
010110110100011101101011011111110011011100101110110101110010101010110111110100101110110011
100111101111110111011111111100000010111111110111010101011111100111101111111100110111111010
110111111011101001011110010010010011111011111100011011101101111100111101000111010111100111
100110011101011010010111111111000111101101111001001100101101111100111101111101101011111111
111011001111001111100101011111110111010110101000101101101111111111011111010010010110000110
011110001100111101110100111011100111111011010000110110110111110001000011111111101010011111
111101111111111111110111110111110111110101111111011101110010110100000111001111111101001111
110101000110111101110111001100110001011101010111111111011111111100110111111001110010110101
100001101111111101111111010110101111101010111101010111011001011010011111100111110001010101
111100100111110111110111111101010100111100111111011110011111111010011100011111010101100001
110011110101101111111111110101101011111011010111111011111101011100011111101001010110000101
110101111000010111101001110110011111010010001111001111011100000101101111111000111111101010
001011010110111111111111111111011101111010101101011011111011011101110111011011111110000101
111111111110110111011011101000111111111110010101011101101010101010111111100110110111111010
