99 999991
38915173 245966488 681248073 723955932 63407070 448882194 257677953 43011367 50231444 772600467 539194167 338124669 771959544 789489837 373763103 184986189 411165003 955998971 899429561 960788608 920038701 856211261 830570982 685099154 785018906 210117396 173021429 546137951 178937650 444462502 994003322 405138480 631421463 321519180 403655834 738532811 806790862 763739123 204826761 582649918 690239928 236256664 639193323 172909549 444118106 254862623 752161020 520339279 494688174 248082889 148068535 311118481 524529810 388732605 226862856 297862808 913202990 435034171 627348368 961673077 546649465 733940439 717140699 601445788 615727629 410026603 863904330 38509495 68441594 129584066 713860964 299383620 924702611 196750669 278482502 438902942 4971639 324143817 883350856 693267420 468074199 146343873 196273952 655695435 480738030 661792268 551789739 602696361 329347605 761184746 496828400 49483917 883020492 679010666 928532074 231165590 215408136 384566947 74895409
011010001111111100010101101000110100101010011111000111101100111110110011110110001110111001000001101
100111111111111101111100001111110011110000101111111111101001110111000111111011110101110110110101110
100100010011111011111110001011111100000101110111110100010110101101101110001101111110010110101000100
011000101110111011011101001111001101100101111101011000000111111001101101111001011110110111111111101
110000111111011001101100010110111011000101111110110110110110110101110010110111001011101100000111100
010000111110111101101001111111111100111101111011111110010111010011111111110000010111101101110100111
010111011111001110010111111111111100101001001001111100000101000110111011111011111001011111101111110
011011100011111101110101011110100011011001111110011100111110111110001111111010001011010011110010111
110111100110101110111100111111010010111111010110001010011011001100000011010111111011101101110011111
110111101001101101010011101100111110111101010110100101111110111000111111110100111111111100101100110
111111111000000101110011111000010111111111010110011111011111101111111111101010111010010100111111010
111010110100011110011111101111001100011001101111111111101110110111111110111011011100111101111001011
111101011100010111110110000111010111111110011011011010111111111101101111110111011111011011111111000
111111010001101111111100111011011010110101011101110100110101111010111101110110101011100101010110101
111111111101010111110110000111011111101101111111100111111111000101101011111010111111110001000110010
110001111111111010111000110101110011100100011111111100111110100001100011010001100001001111111001100
001100101001111100111011110010000101111101111011111010111100110110101011100001100010001010111100111
011111010110111000100011011101101101110011111111101111111101111010011101101101010100111001101100101
011011011010111111010110100111001111111111101111100011010101010111110111010001101111011111110111011
111100111111111110101111101111111111111001101010011111000111000101111010110101011010111111111111010
011111001001010110010110111101101011100101010011010011011111110110111111110111111111110101101111111
111110111001111000111011110011111011111101110011100100111011111011110111100111011111010101111111011
001000100111101011111100100111000100110100010011110111110111111110111101100011110000101100000011111
100101110111000011010100011110110001001100101001100111001110010110010100111111101001100111111111010
100001101111010110111110011100111001111101010110111101111011100111101111111111100110111100110011111
000011111010010111001101101011100110001111101011111111111100110111111111111011010110011001101111111
111101111111010001011001110110000110110110111001111011111111001111110111111111111011101111111111011
010111111101101101111011101000101011011010001011010110100111101111101000111100001101001111101110111
011111111001111010110111011000011111111101110111111111000111001011011001011110111011111111111111101
011101101001111101111110010000001110011110111111111011111111100000001101110010011111111110110110011
111011110100000101011101110100010010111010011010011101101111010111110101001111100110111110011111111
111011101110111100010101100010101111101111111001110111110010100011001001111111101111111111100111011
001111100101011001111100100111010100101111111111001011101111110101111011110110111011110011110111000
101101100111101011110010011011011010101100100010101010111111011111010001110111010110100101100000111
010010011110111100111100011111110100011110111011011011101101011110110110110001011100011011011010101
010110010010101111111101100110010000110001110100111001110100011010111110101100011010111110100111110
110101101110111111111110101010111101011001111100101110111011111100111100000000101010101111110011101
010001011111110011110110101111100011100111110101001110101001010100010000111111010101111001010111111
100001111111101010110101110111111110100110011010111001001011010111101110010100111110111101100010101
001111001110111110101111111011011110011011100101001111010101100001111111000001111110101100111001100
100000001010100001100000011101111010011100100000101011010111111101111011000111111111110011111110111
001111111111011011111100110010011001110100111111110100011101111111111011010010111100111111000101110
011111010001001011110101011011011111110111001111101101010110101111100110100111101010110101001000011
101111011110111111001110101011111011111001000011010110011011101111101010111111111001111110100110111
110111110001111111110001011101111010101001100111101111111111110111001100110110111010100101111110111
111110011111011101100000100011001001110101101000111111100101011011011111010111101101111001100110111
111011011111101111111110110111101110001001111000101110011101100011010111101011011010111010111111110
111101100001111111101111011111011010010101111000111111110010011110101101111010010110111111011100011
011011100101011111100111111011010101101011101111001111110001111010111111100101101111011111100110011
011111110011110110011010111111110011001001010101000111010111011011000110110011001111110111111111110
010101111011100111010000111011101111111110101111100100111111101010001101001111110110100110111111111
111011110111011101010111110110110000110101111111111001101101111110110100111101111101111101111111011
110011001011101011111011011111011110110110011111110001111011101111111101111101011110110101101111101
110000000111001001111011111011111011001110101101110110011101111010101001101111101111111001011000111
110010010101111111000110111101111111110000001101101110000101001010110011110001111100101011111010110
001011011110111111101110111001010101100111111011111011001010110110001110101001110100110111111111001
110000011111101111001101111001101110111001011010001111010110001010011011100100111111111001001101011
101111110111111111111011011111101111000111101110011101101010111001111011111111100011111000001011011
001111011111101100011111101111111100101010111001011010011100010000010110111011110111101000110111111
010101101010111001111110101111101110111111011110111111100000110111100001010100011100111000011100101
111110010111110111001110110101011000100111111010101111010101011111000111111110010111111101110101111
110111010101110011101111010000101111111011001101110101010111101101110111011001101011111111111100011
101100011110110001000110001110000111100011110101111111101100110111111010000111100100111111111110111
111010111011101010111011111100101110111011111001000110010001111001101101010101011011110011000111010
110001110011010011101111111110110111001001111111111111111001101001111101111101101111111001111001100
011111000011101100110100111110111100001111111110010010000101111110000111110111010111111101111110100
101111100111111110111110111100101011101111110001100111100101011110010101011101111100110111001111110
100011100111010001111111011010101111110111000110100110101110011010100100111111101110111011100001100
001101110111111011011010110111011001101111011101101011011100001110000111111111111111110101111011000
011101010111110001101111111001100011101100101111111110010010110111111001101001101110111010111101101
111011111111101110111100111000001011001111110110110000111110111001001001001000011111111111111110110
110101111110111111101110111011111100000111000111101011101101110111101110101001111111111010000010111
110111110111111011011111111101011111010000111011110111111110100011011101001011010001101111110101100
110111111101111100111001111111011110011001011101010110100111110111111000000001111011110110001111010
011100110011001001000001111110110001010000010011001111010110110010111111100110110100111111001110111
101010001100110001011101101110111101011010111100101111001101101111111000001011111101111010111111001
110010111011111000001111111011111100010011111111011001000110101001011000101101111101110000101100111
011110101001100111111111111000110110010110110110111111110110011111111101110110111111100111111010011
011000101110011110101011101010111000101111111100101101111110011010111101011111011001011011100011111
011101101111101001011110011011001111011111011011001110111011100101101011111111101101011100101111111
101110111111111000111101001111011011101111111110110111101001010110111111010111110111010100101111111
111101000101101001101100110101110110011111000101111111111011101011111111001111011011011011111011001
101111011110111010111100111011111101101110101011111011001110110111011111010001001100011011101101001
010011111100111100101101001111011000010010010100110101001110110111001011110111111100110011001000110
110111001101011001011011101011111101111111111111011111111111111111111111111111000001011111011011111
111100110111101001111100110011111011011011110111110111011101111111111111011110111111100010010110111
100011101101100111110010111111110011111101010111100101101111111011010111101100110110100101011110111
011111101111010100111111101111110101101101111001111110010000111001101010111001011000101001111010000
011100110000100110110001001111111011100011010011111000110000011100110111111101100111110000000001111
100101111001111101111101011110011110111011101101110111111000111111111010101001100111101100001111111
011101111111100111111101111111011101101110011110111110110010111011011110100111111110000100011011010
010101011011110110110101101011101010110110001011011101110011111011001110100101000100111100101100111
001100100111100111011101011110100010000110101011011111111101011011101110011111011111101101110111010
010111100110111011111101011111111001010011011111111110011011111101100110111110011010011001011001111
000110111010111000111111111111111011111010011110111110110110001101101011011101111100111101101000101
110110101011100100111111111010111001110101000010011110011110100110111100110100111110100011101100110
111111111100010111001010110110100111111111011110011011100011101011110111101010111001111011010111000
010001111111001010111111111101110101010011111111111101101110111100100011011011111001111011111101001
100101011001010011101110111111110110111010111101101111011111111000000101001111111110111011010110010
