90 999996
280947083 278206103 34466704 930543059 229898925 371598922 935985663 376630514 983098198 184525525 260987704 525827459 517687804 233151019 400500858 737602943 934170154 193471369 222841046 404713012 307376429 388305411 726525920 591190887 706869732 696301843 45416784 870982206 923028558 543421235 301356953 216301416 886488571 929744857 701145743 702295876 42668668 460508394 372210492 645176722 760528593 774979282 352029010 640013621 731873352 667637436 965807626 952796670 110175314 45230615 56138535 163469851 939239211 800972083 833324787 853877825 951598439 509032778 973416458 449580994 832480914 584462039 379050016 194979180 455919428 138189584 788712403 196117602 679037824 185078867 466583053 474925413 869075182 641943185 435280597 376470477 95620709 571400576 905429158 820372447 592664781 499440118 360461693 795120712 705445731 884209532 421800506 408145454 996368917 245504562
001101101111101101101001101011111011010110111110111101010001101111111100101111111111101111
001101100111101111111001011111100110111011101111111101111101111110101101011100111000111101
110100010111101111101010010000110111110111110000111110010111011101101011100010010111101000
111011001001111111111001011001110101001001110011111101001011101101111001111010011010101111
000100001110011011011011011101001000111111111111110001010110101010011110011111111011011011
110100001101100101111011011111101001011110110010111010111101011010111011001111110111101000
110000011011111110101110111110111001011111111000101111011011110011111111110010011100111011
001000101101111101111010111011111111001111001001101111001110011111100111100100001101101111
100111110110111101001011111111111010110001100011101111110111110111111101111110110110000111
111011011011111111100100000011001111101100110110101110001101100111011111111011100111110101
111010101100101101100001100101010111111111111000110011010111110010101110010010101111111111
111101110100111001111111101111101001100111011001110011010111101111111111111110001100101110
111101111111000011011101011001011111010000111110000101101011011110010100010101011011010011
000110111101001111001101111100011110100010011111001000100100101111101011110011111011111111
111110111111010101001100010111100101011111011111011111111011101101111101110111000111101010
111101111110011010111100011101000110011001011101000110111010110101110110111110101011011111
011110100100110101111011110111110011010100000110110111100001110110010101011111101100111010
111111011111111010110001111110111101011001111010101111110011111111110110011111010110111111
111101110111000111011011110111010100111111101011111111010011010101011101010111010111101011
010111010001100111101101101111111111101110011001101110010111111000111100111101111101011111
111111111001111110110111011110111110111011100101010011111001001111101111110110110110111011
000000100101111100011001111011110010010110100100110110111011000001011011110011011110110100
001011111001000010101001101001010110100110011100011011101011111111011101111011110010111011
110111001011110011111110000010111111111111111011011011111111011011110111110111110110111111
100000111011010011110110001111110011011110101101001111011111001111000111110111001001011001
011111111000111111101100000010111001111000011100100011101011110111011110011111110011111001
110111111001110101011110100111010001100111010110011001100100111100010101101111111111011011
010011101011011111111000101001101011111011111110111011111111111111010101011101001111110001
110001111101001011111101111001011110011001011000111011111011111111100011100110111111011111
110111011111101110110110101110101111110111111101010001100110001110111011111011111100111111
111101111001001011011101110101011101101000010010111101111111101011000011011110111111011111
101100111010110011111111111010101110001111100111110111101101111010101010111011111111110111
100011111101110001011001010111110111011111000011101010111110110111011111110011110101110100
011100010110111101111011000011111010111000011110011111100001111111011111110111101111101111
111000011110110110011111100111011101111111001111111110011111101001100111100101100111011010
101101110111101011010001111101101010111000111011110111000111101110111111110001000111111101
011010001111010000111011011101100111011011111110001111011101000111100111010101111010100011
111011101010101111101101110111001111101110101101101111111101110111100111011110100011000101
010111110110001101111001110110111111110011011111111111001110111100111101110001100011110111
101011110111001010110111101001011010010011111111111100110011111010111110111010101101011011
111011110011011000111111101101011010111101010110010111111111001111110110111100110111110110
011110111011001101101001001111011010101110000011110011111111111111111111000011110010001111
111111101110100001101101100101010001110100011010111111110111011111100111010011111100100110
101111100111111101010011011111100101101110101011110011111111111101111010100110010100011111
110010110011111101110011110111000111111100110101111110111110011000111101111001111101111111
110010000100111110001110111101010110111110001011010010001011100011111101110111011111100111
110111001100111011100001001100111111101111110101110011100111010011011101111111011001101111
010110011001011100111001100001011011011101011110001111101010111101001111111111101111011001
111111111111000011110100010110111011011101111010010111111111001011011111111011101110101001
111111000011001010101111001111110111001111111110101110101110111000110110101101010110111110
111101111100011001110011101110101110111100101001010001101101111111111111010111101011110110
111100111100101111110100100000110111111110101001110011011011011001110101110011110011011111
001001111111001111111111110110011111111011111111110101011001011100001011011101111011110111
110110111011101011101011111111110101111011110011101110110110110101110111110111110110101010
010001001000111111001111011111111100010111111011111001011110011101111111101111111110111100
111011101011001101111101100110101010110111111000100111100110010111111110101010111001010001
010101110100101100001111110110111010111011011101111110100111001101001101101010001000110000
011011011111010000010001101101111011111011111010111001111001100110111101101000111111111100
001110111011101101110111110111101011001111111111110101111001111101000100110001111000001111
111101101111101011111111110110110111110111110110101110001110111111111111001101011001001101
110110101111011111010010011110111111011101010101011001000111001011101000111100100100111000
011001111010100111110011011110011100011101111011011111110011001111001010011110011111110100
111111010001111001011011101111110111001111111001111110101011110011111101110111001101111001
111100011101111111101010111111001101111011110001001011111111010011111001101111111111101110
110011111111110011001011110111111101110111100110101000010101111101000011111111111010111111
101100111101011101101111110110101110110011110111101101111011111110111011011111001001110101
111101111011011101011001000011010011111111111100011101110101101101000011111010110011110111
100111101101101111110111011101001101001111011110111101110101001101001101010110011000110101
111111101111011000111110010001011101001101011111101010111101111101010010110001110101100011
110010111111101111111011111100001111111111101111111101111111001000010011001001111101101100
001011110111010101001101110011111111110111110001111011110001010011101101100011110110101011
011101111101011010101111101111101111111001101111101111101101001111110110111110001111110011
101100111101011100011111101011011111001110011111110101111110101110101011001101101011101101
010110101111111111111111110101111101111110101111101111000010111011111001001011011111111111
110111001101000111010010011101110000010110001011110010111101110111100101110111101010010101
110011011001101111111001111110100110110010010111011011100001111111010001101011011111110011
101111101111011111101111111011111100010101110111101101111000011111110011011101011100000101
100011000100111011110111111101011111101001101111111111100011001111001110111110111110111001
110011001110010110011011011011111110111111101001101111110110100110101110101001011111100111
111111101000110001111111011011111000100011111110010111110111010110111110010111100100010000
110110110011110110010100101111110100100100101111101010111111011111010101111111100111011111
101001111111001011111101001111111111000110111101110001100100111100001111010111111011010101
101111001110111101101111011110110111111011000101111111100100010110100011111101101101101111
101011010110111100110000111110111111011110001111001110010101011101101101110100101110011111
111101110111011011101111010101011101101010101110111011101100111111111111110101100010010001
010010100110110111011111111111111011001110011001011110111100111011110001011101011101101100
111111110011011111111011111011100111000101011011110101100111101110000110110001001011010101
110100011111010101010101000011111101011011111110011110100111010111110100111010101111011011
100110111011111111111011001011110110101111111110011111000010000110101011010100101011000101
110110111110110101111011111111110101111101011111100110010011001011111011111111101111101110
