93 999998
994941101 573442396 159686881 621818501 419050882 840576778 278103881 226510719 739283891 631025502 363721652 693037310 146527074 585832136 131381014 583123317 115321915 645759789 337927524 479241169 31115512 270556084 977750695 628187899 345453408 774111257 260894385 227000773 708382049 64366298 899606698 749874730 725332287 390425741 35145297 370457331 37681765 38549040 910164651 584510429 210880147 47551765 709745315 930560235 921509446 358916089 994370146 980446649 784773620 930950164 200678827 328086791 954918416 159010971 59097908 626952464 780657887 715667016 519773779 961000235 503511310 848139537 881166048 618067222 676567941 550729954 829103498 67589724 915398169 942317521 862337555 502077750 592679880 162431724 664490286 192900061 275259429 17049391 636709588 817139901 492012433 24424771 631409845 362791399 272631098 260781479 33920466 610045276 901812889 123375682 696420434 212173104 976500506
011111010011011001101111011110011100010111111011100011101101111111111111101111001111111010111
101111111111011110110010111111010111101100001010011111111100000011111110111101110100101111011
110111111110010110111101011101000110010101111111111010101010111011101100011110101011111011011
111000101111111100101111101111010011101010011101011111111011111100111011110110111011111101111
111001101111011111110011011110111101101110011111101100110111110101010111101011101101010111101
111010110111111110100110011001110010011011011110011001111111110011111100110011110011110101110
011111000011110000011010101111111010011111111110010101010101101101100111111100110110011001110
111001001111000101111101110111111011110000101011111100010011010101001111111010110111110111011
011110010111101111111011011001010110110111011111111111100111111111101111011101011111111011011
011111011001110001110110100011011011101111101110011111111111111101111110101111001000001011001
111111111001100111110000101011011011011011101101111100111010111101101101011001101011111111001
110111111110101111001100111101110101011111111110110111011111111110101111010011110111101010110
000101101111011111101101110111110101101101011111111110010010011111101010001111111111101000101
111111100100101001111111111011101111111101110110111101110110111111111000111011111110011100111
110111001001110111111001010011110110101111111100111111111000010110111111111111110111011101001
011111011011101001111111101011110101110110011101110101010101000001111110111100110111010001111
011011001011101000001001111110010010100000001101101101011110000111111100111111111100011111111
100010011111111100110110011110011011011111100011001101111111111110100011110111101111011110110
111111011110111101001101110010111111111110111111111111011110111111101011100101011101110111101
011010111110011101000111100110111111101111001100111100100111110101110110111011011111110110111
101100111001111110100001111001010010001000101010011110111010000000001011001111100001111011011
101101010101110101110000111111111011111100011101111011111111111111000111110000001101000001111
110111101100010101010001100011111111000100111110101101111111111101101101111010111111111010111
101110011000111110111010001001110010110100100111111111110111001101010110111111111111011100111
010100110111110110111110011100010111011010000111000011011001111101100100011111100111011111111
111011011001111011101100101011101011110101101111100101101110101111111111111111011110101001110
111111101011010111001101110111101110001111110111111100111101111111111101011111010010110111111
111110110001100011010100101010110101110101111010011011101111111111001111011110111011111111110
110110110110111111110110011101011110101101001011010001101111111011110111011110111101111110011
011101111111111100001111011010011001111111101000000011111011111110110011110111101111111100011
000011110001111100110111011100000101011111011110110010110111111011111000110100110101110010111
110111111111101111111111100111000001110101111011111101101111011111101110001111111011111110101
100010110110010001110110011011000101101110111111001111011001110101001101111111110101000111110
111010001001111100110010101110101000110101100111011110111111111111001011100111101011011010101
011101111110011011111111111010000001101011111111110111100001011101111111011111111011010101110
010110010111110101110110110101111010111101111101001011110101110111101111011111011011111100111
010110011100111110110101010111011111000011010111111111111110001011111001111111101111100110001
101001111011010101100101110101110101001101001111011100011101111001110110100101101110111111000
010111100111111001111100101011101011010111010101011011011100001100111100001101000110011101101
111010101101111101110111011111111101011011111101011111011111101111111111110111100001011011111
100111101111001101110000101001101010101100100111011111101001111010010111000111101101001111000
101001101111111001010000011111110111111100111111110011011111011111011010110110000111111011110
101000110111011001101011011101011111000111010001011101111111000101010111111110111111111101111
101111101001111100100110001100111011101101101101111100011101100100111111111011101001111110010
111111111111101110111110010111111011010101010011101111011111011110111110111111101011111011010
001111101111111110110111111000101111111111010011110111101001111110001110001110100011111111111
111011111101110001101011111110111110110011001101100010010010011101100001011001111101101100110
101110011010100111100101111010011111111111111110001110110011110101111111111111000110000101100
101010011011111110110111011000110010100001011110011000110101011111011011100111110110010111111
011101111111111100111101001110110110111111110100100000110011101111111111110111101101010111110
011111011110111011111111001100011101111110111001100111101111110001010010101111011011000010110
010110111111111111111011011000011110110110111101001010101011100110010111100111101011101111011
111100001101101000101101100101101111101111001111001101110111111111101111100110110101111000111
110101101101011111100111110111011011101111101100001010101011010110111111111100101110111111111
111111001110011001011111011111110111100010100101111111011111010111101101010111110101000101010
010111110111111111101111101001101101111101111011110010100110111111111011010111011001111100111
111101000111001011101110111111011100111111111100001101100010111101101010001111010010100110010
110011101101010111110111011110110101111101111000101010110010001111011111101110101110111101100
001111011111110011111111010111110100100101101011011111111100101110011111111100011111100101100
100111111101000101010111101111111111010111111101111111100000111111111101010011010101101111011
101111101111010001110110111111101101010110010101011110011011000111011110111110110110001110011
101111011111111001110110101111111111010011001111101011111001001111000101011000011011011111101
101100101111110001100111111111110110111111001110110010011111010111111100100111111111110100110
100110111111111011110111111101011111001101111111110111111111111011011111010101011101101110110
111001001001111011100100011111110101100111001100110111110111111100111101111101011110111110010
111011111110110110110111111110111111110101100011111010111101111100111101001111001110011111110
111101101111111111110010111011110011111100011011010011111001001011001101111111001111111011011
110111000100011110010001011011100010111111111001111101010111101111001101111101110100110101111
111101011111111110101010011100111111101101011101110011111111101111110110100001011100110110111
111011111111001110010111111110011011011110111101010111100111111111111001100101101110010110111
110110111101101101111101010111010111010111111101111111011110100100001001110111100100110110100
100110111011001001101110011111001111100110110011110111110111010111110110110111111100101011011
110111110100011111110111010001101100110101111001111111000110101010111111011000010110011001100
011101111011011111010111111111101011100101111011010001110011110110110011101101011011001001011
111010111110111110011011111110011011101000111111001001001110110011110000110010010111100010101
111100101100101111101001111111111111111111101101111111111110101111110111010001111001011010111
101111010101111011011011111111011111100111111101111110111101101001100011001000111111001011011
110011001111111011111001111001011111111110011011111100111001001111111111010100101101011111110
011111110011111111001011100111111110110110111110110111100100101000010111000111011110011111101
010101111001111110110011011110111011000000100010101010111011111110011001111110101000101011111
101110001110110011110111010111010111110010111010011101010110011111101101010111110111010101111
110010111001111111110111110011101000111011100011110011100111101111111111101011101010111010111
101101111011111101010011111101010111111001101101101101001110111011100100111010101101110011111
101111011011101101111111100111111111100111111110011110110011011100100000011111001010111111001
111101011011100000111010011111110001110001111110000111011111001110111011001000010111011110001
101111111010011111111011101111110111011101111100110011010100011011111110100101101111100011011
111100101111111011001011110111010101011111111110000111010101110111100001110111110101100001001
010111010010011011110001101111011011111010110111110101111111111111011110000001101001100011111
111010011111000011111010101110111100110111011100111101001001110111101111001111110111110100000
011111111110001110101100111100001010011111101101110101100111010001110001110011111011011100101
100111100001110111110111111100111111001101100111111011010110011101011110101101111110000101011
111101111001010111011111111111101011000101111110111111111001101111111101010111011110010100100
111110011110111110111111101011110101101100100100100111010001110000111101011110111111111101100
