100 999999
923733668 717478819 403345075 883812086 978913489 903143738 718978491 919438520 96055579 637006259 967337039 459503688 280555050 825532316 501473062 993239630 867146193 582533585 702736894 285335964 411664928 551473171 361818769 625460163 650497639 397871811 590935253 666136624 853821191 974928804 947635357 518382866 243844919 876820323 952136290 897620450 234480585 167635891 66514454 768211930 492847010 745172915 117459397 726107864 937557414 50577911 60158137 193915544 223344860 342023243 212280631 735459466 68585426 610794880 140596949 536372913 326817155 651210070 310737550 697114560 592255497 839394229 49861303 465925070 240467393 352767926 124569587 709005152 284254265 589825507 12523942 26149728 290412770 214042201 995945543 383448864 19479817 451481464 938444445 269229593 848215873 232156469 669948966 624311493 213235881 494088271 978786588 406121991 384557405 383398414 377175722 522212452 428506493 634660057 433218857 415283700 728014812 937678953 433258941 320154441
0111101000010100000011111110000111110110000100011110110100001100100110111011110011001100101111110000
1011110010010101111101111001101101101000111110111111011100100101111111110000111111111101111101011110
1100110010111110111011111101000010111100011000000111000111101111110100010111001100111001110110111111
1100110011101111001111111111101011111110111101111011001110110110111111011100011010110011111101101111
1111001011101001110111101011111111110111011110110110010011000110100010101100101110010111010010111101
0111001001101101011111111101111011111101000111101110011111101111011101000101011111111101001110111111
1000110111101110011010111111011001011110101111101010111111111100011111111101110111100110111111011111
0000001001111010100011111011111110101111100101101111110101110000110001111110010110011110000101100111
0111101001101111110101111011110111100111110000111010010111111111110111001100110011111011010011101110
0001111110110111111100111101111111111111011111001101101111001111101001110010110011100100111110011111
0011111111001110111111100111101010000110011101101111111110100010111111011010111010110111110001110110
1110000101001011001101110010101100001011110110100101010011110011111001001010111111101101111111110111
0011111110110111000111111111110101111000101010010101000111111011101110010110111111000011111010010000
1111011011101001111101111111111010011001111110011110011100011110101001110101101111101011111101110010
0011001111111001101111111100110101010011101010100101001101111100001110101011111010001010111111100101
0101110011011110101001011010111101101010111011001100001101011001000011001110010100010111101110110101
0110100111100111011101111101000011111111111001101000011011011110011111110011001111000011011011110110
0110111011100100101111110111010111111111110011111101101111011111011110111110010101111111101101100111
0111011001110111110111100110110111111011011101100110111111111000101101010111111110111110111011010111
0101110011111110111000101010010110110000011000111011011101110011000101111110010001001001111111010111
1011111100101010011000011110111100111111110010010101111100011111001111011010010111111010111100011001
1111110110111111111000011100111100100111110110101000000000111101111101111000101011001110001111110010
1111111111111110111100010111110001110101011011111110111101011001101111111111101110111110000011001000
1111011111011111110011101110111111100111011101011011100111111001001111111101011101110111101011001111
1111111111001111100111010111101011101100001000110010101011011111101101111011101011110100110110111101
1011011001101110111011111011110001010100111101110110101101101111111110100101100001111110111010011001
1001101110111101011110111101101111001101100011001111111111001111101111111011001001010001011110001101
0111111111101100110000101110111001010001100011000110100110000010111100111111011101111001001001110001
0101110111111111001011111111010111101001011100001110010010010001110111011011110001001111111011011011
0000111111001111011111110101100010111111110111100111111100111111111111110111111111110110111111010111
0101111101110101000011011011000001101110010000011101110111100011011110101101101110011011110111111010
1100100111011011011111010010100010110001111111101110101111100111101110100000001011011101110110101110
1011110111100100111100011010110101111110101010110110010010100100111011010101000111110010101010001101
1101111011001011111000111111101010100110101110111110000101001001111101110111111111100100011011110010
1111110111001001111111111000111111001011110100011010111011111111001101111111111111101101011111110101
1011111001001110111110100101010110001111011111111011111111101111111010100011100100100111010110101111
0111011101011101111010001010111010110110011001110111011111110111101001111111110100111010110111111000
1011111111100000110011111110011011011010111111101000011101011111110011001000111110111001000101111011
1001101111110011111011010000011011111101000100010101111110100010111111011111100100011111111010111111
0000110111010110111011110011110100110010011100111010110100001111000011100001011110111001110111000000
0101001110011111110011000111010111100100001011110111110111111111101001000111111101101111011111101101
0111100011110101111111110100111100111101000100001110110101010111110101100111100100111111101111000110
0111101001101111101100111100100111011101100100011011110111101110111111111001001101011111111100010111
1101111101110100001001010100110101110111011011001000001111110011001001101100001011101110111111111001
0100111001011111010011100011010111010100100101100100111111011011010010011001111111001000011110010011
0001011101100001111000110111010100011100100110010111110110001101111000100110100111001011011111001111
0101111110110010111101101100010111011101100010011011011110111010110111011100110111111110100011111010
1101100010001100010110111100001011111011101001101111011100111100011010110110111010111111011101111100
1101011111100101110101110010101101110101011100110110110001011101011011011111100101111101101111101110
1110110101111111011010100111111111001010110011011011011000011111110100111011011111101100000110111001
1111111110100100001100111111110111111001111001111100011010001001011110011111111110101111111111111110
0111000101111010010110010010011000011010101001110100010111010111100001011011111111111010111111101101
1000001101100000011010111111011100110011111011001000001110001110111011000111100111111011010011110011
1100111110110100101110100010111010111111111011111111001111111100110110111100111010101111011010101111
0101011001100111111110101110010100111110000110110110110111001111101011110100011110011101110110111111
1111011111101111011110110111011101011111111111110001111011111110111110101100001110101100100101001111
0011111011111000111000011011101110111010101111100011111101111001001110001111011110111011000010110000
0010111111011011111100111110001101111100111110001001011110111010111101001110011100010001111101111111
0111011110111010001101010100011110111010101100110000010111001101100101101111110111101100011111011101
0001001110011111111111111000110000101100110110111101010111001111111011101110110111110111101101101101
1010011011001111111011111110010001110101101011111110111111110100111111111011111011100011110111111111
1111111011000110110011001110010110111101111001011101111100111001101011111110101110100100010010010101
0011110011111100110110001111011100111111111110100101101101010001101100111011111011111100110101011101
0110010011011001010111111110111101111101110111001111001010110110111110011111110101111110011101011111
1111100111111100001001101111110111011110111001100101111101111111011011110101111011001010011000111011
0111011110110000110001000101111011010110011011111110110101011001100111101111111111110110101111101010
0101011001111110111011111111011111111010101101011010101111011111100111101100110101100110010110101111
1111011010101010111111111111111101100010011000100110010111101011011010000111110100000100111111100111
1101101010101011110010110110111110010111001010111010111110011101111101001111101011100011000001000101
0101011111110101101111111010110011101111111100101001101001111100111010010110011000001011011110011110
1100101101000110110101111111011101111001011101010100011100111110111000011110011110111110100111101110
1111001101101100111111111011110011101010001010111111011000001111100001101110111111110111011111111011
1001101110110011010111111011101000101110001110101111010111111111011010110110110010110101011111110111
0011111110001101011100110101011011101010110101111010111111110101111111111001010010011111111111101111
1010000101111011111110101011110001111010110001011111100011111111010111111001110111011101011101011111
1010011000000110101000111111111011111011111010001111100010101011110110000110101100100111110100110111
1100101011111110001001101100111001111110110011111011110000111111111110011011010110111110111011011011
1101011111111011011110010001110001101101100010110111011011111011111101111110101111001101111001111111
0111110000111110101001111011011101100101101110010111011111001110110011110001010011111111110110100111
0110111100011101111010110001011011111111111011101111101111110101011100110011110001111111110001110110
1101111111111110101011101000011111100101000111110111111110111110110010111110111001110011101111000011
1100011011011100110111011111110111100000101111101101100000111011111010010010011110111011111011111011
0111011011110100011010111101010011111101110100111111110110111111011010111001101111011101111111101110
0111110110100001011010111111011110001111011000111001101011010011010000111110101111100101111110101011
1110010110010110011111100101101100101111111111111111111110100011100001100110111101100000010011110101
1100111101110001011001111100110101110010111100111110011100110111011100111111111100110000110111111111
0001101110101111111011110100111010011010111101110011110010011001111011110101101111000000111110110111
0111110010111101110100010011101100110111111001011010111011011000000011011111011111110000010101010111
1111001001111111011110011100111110001011011100101011001101011010010100100101111111110110001001101110
0111101011111110101110001110111101111011101111010011111001101111101101011111111101111111000110111100
1101011001011111111111010111110011100010111111011011010001110001110101011110110011110010100001101101
1111011101010111010111001010011100111101111111011111001101111011011101111111001010110111010011001100
1010111011011011101101111110111111111011110111101111111010101100011101111100101011111110010101111111
1101001110110110111101110001111001101101110101111011100101111011010110111110110111101101101110111011
1011110110110111110001001001001101111110100100111111111011011000111100111101011101111110111011011111
1110111001111101101111001101111001101110001110110110101011101111100001011011110101001111010011101111
0111111011000000000010111110101110011110100101111111011101111011111001110110110001110100111111110110
0111111111110011111100011010010110110010111001011011011101111111001111101111011100101111111110111011
0111011111110100111101010000111101010110011011101010111101001001111101111111111111110111100011111101
0011111101010011011110011111110010110110101111000101111101111111101110011111111011011111001011110110
