100 999997
744789857 248983455 555068705 994278672 284566440 85087331 103971111 611131480 664902884 134984731 330473914 540176274 654829792 888456457 924286219 894507765 164685582 743949936 798618631 999521024 622849355 952058184 927981376 840356097 632450222 388520494 1866707 353186763 876371543 127394854 818660074 104668090 985936309 743829492 220021744 19327695 5269934 269879180 373567589 236953312 118984466 430992602 404744831 339695840 582070200 851825045 679047259 261196831 402162940 266577093 411331704 190100959 884794557 708370290 366316402 836387884 366738293 963787398 748551589 471660833 657227609 786636159 29922507 19222889 985859960 378934283 939582582 99934779 311717373 722321333 80241799 67045070 154693305 437057393 548544687 627965506 215048115 837740649 865071451 102472959 251364822 123727401 590426387 373012371 592558695 639793789 297051881 132539881 771742080 919255806 165758174 952942360 891931469 72508779 284406415 144356463 585045727 886166383 930090241 812386814
0111101111100111000010011111001101001101101110111101101111111111001011110110111111001011101100111111
1001100110001101111001001111000111011101111111111101100111101111110101110111100010010110001101011011
1000110011101111010001111100111011110010110011101110101100111011111010110000111111111011111110001100
1100111011111101110101111110111011111001010110111110101101111111111111011011111010011111111111111110
1111001101001110011111001110101111111111111011110000001011010111001101111000110011000011011110111011
0011001101000110001101011001010111110101111111100001101011110011001010101111101111110111111110101001
1001110100111010110101101111000111110111110111111101001010110010111111110101011111101111101000111111
1100111001111001000100001111100010100101111111111100111111111100111010111001100110010111000111011100
1111000001111001101111110110111110111111101010101101011010100111111101110111110111001110101100111010
1011110110000010100100001101101111111010001000011000111110000111110101110001111011100000011011111111
1011001110010111111010110011011100111011001111111001011001111000110101101011110110000011011110111011
0001001110101110111110111111101011001011111010100111011111101111111111100100100011101000001111110100
0111101110010111111110000001111110101100001101101101010110101111010101101111110011001000011011111110
1111110000111011111111010011101110011000011110110011101011010111111110010101011110111101011010110000
1010111001111101101011011101101111110011110111101100111010010110000100001110111101111011111001001101
1111000110101110110110110111101101010100111000110110111111111101111011011010010110111011111101111111
0101001011111111001111111111111101101010001101001110001111110100111000111111111111100010010100011001
0111101000111101001100110011100111110111111110111011110110111101101101100100011001000111111110110100
0100110010111110110111101110111101111111111111111111111001111111111110011111110101011011110110111111
0001111111011101111011100101111111110011101101111011111010100111010001110010100111011010111011110110
1000100010111111101101011111111110111000110111010100100011010001111000111011111101101110011001100111
0111111010000110101110100101111111111110111001001111111011010001011110011010101011000011111111011000
0011001010110001111101011101010010101111110111111111010011111011011110100110110011111001101000111011
1011010010110111110010101111110111110111111010111011110101101011111111110011111101111000011111011111
1111111101010010101010110011110100111101100011111011111110000011110111011111011101111101111011111100
1111101111010011101111110011110101111110010111101110111111011111110011101011110101111111111111100010
1101101110110101111010011101111011110000101010111001111100101111101011111101001100111011111000010011
1100011101111111110111111110100001001011101011111110101111000100111101111111100011100100111111110011
0011100111011111111111011111011101110010100110011100111000001000001101101111001111011100111011110001
0011010010101000101111111110100111110001101110111110111011111011011110011101110001111111100110011111
1011100011111111101111000010100100010110111001111011010000101101101010111010110011001101110111001010
1100111011101111111111011100111000111010111111011110100111011110011101101110100011101101011111111101
0111111111011110010111110010010001111110011001111111111011100111111000111101001110010111110010111011
1111111001010011111101010111110010111111001100111011000110010111110111110101010011101010011010011110
0011111111101010111111111110110111010010001010111110111011110111101111011110101111110111110011101001
0111111011100111011111011110111111101111111010111110011101110110011011111110111011100001110001111010
1101100011111100101011101101000111010111101111010111110111111111101101111110111111111111011101011011
1100111110001001011001111100001011011001101111101100100110000011111001100111111000111101101110110111
0010101011110010111101110101101111111001101100111111101011111011110110101111110011110010110101100101
1101111110110010011100111001010001011110101111111101111001111011111110111101111111011011111111111111
1110111110010011011111111011111100011111011001011110011110101100100111100101110110111011101111101100
0111111100010111011011110100001110010000100111100011101111110111010101011111001110100100101111011101
1100110111111101111101010011011111111111100101011110010110110001011111010001111110111111111010101111
1101011100101110111110100100110101001111011011000110111111101101111111111110101111111110111100110101
1111111110110110011010111111110100111101010101110101011011010110011111100111000000111101111011110110
0110111100101010101111101101001110001101111110001111011111011010011101101111011101010101111111111001
1111111110111111011100111111011011110111010010010101111000101101011110111100111111010011011100000111
1101101101100101011110111011111111111011101010101111111111111111010101010100111000011101110101100011
1111001111101010111101111111111111110111101001010010100011011010011011011101010101111110110110101010
1111001110011011101011100101110110111111101111110010111110100010110000111010101110111011101110110010
0011000000010101111101111101011111111010111101011101000010110010111111110111111101001010110101001011
1100011010111100011101111010001011001011010011110010101110011101110011111110011111011011011110111101
1111010101000111011111011111110110101111010100111101011110101101010111001011111111111011111110010101
0000000111111011011101111110111010111001101111110100100111111111011111110011100010111110010010001111
1011111111110111101101001111110010110011110111110101100011001101111110111111011101101101111111111100
1111000101011001110000011111000101011100111101010101110011111111010111111110100010110011010000111110
1100111111011111110111101101010111101110111111011111111100011001111111111111011110100011111101111101
1101110100110101101011110101010110111011010111011000011100001011111100111101111111100111101010011010
1111011110111001111100110010011010111011111100110110110100010101001000111111101010111100101111001111
1011111100100111111011100100010101111011011011011011010110100011001011010000111111011100111001101110
1111000100111001011000110110111100001011100101111001111111000011101011100011101001111111011010110011
1101100111011111111100000111001111111000110110110001111100100010111011111101101111111101001100111100
1111111011011110001100111110010111111111010011011110010101011101000011100001000111001101101101100101
1111110011011101011111111110011011101111011100110001111111111010110101011101011011010100000001111111
0111001111110101111010011111001011101111100100000111001011001101001010111111110110011011011111111001
0111001111111101101111111101010111010111011111111111111111000101001111100110111110010011111110111000
1011111110010101111011110011111110111101001111101010011011111100110101001010110110110110111001110011
0101101011111110011001111001110101101011111111110010111111000001011001101011110100010111110011111011
1011011100010101001001111110011001110011101110101011111110011110110001101111011111111011010111011011
1101101011111001010100011111100101111100111111011011110110011111011110111111110110001101001000101011
1110111111111000110110110111101111011111100111100111011111101110110111001110110111111110111000111111
1111101111000101101111011011011011111001011100111111011111110101100001000110011100001010111011111111
0001110100101011101011001111111110111011010101101101101111100101101111100011010100011010000101110111
1100011010011110111000101011110111111111110111111011001111100101110011110001010110111111111101111011
1101010010101011101111111101101100111110010111000111111110101000111111111001101111101011101111011100
0101011111101100101010011111110011000111111011001010111011101111100111001110100010011110110000111110
1111110111111010101111110101011100111111101100110110110101111100111101100011000100011100101111111011
1011101011101111111010111100011001011111101001111011101011010001111111111100001100110111100111001100
1011011001000110110011011010100010111101011101110111101011111101010010010010010110111011111110101110
1010011110100111101110011110100010101001111101101111101011010110111111111110111011001101001010001110
1111111111111101100101100001101111111011111100100101110111110111111011100111001101111011101101111110
1010111011011010111111111101111101111011000101101011101001011111000010100010000110101111001010001111
0010011001010111100010111111010101111110111110001100111111101100001010100110011011011110011111100110
0111010100000111001100111110110010101111101111111101110100111101111110101101111010101011110110110010
1011001010011111001110111110111101001101101110011111111000111110100011111111101111110110011000101111
0101011110000100010010001101111110101100011111011000011001111111001101100101110101101011010111011110
1111111110100011111111000110010011101011101100101111110111001000111110111111011011111100100010101110
1011111100100111011001101110011110111101101011110101101111001110110111000110011111010100010111011110
1011011010000011011101101111111010110111111111011110101011110010011100110111111010010010000111111101
0011110001101111111111011111101111111011001111111011111110011000111110110101001000111101001111100100
1111111011111111010111111111100101001101111111100101101011111110111001110110101111101000010111111110
1111110110110001111001010101011100001111110101111111101010100110110010001110111010110101111011101111
0011110101111100011101011101111111100101111011001101111001101000110110010010111101110111111100111010
0101000101011011000111011101101100111011110011010010001010110011101110011110110010100101111100111111
1001111011111101011110101101100110110111101111011101001110011111111101111101101010111010111111001111
1101101111111101111101111011110111011101010111000101101111001101111110111111100010010101101011001000
1111111111101011101001111000011111111001111001001011011111110101110111110111111111001111101111110110
1011001101011011011110011000010101000111111110100001111110110111000000111011011111101111111101101011
1101101011101001001110110111011011011101001010111110010101111001001111111101101111111111001111101101
1100111001100011101010110011110110101111011101110011110010101011101111111100100001001000100101100110
