100 999998
178269648 106067130 685610141 2194486 752778937 931503126 589836165 40186430 142925999 346809307 600288633 595487337 591737625 313451215 349231406 852897053 932857147 747831118 689274347 986325705 402642147 871892652 246854904 154665031 701368466 489288586 116298250 304541962 574328211 4601728 836144305 192424098 252186306 284589058 142705652 966171482 802454734 538274744 806927755 175245475 331536250 711297387 954185159 714865197 678614446 651944542 550555166 512122333 221855591 284295240 318447797 850957270 140320322 675359191 480103729 573155853 996869364 896152659 143915702 86143795 192859508 359612322 402375139 135872358 821897064 785139404 715036673 269909627 307084840 68767559 456206876 783798046 487201976 328688947 362585476 407433550 578987837 466203189 164906487 969837512 400296346 875088864 494070936 562418319 694668866 387101358 795892747 428023269 745807603 160124640 738028188 443229736 236137672 132235349 843582514 337884818 961961391 445622578 214375015 657108244
0011111100001110100111011111111001011111111111110110110100100011110011001011110000111010110111110111
0011111001110110011101000101000101110101111111110110111100001101101111111000011000101010111011101100
1101111111101101011001111101110101010010101110111110111100111111110001010101110110011110101111100011
1110111001011111111110010011101011101101111011111111110110110011111111110001001001011110111101011111
1111000111100101000101111011110101011000111010101000100100110111110111101111101011000111111001111111
1111001011001101100011011111000101001100111111110100110110000111111010110110111111001111111011001110
1111010111101001011101000101011111101111001111110011001000011111101111111111010001000110111111101111
1010101010001001011111010101101101000110111101000111110111011001110110011110101111001110100011010011
0010111101101101111101100110111110111000110110111111101101101011111011011111100111011110010111100010
0111111010011110111111111101101111111111101001111011101011000010110101110111110111111001110101111111
0110101010011111011111101011101110110100010010101101100010011010111110010011101010111011101111110110
0101000001101011101011111111101011110101111111101111000111000011111000110011011010111101110010101101
1011011111110000110001110101000101110110111011111010010011111111111101100101111111111000110101001111
1111110011100011111101101110000101001011010111100001110100001111101101001111110010110111101011011011
1101000001110101000101101011110000100011001111111111011100011100110111011111100111011110111111110111
0011111110110110001001011111011111101110101101101111011111110011010011011111010001001111111000101101
1001010011011100011011001110001111011111110010010111010111101111101101101000110100001001111110111000
0111001111101100100001011110111101001110111111000101011001010100011010100111111111111111001011011111
0111001111110101100110101111110111110011110111111101000101101000100011011011011010111110111111101011
1101101111100110001010111010111001110101001001101111111110111110001110101001111111110100011100110101
1001010101110000101101110000101100111111011011010100100010111111101111100010100001010010011111011011
1110111111111111110010011110111101111011101101001011011110011111010100100011001100001111010101001111
0010100011111110001110001001111111100011110111011001000100111111100110001101111111111010111101111110
1011110101011001010111000110111011011001001101101111111011111111010001001111011111011101110101011110
1010110001110111111101100111001110010011011011111001110111110100010001001110101010011110011111111010
1110011111011101111001011001001110111110111110101111011110101111110110010111011101111111101101100000
1001110010110111111101011000110010111110111010111101101100111111010111111111111010111100001110111011
1111111101111011001000101100111001101101011101111111111001101011111100011101111111111011010010101111
1011100111110010011111110011011111111001011101111111111111010111110110010110011111000011010011001101
1010101010000011011101110011100111110000110000111110111101100011111000111111000100111111001100001111
1001001111110001110111111101100010011111010110101011101111111110010001111001101100111111111100101101
0110111111101101111011101100110010011011010110100011101111001011100011011100111100111111011111010001
0001001011110001101000111110111100010111111001111011010011001100000000111111111111110111010110111101
1111111101011101111101110001110000111111110001111100111111111101110110011000101011010111110010010010
0101001011111011001111100111110001011011110001011101111110110011111100111100011101011011111111111011
1110100011111000101111011110111111100100111110010011111111111111011001010101110110100010001111001110
1001111011000101110011010111101101100101110001110100001011011101011110011000111010010111111001111111
1101011101111001110110000111001011011000111101111000100101101011111110011000111111100111111000111101
1010001101001111111011101110001111100000100001011110110110010010011100000111110111101111111110110111
1101001001010110101111111001101111101000010110111101000111111111111101110111001011011101111111011011
1111110111011001111001100110010011111110001001111011011111110110101111111001001110011111111111001001
1101110110111100111010101111111111111101001100110101111111011010011111011111011101111101000110011111
1111111101011011010111011111100010010100110111110100101011111111110111011001101110111011110011100110
1110011110010111011001110101101100010101011010100100110011100000111111010111110101111101101000011111
1111111010111110111010101110001100010001001101111111100111111110110101111100011111100111111111111111
1101011101011111011111111001100011101110101010111011111001011101101111101001011101111111001100110111
1111111011111111001100011111111111001101111111010001101100111101101110110011011111011111011001111010
1111011011001010101010101011110011111111111011100101111110010110110001111110111111000101011111110111
0011100011111011001101111111111011100111100011000001111011101110111011001101100001111101010111111110
1111010110110011111110010111110001101011011110010011011111011101110111110010011101011100101111001001
1111001111011011100101010101111110010010100011000100011111111011010100110011001101011011110111110111
0001001111110111111101111111101110110001110011111100111111000110011000011110101110110111111100111111
1111110111100100000110011011111101110110011111111001010110111111100111100011010111001010010010100011
1111010100001111110101011101110011110010110101011111101110011110011001001011111110111101111111010100
0110001011000011010101010111111101111000111001111111010011011111110111110111101101111010011110101111
1111110110010111101101101110111101110111110010110111110011101100111101001100010010011000101011111101
0001010101111001100111011100101111111011111110011111111101011111010111010010110011110010111110010001
0000000111011001111000011001111111011101111111001111001110110111011111111101100011110110111111010101
1011100010001001101110111111011001110101101110101010100101011110011101111100010110110010111011010010
0011101100101011010111111010101001111011111011110110111011101110010100110000101111110110111101111111
0110001110101110101111110111001111011101011011101110111110110011111100111110111110111011011110111111
0110111000001110110111111110101011011001101011111101111111110010101011011001110111110111110110011010
1011111011111101100111110111111100110111111010011011111011111100111100011111010110101000011101010111
1111111110011101100011110111110101111101001001100110101011001000110100110000010011111110001111111111
1111111111111110101010100101110101100101101111111100101100001111011000010111000110010011111111011001
1011110111111011010001011111111001111111011110011111011111111011101100110101111110011000011101010111
0101011010111100110110000001010000111111110101101001010101101110110011111011110001111100110111111110
0101101101101110100111100111100001101111111111100110101111111011010010110111100001011100011111011100
1101111110100011011110100110100101001100111101101100101011000100001101111110011110101000101110011010
1111101011001111101010011010001100010001111111011100111111100100001010101100111111100101111100111111
0101111001011000110111000010011010100001100011110110101001111001011111011111101100011110101011011101
0111011111110011001000000111111111111101111110110111001011111111111110101100101111101111111110111110
1100101110000111101100111011011111101100111011011001010101101110001011110111011001111111001011100111
0010111111001111010000111111110110110011010110011001001101101010110111111000100111110001110011110111
1000111111110111011011011110110010000011010100110111111010001010101110101000111111110111000111111001
1011101011111111011101110111011010010011111101101010111001000110111100101000101110011111111101101101
1010110111101110110110101011001111011110001100011001011011011100011101110111011101010110011111010011
1110011001011101111100110111100110111110010111110100110110101111011011001010100111001101100100101100
0101110100111000011101111111101111101101111011110111011000011000010011111011100101111110100001111111
0010010111001010110101110101111110110110111111110111111000111110110011110111111011111111011101001110
0010110111111110011100111011100011011111101010110001110111111111110011010111010101011000111101011011
0001111111001011010110110101100011100111010111111110101011010101001101011110111110101111001100010001
1100000001111100011100100111011110010110011111001001011011111111001011011110001101001111110110111101
1011000011111110011110111111011111101001111101101111011111111101111100101111101110000011110111111111
1111010111111011111001111111011100100011111101101110111100001011011110111001011111100000001111101101
0011111110010111011101011110011111001111110111111101010001010101001101111011111101100011111101100110
1111111110100111011011101101111111111110101011100011101011111101100000111011101101110101101111111111
0000110001110101110001010101111111101111111111111011010000001100100001011111010101110110001011110011
1111111101111111101000110100001001101111101110000111010111110100101011110101011010110110001011001111
1101111011011011101111111001101111101111101010111011111011111110111101010101100110110100001110100101
0111111000100111111110101110011100111111100111110101011111111011110111111001100111001111110110011100
1011001011101010101111111110011110110011110011011111011011011111111111010011110111111110011011100001
1110011110110110111010001011100111110011111010011110111111101101101110111110100000111011111101011101
1111111111101110011011111100100100111001101010111110010101110011111100101111101110011111100110101111
1110101011110011101100101111001010101110001011111011101100011001001001011111011000111111010101001111
1001100101100110110110111010000111101111010111111011010111111111111111110110101011110011001010001111
0101111001011101111011111011111010111101110110101101001100011101101111110011011110111010101011110111
1101111001111011010101110001111010011110011111011011011101011011011101111101011100111110111011111011
1011111111101110011011111011010001111011011111111011101000111111011011011100101110010111100001111101
1011101101011111011111000011111110101111110111010111101111011011110001101111101011111011110111111110
