100 999993
559771240 298199778 191238206 124617170 282522345 123463632 401717471 943054596 927951088 854794703 773362790 765103355 146002210 222522785 88737675 33302022 728084074 728488071 574904389 681147346 72962386 635230984 502737092 287139417 586963540 254739737 481238514 457443251 635128639 459926068 48957013 317636503 210957687 989997452 403501943 278837835 382095350 146215243 88576834 235710511 110874439 633499613 342000565 997411786 863462922 987652707 496114214 533750821 426592171 141628041 470233457 21658156 29283789 373787989 579126233 429874861 798558991 753034923 478549041 631225895 703921038 431945011 824505992 683670090 239241854 56391706 325838410 609859375 249094100 397479756 443118754 109611953 144864234 199938581 959378930 979845957 532995196 903091166 382649647 23832649 914969491 516119417 679043806 811424230 445247019 305457261 364955270 560598485 825453996 859369706 634493501 849754245 224352545 677765479 629946661 156426507 516084052 431579526 124082970 937070407
0000001111110101101101001101111111100000111000111001001111111101010011011001110100111100001110110110
0010011101010110001001011110000111101011111011110110001011111001101010010011000011010101100111111110
0100011011011110111011111001111110111000110001011101111100111110110011111001110101010010101101100101
0000101111101100111011011001111111010011111001110100100111111010111101010111100110111010101100100001
0001010000111111110011101111110100010011111001111010111111010111111111111111111011110001101010111111
0110100011111010111110111100001100010110100010110101000011001101101011111110001111111100011100110111
1111000110111011011110010111101000010011111011001010101101111000101100010011111010111101011010100111
1101001010001111011000111111111010110011101110011110000001110010011011011110110101111111101010111110
1011011101111110111110111101111011010010001111111010111001100110110111011011111111011010101010011000
1111010010110111110110100101110110110101111101101011001110101001100111011111111111111111010100011011
1001111011000111011011111111111110011100101111101010110011111101110111011111010111000100111000101100
1110111011001010101101111111100011110111111111111111101101011110100101110100110101011011011011101111
0011111110010111101011110100100011111100111111111011110111101110011110111110010101111101011101110101
1111100111101011100111010001001001101001010101101011111111111111001110110011011110110100100101101111
0110111111111100111101011111110111101011111110110011110101101110111111111101011010111111001110110110
1000101101101100111101111111000011101111011010001001110111101110100001111100111111111101010011111001
1011110011011111000011001011110111001001111111101101101101011010111110101011000110110101110001011000
0011111111100011001111110111001111011100111101101011011101111111100001101111011110111111100010111010
1111011110111011010111111111111100111101001011010011110000111001111100000101111111111101010100011111
1000011011010111011011101111111111111010101101010011111111011111111111010111001101001110001111111011
0011111011101100111101100010110011110011011011000111100010100111011110101100111110101001010011101111
1111100000111111111110101111111110011101111100011111111011001011101111101110010110111010010110111111
0010110111111001011111011111111010101001001111101011110010100011010111101110110101001110100011000101
0111011110111111011000101011111111110101011000101111011111000111111111110111100010110111110111111110
1111110110110011101101110101110101101110101100011111110110001111110111001101001110011111010111010000
1100111111111011011101101011000111111111001010011011010111101111111011101110111110111101111110101101
0100101100110011111111110100010111001101010111111110111101010111110101111111110101000100111110011111
1011101111110111111101111100100111011111010011101011111111100101011011101011111010101110111111111000
1011101111111010101111111001011111110110011101001101011111110101110101011111011111111111111101010010
1011100111100010101111111010101011001111110010001010111110111101011111101110001111110101101111110111
1011011110100100011101110000110100101010011001111111111010111110110111111100101100111101111110111101
1111110001100010111101011111101011001110110111011101111110111001011111001011111111111100111001011111
1111000111111011110111110111110101110101110101010111001110111100101111110011011101111110100110011110
1101000010011111110110011111110110111111001100111001111001100111110110101110011011010111100010011000
1110000101011111001110111100101011010101100111100100110001101101010001101001101111111101011110111001
0011111111111000011111010101100011100111111100110011001111111111111111110111111111111001111101111111
0110000000101111111101101111011101000110111111011110011111111111001111011111011111100111111111111111
0000010001111001011001011111110111111010001100101111111101111011111110111111111110101110101011111110
0101111110010011000110001101111101011101111101111110110110011111100110111001011101000011101110001001
0101101101010111101011110111010011110010111101100101110101111111010011011111100110100001110111111010
1111111101111010110101001000010110111011011110110101011111001111101101101010111110110010111011001110
1111101001011111110011010011111110011011101110110110111110011011011101110010111011100101111111111001
1101101111111011111111111100101001011111110010111100101100110011101111101011011110101011011111000011
0000000111111110110101101010100111111111110011001000000010101110101100101001010111011000011011101101
0100011110111011101010100111010100101000111101001100011111100110011010010011001011101111101000110111
0111101011111100111110100011101110101011000110111111100100100110101111111101001101111010101111100100
1101110011111110110000110011001001110111111001011101001011001101000111101011111011010001110101111000
1111110110011010001101001110001111011010111001100111010000111011011100010111100111111011011111010111
1010101111111101110001111111111101001110001111100011010101101111011100010111001100111111111110110101
0111010100010000100011011010101110101111111011110001111001010110101110110100100011001111111111111101
0100101111111110011111111111011010011110010001011001111111011111101101111011100111011011001011010101
1010010001011111111111111101101111010101100001111110111011011101111101101111111110101110110110101001
0011101010111111101111101011011101100111011001000111011011111011110111111111011101101011000111111101
0010100010101111011101111111111101101111110010011111101111111001010011111100110100010000111111110010
1110101011010100110101010011111111011100111010100111110101111010111100100101001111111111110000010111
1011101001011111110100011111110110011111111011001010011010111111101110011111011011110111111001100111
1101110001101101000111111101111110011010110110100011110101111110100011110100111111111010110110010111
1101111110111111110101010111100001111101100010101111111010101101100011100001111111011110011111111101
1111001111101111011010100101111111111101001111011000111111010111101111011001010100111000111011011010
1111101100110100111100000010111110011111011000010111111110101101101110111011110111110111001111111111
1111011001111111111101001100011110111111110100111011111111010100111001101101100110110100011111000101
1010110010111111010110011111111011111011100111101111000111111010101011001111111101111111110001001101
0011100110011111110111111110001001011111111111011110101110100100011111101011111001111010001011101110
1100110001100100011111111111110101111111111000111011110101110000110110110010001111011001011111110111
0111111011110011111101011110101011010110101101000111101111111101010100111101001001100101111010111011
1011100110101010101110111111111101110101010010011001111000001011101110101110111011001110101111101001
0101111100001110101111010101010110011100111111011111001100111110010111101110110111100000101011101010
0001101011111110101111111010111111011110111101111111101100110011111010011111101101010101011111011101
1110110111101110100111111101011111011111001011100100110111110111011100011111100110110111001010011111
1011110111110011010101111111111110111001111001100011110011101110001000001000111110001011001101110101
0010110000011111110011110111011011110110111101100111111011011011111000011100101110001111101110101011
1111111111111111000100010010101010011111010011011110110110110001100110101111011010010111110001100011
1010110111101011110011101111111101101111101101100011110100111110111111110110110101010011100101101111
0001110101111011011111111110111001011101000001011101111110001100111110111010101011110000101010011110
0101111111101100110101110111110111011101111010111011100100010111011110011101011110011101010111001111
1111101011100110111100011011100110111111001111111011101101111110100110010010111011110111101111110100
1011101111010001001010110111001100110101110000110111010011011110011111101101011111011101111111111111
1010101111111111011011100111100111011110111100100001110111110110011001011011101101101111111000110011
0000111011000111011110001101111111111110111011101001101111000111110101110111110101000111110101111101
1011010111111101111111101110111110111111101101011011111011111101001111101010111011111011110001011110
0101111011100111111011011101110101111101111110110111001111011001011011110111100101111100110011111000
0110110111111001001100100010110111111010010111110110101111010111111100001101111110110110100110111110
1001111101001111111011010101111110111101111011011001101110111110101010000101010111000111111011111110
1111111111011111111001011100111111110000100101111010011111111111000110011111100111000101100110011111
1001011111011011011111101101101110110100001111011111101011100111010001100010110110000110101011011101
1100011101101111111100111111111111101100010010001101001101011100110110110011111011111011111111111110
0011000111010010010101111001100011001110101011011111101111010110010011111001011101101101111110010111
0100101101011011111010011100111001111011011010111110101100010101100111111011111100110110110001110111
0111100110100100110000110111111111011111110011101101011110100100111000111101111111111111001000111111
0000011001111001101011011111101100111001111100111101011111101101100100010010111110100111000100111111
1011111110111010000100000111111100111110111111011110010101111011111111100101110000101110100100100100
1111010001001110001101011111111010111011011001111101110011011001010101101011101001010110011001111011
1100101110010011010111111111011011101111111101011111110011111011111110100111100011111110000001111000
0110000000011101100110111001110100011101111101110110110101111111011101011011101110101101000110110010
1111111100111111010111010101011000111101010111101101110101010011111001111001111011100101111111011111
1100110111001011111101011011111111111101010010111110111011110001100111000101111111111111110111101111
0100100111110101111111010111001111111111110100100101100001110110111110101110101111111100110110110101
1110111100111110001011110110011110011100100111011110101111011111000111001111101101111111111000111010
1100111101010110011111010010110110011101101010010000011110110011101010111110110101110111110101110101
0011111001011101001111100110011100111010011110011111101111011101110111111010111000011011110100111010
