100 1000000
894242001 709689623 636104079 984986170 145245303 56939993 222868278 241518705 80135030 275446550 341866716 994352747 253766402 949784229 709536444 454350570 933555770 746995634 132864318 798963054 297086414 522747758 217055113 386606166 138909354 614612798 557114639 550351695 869003889 704732579 458036185 398867893 299868570 47165453 540768778 256631047 912353101 328254582 415719877 95317000 507985886 340150628 95727738 740963176 600788251 425096027 916776279 887270038 647794550 28925818 356165868 13251068 498258677 353781112 890967571 825061976 157201297 925209404 676153081 884038744 702011457 800098565 955358750 569368925 471459342 650232008 444899311 633577622 982758635 757269883 127651024 309334823 187959110 742118557 858999853 196853436 872451020 488170782 458724500 101720901 490829337 34777490 973391826 277823938 922101244 822759743 320774278 767842248 541700687 872163289 250556316 301196137 608642636 641702332 785472186 254156746 648571204 387713690 888787122 649388202
0111101111010111111110101100100110101101111101111011101110101111010011101111000111111110110111101010
1001110000101110101101111011111111011111110001010101110111010011100111111001111110110100000111110010
1000000011010010111111011111011110110110010100001101100001101110111000010100001111000111101111111010
1100101111001111010111011011111100101110011010010001010010111101111101111101001111000111101010111111
1101001111010101110100001101001101110111011110111111110011111110110100000100011111110001101001111111
0100001100011011011110111011111010111101101110011011011111110111101111101100011010110011101110101001
1001110100001011111011101110111101011111110111011111011111110101111101011011000110011110001101111111
1001111011111110011011101110101110001111111101100011101100110100110011110011010010101100111100001100
1011100101101010011101011101011001001001101111111001001000111001011000111111110110001111110110111111
1011100110011111111100100111000001010111000111101101111111110111111111010111111111010011001110101011
0100000110011011011101000100001111110111101011011100111111011011000110110011000101101001011100101101
1010110101101000111110111101111011111111111011101010111111111110101110100011111011010111010101110111
0101011111110101110010111011110110101111010111111101101101111101110110111011101011111101100110100011
1101100101001011111111111111011111101111110100011001101011110000110101111111110111111111111000001111
1111011111100100111101111110111001000011011010011110101110011110111101000001100010011001011111010011
1001111001101100011111101001111111111010111110101100111011111101111111111111101110011110110011111100
1110101001011110011011110011101000101111111101001011100111010111111111110111110011010101111111111111
1011111111111111100100011010111111100111000101111101111111111111011111101111011110101010000010111011
1110011111110111100111011111111110011111011110111101111110011111111111110110110110101110111001111100
1111110011110111011010101110110110110101111111100000101110001101111111011101111101111111110111100011
1011011100011101101101101110101001100100011110110010101001111010001101100111101111010010100110010111
0111001110100111101010111111011111111100111111111100110111001000011001101111111011011111110010001011
1100011101011111100111011011110111010101011011110010010011111100110101011001110001010001001110010011
0111010010011110111001101101101001001111011101110101110101111010100101011011011101111111111110000101
1111111110011111011111110111011100111110111101101111011111000101110110111101011011110001101101011111
1010101111110110001111011011100111111111101110110001111110111011110011010101111011101110110110111011
0111011101001110111111101101000101001111101000111101111011110001111011011111011010011101001010011110
0111110011011101101001111110011001101110111001101111111101111011010111001010111110101111101110011001
1101011100011011111110110100000111111010100101010101100111101111111111110010010111110011111111100011
0111011010011111011101101001000010111011000011010001100111001011111101111010100000101111110110110111
0111111110110111111011011001000100110011010100100111111011010100001111100111111101111111001111111101
1111101100101101011101101110101010111010011111001001111101011111010010111110100111101001001111101100
1110010100111101011101100100110100111101100111110100111010011101100111101010101001111111110111010101
0100101011110111010011110111100000011001111111010101110011101110111111111011111011111101111111111111
1011110000111101110111001101111110011011111101000101111011110101011101011010111011111101111111110110
0110111001110001001101101100111111101110110100100101100101111111010110111011110111110101101110110010
1101011110011101101001011111110111110001011111111010110101101110011001111111011011110110111001010101
1111111101111100111111111111000010010001101111001011010101001001111100111110111111101111010111111110
0111101101111111111000011111111100110001100011111111101110110100111011011111111001100000111111001001
1100111111111110111100110110011011101110011001011111000101101101011111101011101100010100100101011001
1100011110110101100101001111100011110110011111100101111000111101100111111101111000010101001011111111
1111101100011111101111111001001101111001101111111011110111111101110110111001110011111111111011001000
1001110110110011101111111111000101101101110110010110100101110001111010010110100100101101011110011111
1010111111001101111111011100101111111100111010111001111111101011111111111111101111111001110101010011
0001111011111011001111100100010111001110111101100001101111110110111101011110110011111011100110011110
1100001111111000110101111001110111101111110010001011110110111111111111001110000011101111111010010011
1000100111011001011111111111001010011010110110011111111101100011011110111110111101101001101101111111
1101111010101110011011110110110011001011011100101001110110110111101010011111111101111001011101111001
1010111011111111111001001011000100001111010101110111111001101011001100110001101111101111110011100101
0110101001101011011001011011101011110011101000101011111011111011110010100011011111110011100011110001
1000111100010010100010101001001000001111011001101100011000100100101011001010000010111101011111010101
1111111111001100111000011111111101110111110111111100011001011101010110111111111010111100010010000101
1110100101111111111111010111111111111010111111111100001110001111001111101101110011101000110011111110
0101111001110001011001111111001111101100110101111111001010111111101111011011010011110100011111111001
1000011111111111011110001111001110100010100110101111110111101111010011110101011111110111100100111101
1100011101111010111101011101110100011111011111110000101011111101101010111111000011111101111011101000
1101111001110111111101101110111011100010010111010100111100101101011011111111111111011111110111001001
0110111001111101110011111011111101111101011110101101001100100111100111111110110000101111011011101110
1011111111011101010010110111100001111011111111111110011111010111101111101110100001000111011011110110
0101111111111111111010110111001110110010111011010101010100101000011101000111010111111010111111111111
1011100010111011011111110101110111011101110101001101111110010101111001011001011100110011111111101010
1011111101011011111100101000101111111011110011010011111111101010100111011011000000111011100111011011
1110110001110010111010010101110101011000000111111100111001100101110100000110110111110101111111100011
1101011011101001111100001111110110110101111101111101111111101010111010011110100011110110111111011010
0111111101011111101100111110110011000110111111010110010101101111001011110001010111100001111110101011
1011101111001111111101101111110101111111011111100101001010011011001111111011001101111011100111111101
0011011011010011111111000010111001101111001111111010110110111001110110011111101011101001001110110011
0101111001111111111110111001111011110101110111101001110001110110011001101001111111000101000110100110
1100010101111001111100001111101111010011111101110111111111100101111001111111110100110101111100001111
1101011101000111111111110111111011101011100111000010111011111100110110110100110010110001110110011011
1101010110111101111011001000111111011101110100101101101111100000110111011111110110011110111110011101
0111001111101101101100111110110101111110111110111001011111001101111011101101110111101011011111101111
1101011010001101010101111011010111111111110111110011110111101101011110110111011000011110011111010111
1011110011000101111111001110001100001110101111110001101111110011001011111011110011101111111111001000
1000001111111101111011010011111111111111001111110111010111110111011010101101111110011111010110111101
1101001111111111110111111110001001011011110100011101111110011100111110111110110001101111011001000011
0100000011011111101111100101011111110111111110111001100011100011001111110111010111101010111101011110
0100110111010100111101111111101001111110110010110101111011011010100111111111101110111001111010101101
0111110001011001010111011111001011101111100100111101001010001000011100001010010000111101011111001100
1111101011100101011110010001101100010101001100111100001010011010110110110010110010001000111110101011
1111111111011111111011001111100101111100010111001111111110010011101101110110110101011111110011011100
1011100001111100100111111100101111111110010111111100111110110011111100010101100010111010001000001010
1100110100101100011100011101111111111110011111111111111101011111111011010101111001010111111111101011
1100111001011111100111111010101011111001110110010111011110011111010011101010011011101101110011011111
1000001110101111011101010111011111100100011111111011100111010100011000111111111111010001111110101111
1111001110011101101101010111011011111101111001001011011111100011000110101111001010110010111001110111
1011011011010101011111010101111010001100010011001100001011111101010000111111100011100100111000100101
0011110011111110100101111011111111110100111111111110001111101110111111010111011010111000111111110000
1011110110001101101111011101110011111011010111101100101110011111110011100100110110111111011000101011
1000000110110111101101010100110011101110011101011011110111111011100011111111111110111111101110101010
0011111101100110101000111011101101111010111001110010010101111011101010111101111101101111110011110001
1110011111111010100110111101111111110111001110110010011010011111111111111110101100101001010011111110
1111010011001011110111110111111111110110111011001111110111111111111101111110011110111001011101011101
1110101000010011101100001000101111101111110100111110110111111111010000011101101010110101001110111100
1111111011111001111100000100111101110100100000111100111101111010111100010010010100101111111101011001
0111101010010011111010101111011011111101101111110110111000110101011001101010100010010101001111101111
1011111111100101111001001111001101000111111010110000111111011101110011110110111111111000110111110110
0001101110110101101010011010011111101100101010101011101001110000010110111010111010011110000111011011
1111101011011110110111101110110001110100101111100000100001111111101111011001100101111100110100011101
0001111011111110110111111101111011001011101101111111011010010110111011111011010100111110101010110110
