100 999997
918056955 721722318 258600382 636562017 580124034 836541691 670982506 732347482 479841188 162231659 194656228 224089071 102847320 657534562 929279960 511980644 348510384 677734856 756506592 882798865 154127235 667279705 779715102 905760077 621393199 177007246 969622215 907222658 615145380 523903300 562067913 896180971 453395946 311209728 948120562 319277522 959246712 728301421 208087501 469341250 412077271 224617432 10362827 912031686 348007733 564779812 8136381 934009743 583769326 617850441 127505771 889543258 82603890 985640483 425098478 628406264 450076207 131377642 604776660 92803132 121082982 272723353 337703348 98491153 663212090 900993725 524429526 229156021 480930 935635972 356602405 615740050 517164032 622884235 793903740 19285813 780914206 416333670 625506939 955147209 136518911 97094729 953455246 387105944 186381647 319624433 535264938 4736165 967160799 25255750 287150362 679692303 926512709 866431126 638913737 742801320 244984510 649187104 27015465 721891232
0110111101111100011101010110010110101010011010010001110101011110111101101111010001110100011010011100
1011101100000110000111011101100111111111101101111111111000010111010111111111101110111101000111110101
1101011111111011101100010101111001111111001100111111111111011111011110101111111011101111100111100000
0110011000111101100011111000110111111100101101111001011011011101110110101111011100111011000000101111
1100011001011010111000110101011010111101100011110101111110100000011111001110111011111100111001011111
1011101111011110111101111100101111111111110011101101101011111110111100011111010111110110101011101000
1111110111111110111011101010100111111100101001111111111111110101001111111000110111000011110011011111
1110011010110001110101111000110100011111110100101101011110100000110111111110110010111100101111011011
0010011101000011111111001111100111100001011010001111111101000111110111110100000110001111101010111001
1010111010101111111111101111101111101011011111011010111011011111111110101010011001111001101101010011
1011001101001000001111001011110111110010111110111110110101101110011101011111010000001111111101111111
1011111100000101111111111010111100111101111111111101110011111101011101111111111101010111111011100111
1011111001100111010000101011011101101111101110111111001111001110001100110011111111011111111111111001
1101011001011011000110011000110100111101011011110101001111110111111111011110110101101100111010100111
0110111011001100110101111101010101010110101111111011110111001001011011010101010111101101011101111110
0011000111011100101111101110111111111101011010000011100010111011111111111101111111010011011101110101
0011111111010011010011100111101110101001100011111111101101110101010111010011011111111011101010011110
1000111111011010101110111011111011111110011100110110100100101000010110011010100101001111111001110111
1010111011110001010110100101110001101110111010011011011110101011011110001101001101111101110011111110
1110010111110111011010110111111110111001101111110110011001111101101111011001110000011011001110011011
0101001011110101111101100010011111101110111110111101111100100110111010011010101001111011111000110101
1101011111110011100010111010001110011111110111110010101110101111001101010111010111001111111110010111
0001111101011011111111001011010101010111011000101111011111111100111100111111000111111001101110101101
1111110100010110010101001011100110111111011100011110010011111001110011111110011011011010011110101011
0101011111111111010001110011101110011111111111101100101101011101011111011111010110010001110111011100
1110110011000011101100000011110011110111101111011111011111100101111110001101110111110101110010010011
1000001011111001110111111101100111011010101000110101111011110111111110100000111110011011111110111000
0110100011101010111100111110010111110011101101111011101111001111110001110111011010111111101101001011
0111011111110101111100011110011101111101011010111010100010111011001100010001000101100110101101100111
1011100100111111011110100101101010101001000011111110111111110101110101011101111111010011011010111001
0010110001011001110111001000110111111011001110111111111110110001111001101001101010101000111111101100
1101011111111111100111111011101001011101110001111101101111101110010110101101011101110011110111110011
1101111011100001110111011111011001110100111111111110011111011111111110101101001011011011010111000000
0111011011101011011010100111101110001010100111110100110100111101111111101111111011110110101111010011
1111111011111101111110010101111010010101010110101101101111100101011111111100111110011100001001111011
0111111100110111010101111111101110101011111011101111110111011110110111000010111110011111101111101011
1111111101011101111111011010111101010011101111111011010110110111110111101101111110101101100010111111
0111111100011111011011111100100110100011100100101111100011110001010111011011101100101001111010011001
1110010101101010011011111111001001011101010101110001010111110111110010101111111100110011011010110011
0110110111011101100101111101111100111110110010100100110111111001111011011110111110110111010111100100
0101111100111010101111001111000111011101001111101111101111011100011101011111001110111101011111101011
1000010111110101011011111000100110110011001110111100110010111011100100110100110101110100100110110001
1111001011111111011110111111101010011000110110011111111111111100101001010101101001111011011111101001
0111000101111010010111011101001011101110111011101110111101001101011011110111111100101111110111011111
1000110011111111101111001100111011111001111100011011010111110100111010011011011110011111011010011111
0101111001010110100101001101010111011010100100111101010111000101111011110001101000111010010101001011
0111111100111110110111101011111111111111110101011101011110011011110100011100101101011001011010110011
1111101001111110111111010111111111001010011011101111001110110111101111010101101101100010011110110111
0111011111111010101010111101111110111100111111110011011100110111011011011100111111000011100011101110
0110111110111100110110111110011111110101111101110010101101111110101111110001011111001000011111100100
0110001011101011111101110101111010011100101110011101010110111101111110011101101010000001010011011111
1111111110011111101010100111001100111110101011111010001011111011111101001000111111011101111100110110
1110111011110011110011001011111101110101111100000100010100110111101111111010101010100001110111101110
1111101111110010001110110110011011011011011111101010101011101111011011001111111000101011110000010000
0111111111001100101111101111011110100000101100111101010111101011011011011001111001101111100100110111
1010101110101110111011101101011111111011101111111110101011100100110111001101101001111101101111111111
0011111101011111001001110111111110111111111011110011011101111110100111101101010110101110000011101111
1011011011111110100100111111010110110111101111000101011110110000011111111000111000100011001110111100
0000111100110101111111110110111101101111011010011111111111001101100110111101111101000111010110011111
1111011001010101100100111010111011011111111010111111100011001010010101100000110110111111010101000001
1011010001111011011101111001100111010001111100100111011010110001101001011101101101101101111110111111
1111011011111100100111101111010111111010101111011110110110100011010001111101001011101011111110110011
1110010011101101001011000011100110011010010000111101111010010101000111110101110001100101110101011111
0111001011010111101101011111111011101111010101111011111000101110010101101110010111111100110001100110
1001010111000101000110110111011011011011011011110111100110101000011010001110011001100111001001101111
1111110111110111111010111111011111111111100111101011011101010101100001110001111111110110101011110101
1010111001111111001111101110101011100001101111011111111001001000100101010001011111010000100111100111
1111111111111101111101101110110111111100110000110111100111110011001000111111110101101111100111110111
0111101111000111111110011110000111111111000111011110111111100010100001011111001011100101101110110011
1100101110110111100101011001011001111101101101011101111111011111011010000111111111111110011011001010
1111001111011001000000110011001111101010010101000100100011110111010100010100101101001110111111011111
0100011110111111110111111001110000100101111111111110101001101110011110100000101110110011111111101110
1111111101110101011110111100011111101111100010101011111111101101100110000011011011111110011110110111
1111110110110111001001111101010111101011111100111010010110101111100111100000110110111110111110011111
1111110101111100110011111001000001010111100110000000110000000001100111001001010111111111101001111010
1111010000111011101101101101111111001110101111010110011110101110011111001010101101001111111111111110
0110101100011101010110000110011001111111011101111011111101111010010101110101011011101111101101101001
1011111101111111100101011111010101111011010110001101011011110011111101001110101110110110111110110000
0111100001011001101010010011011111111111101111111111111101101100111011111001110010111101111010111111
0101011010011111111001101110110100111111110110111101000010111001011101110111010011101011101111101000
0110111110001011100001111111011011111001100010001111100010010101011011011110111101110111111100100111
1010111001011111111011110100110111000000011000111101001100101111111111101011100110101111101110011011
1111110101000110101010100101101101001111111101010000111111011111110111011110111111011111111111100110
1101110101011001101110111111010111110011111011100001000100010001011001011110011010101111111001001110
0111100111101110111111110011001010111100101111100101011110011101000101101111101101110011111111101100
1110110110111110011001000101100001111001110110000001001110111011110111101111111011110010010111111101
0011011010111001110111010011110111010011001111011000011011110100110101111111110111111101100110011011
0111001011111011111111101111010110011111101110101011111101111110100110010011101111111010100110111011
0010111111111100111011101111101101011100010100001001111100001111011110110111111111111011001001101001
1000101000111111011011011110011110000111101111110111110000111111000001111101011010111100000111101101
1000110111111111110111110011111001110110101010110101000101001100110011111111111111111000100011110111
0110000101101011000101111011101111010001111101010101101101111110001110111101110111101111010011100101
1110011110011100101101111110011111011111111110111110100111101100011111111101011101101111011101101000
0110111101111011011000001001101111110001101101001110100110010011111101110011100100111100111110000101
0111010010111111011010110010111100111011111000111101101111001101111110011011111110101101111110011010
1100101111101011111111001110010101101110010110110011011101101110010110101111011001000111001000100010
1001111110101010101100111011011000111100101111001010100111101010100001110111101101011111110010100011
1101101000110111111011101000101000001001000110011111101111101011111100111101001010111100011101000011
0001101101110110111101010101100101111010100111111011101110101111101111111111001011110011001000111101
0101101111111101010111110101110101111110111111110010001110111110111110101100101011000111111101001110
