100 999995
674506773 171697413 796065250 295803731 322887174 383055838 624767101 191542457 320659495 192968486 557798200 50206758 113690302 225567449 887978060 834597449 975025754 452008190 681609757 637612422 445427330 610792707 48910849 647243712 367415677 442779263 458050532 840632136 957915763 503326273 468422767 343727373 774635108 344644630 114511459 567006195 715215121 419744176 442975623 994787834 89795743 699115394 563388643 784903437 440382965 552433330 187083620 77024614 860369269 667397431 563055396 794137746 53681328 802721762 259540284 58029797 8851436 602387970 804105393 276806811 61064552 67857232 267408646 24307163 617479599 787497510 226920076 858194276 359772913 137398902 995359864 313810779 967919283 373814206 483162574 239121795 493463614 778759937 168571548 779674694 381469524 328365218 86454325 290549985 974565405 290927097 978346366 478270651 277695063 698714668 118229700 651704766 530057395 287474930 744776231 629184672 773728423 945796010 953545417 811840629
0011110110100010111010010001110010110111001111110111100011010100110011111011101110001011001101100100
0000111100011010101101111111110110110010101111111111101111101110111011101110001010110111111111000000
1001110111111101000011001100110111100100111001101101100111111010101101011011111111011011101101111111
1010111100000101011110001110111010010011110011110111110111010000100101111111111111010111011111111111
1111011110000111001111110111011010001110111001111001010110111011001110001100110100001110111111110111
1111100100110011011111101011000011111111001111101011101011110011111101111010111111001011101011011111
0101100101111101111111001101111111111011011100010111100110110101010011100111011111101101111101111111
1111111000000100000011110100111000110101111001110001001011001111011111110010111011111011110111101101
1010100000111111100101111001101100111111011010111100101110000101110101011111111000111100111111011110
0010001000101111001110111111101110101110011111011111110011110001110010111111010010101110101111101110
1010011011010110100111111111111011010111001001101101101111011001100110001110111100001110011000011001
0110011010101111001011011111111011111101111100111011101001101110111011001111000100111101101111001011
0110001011010111011111111010111111111111010010100101000011111110111101111101001001100011111110100110
0011101111111011111110111000011110010011101111011101111010011010111111110010111111111011100001110111
1100110011111100101100011011100101111000011011011000111101110101100110111010011111101111101001011100
0011111011011100101101010110110100010101011100110111111111111011101110111001111110110111011110010101
1100001010100111010010101110101111101001111111001101101011001101101111001111111011111011101010000001
1001011000001100101011001101110010110011101111111011100100111110110110111010011000110011111110110111
1101111001011111010111001010001101110011101110011101001110101101110001100110011101111101111100111011
0101111011101111001011101000101100111111010100000011011011011011100111010111110001111111111101011111
1011111101111100111101110111011111101101100000000110010110011100111111110111001111111101110110110101
0110111110111001011110001100010111111001101111010110111111111111011101101111010111100101010111011101
0100110111101100100110000111111011101101010110101110101101111111110100111111000111001101100111110110
1100100111111111000010001110110010111101101011111100110111110101010010101111010010101001101111101010
0111011011111110111101010111111111001011100110100010011111101001110010010110010000101111110100111111
0111101101110001110011111011011011011111011111010011010011101111111111110111111101011101100100101011
0101110001111011101010111101110111011111110110011111000011111101100101100101111111101111110011111101
1100111011110010010010101110000011111010011001111111001011101101111101111110101111100011101110000111
1111001111111011110100111010011111010001111100111000110100100101001101110111101101010111111001111011
1111101100111101010011111110101011101101010110010110000100011110011111110101010101111101101010101110
0001101111111100101110101100110111110011010001110111111111001100010111111000011111110101011011011011
0110001011001111101111001010101011111111101011111111101100110011011110111011100011101111101101111100
1111111001111100110011111111111101010111111011111111011110110111010100101011011111111110010010010110
0010011000111010101011101111111110111111011101110101100001110110111110110110110010111111110111100100
1110011111011010111111110001011101001111111001100111110111001001011111111101111101001011111101111111
1101011110111111011101010111101111000011111101110001111101111110111111110101110101111111001010101101
0000111011011010100111111111010101100101000110110011001110111100111110101111100001011111111110110101
1010110111111001000110110110010111101001010111011111111011111100111011101011011111111110011100101110
1101111011101100011100001111001111110001000011111111001111101000101110110101111011111101100010101011
1001011110111101111111111110111111111110010100101111111111101011110111001111011110001101101101000111
0111100100010100111011011010100110110000011110111101000110010000101110111111101111011011110111010110
0011101111011011100100100111111011110101100111111110111110101101001011011100111101111011111010101110
1110111111110111111001010101100111110000100110101110111011011101010101101111110111111011010011111111
1100011001010101111101101110110001011101111011111100111111111110110110001001110110011101101110011111
1101010011001110111001111110010110001110111101001111110110011100101100101110110011100110111101110011
1111110101100110110001010101001111110110010110011010111011111101011111011111100111001111111101111010
1111110110111001010000111001101111111011111100010111111001010111001111101110111100011011100111001011
1101101111010111011001010111111111011110110101101101101000111101110111100011011111000110011111111111
0110110011110110111000110011100110000111111111010111010011111011011110111111101100011011001101011000
1111001011101101101011110011011111100111111110111001011100011101001111111111111101111110110011011111
1101011001010001010111101111011110101111011011101001110100110011010011101111110100011011111101111101
1111111101111101111100000111001111111111100010111110111011111001110100110100011110101011001111101011
1111011011110111110001110000101101110101011111110011011011011111000111101111111101111011001000111011
0001100001000111000111011100101010110101011111101111101111010111101101111101110001101111101111111111
0100010110110111101101101001001110011111011101110101110111110111011011011110110001111111111101011101
0111101010100011011011111000111110111011110110000110011011100011100000011111011111010110110111101110
1111111111101101101111011111001010101111111111001001111100101101011110011100001111111111011100010110
1111010101111011100101111111001001110111001101101001111100010011010000111111111001110100101111111011
0110111001011011011001111111100111011111010101011011001110010101111101111101110111111111100011111111
1011111001101111010111110010010111011100101111111111111001101111011110101101001010011111101111100100
0110100100111101111111101111011000111111011111011101100010010111010010101110111111111110111110111111
1100001110011010111011110111111011011100011111110100111010111011011101111110000111011111001111001110
0110110100011101010101100100010111010001000100101010111101011100111101101111100001001100111100000011
0000111111100011101101111111100110100001011001111111111111111100110101110100101110100101000101101110
1111010011111111111110101111000001011111100110010001010100100011011101010000111111111111111110110001
1100011111011100011011111101011111111101001101011011001011111111101111011111101111111011001100101111
0110110100011101100011000101110101111110110011101100011010110110110100110111101111111010001101110101
0011110110101111110111100111111111111011101111111101110010110111111000111111001110001111011111101111
1100101101110111110110011100011101111111110101111110101010011000010001111111101011110101101110111100
1111011110011100101111000111111000110101011001110110111000100111110010111011111111111111011101110010
1101011101001111011011110111111111111110101010111111110001111111001111010001110101111011010011111111
1011010111001111010110101101111101110010110001001101011111100101111111101001011101111010111111011111
1111110011111011110001110001001110101101111111101110111111111110010111010001111100010100111101011011
0101101011111000101111111111110001111011111011101111111111111111011110000001110111001111111000101110
1111011111110110111111111101100111001101101011111110101101001110011111000000100110111100100101111111
1011001011011001100111110110110110111111101101011110110101110010011111111100011111010101110011110010
1011110110100101100100000111100101111010111111101110111001101011111011101110011111111111111111101111
0011111111100111111101011110011011110111011110110111111101101000100001111101101111011111111111011100
1111011110101111111010000111101010100111110000111101100111011001111111011001110011111111111111100110
1011111000110111001011100111111010110101111101111111100110101101111101111111110010110110110010101010
1111011101000111100011110011001111000111101111010001000110111101111111000111111101111011110110110101
0011011100001110101111100111111110111110111011010100111111101110111011110101111010001000110110011001
0100001111011111111111011011011111010110011010000101111011101001111011110010101110011111000111011111
0111000110010101111110000100111011011110111100101110101111111100111011111011111110100010101101110110
1010111111110110101110111110010111111111111101101111111010111110111101110110111011100010101011101111
0101101011110011001111101110111111011111000111010100011111111111100111001111111100100000111110011111
1111110101101111110100001011100111111100111011111111111110111100111101110100111110111000001010111111
1111011100011111111111111111111101111011111101101011111010110101110111100101111010100000111001000111
0110111111011110111110111111110101101011110111100110011101111010100010011111111111011101011110101011
0101101110101001011111001010101011101100111011010110001110001010100101111101111111000101101111111100
1111111011111011111100010001111100111101010111011011111011011110111111011100111000011111110111011111
1111101111011001011111111101000101101101100111111011011111011111111111011010111011110100111011011001
0101110111011001110011110011011011011010111100110101010101111100100110110001111111101110111101001010
1111111111010110000101110010101101100001101011111111011101110101001101111011111000111001011110111001
1011101101001100011010111110110101111110011011010011110101111001111111100111101110011010110001001011
0011111010100111011111101010101110101000101111011110111011101000101011111011010011110110011101000111
0011011111110010001101011110111100110110011101111111111101101101010110111110110101101110111111100000
1011111111001111010111101011010111111101111100010110011110111101011110110110111010111111011000010011
0011111011011100011100111101111010100111111111110101110111101111010101111111101100111111101010110100
0011111100110101111111001111101000111011001110110111111001101010111100111010100011101111101101110100
