100 1000000
376111076 62664843 622039498 536473267 201384614 2977986 868490071 544695424 125426731 332414650 355909001 917721839 588931443 93964841 743936772 220695419 224322822 963503820 692284473 594062252 599173 136772223 931830674 756909236 276713046 527592934 931228842 475667217 492711861 454112212 211839750 246944669 178282385 402037849 193226613 920171227 515955811 949896862 297229839 563514587 725800619 18268936 514399653 822657492 433143061 654405327 921827253 456482977 675258108 279122248 895768912 849422464 35031910 814460590 906757607 345477509 94888675 696044235 984131330 901317471 952745624 539580842 357619534 274112648 916044167 915719082 302807619 897149237 888734063 671148351 138311834 825726596 694367845 631433032 89944678 908722418 888911301 391671432 735115790 674688021 516618148 798633319 131786195 653195441 335894183 301570538 536244156 68274754 293047227 716466983 409290571 84390036 549485386 867840402 40912869 720064440 418203697 5306682 983637156 444567315
0111110111110111110111111101110111010111101101111110111111010111110000011011111011101111010111101111
1011100101111111010111110101011110101111111011111011011001101101010011111111111101111111110111011111
1100111001100111011010010110100101111111111011111110111110110111001100010101111111010000111101110111
1100111101100101010111111111101111111111101110111101111101101110001111110110101101011101011010001100
1111011100111111110111110001001110110110110000111010110111000010001011111111111001100101001111001101
1011100111010101111110001101001101001101101111111011101000110110111000110011101010010110110011101110
0011100011111111011110001001100101111010100110111001111111101111111101111111001010110011000011111110
1101110011110111111110111011110010100011110001101011011111111011111111001111111101110110111001110010
1000011101010000011111111111100111010100101001010110010110111001011111100111101110100011011111111101
1111011110111110111111110111110101111111111110100011011111110110011011111011111111011101010111101011
1111101101011110011101110111111111100110010110001010001111100001101100100011001111111111111010110110
1100111111101111000111011110101010111101101010100111011011011110111110001110010111101110100111111010
0100101001110111111100111110111101111101111011111111110100111111110101011111010100111111110111000011
1111111101111010011111110010111110111111000110101001111110110101110100001111100011111101101101111101
1110101101111100110100111100111011011111101010110011101111101110111100010110110110011111110011110100
1111111100011000011111111101011111100111111111101011111101111010110101100111111111011010100111111101
1000110101001010011111111110111111111011110111111101100011111101011110111111111011011101101101011110
1111111111101111101011111111011111010110110100100001100011110101111001011001111100110111111101111110
0010011111101101110000111101001010010110100001111111100111010111011010100011111011111001100110001100
1101111111111111100011110111010100011111110110001010111110110101110111110101110101011111111111101101
1111111111010101110101011011011011101011111111111111110111111101101111111111101110111101100111110111
1101100011110101110110101100010010011001111100000111001110111001111101111111010110101111110110101111
1101100111101111111101010110011011111100110101111101111110110011111100011111100100111000101011111110
1111100111111111111110101111101111001111011101111111011111111101011001101000011010001101111111011011
1001011110011011111011010011111011011110001100111100111100101010111110101001111110101101001110011110
1111010011111011111101110011101101011111111111111100001111111101001111110111111110000011101110111110
0011000111111100110110111100111111010011110100011111110011110110111001101011110111011111110100101111
1101111111100001011110011100111101110111111101110001111111110101111011011111101111001111110001101111
1011001111111110100000011111011101010111010110111001110101111110111101101100111110000101111111011100
1100000101101111110111101011100111000011011011100011111100101111101110110111111110110011010000100001
0101110000111111111010111111100011111111111011101000111110101110001001101110111100010001110000110110
1111111011101101110100010111110010111011110011110011111111101010101101110011101100010101001111100111
1101100110110111111011111010011100001111010111111110111011110111001010100001100011110111111111001111
1011011011101011110010111111111000111100010111111100100100011111000011110111111111111111111011110000
0111101101111101100010100001001101011100000011111110101110101100110111111100010111110111010111100111
1011101011011110111101101111101101100111111110011111101011100111101011011000111011111101101110100111
0111011001011110100111111100001111100100001100101011100101111100111110110111000111101100010110101110
1111110011111111011100111101101011111000101110101111111111110111101111111111011111101111111111100111
1111101101100111111110011111111110010001110001111101111111011101010011010111010101111001101101011001
1111010101011111100111010111111110010010110100111110110111111001111000010110110010011111111111001011
1111111111011011111111100111001100010111011111011101101110101011110111110011100011111010111110111011
0110100101101001110111110111111111010011101110010111111111011010010101011110100011010001001100111100
1111010011011011000011011101011000011100110010100001100011111001001101111001011011110100011010111110
1001011001100101110111111111100011011101110001111100111111000110011001010111101001111101111110110000
0111011001111111100110000100111111110100111001010110101111011110100010011101101111101111111011011111
1110010110001001101010110101011111100010100110101110111110010110000111111110101011001101110101101101
1111111101011111111010111101111111101111001101011111110101101010000011111101111111010000110100110010
1111111010001010101010111111100111110011110110101101010100010011110100101111100111111101111111010101
1111111100101101101110111110101011111111100101110001000100111000011011111101000011011011110010111011
1011000010011000101011111110000011110111110111110011110100111101000011100101010010000000101011111101
1110110111111011001111010010010110111101010011100101111101011000111001011111110111011100101111111111
0101011101011111111011110011110100011110111000111110101111001111011110010101111111011110100101111111
1011111000001111111110101011111111111111111111100111011011111111111011111111111011101010001101011100
1111101111011101000110111011111110000111010101110110101111110001111000111000111111110111011111110011
1111011101110111000101111101011110110110110111000011110101110111101001011011011001111000010001010011
1011101111101111001111111101111101101111110111111111011011110010110110001111101111000011111010111010
1010101111110110111111110111001110110111111111000001110100101011111111011011101000111111010100111101
1101101101110011111010010111100110011111011110100011111100101111011010111001110111011010111000011011
0111011111101111110111111111111110111101101000101100111111000111111111001111000111111011000011111110
1010010111011101111111110111100011001111011011011110111100001111111110011101011111011111100101101111
0101001110011011100011011100111101101011111010101111100011010101111101110111100001010111001001101011
1111011001011110111110010111111011111110000111000101101001111011110010011101011010101010111111101011
1011111101011011001000101010111111010100110111110001101111110101101101110010111010111111111011010111
1110001110101100111111110101010011010111101000010101111011111110100001101010111101011111111011110001
1000011100111111010111101011110100111101100010010010111110111111011111101011001001111110110101111111
1100011111011111111101111011100000101011110100011011110111111100100111111100011111111011110111111110
0011111111110010111011111111111110011101001100001011111011111010100100111101111111011111111111010010
0011001110111111100111101100110100101100111001010001000110111010111000110011100111110011101100110100
0101100111010000101110001101010011111110100011101101100111110100110001100110110010001111111111011000
0101101111001001010111010111101101110110111101101110101010101011110010110111110001110011110111011011
0101111011100001101111011110111111101100101001111100110001001011111111011011011110010101111111111111
1111111001001010110111100101010101111111111111101011111011011110011101101111011101100111011110110011
1100101101011100110011111011101000110100011011111010111111110101111000110000010101101000111111011011
0111101110011111100111100101111001101111010111111111100100111100011011010000111011110101001011101111
1101111111111111101011100111011101001111110101010010101110101011100111110000101100100111000111111101
1110111111101101111111101111010111001110101110111111101111111100101101110000111110001100111111011111
1111110111000111111110101111111111010001110111110011110111001011001111000111011101101011011011011110
1110100101011011111101011110111001110111001000100111111001010111011011111101101101111000010111011111
1111111111100001111010011101111101010100001111100001111110010111111000110111110110110111001110101110
0111000111111011010111101111111101101110000010110011010101110001011100111011111011111000111000101011
1010011011110111101011011111110011111101111011111111110101110110011110100101001101101110111111011111
1111100101110101101100000011000011111110111111111011111101111001111101011100110110010011101001110111
1100101110111100011011101000010011111110101110010000111010100110110101011110111110010110111111011110
0111011101101111111110100010011111110011111100111011011011111011111101100100011101101111000101011111
1101000001111111101111111011000001011111100111011011101011110111111010001001110110010001101111111101
1101110101111110110111011011100111111101001111010011010010011011101010110111001010110001111110101110
1100011110111011010101000111010011100101100010001001110111111111111111010010101011110001100110111011
1101101011101110111111011111111111110111010111011000010110111011011111110110101001011110110111001101
0110010100111111111111110111101011010111100111111111000101010111111111101001000111101111011110111110
1111010111101010010101010011111011101101101111111000011111000111111011111001110110100101101111111110
0011100110100100110100111100100111010111111110010110110101001111001110111101101111101100110111011111
1110100011011101111111011110100110111111110101110011110010010100111111111011011010111111111001101110
1101111011111011001111111100100111111101101110011110010100100111011011111111111010101111111000010010
1110111111011111110110110001100111100111000011010111111000111111111011101111110011111001011100100011
1010011111110111010111100111011101111100111101101111010110111101110100110110001101001110110101011011
0110001110110111110010111100101001000010111110111111111111100011111111111011110011111010111010101101
1101111011010101111101111111100010001011111011001111100111111100110011101111111110111111111100110101
1111111010100111111111101111101110111100011011010111100010110010110100100111111011111101111100011000
1110011101111000110011111111001110111101101010101011011101111110111001111101111111110110111111100000
1110100011001101000111010011010110110111100011011111011011011111100001111111010111011011001001111000
