94 999993
630773667 657824341 92723361 508782492 76920846 83869360 287375493 251294734 882930646 344536135 770597189 619138543 581573498 317955821 160445506 878563315 571594129 153320095 754162254 937810192 454739384 335461881 350341458 196169464 860227568 792242333 209724468 810593714 515889814 124078587 887130880 243664324 74719751 943090220 421741427 140366211 362404052 477532886 338887981 532810247 325556717 260786503 109766234 562807146 693198941 638762313 940232794 330763530 713600347 302823602 52532006 215936471 313853028 832813420 892352158 415328138 992768694 266255480 367402480 767500682 33290744 179242436 670042834 939522652 742116599 49451207 660449791 56419456 764201351 863151888 914837544 434069125 152234421 271139788 256537976 193550701 147855342 121731440 667529418 703508065 626607306 633601744 804697252 877735655 536748405 783104665 538056084 313857866 466506378 991485903 924001463 13276469 560736209 335464199
0101100000111100000100111101110111110011111101011111110111010101110111000101111010111110101110
1001010111011101110011011010110001010011111100000011111110110011110110000011111111011011010111
0001011001111101110011000111111110110111111111111101100111110111101110101011010101010101011001
1110111110000111111110110110110111010111010011111110101111111111011011110011011010101101111011
1001011111001110100101000001101101101101010111111110101111111101010111000111111110110110101111
0111101111110001111111101110010111111100111001100100111100010110111111000001011100011111101101
0011110001111010101111110101011111110101011001101101111101101111010111111110111101010110111011
0101110011011101110100101101100101110111001111111110010110001101100111111101011111111100101001
0101110100110100010111111010011001111110011111100011100101111001001011000101111000101111111011
0110111100111011111101101111010111111111111110100111101101111001010001110111111111111111110110
1010011011011101010011100101011101101111010011111101010000110100111100011110110110100000011111
1110011111101101101111010010110111111000100111101001111011100111111111111111011111111010110111
1110101101110101111011010100011011011010011101011110001001011001101101111111100011110111101101
1111100110111011110110111011111100111011011110101101010101010111011110010100011011110110000111
0001101001000100001011011111011010010110110111111011111110110101111111111111011011111110110111
0111010101111100111100011110101100011011001111011111111110001111101111101111110100101011110111
0111111101011101010111101110011111110110010011100111101111111110100010001110100110011101110111
0111010111101101101011111111101010011000111111111110110111111111111111000111011110011011111100
0001011001011011010111111011101111100111101010110101111111101111101111011010011111111011110110
1001111111010101101010010111111011001011101100100010010011011111010100111110111011000111001101
0111011010111110111101111111011110000011111100101100110100100101111111101111011111010001000111
0110111011111010111010101111101111111111101111110001110100110011000101111101001111111001011110
1001011111100100111011011011110110001111110010111110111011101111010001111110000010011111100111
1101001010011111011110100011111101010110111111111101110001110101101001110100001111010111110001
1100010111000111111011100111010011111111100110111111101111111101110110011011101101011100101011
1011011101101011110111001011010100111011011001010111111000111111011011011110101110011111110110
0111010011010111111111111101101111111101010101011011111111100110111111101111111001101111110111
1010101101100110011111111110010111111110110111111111110110111111000111111111101110011100100110
1111100100010101011101110010000111111101101110111110010101010010000101111111111010100101101111
1111011011111110100110111101000011110111110101100001100101111011111100111100111100110111001100
0010101010101111111111010010000100011101110110100000111100111101110000001110100100111110010110
1011111101110101101011110111101011101110010100110111110111011111111110111101100101111011011001
1011011001011010111111101011110101111110111111011111101001100111111101010101110111101010001110
1101111111111000101101011011110110110010100111111111101100111011111101111101110110010110111111
1010111111110100101001001111110111001101101100100011001110101000111110011111011111111011110111
1111011111011111110001011111111011001111001101110000011110010111111101011111110100000011011111
0000110011111101010101101111101110110111111100110011110101111011110000011111100111111011011101
0011111111100010101001111011111110111000001011111101110111110110100101000111100011111010111111
1111000111101111101111111101010111011000110010011011001000111101110100111110110101111101110001
1111101101100101001111101110111000111000110101001110111010110000101110000111111111010010100111
1110010001010010011111111001111011101011001111110111010110111101111110011010111001110111101111
1111111011101110110010110111011110001011000001000111110111000111011111110111001111110010110111
1110011111001101011111010100100010111100100011111111111111001110101110001110101001111110000001
1110100111011111010111011011111111111001100010101010111110010111101001010111100101110111110010
0011100111110111111001111001101011000110101100111110111110101010001010111101101111111111110101
1011111110111011110001010111010011010101111000010011010010101011011111000001110011010101110111
0011111111110110111111111001111101111100101110010001110011010111111111110111011111000110101111
1011100100101011011001111111100111011110101011101110110010011101111101111111111111011010111001
1011101100111111010010111011100011000111001110010110111101011110101101111111011111010101111111
1011111101101101111010111101100111000101111010011011001000011100101000001011101010110111011011
1101100111001011110100101111100111101011111111011101010110011100110111111001011001101111010101
1110001011110111101001011111010111101110111001100110101010111111011111111011100110111100111011
1111111011010011111011111111011111001101011110111001011101111111111110001111110011110010101110
1100011100110111011111110111101100011101111111111010101000110011000011010000101111110101111111
0101111001011011101000101110001011110011001110001101110011101011110111011111101100000111100011
1111111111000111111011001011111101111100111110001010100011110110011110111101111110111111110111
1111100100010011111100101011000100110101111111110011001100110110110111011011001010111001011001
1011101011011100111100111010110110001100011000101000101100101000111110101101011110110111110100
0111101011110010111011111111011011101111100011000001111111011100101011100111111111100110011011
1111110011101110110101011101111101011111100100111111110110101111101101111111001110110101101101
0001101111001001111100101101011101101010101011011111101001110101011101011001111001101000011001
1011111100110111111110111111001110010110111100111111100110111000000111111101110111111111101111
0111011000010101111101100111110111011100011111101001111110010000101111001111110111111101011110
1111101111011111011111111101011111011010110101110001111000011000101111011101001011110110001011
1110010100111011111010011010011111111111101100111110101011110011011111111001101100100010011100
1101111001110110010110101110011111111010110001110011101111001000101100011111111110110110011110
0011010010111111011010010110010111110001111111111101100101111011110010101010101011110111010101
1110111100111111011111001011110111110111111001111011101111011111110010001110111001101110110110
1111111110010111111010001111000100100001111011100011111111100111101101110111110111101111111101
1001111111011011011011110111100011010100010101111011011010111111100010001111111001101000111110
0011001101011011000111110011110101000010010010111011000101110100101010011101110101111001101111
0001001101111110001101111101110111111010110110111011011110011101110010100100101011111111111110
0010001100111011101111101111111101111010101010011111101111011111111101100100000011010101101111
1000101111111111110111110111111111111111011110111000101101110111010111111011111111101011111101
0111101001111011111110101111101000111111111100111101101010110010011111000101010100111101110111
1111110111011011010011001011100111111101010111111111101111111111110011100110001011111110011111
1100101011101001100100001111111111011111101111010101111100101110111111110100011000101111010111
1111111111110111011110000010110011110011100001111010100101101110010111100110101011000110110011
1101111111010110011111011111110000100001111010111110011111111001111101010101110110011111011110
0110111101110001111011011101011111111011010110111001011101110110110010100110001011111110101110
1101100101111110111111110101100011101101010011111101110111110111011010011101011100010111111110
0110001101011110001111011010000110101111111111111010110000101111001111111101010100101001110110
1001100111111111001001000010111110101110111110000111110111111111111111110111100101010111100000
1110111101011110111011111101011101101111111111011101110111010111011000111011001110101101110001
1101010111010011111001101111001110101110001010010011000110001110000111110111101101010111111001
1011111111001110100100111111111001000010101111101111011101110111011110011011111110111011110011
1100111011011111011100110110011111111101111110110110101101100101111110010101111110101101111001
0111010011001001111111110110110100111010100111001110011111010110001010111110101011111110111001
1001111111011011111000111111100001100111110111111001111101010100000111111110010111111111011011
0111001011110011111001010110001101111110010111011111010111101010111111010111111011011111100010
1011111110101000010101001000110111011100100000111101110010111111110011111101001110001011100001
1100110001111111111111100111111011111101110011101010110101010110111111111111101111000000000001
1101101011110111101011101111101011110101110101101101111100100111010101111011111111000100110000
0111111110111111100110111010100101111111111011111111011110111101001010101111110000011111101100
