97 999999
108792620 830705309 905151032 763002958 135404711 781553316 63145694 313682974 383182952 923154144 639327381 412589866 617115749 978582613 436632440 537785726 395739912 435512863 554558956 377349800 457208500 72472681 498274051 394704565 782871874 135831397 345253500 97808537 467325557 588477083 891966498 834886976 793539698 777777264 316317533 924389348 240699740 514441403 620250899 78349171 494490702 173160278 177284671 811060437 382134242 301098719 778504668 643861864 952628487 742301395 914762590 223896674 910886287 237073788 676939857 51599039 71201669 23344474 447468357 127872951 153645888 133686647 308091407 110837313 286966992 722166273 5396000 139889510 692698004 731684617 313865990 655955329 772774991 259317169 386638614 392582024 681030112 714062973 708592863 520524123 189480477 66426253 150769025 352751600 825568982 14020688 281950701 62545726 225490913 804897445 750433540 949681481 700798123 995810530 854676316 769983229 267137101
0001110111110101010101111101110111111111011110110111010101010011101101100111101111111011101011111
0010011110110111111100001100011011011110001111111111110101110111000000110111111111101110101101110
0101101111101001111100111101001111000111011111100100101110111001110101001011111011101011010110111
1010101111111101011111101111110111101111100011101111011011011101111101110111111011010111111010101
1011011111110001110011100101100010000110100100101110110100101001111011111110011010111111111101111
1100101111101010110001111011111111011101011111110100110010110111010111011011011011111111001111100
0111110110111111111010111010111111110011011111101110100111011111001101110111100011111111001111111
1111111001100111101011101010010101111001011111011011111110001101010000111101011000010111111000101
1111111000101111110111110001110111110010000101111011010000101011100010111000111010011100111011111
1011110100111101001101111111011101001100111011001010110111111001001000001110110111111010111111110
1111111111010011110011111111111010011101110110000010100001100111101111000111111111100111111111111
1101101001100001010001100101110111101000100001110111110111110111011110010111101111010111101111100
0011011011000011001011100011111100000001101011010111001011011111110011111101110011111011111100110
1101001111000011011111011111001011111010111011000110101000101111001111111111111111111101101001011
0100011110101101111000010101111110101011001011111110101101011101111111111101101010111101111110110
1111101111111110101111110001100011110011010011110011111011111111010110111101111110101101101011101
0110111110100011000111011111101111111111101111111111111111110100111110111011111010101011011000011
1111111010110110001011110110101100111111110111111110101100001110000111101110110110110101010001111
0111001101001111010100111011111100101001100110101100001010110011101111110111111111110111000010001
1111000011000101101010101111100111100001101111101001101011110100111111111111011101001010100100011
0001101110101101110101110111111111100110111110111100011011110000001101100110111111111101111111111
1001110111111101110010100011111111010111111101011111001111010111111110110111110101110100111101111
1011111111111001011111011100111101011001101100100011101110111110111111011100111011010101100000111
1010011011100111111010101101001100011101111101011101001111001111111011000101111111111110011101111
1111011101100100101100110100111101001010111110100101011011111111111111111111111011001101110110111
1111100001110110110110111000100010000110111111101111000111110111111010011110100011100111011101111
0001011101101100111111000000011001111111100111011100011110010100101001111001010010101111011111011
1011110011111111101111010000111000110111011101100110100111111000100100011111110111011111000011001
1001111010111011111111101101001111101111010101111101111011011101000001110111111001111111010111111
1101011111111010001011101011001000111101111110111111000111011110111111111001111000011100110111111
0110011001101110111011111011110101001111010011110100101100101011100101110001100110111010011001011
1011011111011010111111111000101011101111000011000011011111110111101001001101111111111101101111001
1111111010110111100111000100100101101101000001111010010011111001001011001111111110110110111111011
1111011111010101100111101010101110111101100001011111100111011111111011101010111111010111110011011
1001001110010111111110000011110111011101110111101100100000100010111111101111101111110100011110001
1100011110100101110001110011010001101110111111110111010001111111000000011111111111100101101111111
1101010101110110111000111010111111110110101111001110011111111111110100011110000111101001111010001
1111110001100000110011010111111111111011110101010010111110101010110001111001110111111110111001110
1111101010000111110011001111101100011101010011001111100111101100111101111110110001101111111111101
1011011100101011111101110011111111100110110111110011000011111111011111111011010011011011011100110
0001100001111100111111111110010001111101011101110101100111000111110111101101010101101100001111110
1010011101100101010011011101111000110111101100110111000110010111111010010111001111110001110001101
1110011101001110100111111101010000011000110011101011010110101111110010111011101011110100111110110
1110111110100000111111111111110000111101110000110111011110001101101010111110010111111101011010111
1111011101101111111110001110011100111011001001111110011010101101111111111111010110001110100111010
0111011111011111110101010111101111111111101010011011011110011011011111011110010111010111101111110
1111111010010011111110101101111010110001111110001101001111100111001011010110100110011011110111111
1100010110011011110011010010111011010101110111000011110011101100110110111101101111100111111111110
0101101111000010111111010110110011101010001011100011110101110111100111000101011110011111101110110
1111111000011110111011011111111001111010110110100011111111011100101011110111111110111110111111110
1101101111111111110001100101010111011111011111011101111001001011011010111010111100111001011010111
1101000110011001100101111100110101010011111101111110111111110110111101101011111011000101111110111
0110111101110111110100100001101001100110100000011111001110010011010100011111011000110001111011101
1101110111010001100010001010100110011100001111011111001101101111101101010100111101101111111010001
0011000100001111111111111010101100001100000111100111110011111111100100111011100110110110111110011
1110101101010010110001110111011101001110111101101101110001111111011110011011111111110110110100100
0011011101011001101111111111110111001111111111110101101000011011101111111101111001111011110111001
1101001001111011100111011101110111011011100000111111011100110111111010010000010000110111110001000
0110110011110101101110101101001110111111001010111001011101010110110111010111100110101011100111010
1111011001011011101111101111110111011001010001001101101111100110111100011110000000011001110101111
0011101111001111010000111001111011011111001111010110011110000101111111001010101010111100100001010
0101011100111111110101111110110101011011111110111101011101111001101100101101101110101011010110011
1100011010111101011001111100011101111101111001101011111111110001111000111111111111111111111011001
1111111111111111001001011100101111011001111111101010111111001110011100110110001110011011111100101
1011100010101010101101111111011101101110111110011101011011111110001010111011110100110110111101011
0011110100011011100101111100010001101111111011010011100101111011001000110010110111111010101101110
1001101001110110101111111110010111100011010111100111010111011111110101111111010111110111110111010
1011011000110111111111101001011000101011100011011001111110111101001011001101110111100000111111110
0000110010111111111101111100010011100001111111111110000111101000100100011101110110010111010001110
1011111000101110011110111010111111100111100011101101010010101000001100101101111101001111101111111
1101101110001111111111001010111001100111101110010111001010000111111001010101001011101110011110111
0101111110011111101101101111111000011111011111110110111111110011111010101111001100101110111111111
0010110111001111110100101111010111111111101111010011101110011110101111010010101001111110001011111
1101101101111111011111111101100110111010110111111100110010110111001111110011111010110011111110011
1111111001110100111111001101100011111011011111100111101100111011111000011101101110111100101011110
1111011100111111101101011011111110110101111010011101101110100110101111110110110111111111101011110
1111001011111111111011111101111111110110001000110111011110101110110111001111011011011111111001101
0111110111101101111111111011110111010111100111001111110111000010111111000101101100111111110110111
1111110110110111101110111000110111110000011000011111110110001111000001111110110111111011111111111
1100000001110101011111010001001111111100110111111110011100100111111111010011011001110111111101100
1111111011111111111010111111001111111101011111111101001100101111011110100111101001110101111101101
1111011001111100001111111101100101111111111101010001010110000010011101101001101110100111001111011
1110111001101111111011010110101110111110111100010110111111101110111100111111011111001101111010100
1001111111011110011011110001111111100101011101101110101111011011111010001111111110000111011010110
1110111011001111100110011011111100001111100110101110010010111111010001111011111000100111010111001
0101111110110111011011111111110111110110101111011101011101001010101011111011110111111010111101101
1111111101111000101100010111101011000111000011111100011111100111111011111101111101011101000110001
1011111100111111111010101111100101011011010101111011110011110111001011000101111111111010011001111
1101100111111111000111101000010111011110011011111101111111111011111101010111111110100100001101111
0011100111101010110011011110111011101111011100110111111111010111101110110100111110111101001110110
1101111111111111100011010110001110111111101101011111111000000011110101111111101111110101110111001
0110111001111010000111011110110110110011101011111101001110110101111101110100011111001110111011001
1011011011110011001010001011110111111010101111111111111010100110001101111111011001111010011100111
1100111011110101010011010111111111010110110011110100100011111010111111011011101111001101101100111
1111111111111011010011111100110000010111111101111111100100010001010111111011111110110101110011011
1110101011101110110111111110111011010101101111111111001000111100111111111111011001010001110011101
1011101110100101111111111111111111111010010100100011111010010111100001111100111011001111101111110
