1021
384001712 32175504
507617352 137847537
709530665 231115975
931337726 323682675
116818961 37812490
909697052 573302524
55733680 11177325
165390328 40041485
10 8
443230444 362034605
109106894 30448656
360570129 151591561
136864836 29441305
131199267 111085295
905426113 549151975
137513512 38728429
58996503 27076498
613229648 453141669
168939699 133094140
913758914 763629271
750677941 226008904
894072042 823771574
1 0
576387668 483212170
314666478 223326255
9421561 9115055
342525071 311358784
823440806 153893194
496909912 414106366
842016705 599877929
338287839 34903192
2 1
511445431 148931038
8 5
75930640 810903
2 1
234920600 47397233
180411234 139161816
7 5
757343577 614956676
401893135 338825982
126043220 54112729
951958503 162032257
10 4
958667946 229447104
105179628 22457405
331750045 260564529
847223160 345675253
803508683 669995810
4 3
673889012 562116861
335963700 163109273
926391035 774706520
843865995 390728139
614673989 355350441
267655576 234174773
574489516 554362262
431464050 423847601
553891004 153420507
10 5
319921130 161623298
994020180 483096278
5 1
841849266 265208937
851527404 593989187
5 4
472041906 92759520
39521063 29572377
760334456 287801761
930320947 853046201
593213946 517008671
135844794 75893299
660476073 573747526
533521114 16823357
636151463 216338107
259096120 103730225
847485313 352714151
749068316 302011487
768451559 284066359
59909848 1996469
601662571 395422663
677921177 17295535
301553027 179272819
983766046 223145115
821881872 592344454
124953144 17202839
382248247 329011177
488106491 327817690
684821999 635983987
452949329 251466411
486059568 227766643
267853579 57292751
187637605 133688577
494512946 291962774
618837373 561535016
250992447 240173305
64396432 16951745
52039532 31294668
382545043 149669424
895734884 272499844
817630096 202409927
865922120 250930960
690312675 611635385
923593996 672084746
8 7
355704249 45831470
41776674 36550442
535523627 132264550
196618892 4657925
490299035 438197207
2 1
342216229 234175713
145101169 97392258
315866487 239164622
186247720 12368002
40220843 4608527
941897904 96359725
5 3
461082722 162742960
218452967 68763661
11847160 7839841
397333455 91514265
313116591 131039449
208711536 150535373
1 0
429520889 356812769
84030962 49407255
10 4
755317209 439621402
229037560 187382740
583735612 576015861
326993815 175088792
531407363 520907688
870546958 847586601
624058768 420302513
516330461 95364878
466256265 352243228
541109113 117464207
793317113 429133341
105258638 90204967
1 0
917621472 9094606
201743079 152695727
112720019 27982494
387523624 304992557
235326129 16877059
503596611 488983399
35004974 8515590
564926555 320869549
285324933 206056514
1 0
3 1
573076116 69522186
205624572 137347559
852261161 385398806
167050301 17971456
86908549 27632019
260503332 81288366
6 2
943729282 196442849
538075243 480324186
10 3
1 0
10 4
429753515 92441953
935134631 661201324
405117111 49145930
462204525 145815664
181767037 167143919
697284726 202011432
735337465 607284336
161501211 40582660
218806564 211474816
16751446 16339107
282468240 213759163
626704653 18526632
725408006 496803267
543375628 26350759
864007790 768624443
945615083 83954615
253253190 208257807
377652464 77229052
9 6
399287990 379801213
571911669 174848518
310559737 169133808
814789176 542504946
707139871 392881462
66737136 20404938
198586714 194940219
820230156 19127378
443992285 42618069
132498341 28517788
30206498 28044626
141642337 92773556
63365359 46668298
306310525 289082548
534908967 163973110
22344632 9469496
871087937 249318426
709989404 580054166
176191537 35183351
339396028 280810114
745556934 227253261
897304856 133087147
143528875 33612143
5 1
417671108 313205801
852611522 384762786
220835552 212177729
443609653 248754426
129815584 83393792
2 1
524202341 42942490
751156648 482983173
42494136 12554920
362941541 2502291
887076181 80512562
167806353 105754481
4 3
348228615 74716659
97930591 3247427
421262071 210445383
6 3
803955680 648376532
76140119 34531662
28690250 5436439
802871103 218313174
217851808 47850887
185017406 144992079
589577808 292783226
677237305 541918839
637661709 434931277
41213390 40763040
859105151 482760118
188724685 172905409
263525603 10175350
510493149 452206393
839807772 179171859
1 0
842086081 805831486
285498285 86281368
849231540 118014866
37660260 24839286
949579750 403501224
112159889 106839328
771273187 211858608
390812095 336658491
274981731 24672421
441594773 201544257
518376262 6769727
985868251 720135755
920536480 125822500
677669718 383792006
807252569 227304051
336428887 253054091
683343148 33165092
422772230 12398787
693377122 518559631
588086077 78478756
681643056 506822342
894504724 545401565
392200836 218586456
279744668 68950293
136953417 22927787
287880288 61384414
813282103 80518699
409237450 189551429
2 1
95297917 85032826
999799695 693174227
6 3
896857798 72445446
128642131 85124542
497736376 93732942
92769055 69564824
839093148 149169051
183808378 45563682
650138682 387899011
809316750 589188814
510739075 170586513
957405314 851855216
870874684 747314145
903321001 305227901
860412936 102460447
929668631 692683485
550679150 206749246
10 8
905540349 822726683
774823752 498797970
782189168 187535877
352333804 234093877
980290755 732501044
3 2
741716569 646610266
522144457 35992758
892780157 375823347
388700663 158283062
903562485 666738926
770382711 524450259
403526332 126625266
473078961 434636044
895858188 68931112
491532811 7357521
38039072 30461189
718739043 258270982
623677136 260533968
965141886 962842916
413258689 253835917
29173515 10673082
938348869 516261694
162065139 101215831
984652190 18471568
627031210 244744311
717729928 324426222
568970942 324064195
1 0
5 3
134766016 48880170
48088981 13697354
9 8
144836536 57529085
370519236 364967601
569017405 53150917
477505839 217360076
591660654 385275649
532958719 332951323
224929712 4630305
264409986 45197606
7 2
769234845 430731525
823121614 57190766
965580814 59591881
931851305 317486064
409294035 322666386
113032184 13994502
366383342 59280830
710153443 399469612
349995896 205360704
567636568 281382176
24917615 13943649
975502899 874102317
888994368 734061113
7 1
918120600 342694741
163400388 112657123
168601018 43194059
306262987 280027990
94709878 26759745
52005667 22422792
648193101 480016867
801089560 582157402
467840057 113770211
611425041 58339261
866309823 640265898
807041693 608353903
548207388 476587728
510142919 70124453
8 1
871693369 397303182
725919045 636144266
4 1
898992770 726016108
309025505 132112464
7 5
130885632 70064962
1 0
8 5
76383428 7845904
8 1
70180722 33757098
991846580 208021660
895789714 663075509
516499682 112117327
699933027 196576326
893658501 361367037
725510533 150968267
1 0
853137761 485091533
457259602 182123774
788466957 163904324
831422510 139051170
268679461 6955980
561056199 155841862
92141827 64332781
938685148 387123119
800885323 425601973
949051142 143312455
782694671 229900149
649717020 446535357
948107750 603082274
1 0
625732860 156040148
440915143 53883431
838225809 424624585
518826801 69464624
259748121 83393012
899862169 138495204
948875793 75689491
785885282 83300198
274965459 253080965
376053409 134005571
902317299 329561560
561172030 456004033
946240776 516930791
511217441 315433241
276899117 216452632
777472374 749337230
250185399 226835496
884781118 380068883
946665666 908125768
885297019 617953613
42645891 7379124
20509091 11742459
118641132 100619518
981382920 109549200
192446006 84835417
721806140 199356745
212395901 27446036
567885408 159087442
8 3
300073533 133914037
625102905 572247692
574170557 332973816
509870641 49544161
938318061 926740929
538825921 252834439
529172650 337646309
697415699 207734714
773623355 415852681
692308813 425933600
198488472 26709954
2 1
9351103 1777801
792012692 341442684
992029248 144440858
521195998 424104721
90873922 14828026
224781949 160204397
781474294 673728933
536110389 92405050
435023773 77472487
238373265 137809144
741596498 255094294
718457390 533745442
627456454 550005550
361553047 54315695
634810595 370308422
838008220 198085733
495958494 444921366
235733043 134561389
133942726 16170846
8 4
415869130 268902709
174638025 141008585
554673190 391309687
501157481 276364717
898710805 182545878
817676048 125911124
155638452 41360776
71338225 41991807
226155311 157730829
567296553 26397238
3 1
791644095 761090850
796737255 251717029
9 4
65170299 17748294
657785311 530447484
335979355 290200187
489251473 405581469
10 2
993784228 931920447
959295955 527576052
599184357 503301135
776848946 274268638
535662034 340460931
100485498 58618749
447481629 98868140
43562771 26948419
654301223 349732731
305927917 184941249
283034933 69002383
5 4
95040175 52930851
853199088 177187100
965395748 926916438
855540607 534285745
3 1
4 3
4 3
373550414 349817559
543554629 185714947
186420124 131051571
572528839 165020255
344970089 288091596
966789349 233088722
790151936 211602489
143193456 38616057
353168718 178133413
9 6
8 1
592272023 392933253
230924066 212783448
979472399 972834846
937719166 349964012
574909966 446362024
523568308 371517709
629100122 256030291
422572455 399041336
122872377 106754679
449657465 3109574
292990611 221093596
786700683 710335017
739577508 592633262
667560689 328305972
240205860 203889961
986542186 465293507
528729458 499280212
623007993 185654917
608577880 110339489
219899598 90752755
913470405 866915417
723123328 550501664
277228268 118154840
111156093 34681168
787930737 21555784
494156356 330656516
697656569 31980497
10 6
311528456 60304001
267927870 102764482
8 5
3 1
68653497 1921696
827144583 266012481
801822810 110901993
451223366 192143734
910338621 836955791
459498392 417431534
694976101 464364301
411154647 217493469
855759314 457394599
716741032 596353580
125671703 48637124
150163172 69750984
677713616 332523099
3 2
97294616 91811512
4 2
378108149 64219821
7 3
374966177 323806633
847630432 734853471
925919684 667453819
865187232 529904012
757468622 626718554
454530598 312658027
175350628 19314678
893497738 582914501
228990311 49223035
4 1
763439969 327406147
278997170 245908182
32436311 7401584
421415513 380191658
500519476 360139417
23096526 16244219
735489211 315602278
134113483 2228081
391040379 220827432
893100950 504817035
586964846 31856017
284609173 91725110
120530714 34948996
7 4
625517631 540347727
832370034 182985478
842951978 481681654
1 0
23766300 19897760
692409057 163228153
2 1
582903858 177725422
4 3
784223706 455761394
67416876 24653735
440747153 246516770
878190241 808780347
930283356 340690440
260127859 215734197
856027902 539991188
862326756 722401221
9 8
304593389 109752413
52004093 3331546
723560040 171313175
684489831 138265153
299703920 173077158
651522809 461924569
594095644 509593085
931498084 759212665
660789120 332172945
233385497 222091198
506610887 203903376
430490596 226225788
762804542 498314880
603660476 587748352
3 1
265306001 410621
87687641 21863868
202890170 95522398
437844325 45834475
76913832 61469663
133123530 91427290
858083085 775887678
112216505 38775903
108015650 47261267
928571636 41676405
264455671 38790299
285936900 54124393
373446287 238671589
586983763 157439905
3 1
889460211 337961129
48962698 45713280
260442429 15247476
223115200 82127339
543275525 100882202
897084442 97914453
967339624 915993805
114869061 98184684
883207620 624973348
955262680 628472522
559113504 70799703
669230852 258315591
814696459 111673885
77969279 40239540
365721812 305282470
855403845 127722834
411361820 126342096
452053179 148921644
745536979 10289111
237789565 22419420
698804005 14562854
428987219 47366091
964949581 881467915
357367332 64069234
662044658 7166239
360516746 259521372
661901978 133894016
919221741 620225635
380813657 72181933
560275395 541882439
933835587 723751638
912938998 608781280
872612815 284191128
595210543 428375333
973001473 803807163
110971308 8794893
9 7
165544701 143503759
914735542 726053310
586419041 572883535
932553619 125661342
10 6
897276548 231650858
205712338 14040931
25773806 24796098
913678775 180948704
67065060 37910900
968658658 133294928
177540474 72870088
723735196 622172556
50689599 24923305
995738704 917876368
794467001 134219122
312719296 301842927
70623376 8206402
543207404 162987460
179929707 85429581
226945836 113210740
100595980 64517054
831206858 483226960
534933978 266135813
345825834 144425801
635236184 336203121
3 2
926138739 621722793
298715116 170596838
439718705 55135216
895467001 826406998
963859375 889727203
235654821 205518574
436788117 184349705
885461684 300365082
537754318 194602636
708415478 414377288
553584651 404188490
74695069 8119167
221824190 205774022
413575237 21139271
750847389 413402466
684898556 101878247
811954172 724590891
117846992 84279215
356771932 346089604
986567014 279885876
474329310 11155784
765728508 167380507
507451002 446625255
877260167 451668195
620755520 513794857
581573257 427756489
534284908 396992183
9 5
1 0
645013004 295789030
368209853 146960613
202195087 129411979
89116579 16889983
156260262 118852831
302938867 281677600
561767880 10459007
8 5
47358598 31665185
882594829 658255625
258541653 128029480
12810800 10109311
822829032 558262145
707099224 277943647
799039005 414195411
26189936 25782602
324540974 116140996
256788901 131854299
936700611 602040729
697158316 337434074
968779412 194184981
9 3
477325625 256764549
915347065 847708527
34355958 30515808
544911369 49733966
265073752 3230743
368720766 27209402
228503961 198591896
291786347 52857515
938135799 613247419
702805017 503541401
590934494 480237097
235220765 46584359
392936948 108104192
5 3
372337923 360631686
665724466 297084445
813284900 46288745
231213020 3110058
973746689 961265564
801942971 423628884
415396147 54076694
702709587 468213302
696723179 375161740
504224174 6062474
893365950 16448591
164323118 110674295
829018345 774359016
4 1
931101631 389195027
9 4
82876190 35672175
749193822 214314061
100728779 91452133
930648042 740622827
290348231 200947346
304060243 149202888
447497880 250356236
635995781 118590670
871323983 25975905
237407143 32917272
223039458 89408274
5 1
646692989 218953243
950477560 182785298
1 0
46124312 34975300
5 1
383941274 340162408
346116682 35805116
910972923 264398080
516246168 507734963
277726134 63867240
6 5
114236362 31942376
982416255 681260656
188506541 119166814
121040337 33738965
661505117 152563458
874427431 730000891
842564596 472118433
596567820 396451870
58192385 37730070
190431714 114432205
437017998 137874339
112905680 77195588
751822111 686430786
342745293 46792954
1 0
989740586 638839430
9 5
857770817 757113075
863689058 274892855
668662048 44580163
458343901 87070559
859876931 149287238
873074788 261765602
933403872 633432356
207250122 74271055
43464003 4256729
999718412 753655438
538608394 197048537
464357624 284349267
327755232 231151250
1 0
3 2
446614989 230288333
266653188 214945416
73415003 46497387
10 9
953622748 613751676
188222274 29679809
924991233 213847882
846541648 411387065
969053356 410250770
6 4
734026201 631545954
516935346 309313096
881074015 469952844
328644617 135087474
514650052 226561140
504839340 26752407
362771417 200409071
406543682 349366378
186450857 172266202
751261476 719172259
745824145 488207207
659094665 138810829
442499792 73347862
468717470 443927254
765081346 199215051
687413378 532382701
8 5
533079855 102650628
924759906 493408701
888422161 273572400
6 2
670651022 219461519
824408163 3116855
7 6
912948774 485356654
44346337 42140556
245973719 19837650
977887001 897037285
41113061 12330760
389730565 357618852
555945400 168825633
325919362 72801241
345666706 106701852
455781342 147954004
7 2
781111134 288617209
239528088 98723848
980211627 211122890
650473698 466841250
362075161 254485346
632330478 48189941
941322911 206446097
543005248 440033393
52821852 10750585
489613363 233281835
142781260 93376917
727171472 664733656
68770321 41341649
258070789 77270188
4 3
333126286 115103545
698044633 367874265
472668945 195994425
393204284 146798043
73344423 33152882
969989059 394289732
3 2
581119446 457598864
3 1
522457860 205380932
243712807 191195818
551166841 476120605
412635022 284475538
858363035 516521028
1 0
9 2
132669309 1466874
958490631 168606455
3 1
673616485 350970707
586101251 583377798
10 8
420531604 105038288
769505786 39034495
7 4
621546450 32173279
592288949 245503207
254783651 159967338
687603882 564246998
886785906 393062177
980159116 263467781
905270771 165791431
39902278 23585588
518519017 365511528
776143441 264406498
793160919 644424551
6 1
749111606 224168455
698248145 74401569
8 3
89412253 80633779
520835611 48805886
443797278 371118222
115228282 51799340
519205871 56410337
782748368 388183863
419263741 362069829
102329239 97038
427165505 12043671
788255918 410070303
519219453 375695053
272751206 96105243
697411589 218085998
836080271 684858294
560241984 469497423
975651742 25653982
107139381 51472885
394673625 246307370
274915175 144288328
256293136 176192557
478241308 209417797
706689321 633824432
460337758 358939542
750141657 7597820
743509058 333215231
753147331 319343016
5984312 2873972
670768849 118598414
234006084 75502338
354446145 49423209
793944199 485114021
190285788 134388116
676935408 229984279
715554527 557638267
197232750 169474433
309009766 289853706
869767506 335384479
271304037 4794523
424056196 356629448
428898614 22778434
9 5
139866819 48110443
5 4
370674172 356683249
908513855 493666587
218087643 111652527
344814182 142052162
835465927 54677789
626453373 158844098
5 2
221353098 64733870
699749194 371268644
593227992 495409835
486925133 19817965
633871435 453493005
416730368 204651628
763603127 673858193
840525369 603978887
6 3
128484989 54271405
665749193 376251472
73210630 31423378
996494911 947911779
114560477 31962526
838498845 80362510
858795011 247983641
104131689 35866338
712759618 97380727
2434041 1525388
267574298 251315973
969891526 247267988
963069772 520600761
235742916 73936610
295341311 18332528
544738913 325438975
285398937 205056654
377126443 235489917
911275454 580982580
154356157 12733417
835234011 417235186
408460579 49355699
723301663 472489133
374634626 93129893
867100981 590385831
596954204 128431571
906151162 690445864
503460477 119213102
240024331 97196898
45582860 18848316
1 0
325109257 26374641
427533331 103703885
337261634 93942002
444431701 83945972
6 3
629001614 347419167
514575931 173800532
