1021
180966567 92054279
849381426 639145381
624184502 286819650
347278246 260760062
935276281 873670326
553940774 391747153
508781108 304230880
1 0
742013615 489113465
239408432 199143423
669707777 595274449
751749310 612994843
131181951 24911558
261554047 185220284
507599381 477449092
654165956 541199722
804365723 182299331
150864142 72389752
929705562 923554576
39161938 38348810
608475755 449754599
402752192 297021357
713674291 44469357
432877110 432073983
77245456 52957863
823444323 74889251
462849885 222012683
263302978 112597799
679327644 677437256
42851177 19027165
92721316 34407438
899949279 531991371
29667365 27023186
682913452 102305158
756531420 522383005
613404486 604095985
707847334 161947069
188380709 88084855
120728361 5772450
334205233 145650615
934519897 229381754
471348235 267899984
624293996 521152504
476968174 2877500
8276588 7789548
379565664 189893421
244721262 122189157
380877201 337434096
154597933 106596423
164591555 71313845
785783241 681981711
4 1
115986387 9237336
106347768 24756762
877549783 232177520
829081820 72579319
96057956 4130979
540989723 324868378
5 2
25055697 18846280
809704553 553375617
956578253 304528205
187341621 170172623
710654769 370435280
2 1
812331707 450178363
950619421 567183378
621677785 138526115
5 4
386739981 8516746
7 5
396039598 174116843
508552963 203626917
883106692 375606527
373932837 44997373
813500866 705366932
338274508 88858131
3 2
454624960 132460358
9350570 6235877
702684200 546464019
28589877 2633536
7 6
764875604 46595210
143444518 107504497
4 3
982912246 376922896
737084650 275147132
435379041 227415284
531941776 48519572
979076587 8650868
588326670 353985458
773185162 51486845
727195058 490318705
141203255 108062674
701099311 124179045
691694677 117843675
170403244 72832075
9 3
521037620 153548168
318567588 198024303
726498691 222191222
866593412 687353330
428446230 79507642
270452523 5378289
5 2
784908300 638160392
25395836 16744792
10 1
18008830 13290836
3 2
734560516 93995837
4 3
74661429 43065608
101283460 5330687
818868320 167657313
153852487 100434532
767714319 98825911
1 0
965090470 434615975
805031148 441171
389303332 159205097
462622836 133255382
630812083 455057419
736568258 368256860
675022307 28143584
304802588 253886448
24743351 9379625
729691218 90256091
303479907 148895692
1 0
3 2
660925813 616391708
7 4
460818077 111575035
10 6
6 3
3 1
93431491 3359861
561894056 459362442
515258405 359014026
530776590 128327116
48183092 11645703
537104298 434870219
124824111 101227066
478341531 366835468
94375731 48858657
7 1
422489387 7642592
207342467 783665
793991083 521695699
917887418 732066594
4 1
321536239 260904736
823087302 278112709
808211554 348646359
697835814 332371963
887025123 877209689
9957763 3059789
311138909 107193438
92669790 38859740
790130260 685251820
132930563 104077012
468813694 203599235
719372379 10956489
387133730 271925667
160197386 21660945
155471579 94589807
149526818 65477928
129754707 95112476
332199633 62613966
74614121 8567741
497850896 313943470
886471028 429058216
37602406 15803923
893540995 499364600
797053762 255467094
363124238 153126134
8 5
466166129 449512936
278725946 273787157
119360697 77132493
710616285 37360109
68721872 16864337
301299131 77216556
78699807 76515089
4351869 1162223
5 4
612913518 477557895
402668997 276866303
888795489 159800722
6 3
830113544 496225781
774647429 243687202
601524728 392980003
367228344 102555616
839854506 722570267
547996289 270645388
977091721 832643482
387285443 315111201
285657883 139988342
5 2
502571592 495320272
596821255 579293255
773131305 227354944
115705894 112625458
443076411 19325529
16353462 12980101
218185802 109580278
898807879 352172472
427276964 44923978
3 2
590777892 162718539
297971156 67357538
361563718 333890299
599835563 178878559
701601582 452697733
567280315 137704783
416838884 159742277
118977372 51901592
464464892 331312581
192106079 95746165
832956271 480206908
839127372 664252527
812622434 362282229
184114318 4838741
517352695 394146455
252212621 130861177
337441186 146941880
328654921 29794900
7 2
189501679 18900644
871597265 640772344
431471067 36679857
552994809 149461644
888526286 862267850
673626826 224404383
550443513 490122065
177037267 58883049
146080948 40758702
871301642 553236614
979972345 489557435
984663425 556122825
481232530 362852969
400933788 60920181
925163335 379482576
390797160 118457057
348543445 325140583
118236106 113178034
824726361 744574213
211474772 155382969
832176644 347203920
40218507 34416458
425472373 34297831
970543229 164702198
559585865 240762777
771332999 107368399
730382604 570767825
567620768 355524422
384003485 198036880
919046836 372506318
548519160 177881431
550793877 156616585
660401226 58064123
533432109 407665297
241981492 64830942
954097545 171569863
373018875 333390198
31991558 17375381
700980708 670572189
617749703 303212220
271538709 249500977
648708465 517336491
797917130 584316707
209373053 11260868
59091775 49686436
518685151 426452087
514431851 203498339
6559114 804788
785419385 531652645
825514922 636165844
857673107 139491625
616753051 34354000
149149554 100680301
3 1
875475964 372866726
8 3
964960818 48313597
21119317 12201855
918118626 140537411
642360640 40808339
667988375 562900017
90740539 30617113
851266359 645431984
367016232 358021392
957201923 307169978
366949284 28981767
630511984 557642297
3401569 1302892
412111662 352988589
588857316 287253575
648044212 607306387
52089867 25523603
145521431 113053315
4 3
518012876 351115499
537710804 451728528
10 4
23158210 8596529
7 1
748039336 519495712
98028173 45929998
531731392 195636597
682187660 508241292
557066951 120025738
956986874 382572051
293881397 15352639
136125859 108927745
248302273 206149822
608052197 48257952
248862535 69792304
749817187 407951969
324194074 192580255
358054487 182825367
605288699 406677409
750685077 495405835
880707951 592276006
346501933 156553810
3 2
6 4
267054155 127906193
32338317 11201403
7 5
819408531 453641203
449845008 268697725
383985828 20487859
4668024 1207843
487669785 413245008
424819558 75979661
840737162 812677664
10 1
999911822 263549786
779506989 762227733
560002165 240038414
174549368 103275705
27932163 11918504
796775598 519054109
293317344 32534610
373421696 9896025
352816309 218474933
668701113 436000937
646345869 559803456
160784718 137578688
688710590 55068019
29921359 4662162
464628352 331238684
661908510 178989335
687767676 322423049
82399404 37139339
7 3
959974268 127411706
909759081 523547683
576116136 197421662
769541178 118901329
717301060 268945472
166938836 15185469
436123209 330385226
357314459 318417394
10 2
315701157 285397621
487527994 230301062
408744970 127417331
544240626 34043994
309878595 68860504
355714420 167574754
602481747 500397817
8 1
925363702 759146381
436318001 115887462
773406150 47416803
769200296 635861455
6 3
566372810 500601227
926275543 668751889
921772618 108562944
119126246 67606918
930894 126904
443159939 108871164
397330189 161318292
347601056 324036695
218824128 70602890
966983399 964666317
6 3
593396726 195372439
129459736 44671732
161509244 102548037
7 6
738567850 326393773
925640981 506266597
350367690 270548050
846229819 33239995
10 7
607774286 127555662
172804148 94410734
714669814 506721639
348742924 342268479
977584228 763437223
853899514 622896680
724155281 18723605
561277316 261337279
155893750 123598638
440119087 219032828
482028080 444354686
872504387 324015778
667060192 629181554
307337716 304598789
584418227 558568275
232339672 138515687
447646372 318288319
897142437 91185423
670046364 244685185
896537089 267196585
56073588 18576343
727104983 505515681
827186241 681895663
683348386 266583321
5 1
1 0
8 5
305194243 47294176
232584804 202846658
909672871 390840676
990318057 157569502
11100627 119004
486899258 264412543
980575730 38822855
982219167 935171848
120286594 29869841
876502933 63740410
214739421 144145473
121998963 79978664
297806829 251750899
917681497 915743270
97254853 52918307
422437097 109603123
444074762 116943418
862172215 219172439
508971223 113619759
4 3
140248657 80937594
533313641 211380521
156656523 61614977
623456081 332334708
698980931 102754835
424928204 251114466
697700807 78627315
336778327 190954697
10435889 407679
10 3
6 4
67962138 17084000
833518593 694445946
175171217 74324743
500504724 228953729
3 1
874272308 789290999
438172566 85987337
587237178 139844990
961189289 279166596
15572198 10006901
73259764 39842141
31228714 14004754
9 2
439610762 316550197
639202816 230138312
288502122 4239580
944621792 648296389
3 1
520317586 44320208
592384533 144260016
671829611 42098027
531514695 87401102
297487494 145613397
26547634 6243998
70470625 14960191
572646200 404148033
171555857 38819630
759247727 578667021
146115832 137039327
6 2
893815978 669806674
459641906 458073943
861040252 343302761
208166319 74284098
4 1
437705196 236398661
900708956 120681081
756517206 215110273
415103067 35615255
884762992 167150601
912231902 777767365
600384360 108523379
896230691 232869481
92336738 948824
472455467 145300939
262710016 189242352
454769842 227376111
274511569 146804667
497549205 483509872
548982928 234364280
765210977 760646974
425114940 350879622
199099987 64678749
964274657 736402515
549809157 468352303
338218718 149728123
388904366 273751623
701530723 529663869
600145787 297913143
9 8
250789589 165892413
3978095 1907347
975850869 449625180
888892844 54871382
13000968 9510871
96590867 43948980
872075734 55347018
978768777 582187450
3 2
265997726 87296814
372941181 128912095
403037583 246401563
775931857 209104899
473176206 200625240
945696063 626386523
875136493 760783806
666188250 543313772
168914180 99417531
10 6
214849339 165214170
932232872 213065011
850520641 628003288
236028981 205466923
484998374 346293422
361999842 171295577
924482421 229353639
163878645 38947430
854183574 237633180
552271331 276854985
439265198 274804077
711139447 140731890
649041555 517862149
949928900 282633915
199820788 12183876
404294844 171221652
196943918 82926336
900668937 558477471
91603227 52094340
235801982 126877431
739876580 64193495
747926045 139430729
878234555 419346198
315530418 219261120
53009924 39615165
443188809 332370196
122995554 82797694
769634296 300445122
5 3
927344154 650699200
838484647 116533368
971827628 586741853
951308880 941841316
714863857 686449407
161022925 56210124
812154262 256063010
264674407 62009589
516524085 450993370
392698617 353762594
576792265 262819792
807774274 274592137
562737631 392939821
3 1
847155831 779317372
570725171 59127432
173360491 102734546
342698866 38722143
530565192 304286151
403146592 222243579
339606921 148001556
452563671 306780900
215237143 141837380
930108825 479835913
10 9
715519438 432652169
172494720 56383047
38923295 664718
451859714 264442854
650577271 149787315
186541722 49250879
7 5
774516404 565717218
237118007 173291237
794159496 354420882
339136491 108586798
326653576 238916836
640906955 187053586
270143523 128511160
599464989 67499103
673178926 461962692
93971759 65679783
861704345 214882624
210612078 53481024
231288773 126371333
2 1
3 2
415875750 210537802
994935220 550894201
818776084 30231004
269322991 246574131
278174825 176898912
679800788 453515835
528647427 94979762
353576767 228273295
326742261 149954796
72763243 13190168
89299907 77838040
4 2
388076323 132878856
403455231 244874156
797971247 644008063
853976294 728444114
431366601 155745204
207525136 119571200
528302689 480836905
465520088 149313168
763442356 705097700
144481663 135795608
150559286 1130462
704754773 246725875
797230909 93408149
180139682 101053915
971980655 828550819
588698439 177839565
950713821 283445843
897259549 371585691
807656238 357540818
919305383 739047141
166124513 38868501
547761351 122223548
960890892 891158619
359782554 292676615
376335309 292184819
595501400 388231407
889293350 529923516
716665537 67698906
848546430 112732956
627587880 408889999
801814461 63962045
713108239 250215992
103535683 92948009
611521212 163058703
423017065 338050671
738377321 453664123
189584511 43484615
196292189 144395505
8 3
383412760 3543490
9 4
935327018 273888536
82377241 9265516
613878190 489747286
862059098 259492675
809359351 39634872
9 7
417747129 199496122
441912719 435249125
249062884 162219814
51169380 23020751
43299751 7001258
619925760 525146435
857081534 490598653
822766575 157499882
272483847 227598321
122415425 23698155
709230892 102838440
5 3
187443122 108675471
841534783 733789377
904373627 648726782
842241556 361012468
192009994 159876062
389159048 33655743
225121573 57477341
843543760 363469847
722016981 636286126
949564786 248085
76908149 52287070
265357889 209166918
96248493 28635988
9 4
892136426 595275757
923666838 4684142
183476410 79310004
9 6
367667881 299770135
623261455 424477942
882383746 260097571
678970256 416582716
481121380 420589741
622382380 161457105
733759054 207866185
131889937 89685699
496386158 330247106
857226343 157897053
291588737 2964594
485599064 5624109
400698670 200456592
371080013 296733534
278894916 155246585
886748479 501241858
72051691 2520858
4 3
308076814 74398272
4 2
912309747 192127071
672439790 586178991
333923664 43149804
581312745 397773553
748804266 15611516
825020903 48447543
232620255 72510197
913636042 484442995
333601919 242281268
481586316 139201050
494055193 266014670
362296939 4429732
981251094 968429895
159307311 158461447
390652550 92570152
353546356 178381929
951228445 545608326
5 2
9 7
224976216 79279295
884339865 263337299
211956664 155372014
664508413 108716928
556856756 154784162
256214694 117891549
358876479 275953872
2 1
678020965 620780224
549428079 96293195
712753205 660183871
744385815 132178352
647982299 612130802
705254754 496457092
880781199 197972636
134685443 125113676
862893770 723473950
315180314 260910111
6 3
201748517 190383983
766926239 328411384
851746773 304865618
8 1
178533992 81840842
158635188 109250110
348023936 77437529
5 2
819730579 35647117
219902199 48588528
121018613 88897010
989384812 843298323
529666390 182876256
729421098 144475648
324305830 51432954
225874728 94529429
23050869 2737764
487200199 68097030
192038031 160321949
5 4
982611396 126768580
2 1
660382349 221377286
755019156 70578390
890456014 357115887
56101888 9683110
961230311 450121357
905785330 419666117
724396882 577195264
660027816 524749112
608157495 529695178
840052711 193309481
442598022 214338290
285436449 263904653
381298499 255284094
419741577 383697944
453668043 378751922
369696039 88389437
429544156 338367068
785568110 684364884
738120684 505613892
273661902 30365249
801349173 228672487
329055447 36029365
860698839 333203322
196261831 15599881
151758151 77801803
148355851 9710537
147472604 49120209
745692904 573956937
812361304 699749851
9356943 767655
584717737 291215804
789635627 184933707
611526459 159170536
770303450 422823937
692161296 527584204
832942755 345085758
803379160 690272813
734061897 723325460
26469399 3650980
765310192 403724543
715052706 712188401
612142847 453001867
121071688 37883219
5 3
845883314 295199988
945152638 103071430
10 3
148640040 11598290
830400295 401462260
1 0
804695771 424156404
194238348 153265638
24760349 5991793
595019469 170529113
823739599 231047162
473111823 210566492
9 7
580932132 62249276
378731643 22840546
6 3
622934439 595653047
402139490 47407659
830555936 77377992
612835187 165699871
45254637 14461450
667585348 262371707
54185150 16670700
10 2
182646306 129517202
946350492 187830556
721078718 331299838
614173256 607625019
387562793 188977119
545776765 276193439
206143620 204869120
5 2
508889221 68532204
282713899 34823888
666770686 497672248
689515487 658045442
996808958 199026755
804492719 686617685
103707156 18757442
378988433 244188176
135721700 8598340
878014059 274049510
189546643 7096782
557697124 439807440
881322017 678906997
514071590 472191768
386218119 24967389
804549546 706293014
96854731 37944822
35041266 9677127
870819453 515337743
971412548 820620414
653103736 186591959
487598694 452645048
149230386 105724790
652511287 518265332
554796088 168978885
85307937 25974471
647588788 34327023
696713810 274531778
163578337 89567116
275310855 3742390
1 0
17038066 6677020
922648282 524758545
584450567 271848207
129266115 29597046
916574794 901826235
941097400 70609477
745320843 169793773
951953777 942430382
106573654 67968486
620842472 265975196
9 3
585323378 315831448
57320152 12992908
294473334 106039176
209301994 149991780
239675037 14196923
554271352 137367074
687388017 558519871
760360488 91921271
714678800 314544839
941161203 35716966
938764932 817546223
6 1
186223211 65907011
846055361 782217106
208455343 102884223
168155002 53829533
491293254 165334489
201792024 29538170
280376323 33560875
546331306 511327362
764554668 230398321
596569584 321496370
49573406 40277736
161122699 49378669
396265154 110303341
940370757 58349552
793235994 752367629
314586779 66106760
2 1
970821776 579918300
825554429 634675910
458069872 131504666
352783948 104229794
895278903 624686384
494746300 90921955
133511039 126039508
532084448 370359325
969517994 434953900
28254637 16024065
10 7
61621438 21644635
986247708 886001751
336407151 131100387
507085201 8550362
679205838 347093496
41313689 26467475
645802321 106083304
511900728 341337053
19512420 11893751
347939401 9662065
97532173 1463869
15321416 826854
208309469 96936453
84556627 44943830
5 1
345935532 186738917
727507894 305390370
314640788 50158917
887588656 882610352
661770213 529432213
308831707 150123097
152167615 78580046
501467830 15386988
15876062 3940111
394761156 221519419
480305716 362323977
400172098 225184130
281272290 28922433
673902620 346202172
138789451 63845182
726370071 329880341
363225396 84125668
34427952 25132757
236642303 236170351
401810865 334033658
774326493 677028652
868417237 838303397
171662781 1176881
650967939 376783028
133909980 121050045
5394302 2656727
175568679 145137694
171420829 24199211
9 6
765859020 493620402
157772161 133686177
350905879 290155219
299035646 124087410
625095507 251012165
829558365 158556489
555620317 254247046
88813447 24098157
932565692 360447363
1 0
117893825 4947217
958271319 44664252
7 1
47047771 35987551
608668573 365860883
942201129 678477237
922843952 317688982
958118450 712304336
924003619 906594497
74873576 65042700
94617942 74352070
443002054 119923021
390895599 198886870
215104202 164602710
846814422 376652483
613496509 449928724
531341415 520804502
147409016 7775514
954414738 365738444
136374263 92862144
8 7
139511136 87501703
6988346 3138136
772457521 717934149
823004697 601056240
