1021
4 1
91267512 18155421
465580712 381252896
5 1
496820208 59477424
949982449 478044109
48039707 36448824
187980874 140727407
411915303 352444746
668932596 172715880
83661703 43180480
363133556 327652159
879461085 61799416
6 2
257158290 190666811
983317301 748349607
241649511 230490937
671323975 585090780
694949180 423385029
250133454 223171786
705107251 510347495
229096078 161904042
294169897 291851969
442346278 230379496
296185961 160458665
881650643 401038683
1 0
634369859 322463027
90596935 61412536
393129131 258309394
554835656 372019839
764994695 148553986
579841883 512309488
721595033 94634012
418717678 76939027
713553226 481945522
10 1
7 4
299759447 214588365
4 1
685505585 576252916
84737992 57994519
7 2
342274977 53215981
758348339 209582452
964487551 803678068
5 3
675930282 854720
7 1
72779320 8999459
241023360 5125221
878492274 614959418
90131413 79935517
901132797 94304766
821831817 8039923
910618242 409439187
975043596 221925649
916704006 444924395
3725036 1061746
845297877 96481824
791026669 609593387
906835818 623287657
66813720 56902056
837416942 82913765
352201229 96728904
119484120 45753020
767392589 393818993
352833345 78953034
77141935 47083566
6 1
973488518 475584936
640736443 630663319
744874997 221866311
309585921 151431071
314464823 149520235
252812857 93415699
311268219 200135150
73042956 30425151
961190508 459442301
1 0
391410652 174546061
405623872 112562989
136427908 79014088
209152557 84559102
898974088 331710923
719184765 21779981
184405221 174258222
626003525 58255937
276175287 84912333
10 8
871255912 531703695
307949611 136534510
605549147 181493297
5 4
669231719 248759742
98045442 54681170
420395943 274666313
3 2
234821288 33317659
60562013 25274617
810847591 720133752
999536184 201661099
1 0
19084570 14475950
55048660 15049074
757117249 239970449
3 1
2 1
806818571 711987455
483051638 68377551
8 6
107014981 91617309
444073439 71577853
646062499 102823020
2 1
405050921 204145169
595106595 199078449
137721279 64226013
5 1
403595366 167096125
806218131 208072129
519471811 289917506
511060893 84125764
433171150 325629932
537071325 129644758
194791594 184163544
157437351 56324750
603631366 571155036
144683794 2718499
760336217 362915510
596675650 236758232
139439866 27756248
10 8
241817924 102542804
797876342 543281656
958193973 865209782
877514230 351192222
2599670 179753
294832425 157573374
7 2
687093972 428865461
666657862 281541692
690062786 203671571
758245676 524123366
18231447 4687761
785971948 183716232
461575086 3782257
72084438 64469766
206598921 54156079
395761083 59233659
727321662 341916394
369734884 43808019
95757506 9223048
225264930 142805816
386016889 345051288
302784853 81001263
987813117 694772041
86971927 480619
498088962 294505841
646425453 270117277
740008969 388975239
7 4
986779857 788279766
15035318 12942622
32525726 15158572
792741323 481904205
519458996 480365059
791817441 147674601
815107476 524875131
401623013 83559021
517014662 273400684
47525756 45939121
416618645 42863332
458132543 212067316
7 4
688573222 228217112
10 6
76750068 19267955
8846048 3467674
4 1
685968620 551939181
918773434 23733839
769471151 446178697
1 0
62318800 25564915
430184747 320153553
614786447 479280999
996159037 499156340
432733678 222993744
801060582 256081326
98373615 78174530
253502238 44541372
173155153 38692051
937440641 293907659
8 5
6 4
241954171 167942145
964808999 154669890
53257686 22113205
283894438 4148153
208019511 85794087
445085522 322066650
424443493 182367443
279863043 168358999
700845001 62496946
472138753 426051114
767864922 156957413
837453236 665367432
225297202 53212088
654607095 102962163
276641845 276623126
563450756 510037453
483167423 131092267
281161622 91723301
318106780 127415038
355013604 205052395
959524290 807138497
713083371 502657884
637162267 19676838
476106538 124963285
461061181 129077698
51825094 36922679
730715315 318503314
135381058 69463964
504738736 56443421
627085043 400539212
958843204 901549323
313952742 177791013
444544545 15428545
88281652 53301147
109634991 65208239
434247351 212039551
732567224 31594266
15211283 8384616
266682639 109841933
855820395 90131555
406255202 229103456
843547810 150675195
7776079 7060500
46649705 43971537
501498909 307543207
878365768 716287091
218972960 155241230
954647150 447200818
70524510 29233170
645468255 282089054
808888124 23311454
198588283 61112492
502206089 321245800
794727665 641752975
826079832 354916082
10 1
927683050 467223423
245039528 168862963
328384136 233056257
478036401 34691209
197536249 119286334
980000083 955486919
9 1
130992287 51651177
47159025 32553090
288513326 27685256
319412192 105414863
6 1
993559006 363551543
986939081 525115517
602767582 576665868
202559494 63909927
747720135 269200833
395878896 247162809
7 4
8 7
870061824 354111398
10 1
905214886 61780338
10 2
2728490 2546853
678555455 330081987
609605332 322318095
731857631 326863998
49425755 45826755
596715756 74018660
79622354 62460654
103929417 85177275
551752910 316731756
985203904 364871952
638016138 432735438
105605564 72514886
342408837 224626188
79986139 72721817
973696968 242776295
585570685 165300754
852081325 795132272
11004408 6909609
892550353 657906645
71794014 46387561
883847001 536460606
24626875 23013805
819252106 455444950
8 6
41969918 23862123
636042134 465461386
8 7
59534278 57922296
246618725 109798271
908271651 189171033
574707755 424331374
376082279 216388904
72747560 65080253
254304749 126045666
759040367 711490258
1 0
179503925 169930162
946108771 920377385
54745033 36528329
979750142 121303690
100863551 41476250
688464769 216513811
349362952 264135779
267099631 184507116
592528101 539851413
729333718 127303106
78872383 35254307
329660683 64781854
1 0
738216090 650516403
177101876 147815856
93459701 49631247
72975806 52263415
527413773 88748024
992758539 151352258
742105276 213420005
648944159 17127685
701844725 263267591
820300825 290308676
680535718 505164078
3 2
720915845 544061364
596332028 130830717
301704948 136448276
610130558 55936804
806324245 665292384
501752831 327796256
76273572 50210384
962670897 516561631
273287270 194988908
360431966 42565060
748639829 450633178
830578049 545463028
3 1
503283996 194803227
731872072 118308984
144366683 3508505
957172784 574234540
371582167 143553265
409558041 346323706
964686883 593824351
313786399 96451918
416336797 28778923
854171494 594222677
793046445 19194039
909869714 18298586
660265847 330499448
868887479 752916074
287895404 66534854
341727186 78007471
701208591 411841721
69288971 11876861
308956452 188979963
120070236 62637735
370621343 73393996
265658572 138363265
946297421 867406387
866265072 475315925
666055984 422424927
807052847 459010978
990728774 177833155
43552489 39988569
196079022 174105419
930880654 508330942
536108985 261294765
40761436 17636436
782312635 400065844
819240548 230688729
177410883 174833699
471940532 123981115
970553201 601581612
790708221 344064538
254076646 177421180
3 1
204408478 65123620
358222699 27991701
503808714 22421911
297335207 137777193
658561406 654750800
250318947 113022640
948566805 770838397
119108881 78599729
873235189 330560302
411869871 254417409
699457854 262313566
958630070 44059706
209656481 48501113
66593613 58410708
838400181 579906334
149403558 23030488
246582008 89800460
432383752 310245320
95637756 12683376
940939706 403661199
232012308 18815190
10 7
782187094 236743107
905640659 451817119
33416881 15883438
618073076 371965393
370821362 89690669
142839564 138229358
3616499 3237542
267667117 84840912
931590178 6341550
80565528 58297955
12143162 8404884
856117244 596330106
573571358 150101414
878386031 848806510
833072481 699578286
714690391 384927511
747279371 100445571
164109400 66221593
415725434 341684116
887419478 843961794
341659557 203104224
563375434 125205226
273411036 234657423
443175367 66141261
174528259 26254710
164567654 74850944
55708563 39777851
4 2
50301950 28350637
208099975 120363743
95809833 30333610
9 5
327000815 255743429
738232044 190991008
563175601 370817641
179485137 4817763
553813438 432150831
368210042 9751139
626285463 359067721
337275153 3677556
998106647 921061110
9 7
586871616 324538854
898845241 381445084
827306027 821608163
143652420 43748108
5 3
204379004 86326403
937417392 866054349
188987482 46959827
2 1
805110657 520494888
210374182 190927447
325670301 323659548
924888830 377890545
764400336 171236420
51847714 36045211
865340256 824508099
946082295 732671200
709633804 573946576
814488848 607234072
726258399 373403968
3 2
803870672 477488601
996394342 586716059
211947397 193052878
541786190 417732295
649808216 638162368
313821546 57873219
408778819 246491435
1 0
278483386 150339638
587242877 246963303
168636730 134163321
866131066 348854753
8 1
474766259 299441274
812521574 618079864
191651968 187201402
134827169 93701183
590670037 330425557
273543241 241593386
992222246 811724352
9 6
28680360 20347093
682341561 658620265
567186630 253423501
893935322 696267122
657384948 51379778
703981206 70582044
644036770 94511337
819213382 501718967
740412204 399999855
123992216 63910081
7 2
279149244 197143103
796223818 92935375
156263802 112212276
217068460 101801684
3 2
2 1
105394664 36490352
149935994 141510868
146208742 62336788
272936642 176269230
171986982 86298845
705472090 520377329
416174309 399113990
952254318 923152555
97609063 41519842
694425916 459898361
432867309 234551695
785748724 749081852
740702521 90491024
475626287 230613089
108084630 74130255
311573900 179292632
533985443 14073954
36259821 23508517
247441806 141691529
942356294 596134663
552321780 449705860
645101999 220003255
458730516 337952301
203996427 2416843
563505136 349157254
825355226 317565784
764251983 2181884
786783816 62855602
868009787 268819662
313151891 268330455
964694728 116886912
321072154 121151238
842057675 827108093
991944744 700962176
583351470 193612872
65285280 54905931
864832418 67980019
887310176 753769383
49718050 23550565
350723677 267175521
546819485 478934827
859717694 86026653
455924925 178688909
37795655 16667450
847264898 451753396
481970087 422721190
440898408 194097928
409505113 73236800
668937096 338462373
210763695 81495398
381248060 327880417
191872795 37659078
5 4
97076033 31435408
238817807 142583282
173956685 93969226
795243905 285565697
696608950 511230438
652283699 376996548
876441772 723565813
784039970 743133172
177189756 149386502
986330401 19301709
491068119 436287987
993532362 682162966
680259249 227938336
679254829 124643852
694930943 611793306
242010931 38593926
650464003 10368695
408140382 371513930
832860720 695720584
487159455 7034745
629430413 545191932
284737863 112968773
969799197 168611028
607430573 386654496
920333693 768939358
314597247 32575389
644687511 423228486
668204106 32136962
522434672 476690282
821566609 541587203
141392205 28138910
171714738 132666127
63931227 20611100
833441726 12027974
645690544 404094964
7658735 5957737
44218282 18600408
230843717 175863712
105937984 85698363
222647449 109263959
737405019 638069171
507941050 18615082
303111331 174446949
979920592 225015116
491692497 310934487
556467851 532892055
94450884 62558159
764144887 426630135
942392640 544984619
746974132 182589358
919631706 221873365
830076824 731606499
941189560 609629742
245258289 212780359
426274840 251442855
261161179 183901232
700505797 527236762
870825825 331702798
695911577 69003900
932344451 851043573
570018030 261307958
881992273 747727173
176872361 1293801
939017297 236060757
224716487 25738297
229090399 107064649
677208655 593414914
391857586 292134085
655820601 122443670
284493327 45445153
369571925 86371343
785154608 214748647
786495442 532739444
170572398 163320996
160234738 12069380
23967548 13028900
109507410 42778460
10 3
346243533 841566
103755815 45722465
7 4
442924713 231699187
867707335 370560542
662935635 649265944
723840990 456950373
565575834 541087458
147527495 26884047
28863068 28534007
903556316 240030531
190663725 85746331
53266883 24541308
7 1
80268794 23198889
264793372 196517999
480470104 111639597
444480960 395330335
481692109 52294233
26424002 6654415
571332951 164401818
720885972 91268704
253639879 61447192
114722995 52092551
307433730 257384650
10 2
504014864 411797505
465392577 9532575
601899850 536762072
833163870 590925989
1 0
1 0
555847137 428130799
2 1
440198690 366361297
2 1
851421481 187569795
367727758 69072100
657002957 561559615
168660065 142020313
206745551 185489100
2 1
698745188 381703861
966569554 242180535
854212696 791938654
808017940 65341530
123862277 105634132
75278309 47966937
858417076 632352378
967774633 156521724
606792353 475749925
856534958 721029055
738667287 533088034
424236966 262731741
841923931 443905197
268399506 195695848
452614217 6431153
131745198 36441547
117583536 44697307
358208022 301818873
615790128 126039084
905594315 672313619
357717192 125125770
3425987 2739619
720375811 611521869
554903996 476279475
366563444 305518875
247934811 220612186
651406597 137184929
213333955 71639181
5 3
444896224 375822568
132467633 37022375
927783570 726990860
881224388 765126964
344409730 92247776
321213986 211339203
975962133 443681858
1 0
63697928 7994229
751818267 348444950
97952842 65834427
687704270 565959174
962869169 691714083
515550908 361009448
516677324 353080270
872891604 816517512
597143266 136336842
278625400 271801946
876426888 860485505
350470127 220444523
135121794 29526907
700794950 201489166
347464230 175621681
935025303 189761983
906671587 20874804
177544214 158019962
268029610 93953186
470629310 200539134
84860967 24705697
209296357 4913028
676221413 624796745
805734220 166871407
790888123 365354179
864962863 321363476
4407429 878028
728652852 649761747
683876280 142984404
299852354 195795083
487763592 431882404
10 3
406570135 260345236
861316122 837019891
768447671 657396998
634877423 108245322
755336172 201250689
613267532 365579273
891016544 6962146
383832473 351628728
446227005 121554878
522768262 28220397
510380928 325457468
217469037 84207191
195734480 152750416
296076132 109929534
828941304 581002270
5 4
523561540 50775807
495594510 253086762
450698920 3862252
210231749 37730414
195258643 28099806
526645953 331364687
2 1
877142910 824014583
101408048 8204136
270896849 264865103
335904195 67771983
30127044 22826543
710618445 471114410
443996810 238401252
653147779 447086453
609444711 366354768
254549025 39056770
7 6
751392178 62693879
719952543 714032410
418918296 163096643
944142515 389351749
180860505 50601231
809021017 309609560
906724282 27395665
246762619 43151589
131587499 21304568
850454899 338357647
497073850 373516422
3 1
446763937 166573323
183461545 121848733
639999650 24631432
356752044 228919330
459176146 108384114
699786369 669248134
448770806 27453624
641541122 322903241
721627670 399980371
33033112 24549931
514528591 116146450
367078162 187035827
4 1
191957915 139500011
420710799 38891357
620686134 190776943
466227598 281546134
479812274 138914991
100888756 27792407
5 1
450335236 446889691
7 6
516064279 420587973
18661867 5825762
984385353 919518552
776189530 584152142
622986953 616817702
219848761 34542414
334478806 28169992
6 5
200340150 87912776
931429001 370673248
827138467 697542971
10 6
475224611 222697773
714496126 29244412
333160151 27883022
282917385 21356119
6 2
117019559 72898379
358047944 155468887
202060690 188950970
855442403 568004194
33090938 9090670
670243554 193528339
151917421 88429683
681834030 78494067
10 1
255780805 51963658
748468225 606982551
519003522 104708992
419072196 138387029
721641245 195415894
840043923 644116511
531260603 483169607
80417334 50137928
265474798 206141933
1 0
484151234 434126936
528250640 218306241
422599135 375399995
899383402 53760650
916926609 46812467
347185366 104708524
484074186 326785332
154948197 125474806
10 8
446453206 137629042
805823049 506320641
412272065 294070618
7 5
206420967 103725315
5 3
345117038 282536756
635856010 66585789
301626077 100269593
117523117 30521112
748589131 164936221
442022228 379971440
773183299 687007674
732269875 263529693
564189981 282683505
504886669 68589227
263549953 32693369
75971428 58779396
413994806 308811238
272901307 218168570
770987858 746041847
334189188 208285081
207527097 38539906
49996727 49734932
82720824 48671346
480424596 257734684
604402785 240290274
265303207 35812508
772961965 323696108
885195861 775939343
250377178 28129186
9 2
120855085 2458564
20130683 7694586
767829975 378144643
743384005 275726593
17131052 4025847
920546810 12755577
16849815 6628817
136089460 63978777
791982300 675435899
923900719 809293911
800858042 205592715
711506598 70548043
82929234 47560837
4 1
875004112 131598589
616308485 21901916
829675860 320791416
156674104 48661343
6 1
466857959 340620080
739249582 84183266
65187204 49348252
451179517 445765938
323183527 131237420
765584746 183811410
9 2
128277727 15367737
181918299 76992218
174730983 91151992
10 4
461766923 336532530
438740898 404079998
550919963 426198352
275864921 267379310
928619520 624762013
264560554 77924124
331737954 89948477
823047958 730887712
539910006 278054942
9 7
180587394 16016207
297376585 55070432
774590398 185744271
229296239 166736520
833330215 660566595
235076950 888085
183047037 148318891
963726353 832425357
543402327 327566217
490435821 419642554
28713173 4107821
9 1
166352259 23670929
895574386 490334056
521952295 435281454
346126991 24249314
814368169 196074698
474109247 370017211
379689988 369207102
536989508 353425272
421326083 62864106
153811295 68459447
559891077 292219266
7 5
324280273 203008614
30607641 14960249
10 9
397338635 229556728
578771331 158546321
528710700 20622135
684349140 496061820
834065041 405412664
514099083 16300794
74660246 39987841
525635953 278686196
4 2
595879874 82958992
781242620 236067686
96522318 82016455
338627611 45941883
76985710 38716294
637127817 278143358
941140092 133667892
418037092 336400622
128775104 32370902
676207065 199567391
401409720 38362295
934837579 541819513
714039211 378844782
83538924 63560742
222093301 55926072
629910322 108416939
8 2
2 1
11157071 7689228
66658561 49664923
716810887 223070684
2 1
990158455 148742302
5 4
10 1
3 2
7 3
726559730 648831664
752838399 727799856
841489593 711540055
707625207 421889924
7886835 612976
7 2
4 1
3 2
352691808 81401058
375781486 187657813
164090472 33444136
823010172 542186495
125754599 119382393
499785194 6791009
907087097 378222035
366330668 44891698
346251455 343839406
356980037 114201564
