680
989746396 544060478
416817508 300504682
249305318 222273001
394874909 73751056
2 0
588457353 320605926
362231129 44160243
170573550 132846975
927557060 687051039
8 7
599654761 21333224
149775673 24986536
601139030 452939358
70787515 22254955
855434353 382818199
485721997 264489945
5 0
639122461 164009972
277628947 176468950
81200048 75988570
56857875 11065031
790646113 682292424
766491651 91360890
48833059 34675114
280842588 246032374
560667181 238076765
905677336 785033842
833175228 357159258
10 0
943517307 136679633
490531983 82882465
350422183 53257731
645996207 432544580
663449998 241187053
832749896 4874804
674141532 108219489
1 0
451440144 318444262
674172883 561623001
4 3
112982605 109969126
347044443 115042908
198141674 134559252
36233574 30432291
526591766 398505535
990590962 338845091
504513947 406697437
480057461 167186908
834263522 520898409
382152483 308761237
781994798 239474865
241947026 227777691
979138638 456644593
94395864 24398290
278509441 256513559
662853915 236252215
842477142 572710966
812552691 672907071
450458388 349959972
837581267 46670932
257814719 215365446
1 0
944271635 463101646
502884299 189628192
953578532 717279328
422836380 247953972
356047958 57860111
992767409 490175328
230413802 99335767
667843600 507654475
118045416 114662230
118285344 52406478
591891807 454258091
10 5
7 3
775449697 492478267
638092669 91206589
394034060 253542199
388422878 130060135
329735631 271094719
760823804 389412752
6 0
567882767 448762411
9 4
427051221 292198784
344605977 216546643
955541630 571323409
7 0
529339642 140891435
576064088 150901892
600960252 366268116
522212077 223407166
372394329 74795062
550276911 322832426
743986514 415074072
687040596 544972249
361960771 307386171
212275116 201240565
756520003 392269959
68102365 17637014
567905892 56466982
604427220 504462601
535987860 11303089
197272924 144784956
777561568 564307632
468335276 439374008
151959695 74494846
323435574 252351107
131016059 41993686
970993987 393035216
689951219 240068005
522890314 233324938
357893851 273664567
761270642 129825604
279075709 84147623
791611916 272023458
408107646 373750023
563721904 48079255
743537013 225646506
831219150 810529108
471728863 416101573
2 1
397412507 112068572
595168313 135508349
467146565 399474775
123922048 71666812
24278524 3109749
339772190 312597851
422844077 299261046
242022894 181304134
445499700 305268302
789581998 601676625
803777713 665977705
513647863 336010944
26342324 16567056
972985982 551280783
692474252 55121137
859458923 287591902
520757971 48241732
9 2
640179680 9420233
7 1
609506427 54742672
839713869 321727126
9 3
663208618 595366499
379062586 270116317
91990134 81597350
821082880 328579464
321980674 83191963
278999518 72090088
99026976 24223248
74534170 47395995
4 2
8 3
484121801 363098027
8 3
281533677 207355376
28858540 15725208
680803213 272453717
844260664 373649020
572054408 227346427
613402470 934403
531509397 525623287
941220989 609855358
323649310 290898946
443988285 346921027
10 8
687973490 164126950
129889660 92169765
839194516 359794800
281818920 249692798
237355574 158015068
501187542 357326056
963732064 317642118
211847348 15714762
506226705 57606813
3 2
6 4
281882251 214416206
918131618 466565251
10 8
692449377 595472538
794017798 55033975
669098860 224093042
193158118 145384506
993739121 744550883
780750876 779548525
8 5
757404303 43344534
297390485 8046933
284647939 176851549
530671727 254299944
374007194 143083115
247068759 186776121
359042631 100547271
718520640 366458497
361272146 84121143
459792191 394818953
495651607 386812971
147810169 99038665
695402807 475263054
50031247 46812127
3 1
299400562 266978190
140143563 62152933
8 0
428516268 363468756
539171735 507017836
38206796 37827333
863585983 321957405
277452070 276649684
943535889 136177799
561616106 291246466
858695632 629772512
442015135 337375245
638919296 443479875
473099557 248461940
388602557 365241201
104387016 91777016
430382110 290075215
107625577 37964963
827809745 327481140
3 1
385690801 279632533
947247518 202337723
375563024 309606421
536644705 525785152
35664203 26713128
9 2
287433202 9213954
866703743 627922045
484284459 90939253
242167471 147153325
305826685 1173567
905548776 766725530
901327565 345691222
900562325 376157409
181933910 106694949
713118203 378813800
33369922 4856334
489717330 308836470
914350914 732086247
811783563 664714735
264182215 111789783
766919920 203294429
729467127 233059181
4 1
925437985 213048868
592360578 77174949
468583737 120490073
802162511 720617403
326667514 89752998
621379916 150909080
349165490 41785732
754678115 160134227
314091533 173654498
164724700 102936135
411445782 268431259
255214972 395396
46138559 2547245
44400833 2622316
669440162 46280827
7 2
950280251 369178866
729704703 125314009
121381266 100689679
216090339 80195707
912302732 481453256
5 4
676140805 257307947
837117593 737006273
989289479 771275309
626594615 331326468
144584249 27694256
797706761 592626320
348992803 316053942
45233851 12498979
634358536 253495578
409895328 192419690
472697506 124411460
385829891 247949306
226798497 161651683
999678430 33056392
796900302 408147596
908746358 739935164
600506237 138305645
707082986 668090770
1840120 1578292
3 1
649443460 102337651
990619855 59718166
100185931 87064118
814695351 675742505
633822752 487927278
764946718 183405835
818504909 206726027
369132319 20437302
606219080 512352673
370475322 23874974
766128331 635673320
294936676 213938085
357370469 196479197
704445637 49205256
353921961 164776872
1 0
742495145 624281038
242958849 55866957
547700620 214052711
787436377 84934404
952356452 747437728
562155290 60191081
661444115 586683048
388145100 324267809
424459427 131866910
727474784 93832233
26564006 1562883
275671819 132796080
193499059 8870838
533900820 521148644
122399701 8186022
2 1
9 7
811246861 611440068
227140049 41138184
828204653 523028549
60452299 56961780
447339200 369691123
491563085 490305747
9 2
588170284 125740815
214672309 41690609
460664833 11410157
626821773 115026021
611603829 496926367
724418814 233317434
220733489 94031451
323010967 113232789
958680743 757769874
871371824 40540627
9 7
720950332 575458045
112642891 69405452
311029278 127236870
8 1
712042698 83031388
246843575 174802767
7 0
197496553 41544739
114069816 113343177
545184311 287178873
6 5
413545746 214238783
547244735 84204505
538347473 215827753
189498811 69638872
4 1
237950954 121307236
837113427 698980984
951288907 711234289
355499558 8946076
789951533 623595970
995242041 305476929
231109203 14116469
769513061 599170553
540530773 119745567
638806755 473797330
232218804 130459643
379284080 353165635
263163012 258011948
366355067 84117187
235311917 22030181
229778654 199483861
174629892 169159174
513607539 77193412
695951124 601595004
603797806 302629276
125584546 42682385
730985579 312941809
224509010 31207360
806279694 562113167
77945277 46332422
209669775 112916272
136620117 48472547
856339376 222068321
329908842 171715465
74832020 17845456
949381128 9606412
192237279 148871698
563855903 458262467
97432168 12559545
276615850 186102714
687515685 553871470
189908594 19956997
4846188 1599179
789543344 546516995
976685154 594023632
103267580 76284664
372342711 205635893
276806795 105103496
63262509 9558807
985133858 667567790
130604382 104864179
335926986 254297999
968656601 43961544
657895490 637074542
458624533 216250057
13437926 2614083
768300987 418505184
298389826 197129768
7915139 4187117
681285404 348294202
8424544 4267471
967474411 786100667
535528410 264883513
2 0
879497640 33575686
78701918 17877279
912791727 709703988
2 0
492928768 27498489
864176323 515685712
275908249 201914530
149477872 81913406
703258412 323645844
18068933 13404525
135096252 34766676
165566079 64413921
452514935 103151117
780281535 247543585
614249036 134133174
1 0
503956943 151232820
753586479 301982904
403738631 22406994
841907567 657429945
4 0
459788921 198075550
6 3
311739478 179324531
388250077 261876737
844774229 377154405
813966539 745048663
543149244 516610677
541068088 75121929
481810023 4651201
626930080 395200540
890428528 680214558
371836147 320310665
180128728 85230757
689024992 512857166
272105924 224388173
997296042 737946277
168254957 17453070
16130720 6400364
952816489 468210920
1 0
515336813 49033356
411165308 332892712
607662049 510933898
376686874 324363323
774312671 51447969
625612188 176988376
612398061 118197212
856471403 747776960
811471030 163741791
839213815 457536112
476345564 142865977
445842458 28580522
594594299 109335602
756521681 387388127
710972604 193042669
376445312 275053711
42140121 7346650
608247801 315858371
872301043 366728009
966215005 909059318
8 4
783744725 514783925
399892819 156141349
6944636 1076751
15406669 403147
751195560 719216755
3 1
956305053 385211704
370917702 224805267
555721385 41394495
5 1
805901552 55234789
460331016 107119016
20273175 17348240
917718420 380326120
314785337 86985023
505557855 234450829
114653281 68778935
719206488 62031801
672393874 77038200
599681821 572297100
965666421 159911380
16250586 4845433
911773478 21343749
329633436 207210101
790051450 68049981
275691181 12003006
149321380 79228479
138000452 54593580
431245223 151456757
99799626 8703276
106550959 36810327
997777514 607996351
680741213 476746242
80583061 45851670
3 0
947576758 173758978
10 1
462981883 60003393
441987652 154516055
736773740 309180767
970577360 970471688
386361661 178554306
746511683 5279231
1 0
686273667 201336839
206883015 18537896
296293506 122443342
652288148 162946355
776513462 546636935
7 1
236690395 158314860
873940827 520877906
405521076 68046681
914528359 624596223
980537573 516513660
280939885 115102951
20786614 10927625
70820654 24668075
327147268 308092509
95136797 6498788
3 1
859957272 453014686
9 1
710798271 7892974
743853810 581166956
745835922 124558185
132160909 37106437
712230960 154141803
135744539 93982612
793550882 576990604
633178953 177220914
92101589 50911361
870547614 369461250
527794522 384188568
899667809 882898322
620954805 484540905
57940902 24676644
889936827 66669608
650483209 235988971
390976473 131322664
315296488 41874339
353485758 57644138
474664296 82973942
4 1
322171661 35073814
239777500 156525610
245529175 129013017
11723125 4638405
7 3
320413573 225932861
869950337 538932724
737829300 85311146
151077741 6700381
174078480 19416406
151634024 114430648
419962131 393845068
2 0
168365560 78356020
5 4
5 1
548454644 210050403
944395376 714773511
354871777 252880683
629498019 75374359
969687412 136955958
648561067 217068443
159422768 108091665
314774407 276405664
133766912 25283633
75455908 49860643
936995110 453759193
833372124 387744305
962565013 688039141
649546471 533426696
900384943 843410840
1 0
949439319 598114191
741344703 446026809
131936910 47897184
555391233 252131254
660905463 80881654
335110630 136978877
802931868 783818242
309652076 269025945
6 5
79423364 3389443
588880015 252010505
9 8
394410503 276897265
83242974 48011902
437602863 160811874
799320243 232656446
346009 208071
742097632 318585386
6151727 3623448
353856173 99373102
673515976 655163015
144464711 99166576
4384062 3773973
372636117 285925344
2 1
705005193 678955656
491164033 69747313
49937503 6272361
586282617 432974474
448903316 95927279
398068842 156058537
879162224 469038427
67802014 47525720
713811777 331441088
22509232 2264414
467713821 179286710
839113086 325827034
864007551 322170317
766741438 737849930
494554693 29653783
620390084 405777340
747456048 624873218
63681795 8088113
24140745 4397486
185985002 69847393
871349535 862409723
329451722 164919282
741392912 695542917
7 5
397059712 368208931
6 1
170192568 43650076
3 1
8 7
253102517 241987044
582348595 61834198
924336339 271844311
713974166 317925877
793801585 114592251
10 1
3 1
2 0
539576554 22496477
620197612 504127811
195334197 126322964
891125641 782811874
677990945 586288340
866345813 326049388
377435462 213404076
694657629 258930265
22962044 7139576
488381417 177794422
863094523 52797515
498716589 209152117
358691229 209840749
418692088 245660789
4 3
426242555 392754644
870708243 635035899
965743443 273451650
868093150 765587500
203376577 84818189
81850987 11361496
633026389 271318634
537870220 79656262
361368675 99962570
