167
141669687 60370147
828411742 493203791
145698805 97542103
444606558 269356696
242605100 209366506
552215139 137235954
996186553 967725823
316050444 233976481
883083421 439372867
386906662 62491220
684831158 565671294
805629273 688909392
721252703 516609156
701406297 474451550
490731417 157835441
636439014 311876893
594045291 470364716
827044212 581754467
928192621 16237388
178497015 19217979
9 8
657819741 29712658
24686828 22103813
132578840 121284201
108207658 99389659
3 0
598826781 21130028
381449660 11814618
324327305 156417227
505276323 123071522
710818665 374243698
62137579 13315887
828232933 410804585
570387195 70130706
351334953 44372004
800253015 232379077
372509715 35070979
5 1
1 0
3 2
234562128 78522221
226510806 170525342
773061887 76536094
99562329 14861939
650007099 632810181
56314859 28952422
537982649 249947619
601276409 467005123
39684681 26041469
10 8
674074740 648862056
839853901 648449526
6 3
746723538 563355690
231832906 120456852
9 4
488137680 378760718
417300211 397989348
298902922 253205209
732719635 385782933
694457664 619508136
287428458 65995495
531897981 235034200
834857842 143582334
579278240 378423629
18939777 16806372
383782899 181294617
384212361 229711865
165069112 131010153
930576549 560375243
7 6
801538081 275124970
567545087 439057641
534043390 507124462
110250607 99070012
55702734 20001576
31423738 4568906
198967783 151679204
788059604 719454888
144571584 58198090
52663353 28629232
568991226 295689751
611461592 350497446
478222752 110933569
15035095 2222101
270731851 120621362
48395615 13646116
24937208 7444140
978111827 192378463
451993675 324145168
3 2
38199137 8886227
169472576 13330281
350001337 27544538
331627011 133357252
959302989 955917240
580765021 38674509
879994229 646697992
887943585 122545607
221916961 120453174
762651896 640554485
177925439 24288751
142439569 96729565
970841278 319928745
6 3
406218505 174794519
715827531 686852287
8 1
152136364 53472740
283622982 249883046
968022885 625786759
544419038 76341288
86732814 22677895
471233627 60228887
896512010 606371083
947097917 33094784
728296504 618109691
811651765 483693655
172684599 140135270
4 2
721393459 638585943
9 3
617118408 160849465
856535478 147015029
954454189 556063144
411987625 402640164
309843666 237962737
6 5
795194511 435094582
140899887 120517653
843928154 655697480
940515112 768190040
626067625 342859551
259535865 80158524
739033114 654527620
975117867 258664330
7814462 6402853
216042345 85219607
77310115 8795732
745445477 415343744
275282677 71318120
468858633 417667546
769809206 343299895
1 0
31192736 6096979
7716999 269797
2 1
772474653 688547786
459008997 58855667
483521633 250127288
22819659 2706685
149202331 6937672
326886480 68519890
331704386 327701168
663558190 449566270
19771802 18657455
472732834 156564399
474188209 250664423
572956409 562867621
267391496 118435875
440758650 369187940
493889925 27184080
712515834 220441963
429652042 321370763
296190290 71262800
757255050 532360185
248474960 205441405
