1011
92197291 34934944
763128312 566832415
348851999 325644666
494662325 201012849
962539763 821220380
771976508 350208475
188034854 64883577
571856410 189470727
5 4
79964860 15482672
185944675 170400647
3 0
922254891 688444742
239458073 142512654
440771590 90682986
584875700 127746651
85899794 73391748
934842999 68168583
970838354 1238360
1 0
122256821 36356293
213902335 108535346
121414125 13436716
195083490 114223584
330420008 58290089
406259782 219410387
761214084 349721651
726638247 570984502
155240785 75971647
66553054 26326248
7 5
680154662 362506785
973254678 363432489
5 4
995825642 555873735
738316062 62335015
55514511 22334934
772207995 466500757
601135566 84826284
147597179 62125192
2 1
517150761 406418501
9 3
835624977 39292216
2 1
188516331 53156987
743877208 712640640
5 3
570565180 414688713
852610391 619830160
5 0
7 5
574467854 240426270
309922630 210391551
847682972 165398228
675555728 582631488
309463722 230464691
75715451 25675322
501922928 343657355
724059439 203184090
48448172 43009205
984262371 730149577
128988690 127877726
766117552 421720945
6 3
606542371 104839784
980344112 466222328
453100434 352814298
61120282 55036165
826921351 604428403
731391600 546985474
86517009 43966627
2 1
584544877 220951893
286931298 282333762
528983976 50459673
164182826 57150173
564173914 65669983
861834327 228822400
410138900 185109101
325364536 199027198
190587785 73012912
354258898 238987743
956093418 618072430
111663538 10882069
10 3
578269500 482392401
484312876 241170843
844232921 238264959
305835658 300069499
986304672 51088017
786340263 664609591
686943496 282138141
591377938 530765229
778744302 372083327
227513583 51934740
269692243 47113797
350471526 229201389
820076063 18311933
627778730 76760174
737059435 259981462
472062691 440865364
984643658 378364043
235076257 162668003
494469465 393010880
535332141 348001862
640884014 195909803
4 0
182111857 131831942
988344000 216216374
336180661 302313678
773806986 492433645
1 0
440394741 325615222
113431918 57452737
8 6
743349663 145711399
130772435 48606885
2 0
374689108 324545690
263172934 30918147
7 0
32251289 26522716
32625909 25288665
474802469 45105603
917974253 861694339
891137264 259117783
209808360 148932102
795738672 606118397
957917413 407056313
537549269 398489147
309383230 79848409
449031557 319196817
7 3
760960616 14010463
321520251 71224135
10 4
4 3
670123177 406203581
153511464 129390494
825755930 652476465
873086688 262769819
173135670 62968084
586143256 164173660
757511815 748156576
516188926 278140678
675877827 627630617
80438269 3888514
306675161 193211194
658580121 564647155
2376852 526791
876806427 451229769
548353361 475759096
398479005 19394551
171954009 78807837
176815653 36801464
571987354 278399049
280250962 202370026
724584914 422809563
200781990 197392698
956466021 137504077
645444291 190564381
662609088 8833475
638856285 461688828
844636419 535264438
901815014 477937716
684610055 424873252
556454459 149794523
265663848 152715360
8 7
123396806 76777624
7 0
706211645 567670421
591318228 377369545
481910249 6067386
684144218 119288987
201173547 49490062
661519176 63638332
107096509 5811379
785907448 695679300
448652789 381956443
573060740 449522194
697591392 362414049
484801217 179321820
294915136 195813708
999802384 54210397
841520537 388122973
884853726 819076955
579471560 350682965
534849792 349462590
678432534 639499443
476249099 364157101
697003702 680570818
949140237 171968175
982293881 356420526
322775502 317297322
807106490 251199739
984083917 724001880
493451764 136622607
839211255 350927463
536791195 379720475
320620701 34962177
4 0
721752520 644809621
427226617 155661535
369045803 198308331
718706341 568801687
977718157 502733006
659232059 94077193
239684174 118175791
26317403 18858073
711041698 208309158
302037588 118060580
436551532 26878521
339426390 258581041
426728035 225414425
298329965 191099279
571991010 88312140
28863196 1152290
199853602 57819216
645102020 129828216
123102285 87415933
263397949 79071180
10 2
9 3
92446659 27527526
695332910 425121321
69468166 22584783
445055833 269476179
451203022 334986339
318398063 250844065
975997765 802494002
917683852 720361079
756146476 363683130
1 0
118414450 41639169
107082098 47213807
940948887 748907761
6 4
311391781 165477635
614685533 587812124
338327778 62826129
15331492 10772260
874581467 841553299
933457173 623162182
312454175 7164333
471039672 365213312
449511877 223249049
994264598 81805814
906589082 443464407
835099214 291264243
904648472 233225343
164003373 118093627
516317145 398371203
438095279 186681142
613610177 12856403
873304785 154230171
276790113 146989937
77433985 73877807
425219589 91286235
61981759 8685573
338260400 38986592
290325025 124946400
929838979 422102968
955926311 402491687
128595681 64007573
746012628 409489404
800472152 769542406
362189612 151150832
335519388 326562928
231580090 47153152
940773709 329410523
468558663 428104091
92598784 76044548
62341706 27500387
535271231 279764030
943035962 232676098
571280107 142772879
149578899 142355133
833209470 443232898
541127849 278274364
587959765 169467405
69871616 3072678
598180036 247876970
955106157 129124546
633982973 246818783
179933022 92944576
389013679 227947325
570061068 511378176
114256832 39452987
389333990 149206602
289175509 136583137
171022396 67352696
319720096 292997303
431788828 378791709
527341167 143922912
822684258 722514034
603008426 20565096
4829110 4033976
368105412 347247337
767617393 604731679
927855351 162239179
168571619 118305907
1 0
874572514 544294745
77986429 54286595
39142933 7457214
557372454 384883417
370778563 109239584
979970068 495260866
51281569 11367149
317263173 283969572
70799987 24277900
703447221 156377202
544788542 463684570
653756294 238057600
611014675 364258453
522236700 87434369
737164204 426316601
94302671 77249059
822211529 585874688
491172576 427138285
94643378 76102735
195231148 146441477
241699514 182980764
10 3
888398034 711032500
903334415 431162909
45601712 15114333
382874222 117706430
274474434 240429986
947286888 305546510
652413371 587205436
6 1
192054213 53169442
105592601 13253168
570386106 554507712
305993039 92969182
370503924 56138869
596822820 522714735
646639339 80481114
197564236 176224598
299504937 220196384
259627962 173193510
944664497 901222315
333139730 282243737
750998821 178712298
896563002 381965099
539096662 225941694
268196619 220128888
642868321 24545144
788814749 232906890
170106142 31926201
1 0
585727142 322324980
479237260 330884169
664320234 194919219
343901116 58345429
716222424 172295874
187482914 111047182
10 7
847992703 242285871
311968036 284224672
155485841 16584507
971987896 361462405
261264031 172316717
501224227 109013177
772817225 455836716
857390871 237620271
284478444 26035154
288821350 162022697
343204208 276982269
715953009 395694760
2 0
521043202 84742455
961955100 524962262
1 0
782374835 772587274
300737876 174393139
918431335 110880371
322302456 117657108
941728984 322858587
513893481 500048744
705477724 143421657
684453999 458626264
927095684 905313549
724738262 501476273
671346639 345674383
267099897 59330893
702109767 696634892
616162347 287846483
207433295 79041926
8 5
330249700 250950059
228729137 87167207
108349566 87343796
48605952 21052377
273980634 189382338
249346585 60988061
428682866 244545961
924151874 701779715
604898958 553117431
945024181 119964798
39250723 21121501
1 0
803655369 249641229
919371833 583882499
385353859 270783840
632457815 464917089
135420778 124499608
1 0
349828355 248296638
101327674 27799763
2 1
354155525 178886432
846498934 108051460
733646113 537292573
135899809 121057109
447309902 191531035
531896255 440734019
126563428 6960802
795674321 219593925
113861861 111477789
90780473 68825559
912205388 624532262
696391525 581479728
362754906 338456373
85605127 63779903
417473732 281803304
788946569 335278333
749718501 319749214
147005209 19028892
952480860 662681453
381243924 238273555
569791061 144329327
913375701 718430422
926463605 622111433
259299834 87804816
697420687 607169931
252474126 208998488
845174338 510354414
192854740 42791114
10562217 4029659
540233316 97214864
604295439 478426817
459312473 202820534
661034225 654298839
595574662 576087562
527014531 477031115
336862229 27083822
908658299 724907935
4 2
759482569 302505516
676797555 217995
391885112 208284453
10 1
988176060 226871683
502815861 222088839
910987716 636514345
1 0
252539872 172638616
648303606 203494423
961794314 345250262
107957278 19372516
858990544 293396923
807029007 129849439
535572389 264613173
884683728 196937458
4 0
322166168 271617999
444146582 44855864
707470666 301687870
834714070 750862736
4 0
312328389 11199087
474490881 360662030
134840634 102065595
281415068 213429121
827955884 825759368
287227173 256309977
85117848 22391061
482470555 431869326
125291738 78055549
696314841 26248928
379587244 333157468
204068290 168109433
315891113 235928376
439987724 61399704
6 4
5 3
610338277 239307414
813231880 28627800
861183766 8690627
721371711 183596019
855189683 788195597
131415720 907207
949396959 572372312
119379456 102262663
57364769 50173686
565323042 172436216
1 0
994789657 859605257
569862180 127648741
388174958 281724201
268304967 131010768
690080015 128945950
212359029 62137234
412835141 391867665
745905176 624636884
937982498 501890680
971051969 261204996
895362666 756471459
384759711 339725809
633879515 326178843
667368587 361735899
353121389 262965923
8498153 4491815
3 2
428914503 168070877
956547214 152680282
798983077 491995702
561667475 188226012
234558420 214453306
141050464 27243964
895630600 50715547
49680481 3569627
289368207 180142878
98295617 79841463
540853358 125848
898647369 95616549
987654708 457137423
1 0
890751204 127160100
938883850 135108066
487189323 25112006
302906423 244614690
882417976 864543650
543212394 309884062
509760046 9707860
491817903 339340205
5 3
137110083 121472583
767799517 500179433
562226065 445391327
34281949 474536
498084778 34793022
716720740 504849930
694335758 235291780
467042759 308240141
242572438 224043498
77198129 19039058
4 3
67757477 31935908
142913101 16162234
852214892 396435038
610687576 329695633
268945422 214425659
4 3
608933407 227702362
483603454 214418508
8 4
267207419 141806681
3 1
387014431 103770897
726628000 410427854
913803790 532562854
650902935 158514229
744704454 38048511
278566221 271200100
942697605 902495585
208791733 104050805
236996960 85923923
785315075 492079782
299160143 133537991
927754655 238000233
719664724 485948223
446836040 243101136
784007310 235015926
99374672 97960698
949402197 248392059
586151900 344494783
718065268 325098047
282321877 20769313
3 0
8 6
187452161 168755607
85915695 54319788
816374240 609174764
171005524 17331743
805174294 134300627
305662092 153825076
764267506 168811903
178433075 129774172
342393491 47409343
330314020 172156407
397962460 266370616
779805775 431187835
461121963 422731411
10 6
4 1
1 0
933205513 286071663
903436374 782730059
772645636 494673524
35868457 18509564
473890481 324481451
721584332 736436
831309219 688520625
2 1
511566645 433231979
88690908 42236496
6 2
368816897 202139058
178559949 71149238
5 0
866638467 572666941
353031744 338541556
229621722 82870275
955768854 554043822
120749684 69124546
332358974 44917945
721696197 423168321
175366047 6802709
5 0
510844868 185174081
994271833 836940757
334731545 167577706
76662997 8023321
532883780 288343881
892577358 107749874
263892105 103360771
157909685 18724983
157449709 82087392
424279505 244349630
672204738 225387534
288407300 28202924
9 3
405814707 292849099
726090292 672136779
49994323 45830963
10670560 1457377
105899873 23759626
493310588 335368016
395177969 188752744
452582781 245604447
226884757 209381981
556534061 28960644
166135172 7593640
541551084 327207524
9 8
9 5
918434575 329730742
449569877 2425697
662784876 525378588
168745140 118039453
532506273 393876865
745274810 235625910
975512347 94707832
288074045 15390341
299139930 263308008
882615600 669050330
937193490 580331898
2 0
485775162 282290374
173448550 73326828
572440702 567415986
269522755 151907716
229270522 142034111
7 3
143796409 53385372
4 2
458173666 453172932
986080627 787650235
702511092 363373544
967222225 382472736
491047814 346322216
849908875 493787770
485841609 128317007
457450371 332251940
50386856 28056918
689668831 591632435
580262293 543161468
8 3
426462527 142602857
786709863 152520980
779579554 712807634
329076389 222603302
524206475 71980292
152032316 79554654
674488920 673846972
120811854 115379333
365684598 252295936
38668878 37299183
289630666 182160986
843039323 661888799
119832251 114031344
961037267 154128631
504242365 134632765
7 6
906186496 412573466
572073954 483949648
243247276 99126883
958244016 900116991
704843470 358264601
996336822 157177469
945176663 244236528
259518702 212316533
753749293 309859319
99292479 6007187
799124904 726032404
248175728 44590159
472828003 397751111
830192492 160656725
784479560 145482485
404427331 327009028
950705536 834119720
381634641 278012427
640866856 287842194
405137188 389314900
988617504 95858354
186934940 137557894
681279896 470852013
988100126 375293219
307686315 201723642
129633241 53741210
766740343 96636154
714608750 342882577
901671569 245720442
750627550 119655477
768723816 106150677
2 0
390259630 261790312
20147010 18989599
8 0
63240062 48611110
999664864 417004134
596251551 51807963
687145575 263417735
164933928 100178437
124880319 124029863
310285599 171312027
4 0
2 0
872609362 485948129
270207262 23924115
168808486 19818977
8 3
943605056 215661956
925199787 66010534
3 1
395275187 284604412
977386614 43108598
717999530 583012466
167882168 79818303
74162108 1650157
188722278 56964009
896832231 622598738
873355445 142514542
573677225 432089184
832061182 545286533
439926977 111723745
502059428 98160542
815364877 554753119
18611697 13674631
574241606 532768641
781887086 616505446
104210456 59233253
94660360 11085654
818168596 772617529
463868940 368625949
975829762 263254898
17615713 16044819
55843037 36251326
254281459 22254233
633143257 542071150
353015735 68153407
714915170 375702201
17538598 10362112
530014260 288050846
274862708 178838167
886796704 774300823
558250802 501086991
342631707 151380249
6365582 5834648
55793975 39695105
293171794 177832142
942122119 7233994
265656517 41436160
568858429 25703686
593579785 105097156
346122940 265555576
337729336 141959371
126858450 28603523
813750494 441208369
456475791 27856689
959878150 777194864
91031270 83990115
951611849 403087662
94834813 73284434
467834555 444249171
456010766 382407613
8 1
536804884 266526524
401519564 208416853
7 0
901549318 746970213
412706758 201370947
6 5
690687804 75307293
965388939 327274930
51558699 36281870
907219046 388394509
939666683 770098791
327000886 87503274
16611942 3010327
93575902 17502853
890478485 670450111
952470403 824965984
337247598 113467447
545572278 169513704
978085556 198813750
80902587 60789348
716322664 474890623
754809475 536296476
64484315 47350750
297850256 81694355
140701162 43987701
677947115 613060426
993718883 444441032
3 2
662149076 4643194
389513070 221200997
539925663 150247365
600240848 170955542
859934517 780513871
307941149 290555814
785771848 22130807
8 2
802958728 542667392
263908982 153821586
164007476 131129030
384747560 222637219
9 3
461975610 402341237
521019698 311456288
974065134 18923942
68294154 44069756
1 0
508245141 75119221
687302592 674963842
536671391 414012388
556405840 416268317
934526720 63381883
6 3
692298883 18264130
21184050 5899117
165636756 2706992
5 1
169533759 74732499
859524815 371151197
749830785 431576664
500948455 80676115
17323493 5039138
688843051 401960068
8 2
435583114 393253197
528216022 465184012
859388653 356184679
546265723 498939371
988413834 857242217
150892634 146023155
288195921 281412347
741774220 260932958
543861201 34225841
2 1
708003073 664019446
499657977 334509058
153281551 95176316
853906788 517618063
10 9
4 0
964750712 567822382
531048874 364745246
869322978 190138559
8 1
788307847 74304650
560943929 130999098
360916721 26206792
985996241 551041187
207688948 99937450
1 0
290110336 126147769
23999427 2981715
2 0
243236291 1957524
581734533 375269765
21890651 16693597
542508219 482784730
614677796 218457635
961387054 30078513
263483395 147508807
352884653 102666494
872898213 267201292
342603688 86344381
687499760 584202684
160795512 154373742
6 2
833323802 30312763
897774558 105873977
412435233 179933040
585232597 180115836
802337695 589390672
647544864 506613287
859985544 833246730
411618505 331890003
805955374 341059358
163079704 38982570
407812394 280142390
652571244 119057613
3 0
774975007 751782660
785900347 376260384
419364928 71950908
8 2
365229563 319953173
265406457 70979368
74279613 45724292
730884181 415951748
946958497 412326972
736543506 70827248
783194967 578596544
325726255 264147784
229454218 132389741
745328830 189437016
48911992 44130910
301295354 288495501
948090235 441596575
704998003 476465345
561504613 125783571
178168722 151902219
939266195 245115085
609237192 437572178
261707585 166012283
7 3
10860707 3928248
888291611 687693154
430143449 245414940
403062904 117106682
703856074 572142933
597900064 352587921
768163507 387591441
477731762 253745446
735045080 209902209
293357561 200388230
907769521 282592464
284932951 139642680
7 2
148777381 76068643
247859556 73086005
127806042 78128088
4 1
243536827 45719217
794252507 351674891
838994949 488040616
689704234 217797452
258694717 199780844
129842454 26649983
962825791 27616678
393163069 97387292
535033884 289246157
734904561 41656411
901937560 24772212
502503481 352622333
181296701 106016733
489064843 483462245
468681809 33102040
714927090 99702185
61538579 56460792
604663097 549410545
292757472 127438644
198775841 121136627
694187867 470977818
308602833 244955809
306871254 239182523
597711117 264200971
453983792 202770401
173250940 52663824
151174156 112687662
96321876 81417897
382410057 171565832
382291126 127965873
32235920 28758005
315697622 244440073
9 6
19124798 14452269
7 3
6 1
458231630 309959591
103322914 86717124
976470357 375342285
504532781 113870492
345795598 66028916
439947360 270581987
378206159 96578045
263949421 175851326
655840454 245822924
341667969 60694509
994554022 607342599
923850267 718651912
900012325 800744964
259212958 211812755
