998
77136352 43782626
636191822 302004159
5187746 3999067
12627987 5711426
915231185 13224730
7 0
5 3
109082729 90695184
574785021 104098993
443977978 92667298
681255284 408070043
455438014 316146872
937175258 407285413
610298883 103728714
199773764 41578484
775193555 730229660
10 1
859767687 394099935
640564765 12850235
699847904 480860338
561248230 49973293
19686182 12984605
1 0
733270721 552054574
605494968 171768442
945045995 431609991
439739244 387371136
8 6
896722276 721754558
844673250 796178486
801361643 248195619
869467375 441817511
5 3
881246989 715139122
594501199 488848260
1 0
114954647 72114327
192503091 63054655
460807166 191695908
920672853 570029164
439409131 368656916
79673533 33965985
399505397 275808306
23000406 2427452
740701030 335805184
403677605 310221868
105932830 101626094
544137114 238539578
423782677 148686619
617881463 211405803
4 1
490224732 8057412
5 2
890960872 258259059
8 7
858419788 191503620
306095400 64119990
951557322 197116465
478416299 372416695
721123463 481633519
7 0
522586861 490219359
371736442 333178898
369360653 285197709
477746496 694419
296443802 170585807
247726119 207885728
150363293 42887181
261980170 34073563
133291033 83631296
254983352 240019188
130012089 1558151
754234067 557178263
609392863 382182859
573343018 29803019
167889943 136949533
428892192 194419940
201865679 133821701
943691192 896286041
586151586 501169771
605428233 420678370
562807541 158195079
397272631 390945339
816816295 276279320
334388867 157967875
302606372 241138785
987540947 591710524
404760282 224648587
906574568 359834927
462126060 193013414
936178475 56861082
564617178 471460101
345870875 200851529
598364934 537095432
631560273 342170924
655382973 605022878
839996353 336195976
393808213 254318839
529052385 376017429
203818593 56235038
329839540 134644856
13380192 6536815
779604572 387903521
7 1
414298800 77276869
378411072 74489175
917722379 214378506
228996621 8979240
696377726 463301720
121644881 82651439
539062064 33720512
510924085 506533883
828305689 814495315
9 2
935762982 167995653
600146939 589647961
460339746 295104996
914575001 257970845
9 3
919645973 793455923
898672772 325005303
3 2
8 4
608067043 539682067
505952157 387806954
76002465 72774435
5 4
9 0
764290605 332039477
505808034 83330337
804877109 70059538
935188949 57509075
209473880 140542060
774323693 439479410
704348331 288016630
345401897 333874056
2 1
424669977 92770376
236343584 149511188
592318238 464670410
155124576 22259445
226584409 25504960
744819414 57252901
678035234 27979232
952561694 545237858
580513714 161843353
923810799 275220337
889697498 219152027
81803177 11338232
580305638 570509190
481634585 433775414
5 2
847675958 419153964
610581764 253889988
339898132 137247271
555882657 400258043
955625024 830497774
412056551 164946076
461632995 282121364
2 1
176413578 171820701
724790917 104302421
46164493 23917222
338905479 87973391
993817489 265916406
721591321 134102319
784297610 317088802
755770540 234611694
127099222 72026839
347213556 245347535
422079090 38795537
916253836 328283737
960957803 729946426
901199615 719268583
109461420 71885514
105810825 70791872
648593524 619800084
68329975 7538183
418737059 238748750
408555202 67280052
288079547 159519410
760657234 730721427
125515987 19392801
733130606 471373817
766989478 740389441
3 0
637422277 267134304
897833255 461008406
795459239 648451014
205092985 29559072
677766602 401744455
770268722 646882545
750193319 585937815
946224763 266280838
210588524 191655241
427871101 266391448
156581583 148061376
989191675 141893939
185612382 15260647
964838685 764520264
1 0
234158797 20699814
352899325 239301321
498316728 95736629
5 1
177110672 3791443
613030061 455491180
448632074 307124428
98833222 57413697
383981500 270800624
365155231 211697533
359115737 268713124
344820461 127538494
551476741 437873918
980773630 540857982
130366596 91879661
9 0
287037560 61148973
692432060 504214722
8 6
507653470 78802552
223058687 25440654
395233618 162601732
270684336 133745545
183244563 114383929
603142882 291406595
999108764 878495927
716272535 374344627
121744697 106149410
743450525 295477925
231285894 42609949
384893787 283821809
943850202 345545614
578247736 236822906
590997960 43097005
7 2
243194425 178376031
513961154 414987005
686818677 14804923
302595326 123671110
323575164 30446634
812543308 521285622
804639660 739444281
632021215 49556907
825160102 361672486
779320806 714328775
852576830 573950503
5 2
637696601 298329331
428931905 219840321
368933823 22560961
122825648 46147597
487845053 372996462
692862142 180996143
9 0
557499477 514943616
19672344 15126538
371915898 304994332
847755076 709791163
397578785 289953403
698408456 490013120
10 5
484176120 434229913
270943316 204276819
6 1
4372654 2152555
10 6
881186892 704475514
141097189 86724660
134673323 82144094
411098192 49858577
4 2
819531225 153013592
666405499 5506769
852103068 423721353
957621669 204050090
114335895 9503904
234752630 82398985
856001544 737679969
7 1
906650360 150341888
394466236 188847217
988877256 149640391
194890565 103439875
6 1
431970173 352951755
465783129 31781424
459131157 35470880
973230121 632588985
647537385 200879472
234392545 132896641
85435734 7997996
382169800 21980235
804155769 129690865
506034777 103156456
129203513 115476827
638336515 51244174
319491381 222584125
670143855 652010375
739556285 55837650
178290123 56348902
461570849 83665648
554697580 481160631
5 1
925958581 452180678
564865238 263924894
67474836 54125967
798271418 505879265
124486424 47366859
290187690 208704707
645599712 502083761
853096211 599290317
464088379 433984279
846074235 524328914
382386494 64867144
378440325 311929026
7 4
2124894 1176562
54224357 13925982
314536480 119996039
807017892 240990093
527645259 75293557
845214544 229878594
643350108 477363662
373693163 330634120
332030454 129997403
942013649 269072527
607412841 138543162
664246947 7403567
328875675 98522763
371488039 166023250
170104243 34153660
304491611 298466293
851514128 437451752
927337068 455771209
154026699 21640243
179980883 110626613
897813153 670434249
29047950 17715111
475251749 418379337
150646126 69718595
577516807 507796014
682956482 37879212
6 5
250837223 163254021
542923582 241866364
925413984 497786395
9 1
954659415 623694713
116584054 112717868
873525577 725493659
595810334 14904334
611109373 549183788
502700278 242385950
171735540 45122459
8 5
8 5
368789274 177227368
6 2
878664562 705478449
94336182 10841338
9 2
996859716 846715754
951987561 407362995
329240721 257439413
924129558 450390768
957132525 278261903
118793465 12362760
228931374 182291814
615907696 337514094
4 3
792308132 53221854
385069713 220724451
872990546 691183126
588554073 245555284
375378670 349618253
393209749 266179950
6 1
370832327 251944015
838295010 152842234
816153157 246018927
949483435 901406506
934863556 343899363
898932647 655490995
9 2
165545997 161139103
233671614 149912425
188245243 137250352
6 0
781924210 303953614
5 3
6 2
1 0
591186150 79279380
845525900 707664134
39245576 35234418
540419836 126441608
248072588 122306658
7 1
548882584 511125454
55326002 27626368
754184787 450775263
95999114 23071474
2 0
754443816 654359957
940268442 746414388
435216525 123310657
798412442 367646397
262553449 22198867
167371768 10930049
617777328 509954045
500131779 217403750
89888356 46735213
2 1
353247255 134615504
630189953 336539917
480622228 474493154
357360816 253432103
682803853 422090929
287930370 236415315
8 3
313611612 138211869
160901266 21892952
683092418 555203672
243817372 105432774
6 1
60044348 20418010
6 0
927785124 689028088
953009707 527779377
167753157 78891420
77162344 70322618
395194873 77275621
374875380 305484999
994193663 263760396
944374883 342492575
683703571 658959913
837645397 655862043
319501332 71368912
544216947 434046587
165451906 52839687
62221245 23127324
418044092 104798971
992578509 864949242
223159008 179829304
798833257 177251778
327927373 299809177
18647320 8949444
450975383 366634851
851434954 524405989
195442490 40674124
650383315 179021739
873578690 739670090
238466733 145517103
257679680 43574577
404956741 39589166
420434402 363950563
266437352 150916900
184902221 155260532
4 2
450720574 449393185
511433944 29179901
782670509 283233883
584272310 376201564
36443465 6827190
858478451 621165384
618278269 436067341
3090443 1866019
112688883 14178152
163632982 19302341
353200905 203169879
433839542 13120604
622689008 295579731
646628591 478421954
118957593 18957664
332446887 257102402
634405910 405408613
180366329 14214406
91294808 48887138
368125880 299300659
640111627 113060687
643723758 178795599
973243189 93219620
472431526 67470955
376914643 54715543
403390061 224465477
124232681 28961125
32074249 18926704
710424360 576667607
193227159 146003139
501231520 16815234
19193600 11167768
418412389 286414609
273582925 265718384
176820397 37801951
2 1
622864355 378419061
601135374 112320285
92423530 8403456
8 1
1 0
297149520 15599828
1 0
505980858 402247224
581029045 93057862
355014222 81781859
369512443 121178404
939442108 505085884
6 1
3 1
358170227 219767427
389963405 381231857
491686386 483982205
849423166 479598689
72446901 17086297
468443972 892381
50342522 47677836
921396372 809786617
8 5
563643285 92112088
450602955 13027413
958832114 131906363
261409704 231186561
8 4
438824993 380709222
259459677 154656562
48941798 5149419
391863130 170979113
6 2
1 0
749212347 738917260
103573635 55520603
265313117 161013471
896963549 13597735
427723373 282370973
767065114 452509349
846536856 329430973
779275552 600062363
706948876 504940075
435715414 264218256
644510299 212102539
20843205 12101181
348182252 305744526
7 2
887521892 161227780
206557843 169352338
568646030 502641188
320181490 79626535
449148782 390979285
241947046 21137923
490483567 318234014
887324254 650875540
281604536 206283292
813884024 337560101
991542311 664040770
934889974 83067491
725640117 702439486
267792836 123918849
185296445 96564950
170853911 5471561
509523801 337529846
782135603 194877104
487299760 74008344
813832759 303756566
889415005 231175903
239231519 20615304
871759413 750595585
995975793 545904291
34206352 5642147
59125653 49576492
124376155 72747626
567062650 393870633
666725205 324643879
677229382 579375834
9 8
7 0
360624319 340019287
868822201 277931441
5 3
9 1
2 1
920400775 417841699
679676726 133877883
236613364 138574509
837046016 458461617
466871934 3041478
876947212 780577206
684737101 658702429
84244186 26002492
512521726 26594127
879955530 72982682
609443777 7063122
309829012 251372237
382198754 109488763
602756450 569022920
717067081 206145899
199987267 175239760
457298434 222260770
9 1
9 7
447407057 265054429
976036577 632121937
507415861 495112966
105612914 44160111
189629324 50612447
7 4
402683710 291120504
916530613 397602883
909372252 128632495
397683202 173467071
6 1
273334945 26635050
701842715 36647905
781092172 455232130
174448817 46719798
202819341 77802653
799081623 233758781
445989049 59516624
5 0
302716472 261076072
528734165 246311316
34088932 19993960
984104426 621279903
103433015 50104723
10 0
237940302 130245843
750052668 47313463
3 2
976024958 113067493
561347638 553985311
541316170 192853286
814434474 721246836
983604618 245798258
186860562 56145895
74459265 39125513
800026840 771232412
56288546 12150860
948783027 235747105
1 0
201371332 34703590
14341329 11346007
965858239 722215087
480062664 187479213
499004962 55848892
740915420 165480527
428689680 212354849
968691657 183314039
985045971 917532504
852879159 690016308
570991641 286183057
999641528 504542223
487494777 99734972
441335478 24142844
565830386 337795392
534006985 27838891
212742497 67060224
780898285 69044843
415538906 129681557
331967615 158209111
278410183 269204002
139316272 116927204
644576239 431740548
238118662 18620227
915417081 828012880
502147936 334547544
931163387 408273212
637588341 41393505
9 8
875986319 554597024
84408171 41721885
25243632 24727513
239600313 156109538
987773161 477829745
640894331 619953613
121071415 81917995
844771550 195884370
433507553 132759164
375394974 236751234
742358125 128136766
370773493 176802677
872731493 185564980
907689518 54084893
346487011 262996374
473637642 120331448
621126890 63072231
45563094 10168160
226369598 8148078
723467612 292389001
967881341 163362950
374565532 341236319
209867458 194119628
336559756 103049455
54346653 52375033
484745393 438395358
162476293 161726272
882514306 714438179
757134273 326151313
613184131 139773826
3 0
271864630 71501138
688132452 283645241
616739562 333860780
371991232 104384853
556082428 291407563
438058736 216799019
350710168 318015014
432804855 230334149
593224097 273735320
403185103 1859258
607443150 321709543
584455686 543821363
322023606 127734509
16777346 11569869
803446564 468153487
460397355 332863206
659427511 273233169
502885004 464962450
663728667 450810277
134537608 133884508
517266008 459128654
803553404 23584221
934351055 61495849
59972322 23772270
232756560 40751937
819097162 475961880
740391452 551056840
611058238 16983438
799360560 375235964
870911592 492186003
568175906 237379364
772988541 540434686
772661573 298556971
111687027 27211034
161373529 131658620
712166917 700903527
238345806 47665219
957775358 237039554
176658915 64422086
164732493 105423057
791912150 671805896
7 1
636326894 121598720
10 5
531320821 413808430
6 4
9 4
963893194 691345845
337669452 180196851
322633669 150005000
834874174 128207277
956386469 202604136
951333845 434761141
548120548 416863818
637643068 446824425
368411149 14628959
137302407 114840266
655085574 89275563
287129359 269373653
163052283 3744352
980513080 855710186
51047400 3998531
7 5
43269388 40027971
192903991 32247591
194198115 192716330
202334 97018
530495840 401302607
873038705 35147129
390237788 155951398
345043937 281098181
774522061 613543090
993290597 449331364
53021945 50055765
746073649 143433357
33811839 1243874
722344982 247600911
953673802 117803501
785634766 179027539
6 4
284279220 102974170
92217134 44619613
7 6
50488448 43212098
207259168 120725964
703729891 71589965
90694976 90170622
754592185 491302325
444609726 301119777
518748196 107051035
290760588 174009144
183902296 133490106
712075969 207065794
125543117 96018500
399026852 144495749
964253721 361394046
674264013 368563970
969489505 490266357
863943933 715682889
315567711 114327658
389906894 103907451
132381938 19661006
366818 168155
10 8
62460879 23446852
182263370 96745193
336330214 47803157
10 5
440918097 176187976
838023263 489450326
107176223 26330703
886640573 277769627
75141871 24718403
839725884 204258955
62030934 36864218
134679398 122782502
572099175 95036046
771151152 351214081
127130494 28533651
190000678 58986958
761018719 174962683
3 1
16494944 6566424
2 1
716356721 576707133
191101523 137800743
366620039 153452438
259027053 196460440
3 2
217418324 44849858
885567416 443206343
894359345 108141903
5 2
5 2
50782319 3482886
730188899 423593636
675452156 149239559
841783679 567835380
1 0
433601152 238657525
8 1
689202953 538412279
178693172 98501421
560500439 188803676
216816574 70770704
447797647 436908476
540842364 439295791
946257179 549819277
655640850 60567165
7 6
873756092 153181709
192216006 60683315
61519923 50503124
718418514 55272660
364602644 248859476
46684843 23066311
244685009 44788727
662179654 257303242
981511555 432015123
615172709 9440304
708159563 452936034
106223032 74849044
628763295 334514988
221839201 66314
616902256 107626595
314157924 219021070
943680719 757180172
232790106 224692607
459781095 323456588
899320829 27545620
68536358 55126812
733191671 245300155
99389442 20920608
6757313 4517587
911144365 275204450
334693754 332164533
705852816 213376900
206013950 97057635
681278947 158292010
641977322 226082282
4 0
321697261 47490290
177845292 14288053
840802382 793724870
661260821 559076434
865545139 603360842
392272899 120068638
759220965 680902967
395917882 273813970
90326726 48989352
827388532 717299738
647188028 63801793
779873179 579293982
848002452 754051318
734761281 643879739
543674698 90206243
2 0
856594992 175225721
19235986 14068778
547903495 395550144
771182856 491260581
755995521 279507435
11100568 2073465
460869564 154846133
65681569 44600316
380287897 89387233
728487056 616776860
318585004 286561486
29801534 22400900
126267027 11039156
790037180 726354212
529839081 22226515
768393093 21611092
792269723 343196691
122272296 26540609
324748272 262970153
766380068 533952336
449744166 1272486
330536675 76614367
157949788 36006480
183658792 61423714
7 4
502513374 90647319
540043186 417569512
156359547 54238457
377397352 346118361
178833972 115634324
3 2
924248913 512365901
3 2
976631250 47749212
811444810 421378590
748401470 139453108
748674647 445453553
7 1
762191863 124216699
621267136 459294198
404090208 282820597
160452994 27625190
509505279 476814997
379719703 36457736
513896266 74994146
540092195 439225839
17157665 7961778
941885781 196196618
854095780 778201495
223786526 29825208
474089962 457553897
994191740 858005703
964392392 424034643
44152114 5344818
515894520 94210603
1 0
110781645 100522226
256295419 252657508
738732089 519714139
9 8
314293519 255857771
921380655 78430978
751306297 550651472
799569491 511196362
648140720 481587001
29166390 1864335
924371321 192137104
261806447 239035248
567624247 81050119
815020641 60239391
920240907 889839179
207754339 60046186
163320668 117747031
544377906 315111003
438515095 271779252
884306795 138425024
51575158 15185087
403021434 141720133
225919931 41073541
655867052 480416614
393885036 391148605
227516464 158076898
497777630 376892555
730170870 343200432
35797324 9540166
876143521 101779862
730046368 419976308
672997764 372672366
5 0
472876505 208137950
20576913 12986037
200201964 41460625
737605057 177371269
226156220 34333477
4 3
196514090 135285506
14112079 9533616
1 0
752412397 335452995
9 4
484754569 477225130
930174647 732496446
