649
385760761 82486593
607154359 340431312
264555437 70794776
704766955 395853986
686252388 681214020
950015764 418524304
542404653 212376337
896824368 452867851
929168635 37494031
707339194 455993245
28129094 17538818
972415200 44711446
96842290 79391317
1 0
887264272 808260731
397355890 175243951
947725419 834108356
619384197 563276115
837906722 402123772
954657391 256002475
123960183 68101819
735371218 64475571
249105555 212281869
535412649 140456321
933735438 407415849
273371425 261259712
28758553 10609360
343672285 40227317
573851308 561082443
479470143 3201525
902379490 714032065
6 5
285828985 225270504
42833716 18723784
834475280 9907733
651068483 535882046
288622044 73889752
809784774 774555500
213713641 66163420
69330000 39853487
319161289 176894181
112801041 37657482
284776941 38718840
208536031 147186453
10 1
809086568 260121070
418914022 267919007
491058373 3385554
251097914 85145084
993268037 842820689
425783719 130121214
419853124 97962168
800305689 796247594
915746892 616595494
358656484 345569313
927771520 404797679
501558774 414159306
812880018 530344318
177083306 117432426
514197482 468068137
838150234 352868236
329771990 162967898
828605298 599135167
637186355 192088275
690644650 455651018
630745044 556567791
610379440 86998964
455616750 419543725
427954559 104181859
96018822 27647887
363782630 118195194
326359133 100864326
417870053 26788850
225752472 39468201
916471660 893860709
529096651 376537516
741855856 289015611
523104657 250941929
138623728 61096742
340166396 152437030
555288984 125767533
937864373 431893353
294184539 2184720
645784556 168066974
152935867 42681863
928910241 827791998
586590070 51151274
916630019 873766024
211375383 112836812
620511390 620396167
755223461 184944391
979531355 925796466
372604632 6696386
9 8
816484796 799220822
663762022 223969197
733681798 252188167
938431421 598644355
372724377 303778228
181820054 98614282
752975418 68463522
178315734 26990848
541081632 139426350
451503565 305227386
189739740 107427407
112196283 52230685
281692330 215247355
268736215 211031222
208757021 6364369
519798527 300031902
72793822 11441888
292055675 270027244
973190059 887475700
340522826 199236788
382634117 81538516
467419679 225872376
476120793 397290162
92295721 78508335
935523621 513891499
403200092 14139517
225308460 185149336
1 0
1 0
135830808 109784065
764879225 682735952
736182781 513194414
641011771 394439891
5 1
252219784 237520718
944929959 277316407
787064256 434175172
469636689 255527419
981665770 762458684
960567637 310261431
143192871 17244834
10 8
130566694 93729296
652360032 498091859
752385029 44696231
125194719 80521527
670328647 183721174
759712035 494303854
200147140 84703227
22124218 7885342
773877942 301632275
753767514 86308278
717998803 222862259
224947305 154366941
782429061 433788198
3458223 346439
623316409 60340589
115406627 88486298
603738192 484816008
13890748 69013
73245449 51260462
175898951 107301456
105827900 38973426
54102091 41530587
778672741 462863012
72828965 50566544
397477683 83048084
821865435 410204734
652910483 464533576
599743137 78609580
239453926 143110443
63456301 46020828
314248324 86235759
106521326 56693740
357296010 186745832
3 1
527123477 99423876
488753651 49121146
339522982 141017991
658516891 163014575
62499564 21505300
903697538 849677843
286691653 137163112
48134057 33511054
400668766 144643237
663055027 327062931
435624621 331301347
9 4
74297997 59449372
306903471 228588148
114153351 10741712
113944954 109678494
485488940 217207007
713656937 658414127
656646757 455252385
89722845 76220140
797243931 453066217
805851957 702442583
745430794 692560041
124514764 85168787
323969632 284021712
616549903 218857646
698219399 372287662
67896689 34766294
621322426 73435050
289460981 242758977
35612791 3581448
489310246 290018559
261013767 983377
742089979 695746062
792661299 244104119
985103526 385627425
454698148 368557525
931828584 37386796
808185132 11698273
188969308 135594434
53613974 41558372
341481950 74833334
450983794 179959986
38553424 17292243
589464408 111125650
817295937 368539898
755606462 501488452
74856959 51308661
442753721 305845011
49546302 21165303
575651095 398321714
570554826 95296011
443038610 321193825
484951311 394932632
647235035 559583099
580365118 22210266
545274845 425877233
433286423 394548582
152757778 85091902
446225593 131844618
926902717 897080074
852087470 787754100
288965088 229415100
713861146 167681053
831320184 393282909
784203282 316378572
642632923 539001703
61720862 53115070
164444235 94967932
688837036 97518337
508931924 71462789
287569800 151034597
464760971 262644015
690853660 350730841
4 3
765502237 86054284
950627120 634319280
198451466 13050503
978070581 516141388
824341078 397623906
761790085 540868217
354322266 153323728
164216879 71263213
517979223 83875116
7 5
166827711 134147512
287392371 62365569
658791562 208830135
585976959 5868209
594238043 438097790
1321662 414684
808053906 690267566
911750249 762368725
318512374 231950760
99259724 72122276
630183113 104914429
794808181 440873837
300864051 74917047
820611988 603292186
1 0
222300669 218877409
2 1
830603716 220482789
223903176 186933762
914569890 400011085
696679331 547976070
56439548 47910110
27648311 22157843
704789250 387871189
107680039 36188866
674358566 334244738
58595015 21447879
562797914 73275762
300986423 11304246
9463640 6131995
660035390 4193240
815363509 166388103
249832487 245583028
848230594 785505776
327082231 251155610
154229802 46432083
256166621 240305248
604914092 321659209
8 6
594816833 205788277
724075687 632211887
874913013 861059572
475473208 326194753
9 6
292932150 133501841
632754522 189412916
354802636 330549584
221610690 90380200
703560925 542989214
975518386 440877585
777780877 483660968
346805866 333749706
841244148 139759930
359724277 129023436
919152870 136850561
449772383 104878360
749306595 506534706
947150213 140583387
690287411 627611302
207675346 56460501
985703893 9932468
538649494 495465960
629325213 237292568
304263138 206391873
623072032 169655137
268018643 205660998
766847571 64884456
855280603 574544624
502497293 396602469
567733181 239384929
158451589 71648854
492406263 455455856
6 1
6 2
904760004 184346622
803053034 394108553
915576522 446247254
404260201 120588160
643457061 292671974
312972477 162925092
6940768 889811
3 2
925347274 508031760
415957956 329830530
114559741 65331666
468667055 1486349
244712616 210147846
811062459 352266170
928362897 386289276
258858535 179062718
192048679 77353941
786755869 90535597
525807410 125120295
221738787 71582851
877035407 178076921
801996483 638815473
212033436 69984643
219878830 205486306
924415577 435663271
519391489 172182331
259762251 90140109
894265754 812409895
845033208 83790238
795259513 70489430
890817629 784144231
134566844 66085396
689215175 610051848
948002339 352891189
345641221 176169450
206934977 89366822
754242695 9838216
706452948 688034419
329830120 111413697
461248115 114378704
521545356 89470202
202881876 88740074
563251953 32161310
977363900 512565614
859278413 256698312
603452925 550111820
289750048 177478507
475165628 148710643
347694138 65476987
183782373 69826794
734715467 204474143
572150319 566077
415729147 214680332
452554609 164340421
745047548 183597437
183391971 171490790
33854001 30272865
92708578 86170668
242973545 36069003
516600712 482056819
47437845 35670932
688568569 371719617
220942349 176977323
804497325 487910619
593977328 488048880
778837072 165654956
71902077 22684470
943643737 509621345
2 1
513007636 46110241
6 2
911776022 390445465
560385558 268916996
218825924 128607616
675904701 452023098
66132244 30235656
357498337 227612546
372114330 92855337
588212830 98803012
208530859 76553746
884844308 700320222
804536333 227980003
6 3
519452773 318130026
10 3
290404169 21880118
51099633 17109352
75591402 51018709
442677424 358728109
993227812 663548963
825796325 780853757
649362412 569763833
240502722 190631914
520754357 379840749
367257701 275463424
106006765 62126914
550419358 213397358
319437639 91465460
455011144 223675004
8 1
47954985 46893571
388595538 142750505
343486816 181619963
414189002 305880192
7 3
884783919 263861076
571656260 253426226
30518901 11001000
745867668 87816097
438898508 53669157
48858532 2979042
4 2
45071066 21526863
7 1
241636117 25101682
799398557 675664402
7 3
859552084 698523479
37666634 20526622
929480909 150383096
228236959 98208803
319662046 89426438
673232422 108058073
483959459 54977067
297461771 288255824
10 8
47955670 34427003
552252154 146765618
6465584 1337721
223773051 108761159
512174130 295998912
128795613 77696027
15826468 9804278
295445667 150371333
4 1
440349661 289084584
893094785 741897596
896043352 743896709
479882443 221537789
131605937 108328514
10063661 1371052
908883557 687387560
822264712 629607768
627892077 449785256
772035862 257093134
406740103 168702049
321248323 243985438
1 0
798222915 705921412
469783637 174440119
804588762 372012661
961070771 511853329
10 2
127788757 119440087
109333359 30205272
729777976 685953889
231273652 31884052
897354032 92396115
533599674 219172570
799782020 516557007
575297895 291318447
383718684 236888127
737024869 252830438
644773467 166522958
83225532 79781956
758883625 87572191
188313614 109242205
211816180 78330244
576462653 281782477
544581166 113445538
3 2
916671917 837939846
186391392 78810362
104916797 10136153
973334393 695340603
927910524 763640067
123241072 7072923
5 4
10 2
743991792 484455271
246427626 214394369
1 0
605228622 209349617
485559294 189628140
5 2
155255460 35609915
780098345 62625677
190796198 119247511
931179978 747016941
7 5
8 2
440701977 116251726
618318858 601152446
731799855 612164886
334295437 123339265
671048009 233955081
224934763 133209796
588655401 243592959
549617313 116703318
820206673 7063205
6 1
8 1
341776777 152384248
275485981 34116967
308456414 30489208
524260251 398494899
459400179 104575033
819460013 657724630
314662081 227556263
685312495 318998882
359255074 149565307
155340477 32830968
341896584 52759152
738865759 650477042
140813980 57225250
3 2
9 4
375478307 70284324
135216062 49431303
131604915 60988792
901326076 148127255
935076407 172571817
237841507 12453920
460958558 350632711
106417958 79556779
517563848 407132792
7 6
680376087 370504509
189974891 120278579
984942701 204491798
763341879 234568646
782960026 682198844
994796746 947683016
9 6
793420885 491319512
122205117 111068915
185729213 64510521
674954461 442484188
925261748 351944627
897738663 224757192
244792769 56992238
561129079 321017045
209880922 31404015
673959699 326671543
212880204 89689715
171362972 108401709
289506712 198698306
38983123 5377139
377175480 132839569
63700423 2321442
613163340 308561106
4 3
4 1
591310598 508559846
510148143 173808882
3 2
376657065 130033396
340472214 55302729
223449933 108061527
624740190 143399790
663171866 339073145
9 2
284492250 1696222
933394110 846298958
608874084 329896885
793387195 524757509
666577903 491793151
253682228 96201649
9 7
5 1
283345266 240685618
10 5
887391729 708941227
15364550 7282668
459196653 219268359
902693532 110580432
985001374 32289691
69460545 9225259
544656612 312900653
279176460 185268761
432674334 206790248
166178099 111343636
842854756 742861394
463042789 337595548
226205690 100942257
866627467 796437200
791965101 243510096
84027731 52121281
711849512 693492218
9 3
982487998 477983435
522522927 186942842
718213679 319759465
761201567 702096784
350627725 6728774
454416475 151594260
758709978 73876013
835997124 454400193
462810978 148943255
795057826 586005092
293737957 174332953
860617201 225873313
428716568 245672080
211248743 185993045
452848277 245495616
998182380 905363960
732876036 533989129
526181842 182514658
291117742 20365072
814495269 107398657
621269887 587277256
513170076 243884998
597428493 533020449
572109652 389783754
299594311 245177401
364615135 69781383
684095976 262726951
225261894 129400484
253303721 161195635
871681824 336735257
