306
22289517 9200787
606156468 446890361
236219568 30478514
2 0
709016863 141279859
822656748 570387487
956682216 595995759
1805144 42856
386419170 186923523
272557200 243696031
264457260 117855360
6 4
118485848 84565416
148581488 147082088
684722716 33280853
720457114 540131445
457761703 110981136
385081867 137953122
894607979 875832137
717324305 145312261
163889770 73048535
796909552 733213767
8 1
110921617 84697376
7 4
719778441 623992291
1 0
636008677 442374136
765361621 700682584
304781947 212065105
1 0
397220218 341955166
946741533 31586794
710053724 233039357
918040257 594385824
212328424 10081945
720457401 1806781
244040360 88688698
415548399 400568749
440151570 92489440
736229570 159637150
277874803 114601950
554934211 544650442
38026809 22958346
941039382 311221774
233288775 137461354
330720737 83400472
819977540 355685607
264497341 216918774
134506140 51669896
999054833 908734352
719257153 191675932
415067323 410758476
735351818 250380963
871606618 124998045
95272541 55295507
67795677 12854659
134092722 82758787
952312550 853175157
749564727 281080597
480223346 204200529
765050968 569330470
27528796 17512226
290332267 42259824
6 2
109385102 103453635
751072650 408704477
556264026 216632609
114840011 45954615
2 0
1865471 1420272
212701309 126612101
595473175 591338380
440963801 413826227
974875237 723983017
2 1
435596942 302161039
536563438 361785633
195887941 190829030
963166650 172942598
887322794 76362131
35564365 17593878
578666454 329115641
118952668 102386857
735672976 88022462
863683162 161916213
954971684 211997182
9 3
211973441 109789632
3 2
783270607 219070035
950772914 547698385
391001513 154751228
6 0
27476146 20623786
10 2
215506447 139249120
861900678 432814050
692129796 44319739
630746611 465276394
717633075 265013006
915143377 710747283
100193216 84644813
456237828 342967930
383138359 285512860
8 0
744641320 170890985
168607785 129921618
770322549 71241863
171949840 12894161
810103411 207721076
855275162 678975924
387254028 139806875
462430523 386087599
168716059 260966
143335785 15140797
7 5
736066565 430381772
428686254 271403079
578900614 530814506
9 8
978698663 848162874
159076914 43149646
571914864 295741790
637761752 534813918
97017651 74188293
392098465 259408022
817546943 165978875
106807619 21412626
146040925 113548344
973716012 262026917
451168222 75760893
273116997 90712695
417326453 147011203
813163600 350630292
1476502 964326
333615094 106588368
279912604 136639028
336622914 79600415
777228301 450122464
916907335 233952743
932875055 463497620
473366003 451406978
700139263 440211181
208973836 15346128
566164719 560609773
997854414 493213565
498340339 191175322
16771337 8696560
926235789 556836730
112479769 68539712
587927676 77078909
3 1
10575598 5097033
981164452 881463521
546208832 62776634
183909930 122207289
510365833 148108414
303535253 251374000
335980947 171574135
615499514 306729931
150109632 37129591
137387083 20845337
6515985 6112018
149395962 37482254
730841016 170562456
719420702 320048157
396253657 58966018
460397009 47178780
197774511 44123172
639803650 15096347
835931759 496791162
1 0
193098893 109990398
833048962 341943798
414506606 93298574
539605827 117967060
125042416 107087256
1 0
128829214 2281735
768708166 555852217
306697453 117170023
291051480 99580134
322356528 120590650
566239401 371167783
305857968 121257966
185665720 164016640
80549482 27073331
358687795 212193741
2 0
123840273 5914010
646625598 598655273
183300452 17572431
104364451 56217236
66688794 36044566
442973618 33005802
143680228 8421083
37589591 16547874
693873818 357888713
624446779 276293232
561586435 556514508
739500974 18355681
110254287 67169759
967743018 634131728
434835144 403128802
1 0
623855644 276533700
315795083 59590557
88104567 39419071
918326544 195144117
858956797 412258054
627079492 299872871
972243304 707303467
344766368 56281798
467331830 38177986
729403075 336688179
363664574 355084084
886312444 231847400
61424054 9341726
203344169 181926849
5 1
103175267 8684301
228761460 195021449
3837921 2489335
1 0
6 1
762054363 86990675
10 9
4 0
460740517 446954874
609717596 209507759
756418750 60086332
290108202 149504911
697542055 538643966
609142250 127055533
644278221 642966126
90179148 67850764
10 9
546908949 135237971
802606123 387261757
7 4
109412143 9330616
7 6
134952806 123696664
985676656 191306541
311209638 201082094
265776055 198656566
953792296 288604867
596590493 344028046
887529029 198765833
572697494 343349442
890710984 501847130
153187427 90025797
857026169 43248770
464549265 384587172
886116714 461498613
486853894 241171893
334121408 265329685
324508599 156547323
5 0
466569073 161739280
70850034 34026484
744349659 508598502
576881836 514916595
81701587 36567718
4849799 2791004
641613931 121927989
941685076 440603642
578732652 38757538
810905698 752932714
464439301 287904686
219092704 62621068
406317504 70873252
918390222 423587249
542481888 389222677
492469993 412485431
485078409 210679937
903155972 521385084
535920345 353447023
363763580 283048032
657877539 466595978
628523315 318056184
108998816 44139873
801772579 653493693
581703875 292121974
225652466 165369355
385615243 10449296
544516856 91646209
874406632 262608678
10 2
692314501 8088778
726356390 677225218
786338854 86847120
218215927 58230120
8 4
127947405 83237591
698082910 616533579
613407336 228882521
343379720 53946501
684517876 153178243
305606707 297342258
304916771 110170816
832891457 575700974
312972795 110231638
127154165 43585965
660364381 220807622
