646
738077345 362496539
645188060 413349365
857694934 1624648
747733160 501605705
844919281 206006381
964016336 471043293
432531501 111817366
709320535 166810348
498389499 413598439
416906124 122548957
304039245 218035786
28527142 12283674
343348868 259565293
748785234 729585459
51974917 26333880
6 2
691163093 59225985
383348879 39602917
168573783 141327709
954240744 653529787
976814001 652985357
967949823 178783256
358406843 133461462
220665862 11975956
771664135 236690857
613896665 298258315
255945242 35058853
377168711 116556196
331319663 306589580
584579722 43107742
151632289 79146368
415344136 395844862
2 1
396916904 105925993
37969760 16484644
505119700 271545160
565858150 117746927
439689726 162445506
707333312 161937579
191479878 175727161
8 1
216728032 132787137
741762297 33417275
329273707 218369675
397573261 378900298
455377232 164708757
2 1
797672479 405202130
239327594 230151159
771019654 302056880
430376509 134985621
223817711 63440720
423959711 243539991
407653435 266825412
962443496 849900013
40066165 10386040
6 3
104762869 48930695
134926598 121342605
801787314 246174450
577951745 73169962
688396282 675775353
297077888 165352978
220753398 23130751
648889764 156463439
270534165 153602570
700738862 267191990
278372693 236420394
984543014 584044810
782636195 514720985
720675944 33548647
230023787 193397941
9 3
128816764 57626805
105666094 97826616
10 8
758315768 364079566
430176388 42672439
387632340 147316863
296469358 243299741
257810813 111531387
645614581 332639671
911013788 8715692
766521349 321996390
711881073 448840385
941904177 217953045
2 1
298614043 256636661
89044928 52312320
15329763 239110
1 0
4 3
856133097 212566942
106597249 15835
458078376 430536759
628853083 564682778
680085114 54606357
987159209 907203396
999118685 113382183
971065155 552775173
9 8
8 4
58062336 38208093
568898836 23203515
923204415 901808022
15485826 11764837
860378305 683047214
621033183 586551023
60443174 29059946
957062888 775421291
320185338 71913909
960313104 226868286
7 3
452115710 183810935
567104247 197309638
725030219 400502984
513056072 179344171
417762227 97539946
3 2
542666298 39362217
383943857 341089161
331593487 9923379
767360630 68934321
4 2
40458586 21465511
122608133 22302314
6 3
38932327 15740201
515988290 306403762
170578371 27554992
68670491 62868856
583643964 537620203
7 1
27480153 26038861
667011470 535151651
269464261 10572938
682789498 508739561
6 5
809834175 157324794
43290510 23902537
711722274 399355310
3 2
8 3
799835687 210037073
729463545 141078091
826132343 52496983
1 0
534876099 342014666
812892200 109109876
912213886 166753911
772335986 234394181
718137299 59037534
870241553 509447188
157747782 110717796
494456025 139945981
790121936 478206719
326058364 112239046
579716524 366377351
34111686 21834958
72054935 22204300
678455544 197105427
992894207 337167038
424012964 46611601
50224034 40812669
321012640 245574219
740941244 552503545
926205578 523263879
5 1
143049584 110579144
3 2
460102182 118048062
898637179 222046950
519393628 304538298
34877023 20049162
373384699 240303205
641779142 463363899
204746367 148378371
871181963 298917792
823261623 329127556
450100735 410355226
612111993 66051540
907841685 453134665
849674133 825594620
550640954 36807668
182757640 2672960
566535626 289249089
182289885 171652116
380388097 205880573
403064599 296951118
504010923 306286433
944880141 283909501
676076698 592123816
831131374 679380571
1 0
606776206 344434579
949598298 866546444
707165690 33987677
628800094 101188837
161160986 77340110
714201577 349703554
125275630 48245017
257929854 247853510
30929250 1262190
6 2
254945620 208202686
410120645 206111609
825465112 135448283
969307616 794468743
1 0
174825698 124388615
608626576 528994191
636639907 266612599
131779969 56073078
863814778 393076313
6 1
869693898 738747811
414889627 404368425
422626455 81734882
231434036 117476056
525593242 223724858
352055216 256325368
455263927 307874733
812517869 639323089
671263812 456096247
486503983 310897057
691943179 584137450
400451973 2300161
611082285 590757880
987331385 823595016
471585154 111730297
510185772 415087418
912424657 292073631
41607761 18240381
19762903 8103833
311061210 308548928
239667432 64497932
25856085 6354991
1 0
355608852 61603049
268486668 151181283
4 3
114922357 43061084
567527896 287664235
309168323 51571712
340350377 190431057
116503199 100061415
2298323 2190698
74063242 18272015
805948879 594522441
6 3
122723784 122019818
172379762 109062159
163225795 77340380
346866479 184389083
713366034 8139126
798615405 395887774
10 2
462753867 126086961
738080237 249853035
646556961 373807710
3 2
174564655 161880160
209884461 93077792
831029592 343657833
4 2
95910747 64688679
99004100 67771514
8 5
955725956 145749123
527268132 387507132
4 2
727401953 409022391
123800974 114337780
344943591 221151378
455604501 23531616
350062626 214842490
44722700 3488232
472481306 283627956
244228116 35491876
865861141 865191900
487011746 159081693
416277429 384499163
284818242 215050687
107280779 14948512
512526382 506812048
753853071 614966347
7 3
6 5
204549047 165788388
674046279 499294457
187172264 140131155
595784836 463197967
696317267 229184291
146900434 66923900
263257840 103410796
357691801 57696720
10 6
44264202 42042952
70231095 22577115
933511313 405623560
553489999 514783627
10 7
4 1
84284576 38198819
993029982 126972448
560321322 311898759
200523416 7395273
2 1
605554302 520030267
391046648 289553591
259469151 250184484
951539028 716781757
261303893 251536892
583040829 541385710
233251989 19534836
749622704 594112424
221220713 140189075
835846231 570250008
276355529 61565137
448127143 95665074
9 8
530803476 429868100
699552889 190776732
740678493 240949935
813889661 93897333
187450757 58885868
42916059 2412582
592910464 389045673
981774563 872365509
710184087 516912723
84186695 20387316
897373780 882899385
1 0
199720320 192046179
211368089 161285204
10 5
9 8
675298170 649000467
813358672 609932625
99523670 44932628
902989364 493780514
757376624 698347879
832111026 488031946
2 1
175490480 45686854
365291259 205308690
942134226 406068482
416658722 401565140
81667018 72975520
652734999 61671437
703971240 475489236
2 1
71483616 59236857
291144876 252507119
123505522 48663231
912819387 503658114
43092749 25739173
86375588 43771483
969222725 307324130
330473207 84061984
813751933 626204398
9 4
353403005 202167918
197874196 69201945
463432351 333426446
904817775 486270865
68550017 67561556
610985536 105343114
5 1
664011680 106905532
664095353 304250230
702983747 518035437
44235074 3749704
256385816 67324689
497558324 453610131
589048612 233289996
851024379 423181086
189268733 157193401
173310980 80574029
553179300 278573054
989242521 160641846
9 5
861011708 749784360
435541142 197686570
110586234 104747036
650950919 458749364
31644002 26507724
648910789 405033172
284467329 279599884
652008448 341486737
405851162 249190164
945267262 891724027
7 2
188368590 146263857
393719324 112925801
568049450 482656539
229543750 5704956
374146298 52329260
59588993 40938782
844604259 643464050
990798232 979343435
709101760 287657766
815673755 555877648
626006257 593682071
537616720 475790491
949779713 442000341
762438389 157565019
931848502 599395433
8164872 6091886
147906922 49454870
250186815 2825034
96934697 32208462
6 5
978385965 860923906
624485710 80740865
2 1
737041625 199420491
658941987 67432221
942345997 258164776
370346718 364441133
58929915 30695093
75561432 21894290
465583444 412760962
305101612 163362741
8 1
941726093 65180732
192033220 38225097
909159745 125485029
879873525 70418588
698334345 520748205
586887964 297283323
553365235 89590112
592365024 395408814
66301079 58873830
6 5
993563539 604336268
462530435 109068027
861279629 59167029
941185523 904153322
959340662 188911739
430276390 411194188
372071373 355143439
88119420 85524752
109077958 11080605
749822480 179838489
373368511 224013901
312625615 136145406
9 1
953187903 282413150
215269219 137303352
135866527 69221070
936610079 452768333
967306924 883243667
209277063 72158951
135663820 101557452
487389197 350835197
9 6
198909157 86085350
515265957 131457202
1 0
94389761 26640705
178462855 33318259
6 3
41701189 14481909
289262440 75810159
650707510 315006262
10 8
784112717 77405608
651955071 174372405
161559918 14416449
108875736 32875953
685928660 269625462
404364512 359628632
679991447 261774139
100538714 64749886
885218534 664268522
593197106 463618648
189211017 7159032
756420242 510047434
324823712 14255488
304415717 215465849
240469277 202916239
362241446 340529568
919333078 91220420
193202947 181423194
152223151 126740309
983089685 700981531
160126595 32753708
238191392 33433570
536898651 370669371
518820659 166999792
928956716 51813647
811439428 634983080
834188677 91696314
191458062 116422442
948493051 167283765
854533763 615394881
206531485 168041175
320216360 282193308
258300315 97743099
351641878 143745251
870605454 792369408
227069386 194915561
8 3
512843662 18851359
242890056 20167213
701568935 377586821
279527527 29381224
551532092 270881185
269193340 76494880
685610569 122486861
706490669 453870264
441039711 325891393
381359763 304540268
130279751 37010854
542063702 469338985
816027464 425247995
259080926 250783206
11093330 7425913
10 1
440097714 2133329
830855491 108107635
98132500 43762197
526572417 212361683
488255518 236427934
134312949 101857257
426026326 356859028
963844953 338459114
533571794 343620412
110521165 81723378
530197073 303731501
4 3
878169129 864239671
794906725 424246675
347277308 325418349
24096195 19145168
345218557 132457138
907605777 555879914
7 1
378261786 203373725
995913435 543834582
929937016 240899472
1 0
139382985 104009690
505596550 272057859
972863999 460874926
784322351 769408743
994149486 981945548
76857227 23246736
18251871 15997450
851245950 10803856
519008447 129565775
940884146 568499706
979640051 323186587
2 1
81544346 70238786
45018054 11396533
420162995 267839783
678019891 284433500
307725735 267262161
655356006 566413468
224236174 186545333
209084698 45289723
501735899 468360719
627099754 517386825
395579838 146642587
141715533 97083375
194773021 137417958
88827635 5717511
134513181 69082892
567415282 313729793
173281934 55732283
454868727 191445285
137329449 7842851
879696908 151897980
964686811 793192594
747136391 244844847
903768121 774525227
815778682 174656078
395556990 245064176
858533227 102702551
6 5
840366577 650477458
9 2
565579328 469803984
934553428 832707330
408850746 280554961
434783727 385899559
663844428 280318634
930424928 900734914
298946400 40465474
602607487 213356640
903811454 423094061
983164469 403167404
8 7
711279919 535409716
823821044 553853594
140481922 82739760
685615240 495878007
993214397 952944525
443553965 262442289
380397637 319311440
947813581 359968410
626367221 187402089
10 3
343893163 38468266
184648278 74613880
608815323 457061049
3 1
8 6
604568830 41686982
505598005 217467616
166694905 2832073
15720344 6513566
514733087 161228830
913153771 890352532
903688182 469327257
889213394 401083450
591526880 318596828
609151822 137900468
666059692 73666830
769859258 56233456
109212468 56132521
3 1
984233742 666166507
73852186 11201370
286249705 45682085
508311005 227867423
824284028 495720519
570576576 20066184
450789610 27172729
884040882 641452006
168921254 157375683
217694567 59451138
689123441 135773990
605279949 600939399
722942947 240939541
537204509 473058462
330429033 264257116
3 1
851863559 679283864
1 0
5 4
823476977 386945610
874532793 129551298
299435957 248067254
