1015
112914933 43449055
932554361 374041076
3 2
949283776 314535738
322685949 113523259
270257917 128612445
811605674 397264961
610842162 74282475
642489402 33174628
8 7
607405747 443348343
182891850 115939269
661669363 372503938
273076808 94791740
359395763 187639819
9 8
816026868 724540622
58487219 56424685
578928319 466976074
825370538 16231497
895120311 542062830
249055934 101639159
604419984 196442577
9 6
710644553 175620317
110059365 19387905
667672854 7762972
482620501 64458035
788822110 37904478
656858422 322773441
887379731 373037744
398547582 129348966
62051031 192892
328380223 125306574
896388019 592286767
749512748 71785006
182918518 125748407
165727678 139336067
857780450 856659790
546432738 294093299
179750781 51682631
985562148 796428242
367238308 262734351
910438902 449425905
746206166 511880262
944216711 187219026
306812082 156549483
844908190 348209594
677675242 19157013
436412662 338386662
604395517 303926573
809597157 136742637
220845497 161464265
599637939 128059124
881762221 159606214
822846609 303578957
23197467 3168263
724713950 241730098
912260367 170528079
987293876 402714041
767612919 276519188
665592995 189525768
754420607 252716701
206793320 50552726
825249760 289195979
432836718 56805840
789000591 567972169
723462226 414299016
356401369 133347671
698220587 615542060
649620526 434191785
795264749 272489859
542763592 323349860
791138303 727271753
741395469 587947983
337315155 249952429
744406039 576629052
4 3
327148555 320063723
62802375 11110790
287241125 40828579
851533594 475210560
823616371 619918320
630652054 94900805
7 0
692813849 86673075
936232263 507527229
2 1
944877236 747808190
6 1
502934572 108650537
447649313 155743152
559418573 207774120
423992752 123260180
583206038 531041380
447814060 254660531
623499851 583254824
395058633 61748456
5 1
928168849 674146356
493223279 262312859
640649620 128123621
145395349 11104863
416914973 16546355
942495854 319981928
633827708 232593364
220745696 155009178
54015176 26124690
306748224 136732113
650647590 386919196
933753923 871807131
133247088 22601735
184792310 160593865
547117691 479070745
351613482 285035093
631669284 587804271
11323512 6481338
520217362 218992563
697491879 543100598
149440781 134553408
253471513 12677312
795691763 81267102
4 1
72406438 27628296
972021889 640579305
196717033 38668720
903298778 804708638
412398978 305114886
22559591 4905781
817372560 63735768
8 3
421235542 409942305
551756822 393012423
285274951 68411689
330322762 59823047
557733651 543837698
943258032 704544302
280747705 102885647
458546579 268200091
420927524 19777659
885391846 104724217
607403846 559756095
666210797 234661245
207640740 56647870
645657054 223743783
990918202 507486473
229963697 224433727
751026999 532793948
107878006 79439741
489465852 326735004
711875924 161760034
905153023 869907292
452095611 154669051
544584110 459186154
938147198 185253685
699894081 142677983
741041341 259489332
943011941 573610471
125704944 76861544
801088082 419977052
112138337 15034797
497501557 359981167
691550223 576115476
792933342 51735270
986825729 366032960
1 0
90528149 1180356
3 2
505194425 366164853
81625901 39904971
824926465 99204868
9 8
453984399 271063363
439138302 197030875
715577016 643950847
202187671 20662410
911383 715767
12410466 2833866
339226041 65541991
840892797 215981688
81770021 3359302
754335050 151703980
816760838 533399139
417108864 77892287
777024097 171888587
568988325 211529119
62038640 3273383
885922180 594707130
288104869 256465442
147008748 135353943
446212583 42956897
158195712 117192445
243935272 123415761
498850290 317675580
698869356 321448520
606400702 481585136
1 0
764604911 289276113
890180107 774541257
5 0
655798693 407104120
955513278 640082926
414106024 295271291
529154037 134839554
786276779 722894653
850378981 190420467
467955808 97431170
331069732 321824868
684177924 669890310
316593470 212005388
48510615 41786364
87563186 54320369
952202505 409913947
6 2
6 2
870278452 724484257
144847675 67420171
946287241 685295271
510603197 355767810
38660076 1912831
32146614 20488740
859127803 810353555
631639985 95793810
572106158 413366141
976047167 126935257
907329238 180256604
715949464 263067802
552389993 383650956
507309362 429725625
419667609 288183692
989092977 479129556
243965879 85206102
636252302 281204848
5 2
547139523 207056732
717451208 298193270
714478943 396061668
549622385 89100305
800683061 447128674
116944812 88900991
707876001 436175110
848370067 43127471
600259528 31027043
235822600 56564222
875734290 449342561
253215164 46752022
740725372 418442838
968194452 476711425
801994789 15297071
6 2
982973253 428307906
282449172 86016347
919630713 681933137
757880835 230884312
379423810 223465772
932595844 553860900
695595684 114809755
888400221 578578666
770056393 333001985
659012883 3439853
469452583 467156655
1 0
221489960 135685737
248240359 187280136
188244996 75529259
878960399 800071170
636620230 511832364
214668745 131381696
104894729 17193302
4 0
536070996 470093765
225926676 220958779
196406590 149072636
286779779 164965596
667709681 278298085
212625094 42053790
355596079 168248254
668664839 110316380
844806512 391295648
819115732 280950350
170837630 87010836
973365203 494400095
254997286 73315669
878791535 641015064
143942199 36593665
1 0
6 1
643242884 77896687
972519014 286506682
24763945 24550420
666409509 423137416
874745750 642283670
397865317 188782681
851133123 840600449
409027318 64010723
211597100 162215275
926936368 292387083
563998071 198388830
496782415 330604959
6 2
460386886 74491176
412527596 299063040
963268041 119403061
209056469 88773232
28463088 20264694
259446603 155889055
300522137 189269344
780837964 283955813
10 5
948623947 397845131
363669231 256322908
928523015 33900544
170414081 122616843
331919146 78900220
269587725 211480004
298182186 174953930
289237564 234996591
887247510 628829441
755486814 363355902
742414493 191742243
194811679 158829979
370280937 774930
654312910 71136109
748748770 359418861
610484237 149782252
731448010 596792060
91471634 496829
71553496 63992293
922298057 772627629
848254671 171166556
289203404 169707156
146442574 31150850
865034135 530605537
938106051 268032077
415515789 378020917
927017371 145921600
225203798 47960156
21192538 10547795
797732479 99389297
243114461 202373349
460503879 109149019
234758936 136328962
402714047 20818828
266684757 17473885
6 1
11650185 6413369
590288384 83881999
3 1
337695332 144851121
24030354 22564437
842752145 175080630
406219403 386203786
35622710 35382198
323609274 245392247
778471193 108973243
936577955 796748094
242128335 195662048
707533426 113864391
749771265 622571400
182119303 169301297
119248995 21763708
248944474 34312015
969713558 174146995
582928322 84686712
596205634 594730138
178081647 113890561
482222722 28041781
611130993 548339830
405652120 282432875
45274212 10115675
1 0
376286485 309522473
364127735 122237081
768775935 66556761
138752852 10952058
895540381 828624377
940817758 211684046
373749441 319154832
311105736 27208057
831986739 574080917
951021389 424284813
925628031 751178305
746631879 570241334
82136395 47489198
427329450 173940155
2315511 1949893
650499402 44949145
159271356 94589800
887504386 508275562
208451371 22178017
297477396 193005943
555151652 466897521
337808264 113834459
855129694 494810221
273170921 75362373
104042326 84529369
492765305 280420161
5 0
425724051 279575794
802390285 599487828
99309291 49279463
676932241 82110665
217324022 103874852
639474523 608956488
645860260 545382307
860368467 171820403
621630643 265233249
851783173 327460514
363947303 351587228
534235939 63139723
243075035 68624131
761819270 281650269
482137376 197063075
922538272 90246626
371333234 108920326
575264540 486601570
277032045 241570286
50974887 2199700
362362489 122187048
457641435 329909610
186751472 100387754
372347558 115304466
986963070 633556254
2 0
266738935 93658015
266707002 36351208
176253749 108110027
597471082 29464534
188946400 32768546
875747310 164227825
746329992 284192607
317178773 301140299
812014352 98548140
495575433 199533925
157341576 144856107
831125691 521032662
65036131 35757946
346242111 289308728
484133246 133086744
631926734 137291738
866089323 418715422
12600102 746826
775854866 499717674
960453058 510413934
207729776 24633430
4 0
579703083 237847628
67265538 3258472
872916210 753187075
170096276 65097785
110931291 43420610
3 0
731020173 108091424
26844540 14735544
253300015 188935042
826501337 50571448
7 4
172457088 85704442
278898219 67612048
87091493 55158805
2 0
455075483 22403827
559276585 529168054
597691137 273488482
770538216 108232083
484348083 196955495
281019558 16280870
76889622 47727534
5 0
59988555 59319167
161212140 131672601
401639940 252166720
147934436 124030581
274204782 52828530
631143040 339110881
759630098 73080075
328944269 55417663
154190189 66003966
381674627 199175481
455677065 417638688
648657070 67756540
398939915 379790945
471569777 410722849
548897522 146347981
499917877 151385557
2 0
566575191 262611227
820070914 625689272
528868918 421771982
3 1
2 1
70338873 67114988
373569966 267000494
357817260 112895733
438152085 130484364
643971488 560614737
639629488 351199375
10 5
588649018 491718094
398082902 285665200
711476996 191283404
4 1
3 2
183861473 35003482
797901589 114957798
707858215 287340819
972719064 196260608
203106184 86771328
610915162 502208421
982151745 396041262
730932357 339844521
284642550 84368822
281571839 146288611
315956508 108485693
945865772 587253529
2 1
680650388 165765785
115432452 99834882
784686311 482592609
382808960 351192428
796684396 550514342
459874337 95240674
739183329 116873861
9 5
9 1
687038796 496425207
23875875 10966970
181456195 156066610
563804444 257967824
23087805 9178874
385434695 154367172
9 5
337937565 252695547
493242149 137472079
713436909 188374136
510830935 315822122
270748494 195204942
618777157 559452006
442306118 45534478
304241936 245660296
904428843 337129134
119041596 70838521
714569735 471073636
6 1
8 2
586968814 87259663
460523830 211764585
606386422 133824673
943506696 268413685
690454377 478765051
630468922 29206632
707051413 235613976
354558244 257707066
854193652 231831154
717811292 387962484
108840182 8907712
176584218 109549374
6 3
547844709 238562561
40228988 22651545
129934620 32563719
154810431 127354798
557414228 444087466
274342209 105684857
817696224 395722062
732490789 395621108
800072024 655793573
63374816 10082796
1356401 337719
555557524 429721475
10 7
924149047 439892173
10 3
270405857 155684868
838357879 116937389
12869879 6760140
84562514 70575632
900464565 879942675
8 3
799970808 254990871
857930393 784588196
7 4
169150461 145396709
442541058 10628658
69547313 19224635
298173124 63910784
426208173 403009130
527348565 459398863
472650908 20518829
418824345 347585118
3 1
2 1
145671403 115193421
83783964 50981819
816142971 477695514
16876188 4074572
672664098 638056738
866440898 525178056
75049050 21116190
247135547 143196170
347439332 249009432
257155645 179785106
1578801 1156113
728045610 323913067
100884273 26614574
100077438 73211084
79296271 3520481
784862396 579107106
651056774 106854945
162006051 132585128
933738535 328915000
106799480 44947793
329296635 70029272
753573076 361274858
99320050 29662047
631141107 328898625
587089153 41964361
158100593 104401650
826830769 383067200
594939768 424449372
335066469 132967166
179525622 53709742
669500736 151103519
819488116 548818405
823588150 201692575
193920551 155080680
48277321 1423258
245654717 39355347
776496998 39654765
260847845 164351348
305338825 230724301
753378342 379430339
63724806 63634911
582755446 72958232
995306119 755191285
410399081 46729699
282869926 231325041
56309971 33341760
970155160 276896028
54777107 4620655
407550254 50197718
269329051 24654782
160567878 95131889
9 0
319558318 119530062
33369140 20557280
2 1
342462996 312218934
499360539 463998459
816930411 317528090
300103239 43135436
89852224 32376001
309255510 54804243
643595367 512287100
451128252 299037708
519100018 339578151
8 5
829444075 749178392
680739272 451016339
892247948 878394132
362977155 99242650
447223508 185121768
486445912 167465600
796252351 116831389
360784206 46690090
2 0
989880645 729710852
9 7
303220235 127804728
985623926 11118609
433950759 341401322
110626669 68093475
10 8
323685237 42470100
452442839 138188026
249138832 142561577
348140488 127725493
480181740 146919313
917261672 115867575
90900525 59832091
828677505 124172123
288972610 58381969
5 2
839341661 42924114
377374240 346759914
537153477 388223256
194774836 47533691
348116014 77598372
588304370 338424397
573472544 239182680
304559929 277811992
6 4
948316182 761753379
4 2
503272033 466400977
343810680 246763821
27114841 7292405
319946280 315557913
788251716 608408119
151353832 77740212
837844958 547445927
397694894 391399396
258059793 130916580
2 0
924336326 654532772
24222187 12751824
172785494 79563465
224124 42155
470082497 42466165
592758479 5033465
693488485 30751645
481106262 169354806
233210861 150767561
582197808 144844868
3 2
88490953 11197912
898276228 566007742
123829528 45315989
516385791 401766330
606829275 454715322
589438951 274387823
903498833 720914308
896728294 567881013
162202414 92742861
540758151 282276039
902274666 156892070
561897117 180879764
2 1
637319297 191962112
502977482 282310627
246148112 133986494
276496598 106512226
907532139 799298962
855929886 502844838
927161331 603534368
114014094 79718857
474373533 236368867
187029246 141814759
181664501 11305034
719689388 179702568
921745794 293058574
405060377 368260537
853188886 103486330
385110914 191503012
207803503 3827979
119787002 102011262
903602281 461829898
189792104 138364590
7 6
528804244 52837952
744323558 426830632
477896197 39506399
943136236 595672272
190897881 41793463
997535918 540900963
423318085 316409186
391538927 204823172
4412292 1429623
422427356 394999652
207095611 168371459
10 6
3 2
320259615 83914180
4 2
336027336 158502519
879876236 658552963
73388740 57828848
590573416 405042003
596178113 442513665
47025547 25843685
457858401 155530445
481347096 153196082
872188609 279104878
871897506 446820351
4 2
324380060 220581319
255124228 84162301
793092204 517343400
353840802 162901191
196855999 126170825
727548302 575211037
338222271 314464696
692399544 213052178
3 0
730669958 219647490
941231153 587766430
8 7
470023554 185591417
357032779 51975805
74960915 62312692
683265942 497906707
310516942 285007677
811358885 152492240
474282517 39468802
863809270 392882152
4 3
579783736 91800589
409624953 236528527
954679370 888032850
357095744 255991671
82749967 55158013
650685273 340260481
268799276 102991847
754319496 220703012
549576441 423130861
112699128 53719570
125914535 9042284
513992616 233753621
148761601 15210485
528240787 190031211
12183689 3786312
54938200 17497246
992297975 468797475
7642791 3233299
646569589 134040568
5 2
39599164 16487617
532010333 8201881
34327514 29669713
243160233 89726262
4 2
794932558 624473620
316708631 91027032
789182629 536503343
98134265 91937685
708412833 399093593
662960386 66194848
946049379 707199815
19416454 4749782
281583001 71455999
826425780 140564139
900843693 897860159
255945693 165008464
100970904 45135924
7 6
341148679 86993401
284692691 249741325
197059970 27350249
296086585 250165996
917708963 212627311
979687970 432687357
947645893 447103717
402872532 266644049
521382707 389683284
91362593 65904708
672389130 420191442
582963217 289094497
664219493 384254278
204498482 63327746
982004613 748422280
67287278 59452423
748618856 698758059
932025680 695477317
514391133 327906717
201507142 146850049
67245904 14518157
61018275 32919972
2237831 973138
714549667 628063911
496652898 359380716
186210685 104101107
921864829 442447418
860542569 707439570
9 5
798818942 505629778
417988202 342660653
446772352 438449277
62718932 9500440
503491869 384052189
804724248 498624684
142329669 73588057
770827808 581285021
1 0
257634764 4187669
202359843 131734556
414567056 24879586
500455966 182624596
877448738 242430681
526597010 293192321
4 2
463532006 297177695
3 1
308268255 217215646
308694335 84556426
62257623 29505160
121652499 86996371
448167881 425491913
835684355 22532412
806825788 46881249
333821295 171397885
493925512 100784612
131473386 20769317
949408780 758810532
348556791 251922853
259922595 83787729
569587492 276760630
177179110 110967818
941390635 663003631
272404283 89347641
141483623 133680815
416186002 331963030
721023854 554412308
528448154 171088279
222474163 79375725
519694401 297483065
811634006 799687675
597520734 314245245
345879557 223618346
764866589 502606798
9 0
817715757 171208321
56912216 23738319
614111715 613693142
55779617 25318541
428804218 21510278
637835929 74421374
684458499 186211210
416201105 253319718
129999114 81171064
300133762 98420688
796392724 88075133
3 1
655659122 529098178
613885708 74661405
294496248 182432925
142330937 49860969
556307548 22636076
621908296 43373987
800645237 215087287
978345494 203092940
898908663 432295077
971390730 873820678
522387965 273477503
857696535 49198180
990267345 344051041
952993479 208177180
55956720 18333529
627293453 128432037
927041643 687797567
344132697 170477438
902391196 524009140
642349838 587372945
375881254 251992697
800812113 732210935
847815474 567005953
7 2
4 0
223493597 191767114
444680788 90310231
757224049 366062310
29447100 9889192
830168237 637602305
511774330 58933255
918703279 813353164
227158875 225514105
875670140 750750950
4 3
30158893 13742778
4 3
524849831 313232891
592111699 266786783
56694874 49211253
280000863 18154873
686936786 583675675
8 4
865033147 328887308
724773025 139611860
396769040 230419999
503834449 331168675
106082316 50845395
343181308 18376446
10 0
70005540 4484241
875408195 875068302
1 0
855135688 809002031
164784273 57405786
925839492 24147948
98549271 59132896
962908194 676460928
903412861 45552224
488927089 347773127
233383699 212443396
8 5
971343933 667079101
9 6
937733068 309028660
564715166 463958813
172083587 48091163
816210832 741008939
287244363 137970800
568387717 435263979
10 3
484970726 268760263
691103222 518302404
80115590 52622897
910189220 840797105
66571649 46584803
526968012 253489706
788878228 47063969
992401298 973518403
277712435 199040736
143280118 2530416
137684282 41187876
787355214 361937052
353243582 8021369
462393343 402554840
971742104 580045275
281145011 250381772
195422500 58918471
356035681 39939746
940086457 387614723
984542161 223148444
587740791 417414875
6 0
