73
693532251 545062138
897102286 215652755
562247458 557492028
881448161 234239216
813909327 402617990
369656415 330398003
635934075 78752534
143304806 29107511
737693611 87913927
660445625 57484868
388826847 214686195
230438743 209240390
20431364 649268
514885196 244338323
380859662 349540159
279977214 188011275
753887758 211937900
873486581 86239375
150651639 133249193
953361484 191029249
34447831 5598878
148497313 111890439
171345678 66509817
786960482 49296858
495047927 272811054
461661846 347647433
883534412 713143362
3 0
267090760 35961052
163472021 49088691
576084234 6560192
762954881 153448298
1 0
207213474 135836477
2 0
2 0
357048491 151258464
1 0
503480448 117735943
925280872 415638156
683453789 427423679
997613148 441877565
135007655 113162917
807076162 722340683
4 0
915662843 69881446
155222029 109460683
231747325 9855813
67658599 820237
536588348 82144583
449836392 276694970
490019868 65136100
708769260 417704261
292096637 81271341
552105123 2912759
70798163 8528691
412873098 31328747
682583363 346689030
350976169 223449987
25638864 14780
352327951 91349525
279491959 211037280
381876803 149744981
667532479 487024732
661615052 112247052
247189642 74888568
81918735 4666355
658856645 576444740
608136966 113247952
223351590 147742062
962584162 532149029
347171350 38563140
376976560 328996235
