86
8 4
156660245 40253518
603654578 98595660
582469977 137587629
276871103 91584591
96514987 44797364
15445387 6022474
392446678 373706175
8 4
834970998 89164484
207586837 37003151
741135722 725565925
173570953 106691395
62016472 13194248
287814759 236449294
8 5
482641438 226262568
1 0
718538925 472797292
136773448 76893049
826538510 467908298
259295231 148958869
866914523 22331163
69074047 371336
815048874 350703146
480726809 173405528
830475460 91442197
351107525 65663594
585657380 487419168
910091501 30633866
412758686 383328693
264718183 126952858
972770101 799228418
930879252 56554600
287855620 104334135
5 2
918109062 916975732
810035945 226439805
811612406 128073929
428824767 134468727
574350454 389659516
235273149 230384795
349801928 282174440
867715042 676560713
69980259 15813531
845294723 120420553
719194451 184277977
680684975 234373779
333551439 211373273
2 1
39016036 25188756
813633276 432886742
10 8
784489275 761926788
34247429 20565717
471894398 81270450
703068660 447933734
538867584 47052064
303239622 46998424
864940699 543674143
948957058 766687091
9 6
956867877 495437646
33019351 6198037
706511641 398292575
278246 7035
950842944 309957512
320937601 96662027
329862585 236181537
1 0
2 1
547320144 289163854
904363656 489255591
1 0
464744226 73483070
187604193 117318064
590247417 340431055
37474771 1714101
853987185 333620967
561109993 536922147
523563560 403971214
137435417 118584661
458651567 298580860
347829349 217023774
7 6
961888517 345753647
