651
95638794 81875419
567716354 18278987
662481592 404749833
610166429 429251440
526915009 205734691
834414859 792380403
524511357 374621949
44155112 19646086
339191175 217278656
183521751 65676160
416049712 70694592
619266302 586452152
413017431 260517433
727785012 542003303
499147491 94759491
751131397 69956254
497160304 199884946
9 5
144519039 9273741
41341725 23528367
13401891 634146
714753575 180636506
721840410 711104949
723450674 418792625
633047943 568967150
53104657 47574216
7 1
322598924 138088382
320551162 183581011
595610230 251878918
450882049 371329304
319014505 296105539
986382904 592891393
19385352 18898879
824858716 555384031
255442423 206892118
94810346 59711677
813642178 774038579
902577144 240401178
6 1
936574434 642452668
582892145 66769344
975249915 817184783
633658512 530669974
567834654 475939876
387202852 312824560
298806518 104187969
30898660 25181600
672324704 421824662
781121342 422428471
28521353 1318870
453247943 106568549
3 1
616742280 394762990
674997164 188342602
299138377 263963934
9 4
856744377 154671943
479086233 304515248
794332492 255851822
349414101 168465351
499643623 116665507
894314229 297548740
665362655 408667937
877350554 798548279
744955488 268241567
705983152 408200159
42597223 30348194
354424234 207033335
283363370 268878923
764450497 448950713
179540168 161023463
885618154 307522549
417575863 169034243
431845328 171565542
42102195 18579282
509212486 99410900
273920414 196633097
95524031 75691744
889446010 299618192
436147534 331704785
608601659 57672731
17785144 17050455
981367731 229925196
789350450 518616937
771765284 197278034
266685679 258233204
253724871 178823996
682469321 61344132
65905267 30273402
10 3
832504896 684414257
826381253 322961437
619649746 222289116
393963510 248958409
825683715 309263088
203367318 82291890
78377658 39206212
852887394 363570253
595137285 216261292
3 2
8 1
117466326 62068798
275120406 133029702
8 4
779276560 254411445
966555633 112883994
79151135 31168989
865948492 148482397
187301974 88700607
22689021 17201365
318566795 86295384
684135404 658804574
824332964 705122939
119047936 116243916
374974335 257803374
384381532 316411581
973689894 371202938
653262321 211104168
468588156 133814946
515309992 55212009
558656881 545795424
7 6
920857000 26898227
7 3
590007799 189705955
792374615 561219724
749030478 369016558
677763500 645518811
999819668 552569886
532785282 366822741
390501007 343177924
952747253 517083899
471593779 312364124
827818774 97212473
515205034 408710063
318286218 178102065
677410966 421688527
425950983 73205548
324996307 241128112
851489963 696518039
805140035 498144879
928915479 523715340
774818843 132740120
69045784 568728
9 2
664510808 315011492
813482753 776413506
637021486 598224280
32625483 23318146
616448767 423728618
998036219 693157489
83057301 57628307
211939165 118944513
498387984 2092472
406944593 371901952
4 2
278279212 211713638
19639994 6282488
386575755 124466200
915003730 450345623
939913908 278687445
830076580 735976175
526953164 440852922
507266596 337682441
830333121 321404188
497852432 252667824
206506142 29661032
744392573 475410740
147029419 126622421
788677723 695287774
542852835 508951492
128103692 116576847
332167871 225621293
5 1
3 1
817486092 619409617
226020852 51689213
653522619 411503216
985822758 433620243
106244102 95655224
212757204 194135383
857820769 702682833
253275416 80966253
940807976 925079204
597595155 424149740
342597014 320240828
39984683 6028617
797534414 189912590
150767258 81079718
832088711 452916293
79421395 79241272
315709717 145632426
965089215 550226529
9 4
269191978 135836019
938632516 120377833
679349287 554471720
336370317 59415012
827028863 565739388
97441155 33687794
776662816 724315551
16776241 9836075
548760379 234411464
801239476 359377821
199348338 44245976
550107605 324910699
244135247 55027847
525995713 410998061
36661554 3457230
450740991 18117690
149902956 142643901
710551420 125286216
164975367 22149313
268430690 115069454
354523268 12017474
3 1
3 2
4451255 3175800
467983261 390027723
384180684 357758691
45554374 43549374
481536891 103656991
445227981 239556391
680026256 237627934
54138062 45737709
10 5
737949277 253826690
9 1
6 5
950792581 82124983
302268815 220523699
882499567 563481309
19274215 14897463
69543140 34248604
247203444 121267673
410475260 231705514
447925758 206514020
753554424 696622859
83319902 475426
612383410 338478200
834307634 829378266
267793917 77949058
2426933 494794
995404515 410058348
773698261 269654728
4 1
706157925 626526777
642994458 313581000
1 0
338759597 187766841
292870929 194863102
942752142 231276358
663577903 607764421
872665767 178637773
87468856 32027289
294350411 99378979
7893678 684610
903940883 6370559
229237522 214201566
595305807 34030967
834320527 192382258
74830259 38648426
1 0
293052825 59858103
488009173 409769198
293560863 232455302
875516806 655971874
164248455 138306852
474018568 382251515
959552712 233266429
6 5
258301580 30367894
554404675 356952748
829641272 828886577
115690601 91436944
294095782 244320829
21594656 562050
282615329 17529394
153280521 50109655
708726647 329330072
170967943 48093124
41921757 1436682
25419815 16024644
94131950 64737501
542676547 497789656
379687623 181216634
3 2
5 4
245556306 77756703
898340601 741216910
754011625 431027649
436881523 161361304
406426938 45464084
7 6
287974796 85228664
987531300 194109989
969382116 584171711
915730550 308404338
400675600 270190904
558038579 60195327
433840479 213421211
802700241 775256456
814695573 518931229
366614500 153569656
858510137 290908754
718471928 20929403
564242884 208923685
117033843 85889243
596534027 129175978
259840642 50981222
713088378 592439490
758516966 174592911
471108900 445755160
732507103 669162280
396503573 60704122
129998736 120546620
531232994 349121689
403435933 378071327
864231071 821540028
132494340 102893990
74988363 15676712
577913966 563717243
94112352 89798950
175699625 83625090
10 9
995806715 415186415
283352735 138892344
669900952 141700986
53561639 19746398
726866466 76703286
428742608 239781797
857951600 672516400
855186185 279031261
72398827 25323841
555153033 2952055
427281626 328450934
556139340 511361638
878706886 490430556
872187919 219813179
532582654 28874425
765644926 706015145
77169670 8078477
6 4
441170124 355694610
477686429 458299111
959849184 696158293
89103774 18860315
166131956 109156124
555006162 361438110
854482714 734323344
792716155 294883461
283788612 66169768
933456443 782459575
709481210 680814889
896429297 834587621
240053065 224372298
473229014 268024838
966332470 799943404
388850339 199753031
942784527 908102685
286519161 77078173
816920947 256788167
859854788 68046323
839670319 684252282
548240107 353603958
205548025 159983368
109715043 853128
708192806 203139717
10 1
312965616 170569050
698464876 8691582
15482843 3369910
377363393 73159288
7 6
596962722 452393486
319764249 142624867
939734465 129638451
89551827 54540855
769664682 406355702
552275431 343929146
640277035 629605665
4 2
133108777 63578480
761346676 108467135
13466728 5444250
122614277 121285902
854079024 556841206
6 5
806329246 732055292
27276053 11874650
150866346 38708225
43079167 22800323
21299535 13345392
431741684 82868131
584056649 299613627
215171549 46001788
326382411 70869977
156995671 137056192
80944412 21238535
136885976 120173239
5 4
147376187 34909075
457434433 125505211
146770735 108876373
118711579 22458613
655713737 147708983
519069810 475912652
396344871 250562366
54915280 40694946
672219679 667860980
517041802 40577812
474398863 307824732
249439084 58017367
826658956 581689857
757904497 562402149
21745334 9942589
95511970 94997398
842095520 226556878
248237606 104289076
316849932 297280236
921768892 636370921
150498291 133656304
420057024 105928879
206879571 65956357
129665720 69528592
6 1
731934432 553567397
459470871 170452816
192384770 163012154
226979522 147513337
379406604 203191901
176354595 119137727
797364515 241943629
9 8
933915701 338396773
191591524 39020915
938622686 318034585
950829824 528153015
816742051 534657363
599053581 196852975
917399537 508851627
819599446 41447067
366573878 93702156
960283868 38305393
524884634 143407949
481929291 75316670
918685673 446099428
890265867 664530546
976217699 431750381
140413479 8470272
3 1
80574711 51823814
17120814 13550964
90291724 39152553
178630639 65204638
389297628 17073809
380530440 178740472
745571142 379918318
949092179 426625515
456909418 398157299
889701239 98242340
725879612 108257678
884153615 675556845
343340971 129394444
417632366 94490980
8 5
248433543 231844830
214728910 198055969
325876796 34140068
4 1
10 2
930488241 93904481
1 0
407510457 372939255
868626115 465874446
531717234 447979293
381461537 259625839
978333214 114670554
4 3
302740300 103377557
728382026 50720848
698669806 257163428
460499943 304503864
237069285 128857128
435680252 319143780
749626437 328645793
102055067 56683456
553994803 13272077
317470709 297343878
564620424 411793059
682551505 546588325
574581234 83246300
997227723 587448755
668925457 96836039
973839509 944788932
4 2
34328772 18630670
453635585 82905035
302711132 139698927
216053525 130444883
193151339 76980868
712456262 142134222
198546778 83169674
485391429 174707045
348453576 289060193
132034738 76595759
10 7
9 4
683410165 105266951
591307535 139612918
789535333 130130489
120292963 563669
342937704 124769326
107713396 30296949
2 1
831867529 507036770
349021273 328985526
248659097 105859331
206107392 194408863
404016407 50063015
206169129 72718863
498154894 489604397
426658609 177371141
887312304 229361523
608797889 498525795
405904276 388948238
3 1
794075791 662935364
428342748 335447151
752851986 407647015
130067368 105584779
1 0
905736698 749508180
644739027 564212591
6 5
406383324 354691832
583533916 547414488
243825421 66065120
72030929 5825387
789179562 743965696
9 7
829972721 746406012
246812420 28440834
308906958 188436747
759007034 16330043
54729694 49292357
957565169 428556043
2 1
506392941 161984635
959895894 770089885
904454445 550622812
757691275 399644855
440957090 204776700
173498628 76694421
790379655 173931328
524012546 457330367
240599015 2038733
438878803 383513462
536184219 192339090
5 3
904394244 759264991
588988214 189938204
186304538 19182459
341700812 114615144
61984380 1139692
918610516 92578861
2 1
10 7
429807192 240262907
621986731 432935868
317426910 47068062
560568561 165240077
3 2
366517212 178386086
443877791 94909923
884414693 804937247
9 6
544973023 130439717
7 5
320767336 12490597
557143591 93830949
581728653 303353199
812546244 600033214
206377044 162434604
55886801 17793606
253257249 124746342
982136380 621573887
187763275 66639749
483325387 335745589
246896578 176094321
729942724 304348677
458741489 353551973
886069944 466834481
735355087 727958885
496771762 138800872
328114861 180027364
114778278 35009038
377125672 186405318
702893862 11386359
923137629 29918174
987293791 550443960
857503738 773860777
142924156 99172482
330343206 273711794
924709884 558661850
437111766 37738638
7 3
314312031 39389757
632375959 337801832
796248784 58394992
741271607 265209241
288658606 195821947
762515084 675364567
607797102 363618513
342507814 171067070
755230390 66359910
102987891 32822811
463613124 435569816
653846790 562282578
891355134 173889618
897067560 145618075
858470238 188066891
789967493 661658126
110544144 33931895
385351924 171493902
660472752 371163186
61567054 30042868
1 0
778372412 292830415
855234060 95989255
958767177 912102208
476379561 379443553
1 0
792821090 520910588
230161923 147836014
578538663 541700807
696776417 103704108
258630888 251360703
56555818 51041334
799356302 404015409
314172832 5121186
724491189 715830329
519855345 404261430
112499476 42356410
793452098 187856886
851130146 646373818
4 1
569023220 289167928
202300439 18653057
843438926 661194856
