84
2
1 -2 1
2
1 0 1
0
1
0
1000
3
1 1 1 1
1
-1 -2
1
-1 -1
1
-1 0
1
-1 1
1
-1 2
1
1 -2
1
1 -1
1
1 0
1
1 1
1
1 2
2
1 -1 -1
2
1 -1 0
2
1 -1 1
2
1 -1 2
2
1 0 -1
2
1 0 0
2
1 0 1
2
1 0 2
2
1 1 -1
2
1 1 0
2
1 1 1
2
1 1 2
2
1 2 -1
2
1 2 0
2
1 2 1
2
1 2 2
2
2 -1 -1
2
2 -1 0
2
2 -1 1
2
2 -1 2
2
2 0 -1
2
2 0 0
2
2 0 1
2
2 0 2
2
2 1 -1
2
2 1 0
2
2 1 1
2
2 1 2
2
2 2 -1
2
2 2 0
2
2 2 1
2
2 2 2
4
1 0 -2 0 1
4
1 0 -8 0 16
4
1 0 2 0 1
4
1 0 8 0 16
3
1 -3 3 -1
3
1 0 0 0
3
1 3 3 1
1
451 325
2
514 -15 973
3
577 -356 -344 -577
4
639 -697 339 -437 -202
5
702 963 -979 -296 596 693
6
765 622 -295 -155 -607 -13 809
7
828 281 388 -14 190 -720 495 997
8
891 -59 -929 126 988 575 181 -583 370
9
953 -400 -246 267 -215 -131 -133 -162 477 549
10
-985 -741 437 408 583 -837 -447 259 584 -138 -561
11
-922 919 -880 549 -620 457 -760 681 690 -826 225 -601
12
-859 578 -197 689 178 -249 927 -899 797 487 -990 591 818
13
-796 237 487 830 976 -955 613 -478 904 -200 -204 -218 359 9
14
-734 -103 -831 971 -228 339 299 -57 -990 -888 582 975 -101 447 885
15
-671 -444 -147 -889 570 -367 -15 364 -883 425 -633 166 -561 885 -649 -304
16
-608 -785 536 -749 -633 928 -329 785 -776 -262 153 -643 981 -678 -182 944 -79
17
-545 875 -782 -608 165 222 -643 -795 -669 -950 939 549 521 -240 286 192 822 -506
18
-483 534 -98 -467 963 -485 -957 -374 -562 363 -277 -260 61 198 753 -560 -277 308 218
19
-420 193 585 -326 -240 810 730 47 -455 -324 509 932 -398 636 -780 688 625 -879 -676 -362
20
-357 -147 -732 -186 558 104 416 468 -348 989 -706 123 -858 -927 -313 -64 -475 -65 431 378 76
3
-294 -488 -49 -45
4
-231 -829 634 96 152
5
-169 831 -683 237 950 -14
6
-106 490 0 377 -253 -720 -840
7
-43 149 684 518 545 574 847 573
8
20 -191 -634 659 -658 -132 533 994 293
2
1000 1000 1000
2
1000 1000 -1000
2
1000 0 1000
2
1000 0 -1000
