91 1000000000000000000
7387 2705
7031 6799
6497 1014
6319 1103
5963 1815
5429 2616
5251 3595
4717 35
4183 1904
3827 1014
3649 3595
3293 2972
2759 836
6557 5693
6059 5029
5893 464
5561 2954
5063 298
4897 1294
4399 4116
3901 3784
3569 713
3403 1709
3071 49
2573 464
5767 795
5609 1032
5293 2217
4819 3165
4661 2533
4187 3639
3713 400
3397 2691
3239 479
2923 2454
2449 2138
5183 1671
4891 3423
4453 4080
4307 2474
3869 1890
3431 2985
3139 1014
2993 2693
2701 1233
2263 1890
4757 4227
4331 1884
4189 1884
3763 3162
3337 1387
3053 2949
2911 1955
2627 1529
2201 464
4087 542
3953 2887
3551 1413
3149 1011
2881 2820
2747 274
2479 1011
2077 743
3599 1884
3233 2738
2867 1152
2623 2433
2501 725
2257 1640
1891 1518
3127 1943
2773 1058
2537 1530
2419 1176
2183 1825
1829 1766
2491 353
2279 2261
2173 1996
1961 1307
1643 247
2021 541
1927 1340
1739 1011
1457 588
1763 971
1591 197
1333 154
1517 1381
1271 1053
1147 123
