84 1000000000000000000
2431 2270
2717 2127
3289 1269
4147 2127
4433 268
5291 1698
5863 554
3553 1709
4301 1522
5423 213
5797 4701
6919 4140
7667 7319
4807 3799
6061 2127
6479 1291
7733 1291
8569 7770
7337 5317
7843 7088
9361 6582
10373 5064
9889 4360
11803 11059
13079 11378
12617 1291
13981 7770
16687 12280
4199 1386
5083 4259
6409 5143
6851 4701
8177 6027
9061 8016
5681 3362
7163 2127
7657 1880
9139 4103
10127 8549
8671 6651
9269 671
11063 10837
12259 6950
11687 11552
13949 8913
15457 14945
14911 12761
16523 2686
19721 12280
7429 740
9367 2678
10013 3647
11951 10430
13243 10107
11339 4650
12121 12079
14467 11688
16031 349
15283 11552
18241 11059
20213 6622
19499 17349
21607 5228
25789 19865
12673 5984
13547 4236
16169 12539
17917 11665
17081 14249
20387 15351
22591 5433
21793 1291
24149 7770
28823 6212
20677 10653
24679 9986
27347 17323
26381 18496
29233 19209
34891 3178
33263 19643
36859 26835
43993 41103
47027 144
