91 1000000000000000000
7387 4340
7031 6031
6497 869
6319 246
5963 2115
5429 513
5251 3450
4717 4340
4183 2115
3827 691
3649 2115
3293 1937
2759 1314
6557 5004
6059 4008
5893 4506
5561 2182
5063 2099
4897 854
4399 4340
3901 1269
3569 605
3403 24
3071 605
2573 2182
5767 3424
5609 4293
5293 3187
4819 2160
4661 264
4187 1054
3713 2397
3397 2239
3239 106
2923 975
2449 1686
5183 1453
4891 2986
4453 1672
4307 2329
3869 577
3431 2256
3139 2110
2993 2402
2701 2584
2263 942
4757 1311
4331 3441
4189 2447
3763 3015
3337 2021
3053 175
2911 885
2627 1382
2201 601
4087 574
3953 2919
3551 842
3149 2115
2881 1981
2747 2115
2479 2048
2077 105
3599 1916
3233 1001
2867 940
2623 2282
2501 147
2257 1123
1891 818
3127 736
2773 1739
2537 1680
2419 1090
2183 87
1829 1562
2491 47
2279 1637
2173 1213
1961 1160
1643 1531
2021 1551
1927 188
1739 235
1457 1128
1763 1336
1591 605
1333 1035
1517 1049
1271 229
1147 198
