84 1000000000000000000
2431 80
2717 2368
3289 1224
4147 3798
4433 4084
5291 2797
5863 1224
3553 1950
4301 4007
5423 4755
5797 1015
6919 1576
7667 4381
4807 2995
6061 2681
6479 6130
7733 3204
8569 2577
7337 6031
7843 4766
9361 1983
10373 1224
9889 9540
11803 8902
13079 3479
12617 4425
13981 12950
16687 4832
4199 1627
5083 3616
6409 2290
6851 2069
8177 4721
9061 2290
5681 2121
7163 6814
7657 7308
9139 392
10127 3356
8671 28
9269 6905
11063 10493
12259 1224
11687 11338
13949 5683
15457 2290
14911 3278
16523 12950
19721 12417
7429 5180
9367 1304
10013 2596
11951 11640
13243 6472
11339 8699
12121 488
14467 2834
16031 10654
15283 13136
18241 318
20213 2290
19499 7866
21607 7866
25789 7866
12673 7365
13547 12609
16169 13046
17917 13483
17081 16732
20387 4610
22591 18936
21793 6719
24149 240
28823 1798
20677 14035
24679 20705
27347 15369
26381 14748
29233 4053
34891 281
33263 23924
36859 32015
43993 26070
47027 7866
