100 653527779127730273
84 80
39 8
86 2
38 16
98 10
80 8
57 35
69 47
1 0
53 31
16 8
51 32
59 58
59 58
86 2
78 8
89 30
26 8
33 2
60 8
21 17
4 0
76 16
39 8
34 32
34 32
24 8
17 15
92 24
78 8
99 35
91 73
11 2
22 2
61 1
54 44
89 30
2 0
58 30
4 0
31 9
19 16
83 39
9 8
66 2
88 24
60 8
30 8
3 2
9 8
69 47
57 35
12 8
31 9
93 71
5 3
15 8
65 8
80 8
87 59
42 38
71 55
60 8
4 0
54 44
52 8
12 8
35 3
44 24
45 8
28 24
75 53
17 15
61 1
45 8
73 52
75 53
35 3
18 8
73 52
55 13
79 27
33 2
73 52
80 8
12 8
41 0
60 8
46 24
88 24
7 3
16 8
79 27
97 92
27 17
41 0
34 32
20 8
76 16
5 3
