100 613989237041506593
10024 1418
20571 1473
69938 16022
62747 27072
83773 57632
86073 6303
28764 6366
96151 94694
15590 12240
48739 44718
45275 9270
86531 38792
9552 5610
62108 44446
39901 24641
59095 29050
69439 3778
14420 6430
92763 13008
91427 8803
37803 35118
10944 570
15234 10554
99654 40128
98539 48794
66582 24348
31027 12179
34996 10970
15613 9202
78977 31445
99199 2128
81357 77853
42025 24645
40848 18090
91793 54637
98077 27941
72882 32790
75397 33758
98412 74682
19895 2335
49922 43072
41491 32748
16491 1047
2348 1498
85429 42602
14386 13626
15128 2994
22636 11874
85625 66270
76608 55290
98640 41610
35160 33330
80727 74730
83623 32716
71471 3016
53074 9426
39515 32750
27888 21690
79199 7246
96505 37045
46566 34266
22064 17770
99998 69912
79549 67248
69105 62160
66249 57468
94573 85463
32714 28078
85279 59260
68969 9001
67763 17630
94070 18090
5394 576
83069 61296
88785 48855
76678 23118
30080 5050
66324 25542
59161 44920
65306 45310
71424 30522
43930 36030
1262 950
25740 2910
29817 16824
38407 13570
4157 1510
93706 8908
57199 11865
72888 56898
22246 13024
28058 27886
75241 52960
20764 10726
70020 56010
9568 8890
75111 13908
51773 35202
66757 55811
49470 28500
