100 789766433579106735
373 216
10771 3115
98227 62791
19531 4193
79843 44735
92831 82315
17393 5317
43759 14621
26729 1954
33223 25587
84421 80982
78193 14094
12703 9703
70249 32784
96157 37540
93187 1978
36887 17933
76907 45326
62323 13735
80149 3899
50587 669
87991 48856
10513 9509
78713 2548
58967 10947
53279 16972
13781 5832
78623 78594
94439 16520
18869 3453
75017 39194
29179 6057
37313 17424
52289 24777
9949 7234
64663 2138
38011 32501
26711 17980
41719 17529
78137 32953
3557 2476
47779 1542
49531 24544
47543 12018
1999 1500
17 13
92567 37806
94477 34740
6659 2415
64439 54995
16547 9646
48221 44000
74933 7255
82721 62496
20873 2056
46093 45204
14083 9011
45949 45637
19543 17430
48157 17423
46439 17539
47111 16281
91673 85776
58757 38650
42859 21013
97687 90605
45061 39315
1907 705
69941 27510
53239 52508
7333 2320
90901 67219
64283 23194
43573 21867
1579 1555
16699 11630
96259 40643
18617 3445
89303 36944
57269 7236
79621 58531
29387 16564
70079 41208
25679 14442
44959 38349
79393 67833
66491 66172
46679 44309
46499 23333
24007 9579
76387 72131
90749 12093
10939 2876
32261 378
34729 33603
4651 4429
73037 65056
22651 11752
50131 8559
88301 57095
