100 960895115051753366
17117 5073
70229 2755
99119 11801
35221 1362
52457 4605
66169 54039
74419 69438
30367 23309
79889 76545
58099 30482
70949 16902
28627 24689
7481 3701
40507 35307
50599 30500
53189 35637
79967 22414
24391 11335
67427 65854
95393 185
99497 32630
10831 10447
41113 18174
36293 3558
10987 1912
11717 3960
5981 2646
3583 1903
16937 11935
613 91
4211 1792
48973 8176
67489 33932
79241 20440
10909 9856
45119 28695
4903 2664
95651 77613
78203 67935
79153 48808
95063 77413
84449 76679
3221 2545
89527 125
37781 508
54713 10740
4357 203
12289 1389
89 71
1583 482
73847 68188
46757 10377
43411 41373
93937 41468
62401 60616
41549 30335
84229 54864
12041 2783
43451 9222
1249 1185
8783 5120
14593 8582
95569 58380
77563 10951
33329 30977
11617 7629
48821 43622
45863 16848
32587 19168
91291 31770
39769 15600
75979 63298
45523 13851
60757 15229
31511 20867
44651 4935
57653 56768
62081 22958
42437 1334
56857 20286
99023 64976
42491 8595
47599 15381
60539 27298
63277 17062
40231 176
16139 3844
2089 1767
43189 2247
48953 43811
1609 816
79397 1149
93481 12064
22783 5471
91163 84695
2879 1793
95101 65500
7547 5139
61979 1130
53731 33059
