100 983376671475364545
9833 2765
48409 10715
54139 39718
52807 10252
92551 85622
37987 35629
18503 12491
50767 4497
87671 68501
9319 2720
80429 35493
10883 2296
58111 39022
52963 52962
98269 46828
6829 3785
21839 13309
93761 71608
67537 11831
13751 10516
99133 59262
43 29
7253 6248
3079 2326
2927 1902
18251 15196
79943 72617
7211 5286
93463 88911
293 163
37633 3324
34721 28466
35149 12118
32869 21274
47363 32112
90997 10589
63361 33681
51059 36641
28081 1168
89203 54612
44777 23523
57329 30061
55711 41553
94099 86261
57943 33099
75377 57209
5591 1396
33721 3007
8713 2274
51283 49095
78593 29682
11717 8494
47459 17034
13913 12274
39511 4669
5023 816
32887 26364
65203 52581
86293 35291
47251 29327
66809 52364
95071 75613
25447 17667
19289 6065
83843 70085
57587 11162
21799 3141
9479 6069
12391 6699
31573 6550
32917 3312
7481 5034
32993 26718
87719 26101
91841 89151
77249 64331
95707 83550
78583 54352
47533 37818
62299 12340
31379 5782
27337 6967
22643 19960
7457 3321
73361 55912
14249 101
77081 50129
10331 937
30713 29745
18457 1889
93083 53213
59011 22285
74093 10527
27827 5310
5077 4706
56171 17048
69991 40048
94397 35519
96643 43004
74071 72610
