13 15
8 15
30 26
31 25
28 40
28 42
15 38
23 15
49 17
17 7
31 34
42 35
5 29
29 23
14 19
47 26
27 17
36 14
36 4
50 25
4 18
31 26
34 23
48 21
30 22
17 24
19 29
47 23
8 28
5 41
49 18
35 1
23 26
2 36
6 36
9 12
16 36
13 23
34 0
35 44
30 36
42 41
16 50
4 22
27 25
46 43
36 38
14 33
26 32
30 5
26 27
23 47
18 28
5 24
48 22
20 3
39 2
32 45
22 47
0 36
50 0
26 23
21 25
45 38
23 12
9 10
40 48
10 7
14 42
12 15
8 27
10 32
45 50
8 21
12 6
13 7
29 47
39 44
7 39
49 32
1 37
8 2
45 37
4 33
3 19
32 39
50 21
16 23
31 6
23 30
42 26
10 15
49 26
24 9
30 43
15 31
46 49
35 17
18 36
1 5
6 26
29 10
22 28
3 11
30 10
43 14
15 44
16 11
21 23
43 7
44 17
8 36
2 40
19 41
34 5
32 13
48 18
40 3
43 6
36 42
10 22
15 24
12 14
48 43
23 44
35 9
11 0
39 31
15 16
0 48
1 48
6 14
3 7
10 24
43 4
0 47
45 11
35 29
47 49
40 38
3 26
36 1
10 17
6 3
49 13
7 20
21 50
7 48
49 9
16 0
12 48
25 50
40 15
24 50
34 29
46 27
49 12
0 34
50 48
38 38
3 8
23 2
0 22
23 9
48 15
4 2
2 42
44 47
8 14
33 1
30 37
12 2
8 48
32 4
38 2
42 48
0 30
29 42
30 47
30 17
16 10
33 2
12 12
36 46
25 34
26 38
1 27
4 40
4 30
49 33
17 19
34 41
11 11
22 0
40 25
41 30
16 47
12 35
26 20
11 22
40 5
36 50
33 10
32 22
6 39
35 0
22 48
41 31
42 42
7 3
6 22
26 8
28 16
5 48
48 12
8 29
8 5
36 6
14 46
25 7
6 47
13 44
21 2
20 10
44 8
28 11
35 31
2 26
21 1
1 11
40 13
41 37
23 31
8 38
13 38
38 41
32 2
50 2
7 49
15 2
50 18
3 41
31 46
42 36
29 32
39 27
44 29
40 14
45 22
4 11
21 26
44 13
13 18
40 17
35 45
29 24
9 14
29 37
47 18
5 5
33 17
32 18
47 1
22 21
24 3
9 32
42 31
47 50
49 34
23 10
11 34
23 18
31 8
10 9
24 5
28 47
32 20
16 9
29 31
7 33
9 35
1 10
7 50
39 37
13 9
25 9
11 15
32 12
0 8
7 35
39 34
33 31
32 28
48 29
21 7
37 2
31 5
19 4
37 20
26 16
40 50
27 30
13 47
45 12
50 24
7 11
44 49
8 17
19 44
37 36
46 16
35 13
33 3
5 25
17 21
21 4
5 30
34 26
25 43
11 23
13 36
41 27
31 50
28 39
26 30
4 41
8 22
16 4
11 19
46 46
13 19
47 24
2 1
48 35
14 18
38 26
29 14
32 1
37 22
40 43
20 17
18 43
14 28
23 1
18 38
18 11
22 17
17 45
15 12
41 12
41 39
45 34
38 7
47 11
6 8
22 5
31 7
20 41
27 31
22 2
37 39
45 35
19 12
19 24
44 36
48 1
41 29
21 49
28 43
49 24
34 50
47 43
31 44
33 39
24 18
38 50
38 32
11 13
2 32
5 45
21 34
18 25
26 10
34 6
29 33
18 6
2 15
39 3
40 8
11 30
15 47
30 20
21 31
49 16
9 36
36 41
20 20
40 12
3 36
23 25
43 9
2 46
21 24
15 50
18 20
30 31
31 49
0 14
46 50
40 26
0 45
1 6
50 6
21 27
23 4
7 28
26 44
35 47
7 17
41 50
27 18
13 6
49 38
33 38
32 24
12 30
12 49
14 50
17 28
50 12
5 39
34 32
4 46
2 2
22 46
32 21
44 3
14 36
8 23
50 19
34 34
42 44
7 12
34 27
11 29
29 5
4 28
19 11
1 23
9 15
47 2
37 38
48 3
43 41
21 33
38 21
0 28
3 50
9 20
42 25
38 39
14 12
1 35
48 19
17 3
22 37
40 29
43 13
0 41
32 37
38 22
4 39
38 47
36 45
23 28
25 11
41 3
0 39
10 11
30 18
40 34
1 8
5 47
26 39
39 48
34 31
8 10
12 34
38 35
30 41
35 48
14 29
33 28
36 27
28 12
26 4
39 16
26 50
46 22
5 3
17 10
39 14
35 22
7 46
49 40
34 38
1 22
45 28
3 23
48 45
43 23
45 14
10 37
36 40
17 49
41 34
39 43
18 24
19 48
33 4
16 22
8 50
2 48
26 28
11 7
45 31
24 1
14 13
27 12
16 2
31 28
27 22
46 25
11 12
27 7
17 47
19 46
26 31
42 34
5 6
24 31
29 22
40 44
20 24
49 49
21 38
13 32
17 42
41 8
40 9
4 5
12 27
6 24
18 7
17 36
23 22
8 8
44 18
17 12
16 15
23 27
34 16
27 9
12 23
48 42
49 22
19 14
4 3
22 33
11 39
19 5
20 29
11 17
21 37
50 16
15 5
36 20
33 19
31 42
37 16
3 21
48 30
32 40
20 30
5 17
33 25
5 26
12 13
39 49
42 4
37 6
24 34
17 6
29 41
8 37
17 38
14 30
32 46
44 21
38 30
1 7
1 25
17 26
7 25
26 15
30 11
4 47
41 25
39 10
49 23
39 30
9 39
27 33
30 2
29 4
36 19
14 40
4 23
24 35
33 29
43 15
33 45
5 1
44 5
1 15
11 47
3 0
12 32
43 0
6 42
35 43
16 13
18 50
18 5
33 49
8 13
48 23
33 11
11 46
37 4
18 46
27 47
40 4
0 12
23 11
30 13
18 41
22 34
13 13
1 30
3 5
12 24
37 42
2 31
34 48
27 37
23 38
39 38
37 12
24 16
33 24
30 7
12 0
37 26
35 15
32 47
41 42
48 20
31 45
7 2
42 40
16 25
19 39
44 14
0 13
3 43
15 21
40 35
39 41
1 28
41 2
46 45
16 26
6 32
33 34
42 18
15 22
26 26
31 33
24 28
48 46
27 32
22 50
13 4
44 19
15 41
33 16
26 22
38 10
16 32
20 28
40 24
31 3
2 43
26 11
9 44
16 18
48 8
4 21
40 36
8 30
10 39
49 10
34 37
46 19
34 28
8 26
34 18
36 12
21 44
38 18
11 32
42 32
24 6
49 28
0 43
34 7
38 8
50 1
5 0
24 39
31 39
20 15
24 22
0 31
30 6
5 19
36 49
21 11
32 43
35 10
13 49
19 26
50 39
24 26
36 7
25 32
8 18
42 50
18 22
28 49
5 4
23 0
13 41
46 41
6 20
42 16
16 43
42 19
20 6
33 23
1 49
32 0
25 12
47 22
3 17
3 15
33 5
3 18
13 26
15 17
16 19
22 29
22 31
22 18
30 8
22 36
39 29
46 18
21 43
5 7
16 6
41 40
39 13
27 41
33 0
33 13
7 14
17 13
29 6
30 35
14 37
22 8
18 3
37 40
9 45
14 47
50 4
10 20
1 4
5 46
27 48
25 41
6 6
46 8
38 29
46 3
28 41
4 29
13 29
47 42
29 25
22 4
48 24
3 27
19 3
27 26
0 46
8 24
37 14
5 21
46 33
21 6
17 5
42 14
38 5
20 5
18 2
19 45
45 33
26 48
49 19
40 20
31 35
40 2
21 42
16 44
9 2
11 35
5 10
29 17
9 22
23 3
8 11
29 8
45 18
12 19
47 45
3 3
26 24
45 6
27 11
25 40
23 21
9 6
35 42
5 49
18 16
46 15
27 50
47 35
22 1
43 26
45 4
38 19
17 15
45 23
12 3
9 25
19 27
21 20
39 1
6 48
14 32
25 26
32 44
4 1
10 12
43 1
28 3
26 46
17 11
2 12
38 40
22 26
29 13
38 34
47 27
32 6
26 18
28 44
50 47
32 8
3 6
28 33
10 43
12 44
6 43
46 9
14 8
44 50
14 4
46 20
15 3
20 23
32 29
27 45
31 9
39 8
25 49
31 18
12 20
50 42
2 3
19 38
28 45
30 3
13 8
35 30
38 48
36 26
4 49
49 1
17 27
8 42
43 29
25 4
37 41
12 47
32 30
37 13
45 49
13 39
11 41
20 8
5 14
23 48
4 12
0 25
37 11
28 50
23 33
24 32
18 10
8 34
13 35
5 42
48 11
18 8
47 38
5 15
39 4
28 17
8 20
44 20
44 6
48 7
1 33
1 47
30 24
28 28
27 43
40 21
47 47
10 28
37 1
25 28
45 32
18 40
50 40
20 25
19 13
31 13
31 14
19 8
44 28
21 29
37 29
33 9
33 8
8 16
6 11
43 32
35 49
9 38
41 0
27 36
39 35
22 13
2 22
32 36
35 32
15 40
47 8
32 26
27 28
37 19
45 29
1 14
50 23
43 42
2 10
20 39
10 44
16 20
7 38
13 14
36 43
2 4
16 46
2 14
33 21
27 23
20 1
31 15
21 18
15 33
35 38
50 37
16 3
43 11
38 16
42 2
20 38
17 43
15 49
29 19
0 15
3 4
32 17
5 34
0 38
33 47
16 7
12 37
25 33
49 31
15 39
26 43
44 37
22 35
9 28
27 16
27 24
45 25
18 32
37 33
11 36
38 24
28 4
48 41
5 18
4 38
11 50
10 41
8 33
30 9
20 22
41 14
24 29
24 20
12 17
33 18
0 32
16 17
14 3
21 5
13 33
13 10
19 47
49 29
20 44
13 31
41 23
45 26
17 33
48 44
41 15
14 15
43 2
39 19
22 24
30 38
40 1
13 16
40 41
10 6
36 15
2 19
24 40
8 12
12 42
44 27
46 36
30 28
23 17
42 7
28 1
23 50
21 41
46 30
46 38
15 6
29 45
22 27
19 2
36 30
43 12
47 36
35 5
29 26
8 39
47 32
45 39
12 29
19 16
33 40
21 22
22 12
28 32
2 27
34 8
41 26
4 0
32 33
49 25
9 27
27 27
4 9
14 48
33 41
47 13
28 7
35 4
22 42
15 48
9 9
9 26
25 37
0 44
41 32
24 8
31 2
40 30
25 2
30 15
1 36
29 7
47 37
1 39
23 32
49 3
11 26
46 17
25 21
4 45
2 8
30 29
2 0
26 17
42 49
6 27
43 33
2 25
24 38
42 11
46 12
47 6
25 46
0 17
7 27
11 2
29 50
35 6
22 22
20 37
45 48
18 45
29 18
18 35
28 2
8 45
13 0
24 33
9 41
30 49
38 3
47 14
16 34
28 27
6 2
4 36
22 14
27 15
18 19
44 32
24 21
7 0
3 32
37 50
20 9
24 11
49 35
4 10
28 20
25 16
18 29
24 23
50 3
13 2
8 41
10 21
24 17
38 1
2 35
13 17
13 43
26 29
9 0
31 32
32 38
44 25
17 30
24 36
31 4
20 31
6 16
4 43
47 25
0 26
5 13
40 42
19 18
40 33
50 17
12 40
25 35
14 21
34 4
38 23
38 49
39 22
4 16
7 26
6 46
30 39
15 15
2 20
8 7
29 39
38 45
17 22
34 11
1 9
39 26
4 48
3 24
12 39
17 14
34 39
32 50
50 14
23 40
35 40
30 21
13 30
45 44
9 13
4 7
48 17
20 12
0 1
48 38
2 34
18 34
6 38
36 2
48 31
34 17
36 33
18 21
17 1
14 7
10 4
1 13
12 25
19 35
32 11
31 27
29 11
24 47
26 6
45 40
34 13
17 25
13 20
30 42
50 28
41 17
37 17
32 9
33 37
42 10
14 25
44 35
6 33
4 15
15 1
38 37
49 44
31 20
9 49
25 8
35 20
44 45
39 21
9 29
26 7
49 45
48 34
22 16
23 36
24 43
13 42
31 30
7 19
2 28
32 15
1 12
40 31
48 9
0 27
41 41
23 7
43 46
43 31
39 24
43 39
42 21
8 40
41 24
3 20
37 8
47 20
47 5
45 47
22 25
28 38
16 30
1 1
46 44
37 48
23 14
47 10
10 36
28 18
44 22
14 6
50 33
4 31
9 11
27 13
2 33
28 24
3 10
32 5
36 21
37 3
45 36
34 25
35 24
36 25
40 27
7 40
16 12
37 46
2 11
18 44
46 0
40 0
40 22
44 0
30 30
39 47
8 43
33 43
15 7
26 14
32 49
20 50
42 47
35 3
10 26
19 19
41 45
48 4
50 20
1 32
47 28
12 18
27 2
7 15
27 14
49 47
7 8
37 45
30 40
6 44
47 9
11 20
5 9
8 47
35 12
9 8
41 19
40 16
50 44
1 50
6 4
18 30
11 8
26 0
3 25
7 41
45 16
47 3
10 33
19 10
6 13
47 31
14 17
3 31
14 39
24 19
17 40
25 27
12 41
39 18
31 23
49 37
17 4
20 0
3 48
29 46
39 32
44 26
21 35
33 12
41 28
37 25
21 16
5 16
44 7
27 21
10 38
24 0
31 17
47 19
26 13
28 14
39 20
39 36
14 22
25 36
5 36
38 31
47 16
47 21
16 39
10 18
16 21
20 43
11 16
9 4
11 6
45 0
13 46
47 15
29 12
5 44
30 1
5 27
7 13
26 25
46 29
40 23
19 40
6 31
31 1
14 24
24 45
46 39
12 11
23 8
31 21
47 17
16 27
25 29
35 2
45 42
2 5
40 37
27 34
22 3
5 11
44 16
28 8
8 0
36 32
49 27
42 30
2 16
19 22
29 21
24 41
20 16
30 16
39 23
10 49
5 31
35 50
19 28
18 31
30 27
7 37
34 19
25 6
22 45
40 46
38 46
33 22
28 10
28 30
11 44
16 8
26 49
28 6
25 18
34 30
46 47
15 42
37 0
13 3
28 21
42 45
13 1
29 1
19 32
35 18
15 8
19 25
41 44
31 16
0 7
33 6
3 45
30 48
48 37
10 50
37 34
33 15
18 1
38 11
9 24
24 7
10 2
37 35
6 28
20 36
11 9
21 47
9 17
11 24
14 1
42 39
22 7
6 23
41 47
12 43
37 9
11 48
36 22
18 33
4 19
9 50
50 41
5 33
35 35
48 0
31 38
43 27
45 24
42 37
46 48
18 15
37 30
12 36
20 2
44 12
27 1
25 20
43 48
28 23
5 28
2 45
24 37
8 19
32 16
41 5
43 5
22 41
31 11
44 15
36 23
49 39
27 44
28 13
1 46
47 46
14 0
46 32
29 34
36 3
4 42
9 40
15 45
27 5
29 36
47 40
41 33
4 8
37 49
10 10
45 5
42 0
22 39
7 30
44 11
48 2
17 37
39 15
44 41
43 38
34 45
10 19
6 37
15 4
17 23
41 36
28 9
3 1
6 29
6 50
22 23
24 25
16 40
12 16
4 27
38 0
36 16
14 11
13 27
8 1
38 17
25 42
43 25
3 37
9 34
20 7
4 37
41 21
10 0
49 2
2 49
48 5
2 30
50 30
26 1
12 50
0 11
10 45
25 47
1 20
22 30
32 31
25 1
27 35
13 45
36 11
18 17
40 40
44 43
48 47
10 23
15 27
0 24
9 31
20 18
50 5
35 26
4 25
32 42
47 33
49 7
28 19
48 33
36 44
19 1
0 2
50 7
23 39
50 9
24 24
14 49
36 0
43 40
3 47
28 48
1 42
19 42
24 30
7 21
15 0
27 46
8 31
16 24
26 45
31 24
17 20
0 10
15 28
5 50
2 6
48 40
45 45
46 31
19 30
13 34
37 10
44 44
9 18
9 46
34 33
25 15
21 46
49 41
43 28
34 21
13 50
34 40
21 48
12 26
10 48
43 22
15 18
1 19
45 43
50 13
37 21
23 46
6 10
34 20
11 14
20 14
36 48
39 33
32 41
13 37
38 14
34 43
34 24
16 5
17 8
37 37
49 50
2 9
49 46
36 9
3 29
30 45
9 3
6 30
11 5
3 46
40 32
48 25
49 4
22 6
0 29
2 37
38 33
13 11
6 35
48 6
35 23
26 34
43 35
22 10
16 42
47 34
46 34
16 49
3 22
0 19
33 50
35 25
28 0
34 44
15 10
37 44
41 20
6 5
42 46
43 8
25 3
18 49
12 10
32 14
44 33
20 19
28 26
7 42
6 17
24 48
45 19
30 19
34 15
39 28
43 49
42 27
7 47
50 15
34 12
11 31
30 12
35 39
46 13
23 34
37 43
22 20
7 32
15 35
46 28
1 17
23 45
22 40
28 25
30 50
7 1
26 36
3 40
36 28
46 5
47 0
3 38
10 47
22 15
29 44
24 15
21 39
21 21
9 42
35 41
35 21
24 44
42 17
26 33
31 41
49 14
10 16
14 43
25 13
35 46
28 29
34 3
13 48
37 18
27 20
15 37
6 25
28 31
2 13
36 47
16 48
17 41
10 1
23 41
4 44
30 44
8 4
4 35
11 28
25 10
19 0
31 19
43 17
49 20
0 18
46 23
11 37
36 24
18 37
12 1
38 12
24 14
40 10
36 5
20 26
21 36
33 14
37 32
2 21
45 46
7 36
45 2
17 34
41 18
24 2
15 9
14 31
42 5
48 50
1 44
2 39
7 22
15 20
32 25
29 29
4 6
13 40
34 42
10 8
23 29
42 23
49 6
19 17
49 42
4 26
20 35
44 34
0 6
31 40
42 33
12 45
39 0
43 43
36 8
1 31
17 29
33 46
50 32
11 38
25 48
17 44
36 36
0 37
41 7
29 3
39 46
12 33
39 17
25 45
47 30
48 16
7 4
44 30
33 42
1 18
43 44
23 35
42 6
3 35
12 7
10 29
41 13
12 8
6 18
14 23
17 39
9 1
0 40
29 9
47 4
42 8
4 50
38 4
34 1
33 32
50 49
30 14
25 25
11 1
31 48
7 7
50 35
8 46
27 49
9 33
44 40
9 37
944 541
106 235
138 192
517 821
327 789
801 434
13 474
283 155
50 292
806 415
142 562
919 391
312 255
67 445
223 578
81 201
482 125
477 54
1000 1000
