300
444016071 1084411874
419467264 1220000518
625061127 1184366749
600002623 660460217
575364892 729769645
1948473273 1323123114
150341133 1281574676
568843356 1402724543
1299553362 739317270
324075815 570332108
1881263587 483185626
263525174 1999383242
542012836 1314878147
137067505 191703477
1497043890 1804922926
1232436723 16710599
1885082637 1135273258
860046364 218950647
204932643 1395130905
694742743 1510968847
617750753 1312547849
542433609 1479437392
702566937 539079794
443967486 583096039
1069880050 1444875725
1925000691 10468204
261571187 1974559417
173117924 1677765343
202881486 843698062
757437588 863586273
1150411949 897075838
81594110 1003273108
376057886 1045100687
1722991199 708158003
1528110110 1625597178
1578182656 1722153776
586356807 1821550369
1539615845 1446971344
812724889 1283532786
77261240 100924039
1640129002 1179289503
1507335891 1115898867
927769870 168647545
1728023983 1052038873
446483878 1829560657
1391963184 1852199939
344943081 810722317
1428713517 94588597
1594810099 835080907
1297271649 280201202
6325551 422962711
608433684 274472627
323566118 1567283788
1197968103 154860097
909232902 1014451117
1971063970 746631767
1422612754 731679170
1540360221 1369328025
1567142156 1597419538
1845722865 1128007346
282482915 405400675
1559924829 625761041
1838084765 435443378
902666904 1349670370
39908163 1251859699
557758394 415882893
1116271055 1655781513
99107561 847610159
1520006775 586728995
1487868453 1610227931
1484279959 173352603
772806835 1685775631
786036001 1293545646
1828630187 195757206
1066433188 600516443
1047382400 1772922113
838806910 1268580189
656268979 1892348549
1478599969 738338215
1413109591 1526758867
1842045447 255887074
1165222914 160309531
506383190 1648467016
942164185 955996095
849054449 453749790
201113593 1438402774
1905249989 469212084
86436677 1269280103
433489391 944911133
51179219 152250658
1025536079 1487124077
1946377654 1337141118
1902037806 383323798
1734124746 302512758
1882473198 1142539170
662976609 1705154145
114662902 533072078
114525393 284764628
1078634714 1181292075
823016890 1947963576
778256269 1792951956
679883193 666795659
1117157063 715051727
417327183 1358894392
1078355573 1626948421
1708459375 1846143638
1432208964 536146752
435678057 492081922
1107002571 764424359
46381114 1746840092
53553979 1040723355
987624720 1609483555
305587432 631489616
438238911 1016688368
664093173 517933387
653615078 520449779
433812994 1955415582
952083998 589382896
778163222 559109637
1389588424 1433976857
578811754 1629137087
337446613 1341101800
393243611 482348203
824554227 1094703875
422914126 153322760
234089338 1896167599
1384745857 822830796
1137696603 1825648560
1224750038 798144480
665072228 1877630631
509409279 53833120
1491173683 231665993
1060190793 1505009716
1407429601 1253862271
988369096 429577294
556128010 1349019041
1939018695 831913186
1026515134 1778606226
241076109 1867989959
539824170 836711291
801732974 98363185
975839844 1877488999
1008629495 631210475
116900153 1152463106
934849688 330783445
63708471 169391921
1384790319 640292865
159658202 1771291729
398462489 2271822
1769896024 488355919
1588567704 724364673
1615119083 631210475
1632025667 1680140103
576295362 404656299
75537809 1043005068
126868551 433303297
341403172 550443897
284485487 381928093
1257074454 1767521264
1723411972 709974481
1995192004 1253627592
1940369938 757902823
1313806045 774065031
979938035 1988019139
199992906 544622275
449186364 171256984
1293731740 1972973495
1329223877 641644108
1600959447 1831470182
149224569 1813260940
519842912 759112434
1627971938 920738637
770804263 997172345
1344920850 1502865512
39580437 1178872853
548862098 1073792147
110892437 803686961
1637802827 1911350752
1411341698 1083667498
363900822 105673559
874626773 631861804
270884133 772806835
1207887916 512577000
1416605038 414110877
447600442 480438678
1917734779 378853419
1612788785 61843408
1824625043 34503191
964799344 1490757033
1055485735 1383952896
356962636 754549008
303443228 492223554
510202240 1592807527
1996078012 1948194132
1991745142 275310050
490358491 371401413
842674545 1354747616
1556708523 1515953046
12519361 974160875
227846943 1843675831
1432208964 845793681
578111840 1553682434
646535260 1642180159
455007986 1993189432
1105093046 1620289376
513090820 1300904605
139304756 191331289
842439866 453191508
1675155904 635215619
1891790267 318954107
1379061744 1673108870
1467094234 867267814
804759063 530511224
990185574 215317691
1642645394 1958255577
528646161 1308684337
1177149422 493574797
160730304 894514984
1842510682 376943894
1510366103 1660717127
897541073 1539288119
149924483 93565080
1218414596 669405098
1571940261 279363779
1772970698 644067453
22952994 1714187950
826605384 1598443055
844721579 968853073
282203774 703032172
1940742126 790041145
1448694775 35110058
1175891226 1832635331
1449580783 1068108034
895724595 1198154197
1107746947 950453614
586822042 762280155
706479034 1100201894
434699002 544250087
625388853 311129913
313318579 100782407
1792579768 1059167276
800009543 1415112163
571032022 1530812596
588966246 372797118
428456607 385140276
1328014266 399299912
1872411753 1852665174
145033331 1138254885
1972880448 1804502153
509364817 1041653825
1872832526 502887743
1371516691 749843950
1392849192 720080388
197759778 513090820
266692895 506148511
6511645 1503051606
1705663842 370887593
670942435 1294617748
426454035 109027374
1622243363 1474967013
1379713073 654266407
1623036324 1928447553
879097152 514721204
1556615476 1107281712
1129079448 664513946
981754513 296177316
497624403 90069633
1156468250 206842168
1611765268 1812467979
685332627 1640642822
436657112 1640177587
1574501115 1474453193
250530687 282389868
1147802510 1006020056
1568493399 589803669
1606174202 722269054
1066340141 1476362718
1279292963 1881215002
1795561395 608482269
1622198901 806996314
1094380272 768615597
1140771277 397018199
757389003 1061635083
1216739750 524082735
839041589 1544086224
801826021 1293638693
1224377850 880076207
193333861 1864543097
1851686119 1709624524
914682336 252905447
534281689 1983455713
1699283938 1692904034
1915311434 192217297
1274122670 325289549
1039930394 1231085480
1672081230 977377181
703639039 612115225
824461180 667867761
1842975917 250623734
108003857 927118541
