100
682864 866394 476041
938509 986770 359781
668582 703682 262980
522968 815979 465174
855830 681430 670534
845052 997543 757612
984616 512449 438792
785933 691889 674220
802976 656558 634571
823130 909036 370078
798670 752552 529073
822337 584885 496167
940130 774556 527828
712437 528629 483567
981073 775244 504497
984524 569809 114483
795173 520747 309524
909169 942716 663790
570044 714243 156268
705503 645726 226810
960194 687485 448011
681558 795156 549974
934154 615011 104573
601747 937817 483750
612104 557300 461841
898850 907715 768792
707659 832907 475308
676239 792067 535189
816410 646515 366480
530694 564723 66580
715781 576313 359104
813261 713835 299839
796871 548618 48243
846811 598536 392095
545428 570185 149556
719638 609512 107777
837163 504190 245939
598887 828692 390508
720320 827611 409320
519304 738122 96369
724069 942639 594822
858403 859897 177281
794931 523705 495236
682736 774206 511352
519198 837440 236240
816535 588957 324712
701948 757551 96085
852592 534151 397912
667208 966602 574617
816134 668635 528689
649187 582806 570812
835476 657424 528713
921448 678273 564504
734299 915371 396944
798676 638645 49938
741825 819784 668499
922613 777353 514113
657604 877486 392715
783551 702339 148508
557848 841063 339812
574915 931319 375269
606321 897404 589614
942126 748183 459385
501941 982063 129627
976205 512976 169793
960291 690275 679119
575184 659907 312326
895220 928174 426535
639296 558969 238651
862662 996972 76210
832422 848583 806491
669672 667022 534691
788538 655611 127106
804489 902648 143894
833855 900397 266711
860852 618410 28384
700204 557100 408087
826487 558071 365582
706995 507447 57269
880473 549199 354108
745151 783796 672158
657690 710107 287443
693003 941382 173752
962966 796692 718764
634525 939449 511972
925294 823526 644470
819969 715698 506802
762812 557904 99560
975202 524310 317927
658478 850451 111762
723434 569266 387956
501450 826562 119519
546620 803546 202221
720397 970054 409418
969706 999553 226446
992164 895285 440528
833006 676516 381828
811057 612695 337098
977896 960210 907778
654126 892685 620327
