100
992013 937618 552882
797449 690359 356586
576541 999106 412815
827609 977915 184491
652705 783843 68582
713788 974384 186213
580319 624788 375856
845052 667098 252052
643835 929535 114784
823902 923129 640287
546775 591434 360678
534702 844757 40355
898097 822779 469620
531705 583264 100826
923718 682505 152308
796401 595728 103556
687255 553438 181978
923609 662237 214649
606042 840483 263069
539792 942086 455367
867123 654591 113041
518353 844537 111620
532015 811826 162442
816916 649671 25996
711164 534049 257887
942358 781046 368354
694466 710668 266664
545417 809087 161650
965178 779661 369075
882495 687460 189601
900898 787983 498867
504700 809094 366870
797707 661949 510517
713356 703389 541343
910259 700178 467367
807448 582190 214535
699881 505488 279547
889970 894543 475991
810339 753698 638859
811840 714353 58041
660578 791683 244116
839360 898517 735342
629887 951625 262474
597140 692225 215013
773843 640244 498634
715158 518071 204915
887168 922621 508973
688120 566543 545555
973437 585973 452316
776341 789739 450065
642988 580180 106401
525988 601529 401363
835689 722037 288537
537819 594692 193344
530621 908860 238914
824930 562660 490688
608466 927208 585982
787130 799172 384893
788598 569312 1785
605977 949081 435499
891877 879463 192667
527804 930985 107223
512845 883643 106599
979185 575624 124497
898856 583333 233558
511366 795137 461815
601946 610692 165456
935786 998342 133764
706539 513874 76654
787179 770173 299578
691177 798969 370003
664649 843686 486556
973670 607773 13969
722394 577659 204380
935677 919340 137955
687193 841796 99665
930308 988889 739932
574302 767731 570832
622342 726661 578683
828534 647745 485925
507342 585160 417451
832646 704357 655530
863201 683036 168728
608793 590394 320651
806296 903416 78317
969279 611438 185445
976438 846853 674090
547947 855301 476888
969690 604957 115457
988104 965338 719125
544078 769117 522666
833958 630965 381787
648753 853662 9934
622573 702018 211975
559579 981072 129575
772157 781100 536072
500314 877345 379792
680551 565823 228456
643875 644006 225409
900073 588517 411507
