100
503182 525138 366419
961759 714148 575897
540666 785205 122085
931511 972821 514704
759656 953359 435071
917867 931087 907690
587831 765914 265291
779444 582082 283301
624661 852118 204919
595128 514423 458328
978618 666675 158008
836636 643215 477861
504897 519605 42389
530637 790718 238241
750625 939626 710378
565308 589166 513147
564320 926472 35316
516360 857378 515876
675357 637443 245974
726177 946797 455753
623818 644063 428109
623014 677901 501535
916822 670243 522604
565459 796271 346841
703320 524246 467953
515718 603275 315209
509233 689994 435598
590777 779868 208755
544657 735358 316976
581090 701458 339692
690282 564585 29263
983961 790678 48646
715909 964491 428316
897645 590605 88370
940079 928625 813769
971621 633367 390149
916538 922335 375895
793403 649493 232939
806221 519166 428156
580112 938317 577650
559200 963356 239756
787207 980161 358967
911884 881279 244103
856182 896576 459406
629629 671571 342956
772538 909905 255141
780290 618809 204390
612348 932301 357422
665572 631816 550243
782290 793061 423333
648254 808455 421822
829222 746734 513349
642707 828653 553894
689508 898170 679234
523397 898739 483539
559180 568648 255821
586640 841588 559749
905250 674414 410875
857077 525237 355369
804514 927867 739366
968740 552164 18672
552373 774997 239378
757945 979223 17115
578628 931349 60651
883344 610514 104696
973289 923201 532555
909117 502080 310103
856081 612027 153594
608873 930641 34171
770675 885232 757898
694368 966214 382004
539100 841282 18856
812220 653139 39111
972485 735999 555285
678683 970564 515116
955469 976375 313687
924560 797258 207857
966362 997448 795893
857658 558747 261069
978220 590391 7234
546501 666365 483739
904757 798659 356518
511922 784011 111154
900855 912899 686022
742174 633553 141746
608300 546664 406437
823102 834738 204013
995061 845115 723751
878036 649295 420217
504995 946947 306077
682538 759242 464844
729403 675513 200831
994810 730115 315246
901345 688016 410544
856061 854815 422730
685835 709348 24185
570073 899836 426528
678642 842326 383634
664932 916723 407209
655490 651296 387825
