100
591525 987452 326860
837498 987723 735678
761840 957069 612349
664719 906214 88413
939019 802090 405266
871382 616986 381521
861296 599953 297718
662480 597847 167709
569938 711568 532150
847794 922632 605076
975416 834443 172946
779911 548337 111003
799556 799224 180716
996709 876923 349568
633963 920885 248383
869705 567021 185518
954889 728755 42771
877759 970881 456878
663797 786443 89372
894108 747931 450518
796331 876364 220893
577700 918591 279146
587987 997895 320068
910343 764257 727756
938980 571277 74073
841920 966868 703255
752143 711250 69538
840149 898005 673338
862122 997258 235591
895337 566557 341493
722125 570877 172436
842362 711401 44653
778845 893967 178894
625717 936578 288840
873798 911426 621279
764136 582277 442538
866938 760753 657829
512085 617647 343447
894581 686083 179666
891708 695169 279095
962050 823956 693086
643305 721300 128156
630379 603069 49100
935565 857548 337792
595027 811965 172939
639089 637323 284872
655177 923044 118153
679858 990307 319042
883434 803980 307282
761805 932220 250693
624964 883971 39008
684432 668015 324604
688372 656216 323760
533524 703767 28327
763615 821248 329022
779928 852493 659731
925849 620552 87596
780979 727956 350532
630499 997208 7088
946273 763038 753873
926790 683154 175524
560329 860919 280996
734217 709534 334401
547368 874409 515846
623272 581645 23156
664577 749409 103589
862272 835165 675820
812771 685121 46553
533076 952167 140097
771554 547539 329852
980804 580869 511716
703656 966483 41774
981780 663315 39685
519102 849843 389390
684674 944881 607470
983975 525068 471206
627341 824731 606685
965215 822612 155256
765775 639683 342676
624451 515326 199367
686645 632621 364028
720760 957041 207125
743852 984590 186617
828625 525304 522129
785498 616787 314417
627840 961985 345127
890498 714147 504887
871955 672534 429128
679028 672355 396242
567314 720397 535176
595328 521974 446
753576 921774 480037
785739 502346 397988
930309 624695 227537
817104 530208 405807
634747 793500 111323
622216 795552 338142
517698 744214 250510
830328 662501 65302
922472 546065 543963
