100
887471 633590 101158
666283 557710 76225
713030 728784 155439
506499 537998 198615
999343 782166 664142
696616 913845 84958
636084 827916 472446
704374 516495 355151
575453 534618 349495
717893 740406 532999
886942 932743 457372
681609 627503 9460
506672 939671 16661
832108 752265 525683
727326 767342 596811
829809 776567 539244
997242 865927 327862
572201 864667 354360
772574 638217 342571
980449 807079 680817
738801 742240 588254
574179 808414 276697
735817 769985 19063
778912 552372 197919
609047 548087 291662
631351 973205 551154
884650 891310 600396
946092 761667 376226
513659 828644 111779
992478 930092 426444
704228 638717 553985
716594 864954 203030
725551 996670 200228
693936 803917 528542
625616 970652 147776
957991 552453 151261
577715 777636 285707
585345 801591 488335
745988 644846 8708
593642 816026 251059
628788 572763 567081
723843 588581 252501
919336 782443 726903
878949 797115 300991
564101 523449 177342
894280 650100 645348
526566 513707 57313
701614 689072 640598
726215 765763 215577
687998 986050 581689
951702 591632 189202
651181 994029 467670
984559 714048 318411
795165 553889 197940
786364 695286 133233
744411 647549 362164
676356 752403 399822
503994 845581 285541
689574 891920 577100
581647 928999 351498
570383 557466 259364
543141 841387 11219
753962 664415 562572
825411 518206 389825
933983 990381 225987
740459 810433 506580
627678 976351 313880
526451 687785 163840
654626 698715 10160
751169 887099 707744
584052 986245 46236
731743 940758 112680
729245 687994 236178
532592 909060 386386
531406 564152 157656
723551 711787 2019
900330 647250 130251
556865 689015 316829
813812 567754 38203
672833 581556 283978
777212 662299 8313
538497 594333 432970
995949 820856 814043
979760 638524 235357
570944 554834 446118
931466 809108 359571
579441 913465 246147
689453 615144 590647
978562 843720 369024
513402 721786 472411
506894 722980 11440
541565 835739 194221
957570 914582 900329
510714 992897 188959
954238 926349 332504
977007 530179 167632
515011 937150 48605
942217 876468 588687
654450 555415 91816
904636 836603 735552
