100
851110 673700 371327
711276 692845 571429
786788 930680 23215
962013 790741 744442
911359 818655 656115
641989 720484 521931
637576 925869 149168
694613 609325 69064
714116 624825 560563
797134 906003 91216
857720 620075 395874
608743 983359 309275
660973 967750 299172
562501 595901 27176
548359 900550 184387
736300 680927 473130
517269 957291 137914
652436 934933 14243
974699 864143 76079
559883 564711 185562
867757 562436 291002
527896 897140 285065
874969 728097 341259
894968 625065 616744
502439 819208 326380
780287 925546 126025
920666 950879 252158
615239 825289 89397
683055 693862 123763
686510 927466 312491
872304 577238 490314
726342 739660 700672
981451 919956 902083
865131 559059 59101
739266 865934 134371
529918 605493 308128
826297 679134 480270
699782 928609 415618
998840 930155 133643
789332 589103 69241
922258 972581 363869
772140 719345 639091
606745 605691 569475
773686 601848 493381
984466 513268 466191
967859 661118 586274
796471 789263 761186
598275 747188 567120
547118 580249 496578
567459 827967 325401
617398 559759 385897
852733 790512 446193
681352 848956 504788
815574 816956 542089
908325 562347 313712
806422 845095 804717
589595 743018 390412
655177 540764 468096
937805 663188 484570
672660 916447 593957
904575 592582 349172
622452 956491 348005
522812 865879 251187
554840 518327 419276
956966 967851 744942
678633 596775 390838
841909 529414 271369
962522 857676 141542
888829 701506 501555
762281 537238 81818
556333 806890 151019
940554 876632 378610
904813 723763 296994
593805 961562 118116
848496 530023 167482
539111 771051 473367
813945 858621 311520
506353 776564 72440
718832 992920 40771
821495 616477 536729
763326 818067 640440
708791 985904 271539
804148 798633 36861
863373 640362 108074
680825 931054 365167
698330 874347 191369
707268 889657 84003
960871 716818 215132
715015 818103 450773
978302 674835 644717
928998 727402 340127
766946 715828 52086
593311 711290 390618
734779 855879 482069
728937 718294 95565
606043 549571 507168
827319 764032 674552
697923 679394 282558
618115 912751 300914
974445 719717 40425
