100
617071 824900 249153
588752 868328 249052
917230 908287 797187
556140 625422 250573
902654 507043 429581
516739 808851 331980
886819 940550 135551
886467 530380 25325
697654 745388 260870
777061 965086 326895
530369 640111 233383
720752 796451 77665
734085 860623 17100
521219 665023 485480
661500 757768 65212
679578 799391 311356
837202 907373 444475
591184 830469 394588
666695 508232 57992
718538 965535 174809
546196 810560 500270
882477 870179 457430
774306 923407 702812
707147 950152 439638
936773 517156 284422
749250 858863 737117
793222 791863 598644
513367 609051 42488
820872 582618 400501
742133 836463 627661
711019 726790 510173
697478 884451 239608
616570 553606 17654
891222 599337 21131
807967 810872 150844
519882 535298 190885
628243 899698 62594
657491 701824 286921
585433 739204 55035
910817 541974 183883
810143 592977 583886
838363 902560 490843
555857 973358 163624
909827 510296 123329
904362 931434 98614
546161 617892 352259
687671 981668 655067
649153 549439 546156
986859 740576 148005
941499 821759 204646
917909 612309 256014
673045 631624 84323
886950 838054 693508
558187 675972 169011
683373 847479 419103
886503 605806 154928
781537 543209 163613
841394 526197 18607
957507 939595 143147
944132 976635 669721
928816 845574 811229
662303 527210 229275
647737 608617 228106
984006 873446 313365
659737 883699 29121
719851 591812 260255
751836 853541 217531
765406 587971 480449
789498 887009 287497
797083 824795 107131
736533 655997 311810
519582 794610 170530
835199 574760 261788
927957 973843 232825
849068 849635 572353
755062 582234 70855
590435 803363 393484
609211 869588 543024
916192 772118 414883
681498 759797 274148
847150 805498 76227
635618 611682 164815
846782 685218 75028
501363 711160 106100
510352 594859 177106
632708 970535 623225
536131 803808 213321
856184 990288 591329
673786 834468 440745
962605 895755 595438
771799 996731 412530
622622 820625 586891
719797 731862 415185
531953 509365 42078
685274 759261 221382
605072 827873 403646
742766 824572 557439
994615 938077 547159
672664 770010 630770
977842 507864 321505
