100
540589 984489 189931
741024 934006 106290
878223 759488 156930
638904 886603 319434
813330 629256 22370
777219 848208 432375
916580 791334 96885
915916 789574 486671
897858 856287 331285
895330 605402 369373
809705 962513 127860
909173 708187 393742
733802 741652 482976
964559 981577 204736
582887 543814 24292
746825 716345 519324
718534 878551 687368
864488 723255 437216
659814 553751 148735
879336 551352 23591
822040 649895 144139
833646 694314 177
729782 807822 173270
924239 658766 624828
834194 502154 310547
777344 691265 561091
701304 869742 217503
884691 940448 373737
691716 548278 164439
731282 990929 84220
551223 571770 412736
561535 692197 455702
871410 696191 343502
790540 759404 573715
620092 992739 122518
985271 570712 25054
677426 532776 105776
693471 533711 51015
733430 802960 3387
901060 736198 104190
771291 815894 130621
884872 692103 280141
907130 878074 681927
717866 791391 77031
708600 839557 187874
706680 771987 76482
870407 520465 400442
907574 555702 297353
540373 757423 24261
991504 534754 39313
776840 886737 548249
914234 776860 55855
583716 516593 311419
504377 661202 106122
714022 617279 78422
835571 648114 19655
931621 930550 298397
645539 626555 475941
515249 974451 32344
962565 751215 237019
913867 755442 356859
930770 655452 606797
859722 832795 781881
516340 695621 164118
968738 736718 61528
914869 741861 223191
520779 653705 308974
645261 993410 407459
966993 957718 667760
567608 897833 33567
997045 855446 13769
559244 974563 276464
520185 633468 24129
713231 972867 703319
630439 779235 116932
521354 765494 232326
990549 582764 421584
937455 937964 31936
623441 713073 189173
861393 889645 10624
513061 568316 255801
611716 836119 279697
953653 590843 150853
909704 631895 528570
657866 866744 506260
814653 799330 284535
566185 764073 380435
525743 675521 464697
853150 637876 198571
660939 966916 94385
659904 813860 366926
896809 764750 481893
830618 538738 465085
728424 545003 166495
676784 626287 202427
674391 719021 431465
754142 844964 562461
869008 671193 127069
644870 708683 184910
870537 862774 265586
