100
899469 990939 520384
538638 927145 215773
888534 695746 78173
899693 717727 92260
989324 579502 388182
755105 525150 182242
839320 903951 555098
940012 661250 415804
534414 648567 20091
595088 866141 69821
777825 868876 566913
893633 970232 458484
973976 942229 934797
750123 724463 311262
896783 783765 84478
612044 674432 186302
794012 575444 440309
880696 991489 220831
726807 993995 509627
864961 830390 81987
846774 564413 386329
769204 807832 188540
766347 692247 618824
739300 688246 166830
849944 932227 206691
997701 978807 85887
902464 566368 77782
681774 874297 41046
610927 770003 332935
930025 603477 396787
768621 746140 178502
555153 905593 342896
904248 995982 392591
869595 765042 460200
716807 680088 457994
526356 868043 114970
549585 978685 72342
641387 922176 578791
894148 863093 721862
966888 579209 234960
976903 662297 444567
645366 898411 552329
974015 845795 786640
566105 560792 325619
841680 545491 30404
763628 645945 109318
898554 928522 675661
790086 716977 45677
885832 568722 231790
806570 620180 357212
915955 871107 150044
942699 701422 611637
991562 687645 293648
566002 718717 27345
991166 934595 381506
900758 808898 325019
525484 893662 57730
887348 521160 516132
580516 699187 246262
589906 589613 157843
890526 808167 791195
789317 951700 429438
618972 968536 403973
626880 585049 541041
703039 982703 670957
949595 600262 56821
532638 990335 368799
605442 716643 50768
763265 699508 250774
649362 697891 197070
747914 912262 453478
925180 748964 200299
695325 790511 649050
906752 677797 660246
602432 700634 439285
626644 911757 127919
595082 839032 519164
896990 978350 590318
645490 647327 34671
529568 645169 68889
748314 698817 103194
673308 627397 177477
822614 860103 406758
552891 954006 102378
783399 811389 63351
778093 709668 115790
741413 949652 523387
918581 675216 391885
761597 803977 112229
868577 698307 52988
961032 932751 880370
607311 574398 273117
887701 968529 477366
566663 822633 558533
803885 836653 611160
753073 513187 26430
906664 716447 556865
838166 505267 177014
794329 983567 687603
579083 545264 238639
