100
958483 976659 177925
649160 952046 460708
730499 919780 482708
630750 806571 15469
509887 941004 151805
641299 768332 175034
771506 895452 750986
803090 563851 374792
989796 611758 8117
822961 719441 460309
807175 586189 340339
995327 742934 146149
929343 595332 85740
544057 707986 220076
830422 599402 78871
543220 581013 363691
797898 629897 555850
701611 570515 479506
912702 701679 80698
667569 885941 156279
788745 535021 384619
757459 523415 470130
612064 949643 132912
582539 601046 19087
582144 842345 182534
916392 526697 342136
530901 947797 409377
863302 974824 78980
851085 874072 250587
710231 667425 631129
766342 884571 168171
765419 666525 48621
790437 882196 67160
986541 789208 439945
640159 504420 281150
825592 924303 178316
556488 871944 471407
803869 984815 646120
732688 895591 549726
686811 623348 390205
964978 769496 258492
635292 836933 383910
551403 992600 542593
668405 681288 213739
727688 584949 578299
956549 547622 223980
541204 551430 162365
626449 858482 516448
932674 768906 644739
640014 926234 576935
883404 734234 644865
902278 530160 156094
842583 986701 268882
678088 800656 96154
631535 600223 341544
887213 832948 106836
721752 778263 656457
903522 626075 273584
894005 828137 287995
593486 786282 491939
527320 533885 30303
727548 501561 379281
695393 704624 631341
749022 829398 28335
883447 616895 222404
877751 890822 321539
636437 744637 279717
784675 556580 381244
524672 827843 292293
958252 949533 104842
588625 975068 71927
945310 637721 32884
793505 765515 611746
923041 646403 200657
921602 942241 763466
554116 692144 157743
847058 852576 351411
558319 882526 557193
793535 773789 247989
615408 782075 155280
678925 533091 204242
719904 806748 251354
984847 883190 420317
651234 892704 181288
992166 904074 358341
869265 759898 228877
647397 891148 265739
820968 931879 752360
972627 663542 4129
679911 753931 139102
798416 568936 249197
525180 955937 339164
657509 771929 87191
524504 892752 413046
954398 705687 586446
906956 925621 74746
876128 659518 300826
727964 590606 340187
568332 718064 360007
823065 795168 771958
