100
911197 979574 429896
879611 963324 277136
793348 521233 171311
525976 692602 294875
961975 975624 734239
559078 848911 171773
711554 980114 396997
971442 705997 627212
669922 867357 473232
975767 514714 275135
810695 824678 457155
521897 662159 156506
649628 950499 442258
562018 998689 268188
586323 852471 173624
913196 701377 453567
933539 675559 172974
668473 933660 469731
925076 974183 7888
969289 730912 526969
802394 641470 544584
934083 793759 350197
873660 533515 288005
815041 556187 333118
984840 764258 74324
681617 787172 131905
808832 624486 409534
662644 748160 22193
690699 724065 163593
991225 958594 493877
513726 916728 456458
764754 757165 304278
585046 995588 155473
884293 567378 182838
545059 971738 394983
656567 557569 526265
652692 546039 514016
721112 859720 117014
737952 740818 109644
650094 686796 78225
652377 568922 491794
743734 515340 280611
962530 944678 740133
874937 808397 443468
729956 880622 231161
725794 501193 420339
563119 568857 553018
709498 975882 350999
625869 784570 382423
559308 873365 355741
987339 993111 546754
680758 624927 539705
908943 948098 263687
784025 525224 403953
613874 727342 107598
779976 758571 478904
925969 687784 562219
793239 833871 730701
506449 549296 443770
555434 887977 27456
646176 559579 273068
987349 970236 865899
547041 836431 137705
689305 517610 166629
684141 600629 365977
638147 767844 377288
966067 988809 63124
950007 575964 375919
505659 575821 228033
975737 935218 241820
998949 813465 97041
722839 736412 526694
941584 691455 472854
945979 989993 423462
593114 515182 241760
560561 823867 276805
948284 574208 239382
996468 675846 617840
736824 649151 437804
514709 686693 360781
681364 586386 425703
631870 603553 517877
535653 650464 197199
947725 901833 793245
834290 654394 481691
865574 517360 177816
689535 726858 525529
825743 725771 490490
882522 929099 265413
570627 738393 432460
974783 840535 174498
832497 794242 395831
676176 751435 436108
706707 721205 16833
503245 939565 436250
814141 775387 675523
634645 872678 533203
916089 663320 270077
691347 608672 506962
943344 520268 169543
