100
635266 609136 575160
968071 911634 539899
601792 871781 424128
594090 609100 218542
515904 972237 201942
517582 659225 124330
752065 586550 158950
704667 913749 312533
735498 752899 278945
857057 781502 346000
690871 605278 244268
972008 853734 318382
850590 686313 623379
833799 803939 240456
877309 834782 73923
621740 947055 440492
776541 596243 70860
504526 802952 238983
970710 775408 386271
677889 683879 180670
733190 903953 458546
717507 755761 12283
632003 734911 17765
932239 977924 297459
636317 543659 360738
578653 596592 553798
870046 894366 342959
743878 962403 186260
713765 945270 284625
964361 927215 96433
974887 926778 468014
652731 974439 256547
997525 746797 415563
582856 703646 20727
538762 884803 25315
865160 633485 182416
847705 590539 474712
724813 697363 105178
762696 875984 575451
831513 804509 601830
924963 745813 628942
567243 513532 410064
827489 794969 556332
564519 569475 176659
603687 731226 346018
981157 760301 227632
913178 895646 122413
965860 907293 33481
715694 967231 621623
762688 928426 407450
555811 604777 247071
915850 687271 168187
604678 618941 168603
698346 521088 343122
537762 632329 403425
894494 755976 649707
953362 525817 371669
716692 806592 313117
801266 892519 209966
854761 695454 161727
654169 602025 148631
618388 720746 350973
962622 955751 681309
561121 700975 268740
815935 909164 302844
544252 662541 25144
743363 778647 354122
503400 824237 398059
575735 990335 533882
782812 966131 421224
594851 947385 411912
774943 781320 57422
788180 677707 260354
660411 925989 256216
518151 737007 49242
589421 666292 415384
574111 619700 51542
539360 703633 185108
802301 831006 688357
728303 882348 428922
963589 952693 618018
884898 586528 506296
683732 979254 572057
920587 980014 351247
930895 665513 287054
908261 642980 41609
627789 949605 492065
542545 598997 123463
967772 824120 263961
740980 865247 240977
509111 984701 461500
695529 826476 75484
959499 854833 605486
692696 991791 179487
886789 787202 520797
933783 873831 450604
666125 712020 307165
731634 600809 78921
917828 692365 569934
637293 606869 604816
