100
613469 989835 135386
980359 615441 41170
735545 519642 205823
701281 656874 117524
519865 961710 195908
578584 685732 373767
602758 825017 358259
613556 759253 352477
780802 777799 37319
892276 750603 453697
622765 534341 135279
556693 757939 188283
799033 566989 249564
629412 773040 219653
992126 738116 58037
744016 884990 456365
671310 546127 38747
789007 819358 362990
608545 535742 49393
509558 601313 339412
844362 612194 71600
794596 978630 226413
998807 516916 512143
986244 758343 481146
680258 733963 320090
510856 970119 455497
992123 619597 293683
563666 995085 353868
737065 938044 510787
908894 816669 127950
848694 969206 111385
906763 704248 568076
877176 628342 592776
900752 573801 442224
719235 888348 717723
749671 575542 448696
941308 751312 378171
653258 968810 127466
871799 731068 316129
526598 766438 181808
688989 734974 171547
715098 879949 395291
833777 978592 514573
721206 733694 568711
644041 633329 175385
649641 600657 259977
989818 572070 53833
721505 787355 494702
643151 672996 327250
837268 970526 650799
810810 761166 130454
824843 584959 348169
644889 899845 36151
833392 551284 330374
883684 548181 270550
859350 576358 338200
627505 749424 200500
638365 717656 507066
816915 596254 302196
895546 905428 801006
821825 744911 507727
694654 772709 531991
734433 803022 204608
931159 566659 229201
888228 870485 230351
807941 853187 139888
559511 719428 459082
625282 542640 192886
847800 947499 185664
528414 646667 304808
946014 824251 279129
586808 907274 177641
976844 711678 576170
680296 900961 630675
773010 945903 433282
770498 734092 709264
585342 786142 295344
771054 816077 610528
554064 639485 160341
952574 734072 69197
936093 954268 314791
910584 603378 60345
523030 571790 328087
652939 709500 510330
946435 650285 541503
549306 625734 369818
568789 641006 563825
514666 641161 496217
675210 901491 297190
823441 717756 685041
591665 590962 303932
562950 757375 493281
971351 916756 329407
563929 501904 439278
670867 543097 34545
810987 509811 150624
869437 767083 646649
816350 766569 446893
896588 842379 11396
912326 558718 63134
