100
904137 845790 427124
749769 541038 535687
844169 560426 144657
525618 825699 498313
915624 571721 557445
753197 524881 275861
902742 535242 299242
968253 849084 4464
582520 694256 282572
648218 879621 402362
955066 862541 717336
975402 912355 492701
601078 798518 86541
573290 991988 202411
824088 730354 461488
701658 504898 390172
982884 828257 288950
970111 546948 203687
670902 524000 96401
558609 747071 455910
778177 501067 429078
948533 793921 672807
937038 561535 338553
559165 838208 376638
760986 849303 703883
664112 932749 328593
846652 868692 366156
780934 738042 116562
936253 927539 619957
605598 982200 150522
623693 682113 123017
688668 505401 413478
672023 600484 184007
841446 693217 251940
579134 728462 507776
929080 772284 640870
647617 582843 560463
806361 681871 72799
598652 682168 392989
760383 548145 399076
897158 966068 380967
522428 566793 461174
504330 752523 367150
620583 559199 238063
587877 735367 424495
688685 774540 425267
588926 698256 114214
554760 832644 313817
679978 923246 362179
734776 803184 399322
529151 676036 473756
683247 870748 412437
996172 613614 226383
853425 638838 445566
959672 521817 70548
616903 961296 533878
715544 748428 399399
905686 511613 211487
752894 775994 686032
820858 791263 579129
874660 688528 436912
587281 796625 107928
978102 905443 263742
693213 641268 529434
807866 744064 591884
954464 925880 120007
823937 891381 609885
858934 578983 259683
786622 618991 476915
895371 986053 894757
734757 963207 162888
622295 794524 164860
867906 667700 233849
717962 984652 470570
580099 683922 111683
729597 515640 53079
575236 604681 176421
570093 707992 499484
811142 513825 368456
794386 859194 734004
723770 924758 380513
560890 692019 454776
964257 855850 136739
988104 560312 176651
752205 603108 279698
946793 887458 247850
806483 647647 456880
921604 563172 314865
710110 546559 234793
508039 694918 379341
818063 505915 292835
632635 536602 223054
623886 547278 424136
995974 708368 174876
911055 649409 392779
905502 859332 823702
940895 831764 81609
863172 510473 427819
956948 899226 125117
511834 537863 157930
