100
591428 707737 385321
965912 632555 555856
838338 996334 729478
609343 672343 104170
872206 626545 269086
824114 685264 682006
933282 927311 240819
529809 703728 22193
667445 776374 222939
923790 794830 645783
871091 999524 840324
807762 788127 696942
828285 636038 423353
667865 835448 24227
782832 800174 533426
899695 635313 17211
863629 574634 288366
820754 684692 340703
886584 692904 157805
539956 865995 162813
504905 580003 271962
955835 942440 234017
591536 506862 303352
773599 576314 174017
608347 625164 452639
795172 914800 187205
977794 877734 50875
643763 845073 128925
588998 813163 77063
898688 671684 89681
567569 619459 134288
862575 940721 596221
630984 665418 550149
795922 519555 358578
638372 724672 101721
681785 786584 598985
892055 690316 543881
800015 982543 653232
845539 620997 377610
951958 594349 495329
672603 563900 93752
807489 735125 327039
775005 980776 749385
596359 734931 389793
848230 596462 62468
667063 864713 225709
909894 561547 340489
848632 520909 21656
858652 642569 624843
967528 905725 598002
840162 741795 80463
783188 916180 394675
650632 727012 99566
990528 973522 647602
652040 871412 496744
878797 681993 468220
621762 636014 27432
921548 575821 399182
569432 625412 196257
689610 950089 433812
761635 527238 349947
521849 890307 188527
641357 606670 590510
543381 954002 101071
806715 866413 764100
769181 756258 471953
928452 980026 438409
960562 659780 322860
549833 796651 122777
939400 515903 187550
578081 995358 387544
821917 749691 143494
934467 760113 435435
831639 762421 480329
720795 666428 284130
883291 626560 289667
631343 773602 66596
669422 747492 476133
887110 808866 374802
806361 860287 383220
772620 942816 354765
670444 581444 268801
810747 949274 274333
537257 923202 362549
758714 878544 387653
648366 952923 520171
606233 660569 39165
885991 553554 538384
562817 875184 471818
828078 726989 713458
725408 667342 444234
593207 610940 467499
848058 844630 48563
631383 910742 395334
644344 576014 432548
811656 967613 808336
725984 673785 300718
716665 840975 520726
955741 858097 420267
704329 695101 312891
