100
652269 935709 333038
876312 723304 257480
711172 717549 619909
991534 763674 531109
988526 917952 32714
901462 574441 186200
775465 687246 657595
952940 963722 189643
762950 893213 578341
507480 906001 142126
872390 981459 487708
967148 622353 619388
846996 509871 152442
506454 926794 103069
921157 753440 706090
906769 723322 333927
865045 895031 745316
708594 990365 469785
507079 940089 112171
709471 792128 552439
966155 930441 452793
717278 529750 413134
810964 779862 99055
848206 521885 177763
634315 702835 542676
553758 542465 342070
904568 533069 144570
987065 593658 289083
851380 612918 325401
630140 885050 67005
795706 598962 327033
600012 538018 293941
637866 986390 501176
833418 787832 220496
634635 814174 90063
752910 738922 392592
604662 795703 410148
595354 733411 332636
950958 597288 205526
829354 816925 1176
982071 596694 420870
943869 649476 202989
823512 786445 771458
692326 738089 631643
895245 993588 844394
649746 730669 517586
605539 922541 125263
743140 562220 196660
943430 779490 596923
953283 664429 167751
682916 685378 244175
897511 832829 512798
655662 780678 106135
931634 718202 92742
723718 966525 501964
730633 819109 26768
993206 540163 301293
963013 535884 474320
788604 860979 384046
838200 864471 272235
595384 727614 63978
779530 964209 709717
762793 877570 568427
911101 734606 233375
685663 527352 264053
997245 766466 759137
945514 753247 735620
637966 629532 71960
555390 710043 383187
946070 535185 108827
685614 620801 89945
559887 531587 34144
631393 892894 589576
638119 717828 46812
967405 540611 197834
845091 898035 118847
785932 910189 64305
550087 686105 164807
670318 638253 319025
868840 727036 306926
551837 683459 497035
680841 866280 447088
750957 863374 698853
857699 629124 484841
506835 605664 454966
939924 909086 783003
729115 951918 51072
565718 783642 233854
525966 584865 266424
543428 507500 458613
644649 999548 316163
872213 969114 562612
673971 922413 48406
566776 832466 188736
589941 984741 560345
516690 671230 5765
726208 992343 370826
942912 561229 78174
944840 989305 505016
798361 805677 402999
