100
658841 788238 93736
751504 569520 496658
960098 901432 824806
618096 925631 613843
719050 649461 139328
843525 890103 322274
828395 734067 257217
626309 600595 426098
759240 909232 317853
646745 831667 246692
569775 840694 515157
639839 599376 441069
863082 548178 64132
903742 970158 821512
730435 695429 591739
720532 891520 189512
705261 744180 100013
859833 595318 45497
590581 695564 85515
791041 964424 717535
701805 712290 473524
551700 641107 349119
893115 883954 246559
502839 718622 469340
731574 686724 78972
974270 934361 820890
858982 988122 369935
514263 925740 511519
916093 634001 241744
527000 737544 79793
899902 723122 507912
525465 640670 479766
513898 671091 367271
947944 753830 596935
915460 566515 173303
989533 559619 180711
870018 562374 129351
961469 993518 204920
636738 866205 203628
907013 750259 506082
636543 527652 23022
612747 715755 327916
701338 626615 62410
637315 575038 213620
678570 781907 545637
987577 897310 613495
662419 548850 47696
763236 946604 240423
901978 803622 192087
971342 573025 210826
739963 578960 199923
942961 791395 590834
770031 763338 741440
714980 973317 19268
616946 572160 37070
592737 509335 288242
790004 697672 618909
623034 722763 221027
776287 960205 775107
771334 896632 159198
864777 549868 335467
933877 561007 396327
792809 636657 7755
740089 680733 230937
896082 838662 775604
624776 766994 306783
764278 674129 618077
984202 727045 26534
685217 608537 117314
768025 581504 166025
882225 882487 23309
574740 645138 218704
813888 972691 632271
618378 704931 216926
780386 596788 361593
943349 517898 332796
553820 649495 418230
607714 709729 45832
983126 781124 621837
858600 638194 290642
633422 556238 409445
764642 930755 194201
512067 939337 433486
887697 934721 207814
670654 834141 645819
873426 728386 197397
604711 966679 465607
679598 744091 277794
515063 856577 419936
563637 517053 394685
637256 903832 411368
772404 592722 66404
700109 542879 263042
683383 838158 500180
522060 743792 410733
878082 588181 537952
504728 582526 127621
910225 946696 725686
911507 882805 4278
945151 696757 634092
