100
635882 613861 557297
545456 747749 74835
742661 856416 188299
907511 916086 322643
722688 938141 718487
661540 529979 488768
972941 740248 229354
847460 739985 208044
924181 634133 124884
593563 638932 294119
628577 872895 429608
739750 907460 675155
916448 839415 540221
760168 946104 757355
589481 892581 420749
888071 994904 178269
744152 535838 194369
953460 854073 499490
901526 655929 150
946017 706938 279383
685461 825849 52691
575764 542453 491524
643979 690982 524957
825654 919242 722035
686925 544603 188269
861085 606160 571981
559160 759086 346873
789543 844270 44395
731268 857482 607240
628337 529412 237360
690829 709401 268455
663219 609612 347274
728888 538616 502020
776999 693422 307552
938866 572242 231663
736501 868583 53971
754350 952545 718543
638757 635248 630393
959021 958417 467117
587000 863839 8262
600758 526955 316683
734474 539578 155854
670365 644067 177051
863426 705788 512684
512848 957896 233468
594342 635989 14962
614535 993616 83021
824776 724976 467418
941089 600011 219819
817407 910619 74936
568555 815767 340700
761055 726334 131828
681758 968879 481381
762963 872324 36400
565136 527540 325012
519094 725604 170102
660453 649523 385192
636930 848563 598544
510320 770544 103819
686723 854759 211946
813133 907455 485540
750282 587442 583260
651497 709759 390522
666840 640320 71886
619209 951348 250479
815290 796733 14968
613979 977541 399473
728232 634723 503890
712018 660713 62669
635659 895317 458802
979717 640513 282350
578633 923369 111548
902883 810236 726465
699394 587752 173845
592409 523334 22367
823967 603850 264698
541603 691803 452003
931724 794328 8386
983067 865461 830389
839591 713508 104468
859848 653765 562321
866257 544537 194183
984812 675024 397059
979052 842084 654119
838208 814272 36933
824686 591277 207170
923411 963013 459208
958821 919465 164983
912066 816602 695210
610598 652305 1789
579268 979577 179228
772069 993879 747153
892234 968233 165234
689428 673746 371139
989332 904139 871724
964497 530032 171375
595737 583726 495208
603522 830059 63414
687665 895467 357990
704333 557473 119586
