100
501859 900415 52516
625427 677093 41805
700313 686743 655915
548313 802557 110189
592692 743001 117027
528028 979720 375434
749081 831145 107460
546359 865174 160009
966727 922398 597299
934641 706016 175116
576138 775298 478748
601814 967353 73875
520805 808480 245299
977537 921962 869600
892623 809171 145905
781194 616122 435544
938432 888115 640349
580435 925908 360395
724988 765772 560516
883367 963620 145152
800238 921759 98928
785944 724772 286004
887962 833674 531807
552007 939085 495352
979156 855077 368354
811547 977869 659877
747363 657815 101725
972610 744159 593284
905451 540341 508073
599181 986520 579616
879350 827778 580352
503523 844528 44555
941268 786659 157778
658854 958136 560788
692307 603761 572541
953684 998943 422843
879673 874496 138183
650601 746501 102279
625802 943236 268349
945748 584991 111286
562711 928827 458743
637163 514974 150768
598777 897925 474425
862780 761221 619753
996965 598585 295614
649641 985063 539364
633879 735954 164796
508341 977422 238956
874416 962019 153883
891763 778044 297435
931877 948666 325141
637253 667121 199740
769382 909895 181183
523944 546667 271246
982039 837533 825787
500062 912360 153792
813652 509555 239297
968981 863564 670946
668676 618045 214367
629355 506675 443094
800588 624173 244463
753158 866896 41091
847643 813299 72425
511686 986165 408263
764983 972953 594321
641583 868528 526421
673726 910680 274850
558068 558612 37070
564511 567513 348957
579781 780119 212829
989312 856262 715524
557559 810429 280190
579339 753150 525931
672606 800174 629042
768915 547655 138921
765612 776956 412818
663387 957796 608183
911035 517025 284321
610328 826144 596388
697499 934812 1797
750208 722099 510762
647319 755238 459534
811306 589070 403750
875491 973004 657823
574785 528891 352882
729126 564617 290887
641302 916166 427958
624123 838472 287715
779514 888691 52226
712101 630533 3339
604385 994378 582882
636430 761345 247830
505084 876322 23212
610158 525012 82314
558317 916327 363985
937049 766676 121422
676158 668273 393291
538932 732959 487320
753698 853392 84517
969771 676034 344137
