182350643
697550071
490042427
929099612
931389365
295869007
8191
49747898
883922415
1023
642747720
554984147
717895398
4194303
954281598
442941040
255
156091871
150019094
488752029
782009399
617518217
323196802
224332597
490545261
8191
613969271
262143
421186092
345380169
715020467
599052640
120806731
994899741
659604764
497341471
753987709
757310974
50187285
257757838
410931473
805841150
304864056
481277618
809530193
566145819
729734365
647488702
488857727
462221259
71082088
979217381
781445588
550751326
796419474
868335995
498983265
78404120
878836834
52449160
93671315
837708264
360134051
824574757
237658446
235477741
977337067
616752519
397253741
804368545
738416003
302646504
134217727
152913198
852328182
473089038
707043507
669863406
615538048
545693352
357275397
381165683
272818210
516033013
566035266
678895446
39375502
847279936
235365267
65535
255
272609958
419494380
466722919
630409836
729235082
315569799
200562743
217443135
552629461
755061628
848131581
368089826
126154466
409650776
778316202
718152522
249687123
874391513
677256665
212184368
375603226
904720098
226300986
32767
92509004
49999609
127
599605742
2047
641093063
73467051
240544705
305831810
863547604
778532021
119824657
446332049
222964190
47936199
845306400
33554431
145940023
742813757
380863889
197064294
258925692
63
372224376
953963137
449287262
422082857
232933889
689956353
627261696
291849914
736330977
353240490
76091175
375821084
12573874
317368014
326735062
255241387
692883615
864798749
832912707
22746090
959756872
842896314
280093436
765781062
450949177
647203611
212045268
841108241
248176467
857339578
190805212
122724671
928259013
445446601
682817466
289185433
358219459
600830266
573187626
990817280
409292288
379692853
60479097
524287
516538427
16383
245079439
574465596
3
204648861
772896491
980052965
414510220
16534210
557543552
413634600
255
951243332
993340679
508528354
737840242
633236433
305089291
816957
867421833
673769888
268435455
126360839
80179687
3
383274072
833079274
161872334
63
7
341674109
973094159
245128012
593067357
454016927
508501180
71946494
114960052
460489517
535098977
943124310
108088066
206548420
8191
878679303
201955710
192154661
692122059
284941305
255
279142600
983236537
116509098
339757998
139309840
811014985
215235864
511078151
279631738
70090407
264671476
992868751
943920641
395940193
925908829
458620167
612761847
600363961
767340127
686315417
67108863
3811830
613174963
854823088
605686015
226126288
315390410
1048575
720106141
234382968
721820604
692426705
676809174
710888826
867378404
215922436
488842481
203938524
764408285
4095
862473202
15
111025829
102100781
11671367
136036346
417186586
333088733
719596597
554261158
402634004
351839222
628746689
253285903
729145223
63
112485250
727043475
149167977
286307290
33554431
939619451
963080624
448742960
448274275
888930135
76080911
0
