13 0.11 13.37 16.04 31.25 62.95 234.37 249.96 253.02 384.76 437.77 505.20 674.46 1220.08
2 505.20 674.46
9 0.15 13.51 22.00 22.66 24.27 242.59 384.76 436.41 674.46
2 253.02 1220.08
3 140.00 201.08 242.59
6 13.51 22.00 22.66 384.76 436.41 674.46
9 1.83 22.66 31.25 253.02 384.76 437.77 505.20 674.46 1220.08
14 0.11 13.37 31.25 62.95 234.37 242.59 249.96 253.02 384.76 436.41 437.77 505.20 674.46 1220.08
8 1.83 13.51 22.00 22.66 384.76 436.41 674.46 1220.08
2 249.96 437.77
1 674.46
10 0.11 13.37 16.04 31.25 62.95 234.37 249.96 253.02 437.77 1220.08
2 24.27 242.59
14 0.15 18.92 24.27 31.25 62.95 140.00 201.08 234.37 242.59 384.76 436.41 505.20 674.46 1220.08
3 140.00 242.59 505.20

8 6.05 15.62 31.16 31.35 41.23 60.70 120.83 233.46
1 186.49
13 0.27 2.15 4.10 4.13 6.58 6.65 9.81 21.39 31.44 38.99 39.03 45.00 48.15
4 15.62 17.59 60.70 233.46
12 0.77 6.05 8.91 15.62 17.59 31.16 31.35 41.23 60.70 120.83 123.20 233.46
1 178.69

1 113.35
15 1.83 3.23 3.25 5.06 9.95 14.36 14.42 15.76 25.31 32.20 39.29 44.70 52.52 68.24 123.61
4 8.22 30.98 51.23 119.97
2 25.44 113.35

1 539.50
2 91.00 539.50
2 91.00 539.50
2 77.00 91.00
3 77.00 91.00 539.50
2 60.50 539.50
2 91.00 539.50
1 539.50

5 7.89 21.31 36.50 81.56 126.74
2 68.30 126.74
5 7.89 21.31 36.50 81.56 126.74
2 6.33 50.90
2 18.60 36.50
11 0.00 0.45 0.55 1.21 3.48 15.01 20.61 45.18 49.62 102.53 177.51

1 5.69
7 30.19 49.17 91.31 101.35 288.54 508.06 510.41
19 0.68 1.41 2.88 5.58 7.47 13.42 13.77 26.44 27.53 53.69 54.36 71.15 75.66 83.39 136.74 150.80 234.08 508.06 510.41
6 13.77 30.19 53.69 101.35 508.06 510.41
61 0.16 0.24 0.28 0.35 0.56 0.71 0.92 0.92 0.97 1.38 1.60 2.02 2.22 2.63 2.96 3.05 3.19 3.20 5.02 5.58 5.69 6.24 7.02 7.47 8.80 10.63 11.46 13.28 18.83 21.69 23.06 24.70 26.68 27.53 28.02 33.82 35.01 35.15 36.97 37.83 38.26 49.17 54.36 64.25 68.76 71.15 71.84 75.22 75.66 83.39 83.73 85.15 111.40 136.74 150.80 162.37 232.58 234.08 286.09 288.54 510.41
5 30.19 53.69 101.35 508.06 510.41
1 508.06
2 71.15 150.80
1 162.37
46 0.16 0.35 0.56 0.68 1.21 1.41 2.02 2.22 2.88 5.02 5.58 6.24 7.47 8.80 11.46 13.28 13.42 13.77 18.83 23.06 26.44 27.53 28.02 33.82 36.97 37.83 49.17 53.28 53.69 54.36 64.25 68.76 71.15 75.66 83.39 83.73 85.15 111.40 136.74 150.80 162.37 232.58 234.08 286.09 508.06 510.41
14 2.02 2.22 8.80 11.46 18.83 23.06 27.53 28.02 33.82 37.83 54.36 64.25 75.66 232.58
53 0.16 0.24 0.28 0.35 0.56 0.71 0.92 0.92 0.97 1.38 1.60 2.02 2.22 2.63 2.96 3.05 3.19 5.02 5.58 5.69 6.24 7.02 7.47 8.80 10.63 11.46 13.28 18.83 21.69 23.06 24.70 26.68 28.02 33.82 35.15 36.97 37.83 38.26 54.36 64.25 68.76 71.84 75.22 75.66 83.39 83.73 85.15 111.40 136.74 162.37 232.58 234.08 286.09
16 0.68 1.21 1.41 5.58 13.42 17.50 18.83 26.44 27.53 53.28 54.36 71.15 75.66 83.39 150.80 232.58
42 0.16 0.35 0.56 2.02 2.22 3.20 5.02 5.58 6.24 7.47 8.80 11.46 13.28 18.83 23.06 24.70 26.44 27.53 28.02 33.82 36.97 37.83 49.17 54.36 64.25 68.76 71.15 71.84 75.66 83.39 83.73 85.15 111.40 136.74 150.80 162.37 232.58 234.08 286.09 288.54 508.06 510.41
2 18.83 232.58
13 2.88 13.77 30.19 49.17 53.69 91.31 101.35 136.74 150.80 234.08 288.54 508.06 510.41
6 49.17 111.40 136.74 234.08 508.06 510.41
2 234.08 510.41

31 0.05 0.09 0.10 0.10 0.22 0.59 0.61 0.79 1.28 1.57 1.77 2.09 2.32 2.38 3.36 3.43 3.83 4.13 4.15 4.41 4.45 5.82 9.90 10.79 11.34 24.77 27.93 33.17 36.61 37.53 40.97
25 0.08 0.11 0.15 0.81 0.91 1.08 1.25 1.29 1.51 1.94 2.06 2.46 3.97 4.85 5.44 5.54 6.30 6.83 7.13 8.91 9.35 12.09 12.72 19.96 26.07
4 10.50 10.79 37.53 46.63
40 0.08 0.11 0.15 0.22 0.50 0.53 0.57 0.62 0.65 0.81 0.91 1.08 1.12 1.25 1.29 1.51 1.85 1.94 2.06 2.32 2.46 3.97 4.85 5.44 5.54 6.30 6.68 6.83 7.13 7.44 8.91 9.35 10.08 11.10 12.09 12.72 19.96 26.07 46.63 50.13
17 0.08 0.53 0.57 0.65 0.81 1.08 1.25 1.51 1.94 6.68 9.35 10.08 11.10 12.09 19.96 26.07 50.13
21 0.23 0.53 0.56 0.57 0.65 0.81 1.08 1.51 2.32 5.61 6.68 7.44 9.35 10.08 10.16 10.50 11.10 19.96 26.07 46.63 50.13
24 0.00 0.02 0.10 0.10 0.29 0.45 0.59 0.87 1.20 1.42 2.09 2.46 2.58 3.36 3.97 4.15 6.83 8.91 12.72 24.77 27.93 33.17 36.61 40.97
10 0.10 0.59 2.09 3.36 4.15 24.77 27.93 33.17 36.61 40.97
7 4.41 4.45 9.90 10.50 10.79 37.53 46.63
66 0.02 0.03 0.05 0.08 0.10 0.10 0.11 0.15 0.22 0.22 0.23 0.29 0.45 0.50 0.53 0.56 0.57 0.61 0.62 0.65 0.79 0.81 0.87 0.91 1.08 1.12 1.25 1.29 1.42 1.51 1.77 1.85 1.94 2.06 2.32 2.32 2.46 3.97 4.45 4.85 5.44 5.54 6.30 6.68 6.83 7.13 7.44 8.91 9.35 9.90 10.08 10.50 10.79 11.10 11.34 12.09 12.72 19.96 26.07 27.93 33.17 36.61 37.53 40.97 46.63 50.13
9 0.53 0.57 0.65 0.81 6.68 9.35 10.08 11.10 26.07
54 0.02 0.03 0.08 0.10 0.11 0.15 0.22 0.22 0.23 0.29 0.45 0.50 0.53 0.62 0.65 0.79 0.81 0.87 0.91 1.08 1.12 1.25 1.29 1.42 1.51 1.77 1.85 1.94 2.06 2.32 2.46 3.97 4.45 4.85 5.44 5.54 6.30 6.68 6.83 7.13 7.44 8.91 9.35 10.08 10.79 11.10 12.09 12.72 19.96 26.07 36.61 40.97 46.63 50.13
9 0.10 2.09 3.36 4.15 24.77 27.93 33.17 36.61 40.97

38 3.36 7.42 7.47 8.25 9.00 9.03 15.91 17.73 19.00 20.89 22.76 23.70 24.45 27.13 27.55 28.52 35.63 37.50 41.66 42.28 43.48 62.92 63.29 79.20 81.60 108.42 126.17 126.47 139.28 153.59 167.65 189.36 252.07 351.43 447.80 454.16 469.63 482.92
27 3.36 7.42 7.47 8.25 9.00 15.91 17.73 20.89 22.76 23.70 24.45 27.13 28.52 37.50 41.66 42.28 43.48 63.29 81.60 108.42 126.17 126.47 153.59 167.65 351.43 447.80 454.16
6 0.82 4.94 43.04 139.28 241.94 482.92
25 7.42 8.25 9.00 15.91 17.73 20.89 22.70 22.76 27.13 41.66 42.28 43.48 62.92 63.29 81.60 108.42 126.17 126.47 139.28 153.59 167.65 247.41 447.80 469.63 482.92
26 7.42 8.25 9.00 15.91 17.73 20.89 22.70 22.76 23.60 27.13 31.40 41.66 42.28 43.48 62.92 63.29 81.60 108.42 126.17 139.28 153.59 167.65 247.41 447.80 469.63 482.92
15 3.36 15.91 22.76 43.48 63.29 79.20 84.29 108.42 126.47 167.65 189.36 252.07 447.80 454.16 482.92
15 0.25 3.36 5.61 8.62 10.91 12.89 20.02 43.48 52.30 79.20 84.29 189.36 252.07 447.80 454.16
19 0.25 3.36 5.61 8.62 10.91 12.15 12.68 12.89 15.91 20.02 43.48 52.30 79.20 84.29 189.36 252.07 447.80 454.16 482.92
9 7.47 19.00 24.45 35.63 37.50 126.47 189.36 351.43 454.16
11 0.82 4.94 12.15 12.68 12.89 43.04 139.28 241.94 252.07 447.80 482.92
1 469.63
11 0.82 4.94 12.15 14.83 43.04 63.29 139.28 241.94 447.80 469.63 482.92
9 7.47 19.00 24.45 35.63 37.50 126.47 189.36 351.43 454.16
10 9.00 22.76 43.48 63.29 139.28 153.59 167.65 447.80 469.63 482.92
16 3.36 9.00 15.91 22.76 43.48 63.29 79.20 84.29 108.42 126.47 167.65 189.36 252.07 447.80 454.16 482.92
6 22.76 63.29 139.28 447.80 469.63 482.92
23 3.01 7.42 8.25 9.00 9.03 17.73 20.89 23.70 24.45 27.13 27.55 28.52 37.50 41.66 42.28 62.92 81.60 108.42 126.17 126.47 153.59 167.65 351.43
28 0.82 3.36 4.94 5.61 8.62 10.91 12.15 12.68 12.89 14.83 15.91 20.02 22.76 43.04 43.48 52.30 63.29 79.20 84.29 139.28 167.65 189.36 241.94 252.07 447.80 454.16 469.63 482.92
18 0.25 3.36 5.61 8.62 10.91 12.15 12.68 12.89 20.02 43.48 52.30 79.20 84.29 189.36 252.07 447.80 454.16 482.92
16 3.36 7.47 15.91 19.00 35.63 43.48 79.20 108.42 126.17 126.47 167.65 189.36 252.07 351.43 447.80 454.16

2 88.20 97.83
1 88.20
4 12.53 22.47 97.83 131.29
3 6.09 8.26 9.33
4 12.53 13.10 23.04 131.29

68 0.05 0.06 0.13 0.15 0.15 0.19 0.19 0.19 0.26 0.27 0.30 0.34 0.35 0.37 0.38 0.46 0.54 0.59 0.82 0.85 0.87 0.94 0.99 1.11 1.30 1.35 1.48 1.66 1.66 2.01 2.19 2.26 2.39 2.45 2.55 2.67 2.97 2.97 3.24 3.32 3.73 4.86 5.06 5.33 5.72 7.69 7.90 8.41 9.06 9.71 9.83 10.55 13.61 14.61 15.30 16.85 19.50 19.68 19.77 20.22 22.53 27.75 30.50 32.49 36.29 38.14 41.36 75.25

1 608.98
43 0.00 0.02 0.10 0.30 0.60 1.02 1.10 1.54 1.66 1.86 2.53 3.10 3.42 3.43 3.75 4.11 4.87 6.38 10.16 11.44 12.38 17.35 18.56 21.04 26.04 26.07 29.47 32.68 32.83 34.26 38.24 39.32 44.55 44.68 62.93 70.25 73.92 79.38 81.59 95.50 100.53 336.49 608.98
11 0.01 2.49 3.10 6.81 15.98 24.70 62.93 67.07 70.25 95.50 506.96

8 1.23 6.98 77.77 84.21 107.46 129.27 216.11 292.57
11 0.13 5.51 9.40 15.26 19.66 29.91 30.93 34.74 57.87 87.55 158.55
19 0.13 0.31 0.41 1.41 5.51 9.40 11.30 15.26 19.66 29.91 30.93 34.74 57.87 84.88 87.55 97.53 158.55 207.43 222.89
4 30.93 34.74 87.55 158.55
24 0.02 0.60 0.87 1.10 1.41 3.02 6.82 7.61 9.40 15.26 15.99 19.66 29.91 30.93 34.74 57.87 84.88 87.55 97.53 107.46 129.27 158.55 207.43 292.57
15 0.02 0.60 0.87 1.10 3.02 6.82 7.61 15.99 57.87 84.88 107.46 129.27 207.43 216.11 292.57
2 97.53 222.89
23 0.39 0.75 1.11 5.07 6.64 7.21 7.63 12.43 13.82 15.70 16.97 17.59 18.73 19.99 23.19 23.67 28.37 32.35 48.43 77.77 216.11 240.07 292.57
11 0.77 3.65 7.63 12.43 12.80 13.82 32.35 191.11 207.43 240.07 292.57
11 0.13 0.31 0.41 5.51 11.30 15.26 29.91 34.74 97.53 158.55 222.89
4 19.99 23.19 38.40 48.43
4 9.40 30.93 57.87 87.55
4 191.11 207.43 240.07 292.57

5 10.20 10.63 20.35 33.76 52.58
12 0.74 1.77 1.81 4.05 5.30 10.63 16.60 24.28 33.76 34.99 52.58 86.98
6 3.99 10.96 11.36 37.91 57.48 77.14
2 10.20 52.58
20 0.11 0.74 1.02 1.34 1.77 1.81 3.68 4.05 5.30 9.64 10.63 11.36 16.60 24.28 33.76 34.99 37.91 57.48 77.14 86.98
6 10.96 11.36 12.98 27.68 57.48 77.14
2 53.89 86.98
8 1.02 8.45 19.27 24.28 37.91 52.58 53.89 86.98
14 0.29 0.33 0.91 1.66 4.80 9.04 10.07 10.88 12.98 13.74 16.55 27.68 57.48 77.14
7 0.28 0.70 7.83 8.45 48.06 53.89 86.98
4 1.02 19.27 37.91 86.98
8 1.02 3.68 5.30 5.67 5.90 9.64 16.60 33.76

3 173.25 184.31 318.98
15 6.17 12.71 40.49 116.13 173.25 173.32 214.91 231.53 239.72 257.26 269.28 275.06 318.98 335.74 648.68
3 257.26 269.28 335.74
7 116.13 173.25 214.91 269.28 275.06 318.98 648.68
15 6.17 12.71 40.49 93.46 116.13 173.25 173.32 184.31 214.91 231.53 257.26 275.06 318.98 335.74 648.68
11 6.17 12.71 40.49 116.13 214.91 231.53 257.26 269.28 275.06 335.74 648.68
3 275.06 318.98 648.68
11 6.17 12.71 116.13 214.91 231.53 239.72 257.26 269.28 275.06 335.74 648.68
9 6.17 40.49 93.46 116.13 173.25 173.32 184.31 214.91 231.53
7 6.17 12.71 214.91 231.53 239.72 257.26 335.74
3 93.46 173.32 231.53
3 173.32 231.53 239.72
16 6.17 12.71 40.49 93.46 116.13 173.25 173.32 184.31 214.91 231.53 239.72 257.26 275.06 318.98 335.74 648.68
10 6.17 12.71 40.49 93.46 116.13 173.25 173.32 184.31 214.91 231.53
4 214.91 269.28 335.74 648.68
1 269.28
1 318.98
1 648.68
3 93.46 173.32 184.31
4 12.71 231.53 239.72 257.26

3 32.67 194.83 1478.50
1 1478.50
2 252.00 1478.50

1 547.42
8 3.99 17.09 54.15 61.23 74.84 75.82 253.46 547.42
4 54.15 61.23 84.24 253.46

2 39.00 1602.58
4 69.88 125.30 139.55 1602.58
2 39.00 1602.58
5 60.75 111.12 139.55 140.12 1602.58
3 69.88 139.55 140.12
3 39.00 116.99 1602.58
1 1602.58
2 39.00 1602.58
1 1602.58

4 31.03 44.97 232.97 2137.01
5 0.98 24.00 33.52 345.52 2137.01
1 2137.01
2 345.52 2137.01
2 31.03 232.97
2 345.52 2137.01
1 2137.01
2 232.97 2137.01
2 345.52 2137.01
2 24.00 345.52
1 2137.01
1 2137.01

1 720.85
2 89.95 320.85
1 720.85
12 0.31 0.33 3.03 11.14 13.38 21.36 23.97 34.35 41.63 100.62 128.18 194.74
20 0.02 0.40 0.65 0.94 3.09 4.15 4.25 7.62 22.50 33.43 51.33 89.95 93.74 100.62 128.18 184.64 194.74 273.86 320.85 720.85
4 3.09 22.50 89.95 93.74
1 320.85
3 33.43 194.74 320.85
21 0.02 0.40 0.65 0.94 3.09 4.15 4.25 7.62 22.50 33.43 41.63 51.33 89.95 93.74 100.62 128.18 184.64 194.74 273.86 320.85 720.85
22 0.02 0.40 0.65 0.94 3.09 4.15 4.25 7.62 13.38 22.50 33.43 41.63 51.33 89.95 93.74 100.62 128.18 184.64 194.74 273.86 320.85 720.85

3 75.11 276.73 2168.27
1 2168.27
1 2168.27
1 2168.27
1 276.73
1 2168.27
1 2168.27
5 19.92 110.19 133.19 366.70 2168.27
5 8.38 41.23 110.19 366.70 2168.27
7 8.38 41.23 60.39 110.19 133.19 366.70 2168.27
6 41.23 60.39 110.19 133.19 366.70 2168.27
5 19.92 110.19 133.19 366.70 2168.27
1 110.19
1 2168.27
1 2168.27
1 2168.27
1 2168.27
3 75.11 276.73 2168.27
3 75.11 276.73 2168.27

4 8.89 47.25 62.10 63.45
1 68.13
3 20.41 40.59 46.90
6 20.41 27.18 36.63 40.59 46.90 123.83
12 0.01 1.13 1.64 1.72 3.56 6.11 12.47 14.77 23.17 24.26 29.03 123.83
4 19.50 27.18 40.59 123.83
7 0.97 32.95 33.43 47.25 62.10 63.45 68.13
5 2.97 6.11 23.17 29.03 123.21
14 0.01 1.13 1.64 1.72 2.97 3.56 6.11 12.47 14.77 23.17 24.26 29.03 123.21 123.83
4 2.97 6.11 23.17 123.21
1 62.10
2 36.63 46.90
9 0.05 0.07 0.91 0.97 32.95 47.25 62.10 63.45 68.13
3 47.25 62.10 63.45
9 1.02 8.89 10.23 32.95 33.43 36.40 47.25 63.45 68.13
8 0.18 2.97 6.11 7.61 24.26 36.63 46.90 123.21
4 23.17 62.10 63.45 123.21
5 8.89 36.40 47.25 62.10 63.45
5 19.50 20.41 27.18 40.59 123.83
1 19.50

21 2.10 5.06 5.26 5.58 6.58 19.72 30.94 31.86 40.17 46.26 48.17 49.43 67.03 72.19 77.14 86.73 102.12 110.09 120.82 156.10 240.43
26 0.35 5.06 5.27 5.58 6.58 9.32 19.72 25.85 31.86 39.41 45.98 46.26 48.17 51.66 71.28 86.73 89.97 102.12 110.09 122.68 126.75 127.73 188.02 204.74 240.43 293.37
21 0.35 5.65 9.32 9.83 10.21 10.29 14.65 16.52 16.85 39.41 45.98 47.55 57.60 71.28 72.93 89.97 122.68 126.75 133.13 188.02 430.90
2 51.66 293.37
23 0.11 0.35 4.25 5.65 9.32 9.83 10.21 10.29 14.65 16.52 16.85 39.41 44.31 45.98 47.55 58.19 89.97 122.68 126.75 133.13 177.97 188.02 430.90
20 0.11 1.38 4.28 5.27 5.66 9.95 14.74 15.19 25.85 28.12 39.96 57.60 71.28 72.93 89.97 94.03 133.13 188.02 204.74 293.37

3 131.41 437.73 852.46
1 418.29
7 62.00 82.16 131.41 365.00 437.73 852.46 962.09
6 5.30 62.00 82.16 365.00 852.46 962.09
4 14.62 119.20 418.29 962.09

1 2349.00
1 2349.00
1 2349.00
1 2349.00
1 2349.00
1 351.00
2 351.00 2349.00
2 351.00 2349.00
1 2349.00
1 2349.00
1 2349.00

24 0.05 0.15 0.54 1.05 1.12 1.43 3.57 5.93 6.87 8.65 8.80 9.43 11.94 13.76 16.81 21.45 22.09 45.77 57.15 88.14 91.42 230.83 397.70 455.59
16 1.97 10.34 16.81 23.63 31.39 37.02 38.79 42.20 57.15 66.87 91.42 113.98 157.47 317.19 397.70 425.14
25 3.20 3.57 4.09 5.93 6.87 8.10 8.65 14.42 14.63 16.81 21.45 22.09 29.41 37.02 38.79 57.15 66.77 91.42 113.98 128.24 230.83 266.83 397.70 425.14 455.59

17 0.00 0.10 0.52 0.53 0.69 2.84 3.00 3.62 4.05 5.13 5.48 14.86 17.54 18.85 73.00 128.40 138.97
1 8.33
1 138.97
6 0.53 14.86 18.85 73.00 128.40 138.97
6 0.43 0.92 0.96 2.03 5.87 15.04
48 0.00 0.00 0.02 0.09 0.17 0.26 0.35 0.43 0.85 0.92 0.96 1.08 1.29 1.70 2.03 2.07 2.97 3.25 3.41 3.79 4.15 4.33 4.61 4.71 4.77 5.05 5.43 5.87 6.19 6.98 7.56 8.37 9.20 9.34 9.42 15.04 15.44 18.91 19.20 20.69 20.86 26.72 35.08 40.15 41.63 48.63 128.40 138.97
21 0.00 0.10 0.17 0.53 3.00 3.76 4.05 4.15 5.13 6.19 8.33 9.42 11.12 14.86 15.82 18.85 18.91 41.63 73.00 128.40 138.97
1 138.97
13 0.25 0.43 0.96 0.96 2.03 3.41 3.79 4.33 4.77 5.87 7.35 7.81 19.20
10 0.03 0.85 1.11 5.06 8.33 11.12 11.91 15.82 17.45 73.00
20 0.00 0.26 1.70 2.97 3.25 4.71 5.05 6.98 9.20 9.34 15.44 18.91 20.69 26.72 35.08 40.15 41.63 48.63 128.40 138.97
36 0.00 0.02 0.03 0.10 0.17 0.26 0.29 0.53 0.85 1.11 2.45 2.49 3.00 3.62 3.76 4.05 4.15 5.06 5.13 5.43 6.19 7.15 8.33 8.37 9.42 11.12 11.91 14.86 15.82 17.45 18.85 18.91 41.63 73.00 128.40 138.97
5 2.97 4.61 7.56 9.34 40.15

15 0.52 0.65 1.18 1.79 3.84 14.51 15.01 16.57 48.52 67.36 104.52 133.34 168.14 204.29 289.50
3 109.98 142.53 204.29
35 0.17 0.52 0.65 1.12 1.18 1.79 2.92 3.84 6.41 6.81 9.88 11.92 12.08 14.06 14.51 15.01 16.17 16.57 19.41 22.43 32.18 47.11 48.52 59.53 67.36 68.32 104.52 109.98 128.53 133.34 138.05 142.53 168.14 204.29 289.50
21 0.89 1.12 1.38 2.92 6.41 11.92 12.08 14.04 14.06 15.87 16.17 19.41 24.92 28.34 32.18 47.11 56.29 59.53 104.52 109.98 128.53
22 0.52 0.65 1.18 1.79 3.84 6.81 9.88 11.92 14.51 15.01 16.17 16.57 22.43 48.52 67.36 104.52 133.34 138.05 142.53 168.14 204.29 289.50
23 0.17 0.52 0.65 1.18 1.79 3.84 6.41 11.92 14.51 16.17 16.57 32.18 47.11 48.52 67.36 104.52 109.98 128.53 133.34 142.53 168.14 204.29 289.50
41 0.17 0.52 0.65 0.89 1.12 1.18 1.38 2.13 2.53 2.92 3.84 6.41 6.81 11.92 12.08 14.04 14.06 14.51 16.17 16.57 19.41 22.43 24.92 32.18 40.95 47.11 48.52 56.29 59.53 67.36 68.32 75.77 81.35 104.52 109.98 128.53 133.34 133.74 138.05 142.53 289.50
11 0.17 0.95 6.41 11.92 12.08 15.87 16.57 47.11 109.98 128.53 142.53
13 0.89 0.95 6.41 12.08 14.04 14.06 15.87 19.41 24.92 28.34 47.11 109.98 128.53
31 0.17 0.52 0.65 1.18 1.79 2.13 2.92 3.84 6.41 6.81 11.92 14.51 15.01 16.17 16.57 22.43 32.18 47.11 48.52 59.53 67.36 68.32 104.52 109.98 128.53 133.34 138.05 142.53 168.14 204.29 289.50
6 3.84 48.52 67.36 133.34 168.14 289.50
38 0.17 0.52 0.65 1.12 1.18 1.79 2.13 2.92 3.84 6.41 6.81 9.88 11.92 12.08 14.06 14.51 15.01 16.17 16.57 19.41 22.43 32.18 47.11 48.52 56.29 59.53 67.36 68.32 104.52 109.98 128.53 133.34 133.74 138.05 142.53 168.14 204.29 289.50
3 133.74 138.05 289.50

4 33.40 103.75 136.12 274.49
5 131.77 135.86 138.10 194.81 432.54
14 0.61 24.21 24.40 25.00 34.38 100.71 124.52 131.77 135.86 138.10 194.81 212.38 260.74 432.54
21 0.00 0.28 2.79 3.12 14.15 14.55 16.31 19.26 24.21 33.40 47.05 54.66 60.15 68.59 103.75 108.57 124.52 135.86 136.12 260.74 274.49
9 1.86 10.34 24.45 33.40 68.59 135.86 136.12 138.21 194.81
9 0.61 24.40 34.38 100.71 124.52 138.10 212.38 260.74 432.54
30 0.00 0.01 1.86 2.79 3.12 10.34 14.55 16.31 16.55 19.26 24.21 24.45 33.40 34.38 54.66 60.15 68.59 86.56 100.71 103.75 124.52 131.77 135.86 136.12 138.10 138.21 194.81 260.74 274.49 432.54
36 0.00 0.01 1.86 2.79 3.12 10.34 10.92 11.67 12.07 14.55 16.31 16.55 19.26 24.21 24.45 26.78 33.40 34.38 47.05 54.66 60.15 68.59 86.56 100.71 103.75 108.57 124.52 131.77 135.86 136.12 138.10 138.21 194.81 260.74 274.49 432.54
1 131.77

4 2.29 82.34 112.63 179.66
2 30.77 69.01
4 12.26 22.09 36.84 55.15
6 30.77 38.54 54.64 69.01 112.63 165.01
12 1.99 2.29 9.44 10.77 30.77 67.58 69.01 82.34 112.63 113.79 165.01 179.66
7 2.29 10.77 67.58 82.34 112.63 165.01 179.66
4 10.72 67.58 82.34 113.79
10 0.19 1.99 2.21 2.29 6.58 45.03 82.34 112.63 113.79 179.66
8 30.77 38.54 41.04 54.64 69.01 112.63 165.01 179.66
2 69.01 165.01
6 7.59 12.26 30.77 36.84 69.01 165.01

8 27.46 63.75 76.56 133.53 239.91 504.07 512.66 656.29
23 0.01 0.01 0.03 2.20 2.65 3.22 10.64 15.93 16.69 24.22 27.46 41.92 63.75 71.61 80.65 90.88 109.89 120.18 133.53 177.63 504.07 512.66 532.65
23 0.01 0.01 0.03 2.20 2.65 3.22 10.64 15.93 16.69 21.00 24.22 41.92 63.75 71.61 80.65 90.88 109.89 120.18 133.53 177.63 504.07 512.66 532.65
2 512.66 656.29
6 101.08 133.53 177.63 189.69 292.98 532.65
8 27.46 63.75 76.56 133.53 239.91 504.07 512.66 656.29
1 656.29
4 120.18 133.53 177.63 532.65
2 133.53 532.65
26 1.14 2.65 10.44 15.93 16.69 27.46 31.27 36.80 39.68 63.75 69.06 76.56 80.65 101.08 120.18 132.27 133.53 177.63 189.69 239.91 292.98 372.03 504.07 512.66 532.65 656.29
4 6.19 132.27 189.69 292.98

2 960.66 1350.40
4 22.16 276.84 960.66 1350.40
2 276.84 960.66
2 276.84 960.66
2 960.66 1350.40
4 22.16 276.84 960.66 1350.40
3 17.56 229.94 1350.40
2 229.94 1350.40
2 229.94 1350.40
1 960.66
1 1350.40
1 1350.40
2 229.94 1350.40

13 0.12 2.06 2.35 2.78 6.83 15.15 20.39 29.10 63.71 66.80 74.72 86.41 181.82
27 0.28 0.61 1.67 2.35 2.58 5.34 6.97 7.39 7.71 10.82 11.18 15.15 15.61 16.73 21.65 28.93 29.10 30.42 45.79 53.15 63.71 65.40 66.80 86.41 115.99 140.63 181.82
2 21.65 140.63
17 1.67 2.06 2.35 7.39 11.18 20.39 28.93 29.10 30.42 53.15 63.71 65.40 66.80 74.72 86.41 115.99 181.82
13 0.12 0.85 1.53 2.78 6.83 12.50 15.15 15.61 20.39 45.79 63.71 66.80 140.63
22 0.12 0.61 0.85 1.53 2.35 2.78 6.83 6.97 12.50 15.15 15.61 20.39 21.65 28.93 29.10 45.79 53.15 63.71 66.80 74.72 86.41 140.63
1 30.42
2 45.79 140.63
14 0.61 2.35 6.97 7.39 15.15 15.61 21.65 28.93 29.10 53.15 63.71 66.80 86.41 181.82
27 0.12 0.61 0.85 1.53 2.35 2.58 2.78 6.83 6.97 7.39 10.82 12.50 15.15 15.61 16.73 20.39 21.65 28.93 29.10 45.79 53.15 63.71 66.80 74.72 86.41 140.63 181.82

10 2.78 7.62 7.89 8.53 15.10 25.44 29.05 30.56 35.07 108.36
4 6.52 7.62 12.50 35.07
1 108.36
6 5.13 6.52 7.62 8.16 12.50 35.07
2 11.64 108.36
8 7.89 8.53 8.97 15.10 25.44 29.05 30.56 108.36
10 0.33 5.13 7.89 8.53 8.97 11.64 12.36 25.44 29.05 108.36

5 21.11 40.00 109.89 164.31 413.52
1 153.15
1 413.52
2 164.31 413.52
7 9.50 18.68 21.03 164.31 169.63 405.47 413.52
2 252.19 405.47
4 9.50 18.68 169.63 413.52
4 21.11 109.89 164.31 413.52
3 9.50 18.68 413.52
4 153.15 169.63 252.19 405.47
2 109.89 164.31
7 109.89 153.15 164.31 169.63 252.19 405.47 413.52
5 9.50 18.68 21.03 169.63 413.52
7 0.28 7.80 34.68 153.15 169.63 252.19 405.47
13 0.28 1.50 2.88 2.99 3.29 7.80 17.72 21.03 34.68 153.15 169.63 252.19 405.47
2 252.19 405.47
3 153.15 252.19 405.47

12 4.16 6.07 7.40 44.51 48.76 53.06 72.41 128.83 198.58 249.06 385.54 1176.46
10 1.21 4.16 11.53 15.15 24.94 26.37 77.09 102.64 128.83 1176.46
29 0.14 0.39 0.67 1.21 4.16 6.33 6.64 11.53 11.89 13.33 15.15 16.17 16.84 23.14 24.94 26.37 36.08 41.93 48.76 57.63 77.09 89.52 102.64 128.83 133.73 227.12 249.06 518.67 1176.46
37 0.14 0.39 1.21 3.66 4.16 6.07 6.64 7.40 7.76 11.53 11.89 13.33 15.15 16.17 16.79 16.84 23.14 24.94 26.37 36.08 41.93 44.51 48.76 57.63 62.21 77.09 89.52 102.64 128.83 133.73 158.00 158.13 227.12 249.06 385.54 518.67 1176.46
3 89.52 133.73 249.06
40 0.14 0.39 0.67 1.21 3.66 4.16 6.07 6.33 6.64 7.40 7.76 11.53 11.89 13.33 15.15 16.17 16.79 16.84 23.14 24.94 26.37 36.08 41.93 44.51 48.76 53.06 57.63 62.21 77.09 89.52 102.64 128.83 133.73 158.00 158.13 227.12 249.06 385.54 518.67 1176.46
21 0.14 0.39 1.21 6.64 7.76 11.53 11.89 13.33 16.17 16.84 24.94 26.37 36.08 41.93 57.63 62.21 77.09 102.64 128.83 227.12 518.67
10 0.21 0.89 1.02 8.28 10.84 16.79 107.05 158.00 158.13 1176.46
2 10.77 227.12
4 158.13 198.58 385.54 1176.46
25 1.21 2.01 4.16 5.02 6.07 7.40 11.53 15.15 23.14 24.94 26.37 44.51 48.76 53.06 72.41 77.09 89.52 102.64 128.83 133.73 198.58 249.06 385.54 518.67 1176.46
25 1.21 2.01 4.16 5.02 6.07 7.40 11.53 15.15 23.14 24.94 26.37 44.51 48.76 53.06 72.41 77.09 89.52 102.64 128.83 133.73 198.58 249.06 385.54 518.67 1176.46
17 2.01 4.16 5.02 6.07 7.40 15.15 44.51 48.76 53.06 72.41 77.09 128.83 133.73 198.58 249.06 385.54 1176.46
4 0.89 107.05 158.13 1176.46

17 0.00 3.67 3.94 9.31 10.31 11.07 13.82 19.30 25.58 31.43 35.11 60.81 85.51 112.83 194.86 213.77 225.45
6 3.67 31.43 35.11 85.51 112.83 273.14
19 0.00 3.67 3.94 9.31 10.31 11.07 13.82 19.30 25.55 25.58 31.43 35.11 60.81 85.51 112.83 194.86 213.77 225.45 273.14
1 194.86

16 4.08 6.11 13.43 21.18 23.56 29.61 34.96 37.98 48.26 65.82 85.21 100.73 114.53 158.28 415.54 1157.62
7 4.08 13.43 26.51 38.17 100.73 115.91 158.28
10 6.11 21.18 29.61 34.96 37.98 48.26 65.82 85.21 114.53 1157.62
11 4.08 6.11 13.43 21.18 29.61 37.98 65.82 100.73 114.53 158.28 1157.62
14 6.11 13.43 21.18 23.56 29.61 34.96 37.98 48.26 65.82 85.21 100.73 114.53 158.28 1157.62

13 19.62 46.32 48.13 58.67 60.73 65.88 101.95 167.78 174.23 272.95 332.17 373.95 513.31
6 19.62 167.78 259.21 272.95 332.17 373.95
1 165.07
30 0.81 1.02 1.25 1.63 3.28 3.50 4.12 4.86 7.06 9.04 9.69 13.42 13.63 18.89 19.64 22.74 23.18 24.19 26.67 30.57 53.32 66.99 70.28 72.49 94.13 152.49 182.11 213.63 321.85 513.31
28 0.03 0.63 0.65 0.77 1.76 2.50 3.74 4.12 9.04 9.35 9.61 12.62 14.14 19.70 23.74 48.13 50.44 50.65 58.67 60.73 65.88 76.93 101.95 165.07 174.23 182.11 373.95 513.31

9 6.42 27.84 37.82 66.79 75.13 104.87 137.90 144.42 160.38
13 3.16 15.68 28.18 38.93 56.51 66.79 79.78 82.66 89.71 104.87 113.70 137.90 147.94
17 3.16 6.42 15.68 20.69 27.84 37.82 38.93 56.51 66.79 75.13 79.78 82.66 104.87 137.90 144.42 147.94 160.38
5 66.79 75.13 104.87 144.42 160.38
31 0.00 0.02 0.05 0.43 1.31 3.13 4.63 4.65 6.36 7.34 9.22 9.40 10.49 11.16 11.36 18.61 19.66 20.69 22.23 24.13 24.31 37.46 38.93 56.51 63.16 66.79 75.13 82.66 94.20 98.21 139.57
27 0.00 1.31 3.31 6.36 7.50 8.10 9.40 10.58 11.36 20.69 24.31 30.08 37.46 38.93 51.31 56.51 57.17 63.16 66.79 79.78 82.66 89.71 91.76 98.21 104.87 113.70 139.57
12 3.16 15.68 28.18 38.93 56.51 79.78 82.66 89.71 104.87 113.70 137.90 147.94
23 0.00 0.43 1.31 3.13 9.22 9.40 10.49 11.36 18.61 19.66 20.69 37.46 38.93 56.51 63.16 66.79 75.13 82.66 94.20 98.21 104.87 144.42 160.38
46 0.02 0.05 0.05 0.06 0.06 0.19 0.76 0.98 1.00 1.29 1.49 1.51 1.84 2.04 2.18 2.24 2.36 4.63 4.65 5.69 6.16 6.30 6.36 6.66 7.34 8.10 8.73 8.81 9.98 10.49 10.59 11.08 11.16 11.88 14.46 22.23 24.13 24.31 31.95 37.46 44.44 63.16 94.20 98.21 139.57 153.66
21 0.02 1.29 3.24 3.31 4.65 6.36 7.34 7.50 8.10 8.61 8.81 9.40 9.98 24.31 30.08 37.46 44.44 63.16 91.76 139.57 153.66

20 0.03 0.11 0.24 0.78 1.30 1.58 3.43 5.68 7.10 26.33 50.02 68.25 110.83 134.41 137.59 165.51 249.10 304.59 455.58 602.43
7 0.03 3.41 20.06 22.22 36.50 249.10 290.92
18 0.03 0.11 0.24 0.78 1.30 1.35 1.58 3.43 5.68 7.10 26.33 50.02 68.25 110.83 137.59 165.51 455.58 602.43

37 0.40 1.13 2.76 4.73 6.11 6.24 6.38 7.18 7.38 8.65 9.38 11.81 15.08 17.36 17.86 20.86 23.80 25.14 26.58 27.19 29.89 41.70 51.62 54.55 64.87 76.38 81.50 84.94 92.15 136.02 139.09 147.55 150.93 152.90 162.23 191.79 322.31
3 92.15 162.23 322.31
5 51.62 92.15 147.55 191.79 322.31
6 6.24 64.87 81.50 84.94 139.09 150.93
2 54.55 136.02
63 0.00 0.00 0.08 0.08 0.14 0.24 0.28 0.59 1.02 1.13 1.16 1.33 1.55 1.90 2.02 2.04 2.18 2.89 2.99 3.23 3.97 4.43 4.70 5.22 5.46 7.20 7.38 7.67 8.62 8.91 10.39 10.97 11.04 11.16 13.05 16.33 18.30 19.28 19.37 20.09 21.64 22.12 22.24 26.00 26.35 27.19 29.89 30.23 35.99 39.13 48.35 51.62 64.95 75.42 76.38 86.53 92.15 132.86 136.02 147.55 152.90 298.14 322.31
32 0.15 0.20 0.73 1.01 1.13 2.18 2.20 2.76 2.98 2.99 3.10 6.11 6.24 6.38 6.90 18.30 22.24 23.62 26.58 29.89 30.23 36.26 40.99 54.55 64.87 81.50 84.94 136.02 139.09 150.93 162.23 322.31
42 0.15 0.20 0.24 0.73 1.01 2.11 2.18 2.20 2.49 2.60 2.98 2.99 3.10 3.21 3.38 4.15 4.29 4.70 5.27 6.41 6.90 7.67 8.62 11.04 11.16 18.30 20.09 22.24 23.62 26.35 30.23 35.38 35.99 36.26 39.13 40.99 54.55 64.95 132.86 136.02 139.09 150.93
77 0.00 0.00 0.08 0.08 0.14 0.15 0.20 0.24 0.28 0.59 0.73 1.02 1.13 1.16 1.33 1.55 1.90 2.02 2.04 2.11 2.18 2.76 2.89 2.99 3.10 3.23 3.97 4.29 4.43 4.70 5.22 5.27 5.46 7.20 7.38 7.67 8.62 8.91 10.39 10.97 11.04 11.16 13.05 16.33 18.30 19.28 19.37 20.09 21.64 22.12 22.24 26.00 26.35 26.58 27.19 29.89 30.23 35.99 36.26 39.13 48.35 51.62 54.55 64.95 75.42 76.38 86.53 92.15 132.86 136.02 147.55 150.93 152.90 162.23 191.79 298.14 322.31
7 6.11 6.24 64.87 81.50 84.94 139.09 150.93
13 0.40 0.81 9.38 11.81 15.08 17.86 20.86 25.14 92.15 147.55 152.90 191.79 298.14
75 0.00 0.00 0.08 0.08 0.14 0.15 0.20 0.24 0.59 0.73 1.02 1.13 1.16 1.33 1.55 1.90 2.02 2.04 2.11 2.18 2.89 2.99 3.10 3.21 3.23 3.38 3.97 4.15 4.29 4.43 4.70 5.22 5.27 5.46 6.41 7.20 7.38 7.67 8.62 8.91 10.39 10.97 11.04 11.16 13.05 16.33 18.30 19.28 19.37 20.09 21.64 22.12 22.24 23.62 26.00 26.35 27.19 29.89 30.23 35.38 35.99 36.26 39.13 40.99 48.35 51.62 54.55 64.95 75.42 76.38 132.86 136.02 152.90 298.14 322.31
48 0.00 0.15 0.20 0.73 1.01 1.13 1.16 2.11 2.18 2.20 2.98 2.99 3.10 3.21 3.38 3.97 4.15 4.29 5.27 6.41 6.90 7.38 7.67 8.62 10.39 11.04 11.16 13.05 18.30 20.09 22.24 23.62 26.00 26.35 27.19 29.89 30.23 35.38 36.26 39.13 40.99 54.55 64.95 132.86 136.02 139.09 150.93 322.31
15 2.76 6.24 6.38 23.80 26.58 29.89 54.55 64.87 81.50 84.94 136.02 139.09 150.93 162.23 322.31
12 1.02 1.55 2.89 3.23 10.39 13.05 26.00 27.19 51.62 76.38 152.90 298.14
57 0.00 0.15 0.20 0.24 0.73 1.01 1.13 1.16 2.11 2.18 2.20 2.49 2.60 2.76 2.98 2.99 3.10 3.21 3.38 3.97 4.15 4.29 4.70 5.27 6.41 6.90 7.38 7.67 8.62 8.91 10.39 11.04 11.16 13.05 18.30 20.09 22.24 23.62 26.00 26.35 26.58 27.19 29.89 30.23 35.38 35.99 36.26 39.13 40.99 54.55 64.95 81.50 132.86 136.02 139.09 150.93 322.31
7 6.11 6.24 64.87 81.50 84.94 139.09 150.93
9 8.65 17.36 41.70 51.62 92.15 147.55 162.23 191.79 322.31

2 135.00 505.00
2 135.00 505.00
1 505.00
2 135.00 505.00
1 505.00
2 135.00 505.00
1 505.00
2 135.00 505.00
2 135.00 505.00
1 290.00
1 505.00
1 290.00
1 505.00
2 135.00 505.00
2 135.00 505.00
1 290.00
1 290.00
1 290.00
1 505.00

3 269.17 571.64 2818.47
15 0.13 0.29 0.62 6.10 13.52 22.43 23.18 40.58 63.80 114.55 157.95 237.89 571.64 755.44 870.94
10 0.13 0.29 0.62 6.10 22.43 23.18 63.80 114.55 157.95 870.94
11 0.46 13.52 17.01 23.18 40.58 63.80 82.21 157.95 237.89 571.64 632.31
2 17.31 2818.47
1 2818.47
2 755.44 2818.47
16 0.13 0.29 0.62 6.10 13.52 22.43 23.18 40.58 63.80 114.55 157.95 237.89 571.64 755.44 870.94 2818.47
8 22.43 40.58 114.55 157.95 571.64 755.44 870.94 2818.47
5 237.89 269.17 571.64 632.31 2818.47
1 2818.47
13 0.46 13.52 17.01 23.18 40.58 63.80 82.21 157.95 237.89 269.17 571.64 632.31 2818.47
18 0.13 0.29 0.46 0.62 6.10 13.52 17.01 22.43 23.18 40.58 63.80 114.55 157.95 237.89 571.64 755.44 870.94 2818.47

14 0.99 33.92 39.71 49.18 70.89 72.94 93.40 117.39 140.57 170.55 210.89 263.26 290.48 590.22

12 0.44 0.72 2.08 3.10 4.48 6.95 8.39 17.06 20.58 24.39 36.81 69.59
15 0.22 0.98 1.88 2.04 4.64 4.68 9.93 9.93 13.14 16.10 17.81 30.91 40.42 45.11 50.72
2 30.91 40.42
15 0.25 0.42 1.33 1.33 1.36 1.39 2.11 2.83 4.13 5.22 6.18 6.60 7.83 10.39 14.59
4 8.95 14.51 26.44 97.67

16 0.07 0.32 0.93 2.97 3.08 3.37 4.09 10.92 12.75 15.99 27.32 36.16 48.32 49.35 66.82 81.71
14 0.11 0.25 0.37 1.27 3.46 6.46 11.32 14.97 22.39 23.45 25.43 26.94 49.35 50.97
10 0.07 0.58 3.08 10.92 15.34 27.32 36.16 48.32 66.82 81.71
1 66.82
2 27.32 66.82
2 7.69 18.15
3 31.94 41.44 102.63
32 0.04 0.07 0.24 0.43 0.58 0.60 0.93 1.01 1.76 1.79 2.31 3.04 3.33 4.09 4.37 4.68 4.80 7.17 10.68 10.92 13.61 14.48 24.22 25.76 27.32 31.39 34.05 36.16 41.44 48.32 66.82 81.71
2 35.61 36.03
2 11.32 50.97
6 0.27 5.27 14.58 24.24 30.68 61.28
16 0.43 0.58 0.60 1.76 1.79 2.31 4.37 4.68 4.80 24.22 27.32 31.39 34.05 36.16 48.32 81.71
1 61.28

26 0.45 1.22 1.67 1.90 2.60 3.51 3.60 4.17 5.77 7.25 7.39 7.48 8.10 8.23 10.08 10.86 13.79 15.56 22.70 23.02 28.58 42.36 47.09 47.35 67.74 110.14
10 3.51 4.17 7.48 8.23 10.86 15.56 22.70 23.02 47.35 110.14
17 0.45 1.22 1.90 2.60 2.67 4.17 5.77 7.39 7.48 10.86 13.79 15.56 22.70 23.02 31.37 67.74 111.54
1 110.14
12 0.02 1.90 8.10 11.41 15.24 22.70 28.58 42.36 47.09 47.52 67.74 110.14
6 15.82 22.58 42.36 47.52 67.74 89.95

8 0.04 1.52 4.13 7.99 10.03 116.81 158.49 164.30
12 0.94 1.81 2.42 2.97 4.25 7.99 10.03 10.41 13.44 68.53 156.25 164.30
3 22.38 158.49 164.30
1 164.30
3 22.38 158.49 164.30
4 4.13 116.81 158.49 164.30
3 4.13 116.81 158.49
7 2.81 7.81 10.69 22.38 156.25 158.49 164.30
4 4.13 116.81 158.49 164.30
3 10.69 156.25 164.30
2 7.81 156.25
2 68.53 156.25
4 4.13 116.81 158.49 164.30
4 2.97 13.44 68.53 156.25
3 10.69 156.25 164.30
6 2.81 7.81 10.69 22.38 156.25 164.30

14 0.15 1.14 3.04 10.80 11.35 14.20 16.35 24.86 46.00 61.74 68.20 82.78 193.78 246.98
35 0.04 0.15 0.21 0.24 0.54 0.65 1.14 1.79 3.04 7.15 10.80 11.35 14.20 15.21 16.35 19.84 22.25 23.35 24.20 24.57 24.86 26.01 35.06 46.00 51.49 61.37 61.74 68.20 69.90 78.02 82.78 122.73 193.78 246.98 266.55
26 0.04 0.15 0.24 0.65 1.14 1.79 3.04 10.80 11.35 14.20 15.21 16.35 19.84 22.25 24.20 24.57 24.86 26.01 35.06 46.00 61.74 68.20 82.78 122.73 193.78 246.98
26 0.01 0.03 0.29 0.58 0.80 0.83 0.91 1.18 2.08 2.14 2.70 3.03 3.59 4.90 5.32 6.20 6.28 7.01 7.22 13.56 18.49 47.05 51.49 78.02 193.78 246.98
10 3.04 10.80 23.35 28.99 30.08 68.20 69.90 73.70 82.78 246.98
3 30.08 82.78 246.98
2 36.02 38.36

3 20.63 46.38 235.27
6 2.57 6.48 7.91 23.01 55.97 217.61
21 0.49 1.46 1.94 2.36 2.41 3.04 3.47 3.79 5.95 8.42 10.11 10.48 30.42 30.90 35.59 35.72 40.87 46.77 58.88 220.05 235.27
14 0.05 1.56 1.76 2.50 2.93 4.62 8.37 17.79 22.05 37.89 55.97 65.79 94.16 108.79
8 2.57 6.48 7.91 20.63 23.01 217.61 220.05 235.27
10 0.05 1.76 2.93 8.37 17.79 22.05 37.89 55.97 65.79 94.16
2 0.49 108.79
23 0.03 0.38 0.49 0.70 0.76 1.46 1.80 1.94 2.41 3.79 5.16 5.95 8.42 10.11 10.48 30.42 35.72 40.87 46.77 58.88 99.17 220.05 235.27
2 0.49 108.79
11 0.05 1.76 2.57 2.93 10.75 17.79 29.89 55.97 65.79 94.16 217.61
1 99.17
2 35.72 220.05
3 30.42 30.90 35.59
6 6.48 7.91 20.63 23.01 46.38 235.27
3 20.63 46.38 235.27
1 220.05
2 17.79 55.97
3 2.57 55.97 217.61

3 54.60 119.91 123.12
19 0.00 1.05 2.94 5.78 6.91 11.43 32.37 34.51 41.12 50.66 54.60 73.58 81.55 97.36 119.91 123.12 149.60 327.16 422.09
18 0.00 1.05 5.78 6.91 11.43 32.37 34.51 41.12 50.66 54.60 73.58 81.35 81.55 97.36 119.91 123.12 327.16 422.09
41 0.26 0.45 0.81 0.96 1.02 2.97 4.15 5.57 6.67 6.72 6.94 7.52 7.74 8.34 12.24 16.20 16.42 16.84 17.11 18.46 18.98 19.54 21.06 22.98 24.72 25.68 25.92 26.32 27.87 39.93 46.91 53.92 75.67 75.97 76.42 83.03 89.51 127.16 133.20 142.35 282.45
73 0.07 0.09 0.26 0.45 0.61 0.81 0.96 1.02 1.31 1.35 1.44 1.63 2.49 2.97 3.31 5.57 6.18 6.67 6.72 6.94 7.52 7.74 7.77 8.34 12.24 12.28 12.58 16.20 16.42 16.84 17.11 18.46 18.98 21.06 22.98 24.72 25.08 25.68 26.32 29.31 39.93 41.12 44.01 45.53 51.26 53.92 55.18 55.45 65.57 73.58 75.67 75.97 76.42 80.67 81.35 81.55 83.03 89.51 97.57 119.91 127.16 133.20 146.61 149.60 151.73 155.58 162.15 170.81 171.86 179.46 282.45 327.16 422.09
15 5.78 6.18 7.77 13.86 44.01 51.26 65.57 81.35 81.55 97.57 146.61 149.60 162.15 327.16 422.09
9 4.15 16.20 19.54 25.92 27.87 46.91 83.03 142.35 282.45
6 16.84 97.57 115.16 128.74 136.21 151.73
51 0.09 0.26 0.45 0.81 0.96 1.02 1.31 1.35 2.97 3.31 4.15 5.57 6.18 6.67 6.72 6.94 7.74 7.77 8.34 16.20 16.42 16.84 17.11 17.62 18.98 19.54 21.06 24.72 25.68 25.92 27.87 39.93 44.01 46.91 53.92 55.18 65.57 73.50 75.67 75.97 76.42 83.03 89.51 127.16 133.20 142.35 146.61 149.60 151.73 282.45 422.09
13 0.03 2.94 12.07 32.37 41.12 62.12 73.58 97.36 119.91 123.12 155.58 171.86 327.16
10 5.70 5.78 6.91 13.86 51.26 81.35 97.57 136.21 162.15 422.09
5 13.86 81.35 97.57 136.21 162.15
8 5.57 6.67 6.72 17.11 39.93 75.97 83.03 127.16
15 2.20 4.15 16.20 17.11 17.62 25.92 27.87 46.91 73.50 83.03 127.16 133.20 146.61 151.73 282.45
64 0.07 0.09 0.26 0.45 0.61 0.81 0.96 1.02 1.31 1.35 1.44 2.97 3.31 4.15 5.57 6.18 6.67 6.72 6.94 7.52 7.74 7.77 8.34 12.24 12.28 12.58 16.20 16.42 16.84 17.11 18.46 18.98 19.54 21.06 22.98 24.72 25.08 25.68 25.92 26.32 27.87 29.31 39.93 44.01 46.91 51.26 53.92 55.18 55.45 65.57 75.67 75.97 76.42 80.67 83.03 89.51 127.16 133.20 142.35 146.61 149.60 171.86 282.45 422.09
54 0.09 0.26 0.45 0.46 0.81 0.96 1.02 1.31 1.35 2.20 2.97 3.31 4.15 5.38 5.57 6.18 6.67 6.72 6.94 7.74 7.77 8.34 16.20 16.84 17.11 17.62 18.98 19.54 21.06 25.92 27.87 39.93 44.01 46.91 51.26 55.18 65.57 73.50 75.67 75.97 83.03 89.51 97.57 127.16 128.74 133.20 136.21 142.35 146.61 149.60 151.73 162.15 282.45 422.09
17 0.03 2.94 12.07 32.37 41.12 55.45 62.12 73.58 81.55 97.36 119.91 123.12 149.60 155.58 171.86 327.16 422.09

21 0.01 0.26 1.51 2.93 3.14 6.13 6.29 7.10 8.35 9.94 10.76 13.09 13.61 13.84 15.85 24.20 35.84 37.77 81.11 90.10 135.55
37 0.00 0.00 0.02 0.39 0.44 0.67 0.73 0.90 1.87 2.01 2.04 2.52 3.13 3.16 3.48 3.99 4.21 5.33 6.68 11.53 11.93 14.40 14.40 15.10 15.47 16.61 19.28 19.87 22.03 31.79 53.59 61.91 81.11 98.57 103.29 111.52 135.55
36 0.00 0.44 0.46 0.51 0.59 1.91 2.00 2.01 2.04 2.52 3.00 3.16 3.48 4.21 5.33 10.97 11.53 11.93 14.40 15.47 15.85 16.61 18.39 19.28 22.95 25.14 26.03 31.79 37.77 53.59 61.91 81.11 98.57 103.29 111.52 135.55
26 0.00 0.02 0.39 0.67 0.90 1.87 2.52 3.13 3.16 3.99 4.21 5.01 5.33 6.68 14.40 15.10 15.47 16.61 19.28 19.87 22.03 31.79 81.11 98.57 111.52 135.55
31 0.00 0.44 0.59 1.87 2.00 2.01 2.04 2.52 3.13 3.16 3.48 3.99 4.21 5.33 9.94 10.97 11.53 14.40 15.47 15.85 16.61 19.28 22.95 37.77 53.59 61.91 81.11 98.57 103.29 111.52 135.55
4 15.85 35.84 81.11 135.55
15 2.01 2.04 3.48 9.94 10.97 11.53 14.40 15.85 22.95 37.77 53.59 61.91 103.29 111.52 135.55
26 0.01 0.26 0.72 0.73 1.51 2.93 3.14 6.13 6.29 7.10 8.35 9.94 10.32 10.76 13.09 13.61 13.84 14.64 15.85 18.32 24.20 35.84 37.77 81.11 90.10 135.55
5 1.51 8.35 13.09 13.61 35.84
3 9.94 37.77 53.59
25 0.04 0.46 0.51 0.55 1.21 1.63 1.86 1.87 1.91 2.00 2.88 3.00 3.93 8.84 11.42 12.80 13.90 18.39 25.14 26.03 32.30 33.38 34.11 44.92 103.29
25 0.00 0.44 0.51 0.59 2.00 2.01 2.04 3.00 3.16 3.48 4.21 10.97 11.53 13.88 14.40 15.85 18.39 22.95 37.77 53.59 61.91 98.57 103.29 111.52 135.55
22 0.04 0.44 0.51 0.55 0.59 1.63 1.86 1.91 2.00 3.00 8.84 10.97 11.42 13.88 18.39 22.95 26.03 32.30 33.38 34.11 61.91 103.29

6 1.06 78.76 89.44 333.23 458.15 466.72
1 466.72
3 88.58 89.44 124.50
4 16.62 73.97 333.23 458.15
10 0.09 0.21 2.54 5.60 16.62 20.84 26.94 78.76 458.15 466.72
2 89.44 124.50
4 78.76 333.23 458.15 466.72
2 333.23 458.15
6 6.80 16.62 26.94 73.97 333.23 458.15

2 115.80 269.51
2 21.69 269.51
3 8.31 120.49 124.20
2 115.80 269.51
2 8.31 120.49
2 115.80 269.51
2 21.69 269.51

3 630.00 1735.50 4790.50
2 1735.50 4790.50

2 398.50 570.50

1 30.11
14 0.17 0.22 0.43 1.23 1.74 2.58 3.60 5.67 6.23 7.93 9.78 16.91 20.68 47.61
6 2.24 3.12 12.10 18.52 20.68 30.11
26 0.07 0.12 0.13 0.16 0.20 0.37 0.39 0.56 0.58 0.81 0.99 2.24 3.12 3.17 4.06 4.33 5.28 6.15 8.58 8.61 12.10 16.91 18.52 20.68 30.11 31.15
5 0.07 4.06 4.33 8.58 31.15
5 0.56 6.15 8.61 16.91 20.68
9 0.12 0.13 3.17 5.28 6.15 8.58 8.61 8.72 31.15
20 0.07 0.16 0.20 0.37 0.39 0.56 0.58 0.81 2.24 3.12 4.06 4.33 6.15 8.61 12.10 16.91 18.52 20.68 30.11 31.15
5 0.07 4.06 4.33 8.58 31.15
9 0.44 0.46 0.64 5.49 7.47 7.93 10.26 17.06 47.61
20 0.17 0.22 0.43 0.57 0.60 1.23 1.74 2.36 2.58 3.60 3.97 5.67 6.23 7.42 7.93 8.66 9.78 16.91 20.68 47.61

20 0.17 0.49 2.78 3.34 5.93 19.66 24.59 34.30 43.31 51.45 54.85 55.68 59.97 73.47 76.96 85.43 88.07 105.64 168.20 204.99
23 0.11 0.39 2.01 2.57 3.60 6.28 7.19 8.83 9.00 12.98 14.41 16.22 19.66 22.76 26.05 29.26 54.82 54.85 55.68 59.97 73.47 105.64 310.85
24 0.17 0.39 2.57 2.78 3.34 3.60 5.93 7.19 8.83 9.00 16.22 19.66 22.76 26.05 43.31 54.85 55.68 59.97 73.47 85.43 88.07 105.64 168.20 310.85
21 0.00 0.01 0.06 0.16 0.90 1.26 2.05 3.15 7.56 14.78 17.25 17.59 21.10 21.71 31.90 38.22 54.82 88.43 98.27 305.58 310.85
39 0.01 0.14 0.17 0.35 0.42 0.49 0.59 0.84 1.06 1.86 2.78 3.34 4.35 4.96 5.52 5.93 8.12 17.43 24.59 27.05 27.58 34.30 34.86 43.31 51.45 54.85 55.68 59.97 73.47 76.96 79.73 85.43 88.07 88.43 168.20 204.99 305.58 310.85 431.08
16 0.49 4.35 24.59 34.30 43.31 51.45 54.85 55.68 76.96 79.73 85.43 88.07 88.43 204.99 305.58 310.85
2 47.66 431.08
1 305.58
6 34.30 76.96 79.73 88.07 88.43 305.58
3 76.96 79.73 204.99
25 0.17 0.39 2.01 2.57 2.78 3.34 3.60 5.93 7.19 8.83 9.00 16.22 19.66 22.76 26.05 43.31 54.85 55.68 59.97 73.47 85.43 88.07 105.64 168.20 310.85
27 0.11 0.39 2.01 2.57 3.34 3.60 5.93 6.28 7.19 8.83 9.00 12.98 14.41 16.22 19.66 22.76 26.05 29.26 38.22 54.82 54.85 55.68 59.97 73.47 88.07 105.64 310.85
49 0.00 0.01 0.01 0.05 0.06 0.14 0.16 0.39 0.42 0.51 0.90 1.06 1.26 2.05 2.69 4.74 4.96 5.47 5.52 6.55 8.12 8.20 12.00 12.24 13.00 17.25 17.43 17.59 21.10 21.71 27.05 27.58 31.90 34.30 34.86 41.18 47.66 51.45 54.82 55.68 76.96 79.73 88.07 88.43 98.27 204.99 305.58 310.85 431.08

1 176.98
1 176.98
8 12.33 22.75 51.20 51.35 72.35 124.30 145.52 176.98
4 22.75 72.35 124.30 176.98
4 12.33 22.75 124.30 176.98
8 4.55 4.70 7.97 9.99 10.20 14.70 76.16 90.72
4 31.23 76.16 90.72 176.98
2 80.45 145.52
8 5.44 8.56 36.61 51.35 72.35 80.45 124.30 145.52
9 4.55 4.70 7.97 9.99 10.20 14.70 31.23 76.16 90.72
11 0.66 1.53 9.92 14.57 16.79 31.23 36.61 51.20 51.35 80.45 90.72
8 12.33 31.23 51.20 51.35 76.16 90.72 124.30 176.98
29 0.03 0.06 0.66 0.71 1.53 1.67 2.78 3.08 5.69 6.43 7.97 9.92 9.99 11.20 12.33 14.57 16.79 19.76 20.42 31.23 36.61 51.20 51.35 76.16 80.45 90.72 124.30 145.52 176.98
1 176.98
6 12.33 31.23 51.20 76.16 90.72 176.98

8 4.50 51.68 79.50 173.36 214.82 228.79 303.46 788.39
14 0.00 0.85 2.56 4.50 11.88 40.19 44.46 49.44 51.68 81.71 163.83 214.82 228.79 303.46
2 214.82 788.39
2 214.82 303.46
5 79.50 173.36 214.82 303.46 788.39
3 33.04 206.05 451.59
1 451.59
3 79.50 173.36 303.46
17 2.38 11.88 16.10 16.12 20.14 33.04 49.44 64.28 67.33 81.71 112.14 163.83 206.05 214.82 228.79 451.59 788.39
11 0.00 0.40 0.85 2.56 5.00 40.19 44.46 49.44 81.71 163.83 228.79
7 16.12 173.36 206.05 214.82 303.46 451.59 788.39
2 214.82 303.46
4 20.14 64.28 81.71 163.83
5 173.36 214.82 303.46 451.59 788.39
17 2.38 11.88 16.10 16.12 20.14 33.04 49.44 64.28 67.33 81.71 112.14 163.83 206.05 214.82 228.79 451.59 788.39
14 2.38 4.50 11.88 16.12 49.44 51.68 79.50 163.83 206.05 214.82 228.79 303.46 451.59 788.39
3 206.05 451.59 788.39
15 2.38 11.88 16.12 20.14 33.04 49.44 67.33 112.14 163.83 206.05 214.82 228.79 303.46 451.59 788.39
2 451.59 788.39

5 0.29 51.71 151.04 360.99 1621.07
1 1621.07
15 0.76 2.68 4.01 7.55 10.58 20.84 71.50 107.28 129.82 151.04 218.37 345.28 360.99 376.23 1621.07
1 1621.07
2 151.04 1621.07
5 20.84 107.28 151.04 376.23 1621.07
10 2.68 4.01 20.84 107.28 129.82 151.04 345.28 360.99 376.23 1621.07
5 0.29 51.71 151.04 360.99 1621.07

2 7.17 166.29
4 1.05 7.95 21.52 32.48
2 7.17 166.29
5 19.29 22.11 32.48 143.29 169.73
9 2.28 7.69 15.12 17.50 19.54 29.45 29.65 89.86 166.29
17 0.30 2.01 2.28 2.54 2.75 5.37 17.67 19.29 19.54 22.23 29.45 29.65 37.32 89.86 166.29 169.73 260.91
5 57.16 143.29 166.29 169.73 260.91
22 0.22 0.30 1.53 2.01 2.28 2.54 7.17 7.69 10.93 15.12 17.50 17.67 19.54 19.89 22.23 29.45 29.65 37.32 89.86 166.29 169.73 260.91
2 19.29 169.73
1 166.29
5 19.29 22.11 32.48 143.29 169.73
2 22.11 143.29
7 21.52 22.11 32.48 57.16 143.29 169.73 260.91
4 1.95 2.05 57.16 260.91
3 29.45 29.65 89.86

2 8.28 51.82
5 8.28 19.32 42.87 51.82 97.73
15 0.04 0.52 0.53 0.64 1.67 3.55 3.73 4.76 4.78 4.98 5.45 5.46 7.07 10.57 16.48
3 42.87 61.42 97.73
12 0.09 0.32 0.64 1.67 3.55 3.71 6.19 10.08 16.38 16.48 59.46 97.73
1 61.42
1 61.42
2 51.82 97.73
9 0.09 1.03 4.96 6.19 7.96 10.08 19.32 51.82 97.73
2 2.79 61.42
6 2.79 3.79 42.87 51.82 61.42 97.73
1 61.42
4 3.71 42.87 59.46 97.73
4 3.71 42.87 59.46 97.73
2 3.71 59.46
16 0.21 0.58 0.79 1.40 1.79 2.29 2.44 2.54 3.65 3.97 4.78 4.98 5.45 7.07 10.57 19.48
3 4.98 5.45 10.57
6 1.03 4.96 8.28 19.32 51.82 97.73

17 0.00 0.21 2.80 7.58 8.14 8.60 11.76 18.15 23.21 25.25 31.09 46.31 54.10 73.69 139.08 200.38 356.37
19 0.00 0.21 1.77 2.80 7.58 8.14 8.60 8.77 11.76 15.77 18.15 23.21 46.31 47.46 54.10 76.76 83.46 139.08 356.37
4 31.09 47.46 83.46 356.37
25 0.16 0.21 2.69 3.28 5.54 7.58 8.14 13.40 18.15 23.21 25.25 25.65 26.61 28.96 31.09 40.26 43.67 73.69 108.14 119.79 139.08 200.38 202.88 356.37 365.71
1 365.71
32 0.00 0.16 0.21 2.69 2.80 3.28 5.54 7.58 8.14 8.60 11.76 15.77 18.15 23.21 25.25 25.65 28.96 31.09 43.67 46.31 47.46 54.10 73.69 76.76 83.46 108.14 119.79 139.08 200.38 202.88 356.37 365.71
2 139.08 200.38
11 1.90 3.28 16.10 17.72 18.70 25.65 28.41 43.67 108.14 202.88 365.71
23 0.16 0.21 1.20 2.69 3.28 5.54 7.58 13.40 23.21 25.25 25.65 26.61 28.96 31.09 40.26 73.69 85.36 108.14 119.79 139.08 200.38 356.37 365.71
6 17.72 18.70 28.41 43.67 108.14 202.88

2 33.07 83.91
2 27.36 83.91
2 21.52 27.36
2 0.62 21.52
3 2.73 14.16 41.31
5 2.00 9.41 27.36 33.07 83.91
2 33.07 83.91
7 2.00 9.41 10.59 21.52 27.36 33.07 83.91
2 10.59 27.36
1 33.07
2 14.16 41.31
14 0.00 0.15 0.22 0.65 0.71 1.18 1.50 2.73 2.85 5.39 10.29 14.16 41.31 83.91
2 27.36 83.91
3 14.16 41.31 83.91

40 0.01 0.02 0.05 0.16 0.18 0.22 0.37 0.58 0.67 0.83 1.71 1.91 2.28 2.92 3.24 3.67 4.20 4.86 5.04 5.52 5.80 9.30 9.65 12.37 12.64 15.59 18.50 20.53 21.09 26.72 30.81 35.92 38.72 40.10 42.62 54.85 58.70 61.72 84.61 195.99
4 40.70 71.95 78.29 88.08
18 0.03 0.21 0.45 1.02 2.05 4.43 11.60 11.87 14.93 18.21 19.30 22.17 23.49 23.93 30.50 30.60 55.64 103.86
32 0.02 0.16 0.22 0.37 0.41 0.74 0.83 1.06 1.91 2.08 5.02 5.04 9.30 9.65 12.37 13.50 18.50 19.30 21.09 30.81 35.92 38.72 40.70 54.85 55.64 58.18 58.70 61.72 84.61 88.08 187.98 195.99
8 0.37 0.58 4.20 15.59 21.09 58.70 84.61 195.99
2 35.92 38.72
24 0.03 0.21 0.45 2.05 4.43 5.02 6.00 6.79 7.44 11.87 13.55 14.93 15.00 18.21 19.30 22.17 23.49 23.93 30.50 30.60 54.85 55.64 58.18 187.98
13 0.41 2.08 18.50 20.53 35.92 38.72 40.70 54.85 58.18 71.95 78.29 88.08 187.98
36 0.02 0.16 0.22 0.37 0.41 0.74 0.83 1.06 1.91 2.08 5.02 5.04 9.30 9.65 11.87 12.37 13.50 18.50 19.30 21.09 28.16 30.60 30.81 35.92 38.72 40.70 54.85 55.64 58.18 58.70 61.72 84.61 88.08 103.86 187.98 195.99
25 0.05 0.41 0.67 2.28 2.92 3.24 5.52 5.80 11.85 12.64 18.50 18.74 20.53 35.92 38.72 40.10 40.70 42.62 54.68 71.95 78.29 79.78 88.08 124.93 195.99
29 0.02 0.11 0.16 0.22 0.37 0.56 0.58 0.83 1.91 3.04 3.67 4.20 5.04 7.60 9.30 9.65 11.65 12.37 21.09 22.50 26.72 28.16 29.19 30.81 58.70 61.72 84.61 103.86 195.99
7 3.67 11.65 12.37 22.50 26.72 58.70 84.61
13 0.41 2.08 9.30 18.50 30.81 35.92 38.72 40.70 54.85 58.18 88.08 187.98 195.99
34 0.01 0.05 0.12 0.18 0.67 0.68 1.71 2.28 2.92 3.24 3.96 4.86 4.90 5.52 5.80 11.85 12.64 12.71 15.59 17.07 18.74 19.81 20.53 22.52 28.23 35.92 38.72 40.10 42.62 54.68 71.95 79.78 124.93 195.99
1 61.72
28 0.12 0.67 0.68 2.28 2.92 3.24 3.96 4.90 5.52 5.80 11.85 12.64 12.71 18.74 19.81 20.53 22.52 28.23 35.92 38.72 40.10 40.70 42.62 54.68 71.95 79.78 124.93 195.99
6 16.89 71.95 78.29 79.78 88.08 124.93
8 18.74 20.53 38.72 40.70 71.95 78.29 88.08 124.93
35 0.41 0.45 0.48 0.74 2.05 2.08 4.37 5.02 5.04 6.00 6.79 7.44 9.30 13.55 15.00 17.60 18.21 18.50 19.30 20.53 22.11 23.49 30.60 30.81 35.92 38.72 40.70 54.85 55.64 58.18 71.95 78.29 88.08 187.98 195.99

5 37.08 53.24 69.28 78.25 85.04
5 9.65 14.38 24.94 69.28 112.43
2 17.23 44.91
10 5.16 11.57 17.23 37.08 44.91 53.24 78.25 79.45 80.83 85.04
1 78.25
9 5.16 11.57 17.23 37.08 44.91 53.24 78.25 79.45 85.04
12 5.16 8.19 9.65 11.57 14.38 24.94 33.03 43.32 53.24 69.28 85.04 112.43
3 19.28 20.38 23.14
4 17.23 44.91 79.45 80.83
10 23.31 31.97 43.32 53.24 76.68 78.25 79.45 80.83 85.04 116.55
13 5.16 8.23 11.57 17.23 17.30 37.08 44.91 53.24 76.68 78.25 79.45 80.83 85.04
8 1.04 23.31 31.97 76.68 78.25 80.83 85.04 116.55
2 20.38 23.14
6 1.04 23.31 31.97 76.68 78.25 80.83
5 8.19 43.32 53.24 85.04 116.55
5 23.31 76.68 78.25 85.04 116.55

10 0.24 8.73 17.81 29.19 41.39 91.97 196.09 203.81 243.98 254.44
22 0.24 4.46 8.73 16.29 17.81 27.75 29.19 33.82 41.39 45.26 59.02 87.18 91.97 93.85 119.27 133.60 154.87 196.09 203.81 243.98 254.44 288.88
14 5.80 14.30 17.81 19.37 41.39 47.89 59.80 93.85 175.05 194.80 209.51 243.98 254.44 288.88
3 87.18 154.87 203.81
15 5.80 16.29 17.81 19.37 33.82 41.39 47.89 93.85 119.27 175.05 194.80 196.09 209.51 254.44 288.88

11 0.57 1.09 1.18 4.34 5.64 5.95 7.82 7.92 13.18 14.07 28.28
18 0.13 0.19 1.18 1.24 1.46 2.43 2.80 3.17 3.28 3.80 7.92 8.01 8.55 14.07 18.92 26.75 28.28 49.82
8 0.62 0.78 1.03 1.83 4.74 8.55 26.75 49.82

18 1.78 2.20 13.91 14.62 26.59 33.09 36.45 65.27 71.54 80.88 110.22 191.96 220.07 328.84 421.70 546.19 617.18 645.19
21 0.08 0.30 0.44 0.54 4.76 13.91 14.62 16.05 16.34 28.05 36.45 36.69 63.66 80.88 98.22 110.22 220.07 328.84 421.70 546.19 645.19
4 2.49 16.05 46.13 421.70

3 122.86 168.64 254.80
17 0.14 0.82 1.00 2.16 4.36 4.61 11.21 11.79 14.65 20.68 27.36 59.53 61.99 86.39 97.77 104.68 367.64
8 1.47 3.23 24.03 74.28 86.46 95.74 144.94 168.64
1 27.36
5 86.46 99.59 122.86 168.64 254.80
4 86.46 99.59 168.64 254.80
6 2.88 2.89 4.36 19.92 35.33 95.74

2 217.18 732.66
1 732.66
1 124.95
11 34.75 37.50 49.00 54.92 66.74 142.82 165.98 261.35 363.56 548.94 732.66
13 34.75 37.50 49.00 54.92 66.74 83.28 117.39 142.82 165.98 261.35 363.56 548.94 732.66
21 1.43 34.75 37.50 43.01 49.00 54.59 54.92 66.74 83.28 85.88 113.68 115.95 117.39 142.82 165.98 191.22 261.35 363.56 453.72 548.94 732.66
2 363.56 732.66
23 0.18 0.88 1.43 9.98 17.32 34.75 37.50 43.01 54.59 61.89 66.74 83.28 85.88 113.68 115.95 117.39 142.82 165.98 191.22 261.35 363.56 453.72 548.94
5 0.32 7.75 217.18 363.56 732.66
3 217.18 363.56 732.66
1 191.22
9 0.18 0.32 5.35 7.75 54.92 217.18 363.56 548.94 732.66

2 144.40 495.18
3 99.60 144.40 917.28
1 382.52
5 144.40 404.42 495.18 755.60 917.28
1 404.42
5 208.90 262.91 495.18 755.60 917.28
4 119.19 382.52 404.42 755.60
5 119.19 208.90 382.52 755.60 917.28
3 119.19 382.52 755.60
1 382.52
4 404.42 495.18 755.60 917.28
2 99.60 917.28
2 404.42 495.18

12 1.84 12.86 19.09 35.81 42.70 47.62 116.19 141.14 218.09 424.67 444.80 463.73
3 141.14 218.09 463.73
3 42.70 47.62 424.67
6 1.59 7.50 138.75 141.14 160.50 444.80
6 9.08 10.25 71.34 100.51 218.09 463.73
9 1.59 1.84 12.86 19.09 35.81 49.50 116.19 141.14 444.80

5 7.21 94.15 184.22 229.77 363.69
4 44.26 111.97 174.00 363.69
7 0.47 3.22 12.63 35.74 87.07 213.17 288.44
2 87.07 213.17
17 3.22 7.21 15.61 28.65 35.74 39.46 60.77 74.40 85.06 87.07 94.15 123.05 131.53 174.00 184.22 213.17 363.69
14 0.10 2.20 5.53 10.25 10.64 12.63 14.30 20.56 22.15 35.74 162.43 200.13 229.77 288.44
4 60.77 123.05 131.53 174.00
22 0.47 3.22 7.21 12.63 14.30 15.61 28.65 35.74 39.46 74.40 85.06 86.40 87.07 94.15 131.53 174.00 184.22 200.13 213.17 229.77 288.44 363.69
19 0.10 0.47 3.22 7.21 12.63 14.30 20.56 22.15 35.74 39.46 74.40 87.07 94.15 184.22 200.13 213.17 229.77 288.44 363.69
38 0.02 0.19 0.21 0.27 0.27 0.38 0.70 0.83 1.33 2.07 2.43 2.64 3.30 3.46 3.79 3.86 4.80 4.81 5.27 6.00 6.13 6.18 9.40 10.61 22.97 27.49 34.07 36.19 39.09 40.35 44.26 82.17 111.97 126.49 162.43 174.00 184.22 363.69
20 0.47 3.22 7.21 12.63 14.30 15.61 28.65 35.74 39.46 74.40 85.06 86.40 87.07 94.15 131.53 174.00 184.22 213.17 288.44 363.69

4 0.38 35.62 105.70 153.16
6 0.49 1.64 2.87 40.73 125.34 188.15
32 0.02 0.06 0.07 0.25 0.36 0.55 1.01 1.24 1.46 1.46 1.82 2.51 4.00 4.25 4.93 6.06 6.81 6.99 8.68 9.04 9.09 10.87 11.72 19.55 20.87 42.99 50.81 52.56 105.70 153.16 163.90 188.15
1 105.70

2 524.08 777.46
2 70.42 110.72
1 497.60
2 524.08 777.46
1 777.46

20 0.88 0.91 8.46 13.40 14.16 25.30 25.39 30.34 33.37 54.66 61.72 62.73 63.06 70.59 78.01 87.24 93.70 104.73 177.95 316.02
1 50.86
1 316.02
14 8.46 13.40 25.39 30.34 54.66 61.72 62.73 63.06 70.59 78.01 87.24 104.73 177.95 316.02
2 6.61 8.73
37 0.27 0.35 0.83 1.15 1.45 1.46 2.22 2.26 2.50 2.52 5.01 10.36 10.62 11.78 11.82 12.36 13.40 16.34 16.84 18.44 21.62 25.39 27.87 28.19 37.50 59.59 62.73 66.25 78.01 83.62 92.53 104.73 125.05 129.69 161.21 177.95 245.17
4 36.98 101.05 102.71 254.96
12 13.40 14.16 25.39 30.34 54.66 61.72 62.73 63.06 70.59 87.24 177.95 316.02
3 54.66 70.59 316.02

2 181.08 201.50
4 4.57 5.44 181.08 201.50
1 201.50
1 201.50
4 4.57 5.44 36.40 181.08
1 201.50

5 11.00 56.91 119.51 158.26 188.83
11 0.65 1.05 2.65 5.76 11.77 49.35 56.91 78.20 110.55 158.26 188.83
5 2.29 8.51 78.20 119.51 158.26
4 0.82 5.22 8.51 158.26
5 0.82 2.29 8.51 78.20 158.26
6 2.65 49.35 56.91 110.55 158.26 188.83
6 0.87 11.00 56.91 119.51 158.26 188.83
3 2.29 8.51 78.20
2 78.20 119.51
3 78.20 119.51 158.26
3 0.61 49.35 188.83
1 188.83

7 0.62 15.88 30.84 192.87 309.36 389.61 2253.35
15 21.63 22.75 25.27 37.44 40.62 49.60 61.63 76.89 81.74 87.57 219.03 294.90 317.01 452.70 2253.35
12 22.75 25.27 37.44 40.62 49.60 61.63 76.89 87.57 219.03 294.90 317.01 2253.35
10 22.75 37.44 47.63 49.60 76.89 87.57 294.90 317.01 452.70 2253.35
17 21.63 25.27 37.44 39.62 40.62 49.60 53.28 57.55 61.63 76.89 81.74 83.28 192.87 219.03 229.85 317.01 2253.35
10 22.75 37.44 47.63 49.60 76.89 87.57 294.90 317.01 452.70 2253.35
11 21.63 39.62 40.62 53.28 57.55 81.74 83.28 192.87 229.85 309.36 2253.35
10 22.75 37.44 47.63 49.60 76.89 87.57 294.90 317.01 452.70 2253.35
12 0.62 0.75 15.88 20.30 30.84 56.08 192.87 294.90 309.36 334.27 389.61 2253.35
3 20.30 334.27 389.61
7 0.62 15.88 30.84 192.87 309.36 389.61 2253.35

3 107.06 168.71 201.68
20 0.01 0.13 0.56 3.21 4.16 5.52 8.87 12.99 24.42 48.54 73.74 107.06 118.27 132.02 154.03 179.80 187.20 237.55 248.63 336.12
44 0.03 0.05 0.17 0.23 0.35 0.53 0.82 0.85 2.69 4.14 5.29 5.52 5.73 5.98 6.69 7.90 9.48 9.53 12.50 13.33 13.95 14.33 16.58 17.89 21.66 26.64 27.26 34.18 35.32 35.92 43.66 47.45 48.21 50.94 53.52 67.01 78.25 107.06 168.71 187.20 193.73 201.68 206.19 248.63
26 0.01 0.13 0.56 3.21 4.16 5.52 8.87 12.99 24.42 34.18 48.54 73.74 107.06 118.27 132.02 154.03 168.71 179.80 187.20 193.73 201.68 206.19 237.55 248.63 332.59 336.12
25 0.01 0.13 0.56 3.21 4.16 5.52 8.87 9.48 12.99 24.42 34.18 48.54 73.74 107.06 118.27 132.02 154.03 168.71 179.80 187.20 201.68 206.19 237.55 248.63 336.12
1 332.59
4 48.54 73.74 118.27 154.03
22 0.82 0.85 2.69 3.83 5.52 5.98 13.95 17.89 24.42 26.64 35.32 35.92 43.66 53.52 67.01 78.25 123.35 187.20 193.73 201.68 206.19 248.63
17 0.01 0.13 0.56 3.21 4.16 5.52 8.87 12.99 24.42 73.74 107.06 132.02 168.71 187.20 206.19 248.63 336.12
22 0.82 0.85 2.69 4.16 5.98 13.95 16.58 17.89 24.42 35.32 35.92 43.66 47.45 50.94 53.52 67.01 168.71 187.20 193.73 201.68 206.19 248.63
6 5.29 5.73 12.50 21.66 47.45 201.68
4 0.35 4.14 9.48 168.71
4 67.01 123.35 193.73 332.59

9 21.77 24.09 30.91 34.43 38.46 42.42 59.22 70.43 116.52
4 21.77 24.09 30.91 59.22
1 59.22
4 1.51 24.09 59.22 116.52
8 21.77 24.09 30.91 38.46 42.42 59.22 70.43 116.52
1 34.83
1 34.83
9 1.03 1.51 3.15 10.49 34.43 34.83 54.74 59.22 116.52
6 34.43 38.46 42.42 54.74 70.43 116.52
2 42.42 70.43
7 34.43 34.83 38.46 42.42 54.74 70.43 116.52

3 241.12 431.83 700.44
3 109.88 241.12 431.83
5 109.88 182.62 241.12 431.83 700.44
5 109.88 182.62 241.12 431.83 700.44
4 109.88 241.12 431.83 700.44
2 182.62 431.83
5 102.06 109.88 182.62 431.83 700.44
5 0.55 102.06 182.62 431.83 700.44
2 431.83 700.44
3 241.12 431.83 700.44
5 109.88 182.62 241.12 431.83 700.44
1 700.44

2 95.36 177.77
2 110.95 146.52
18 6.12 9.75 15.41 19.78 20.24 37.90 48.99 51.04 56.26 59.70 66.55 79.89 84.59 95.45 96.62 146.52 276.72 843.99
14 0.16 0.18 0.33 0.50 0.94 1.84 3.32 6.05 19.78 42.89 66.55 73.60 79.89 86.77
1 843.99

18 0.10 0.11 0.14 0.73 0.95 0.95 1.79 2.70 3.48 3.57 3.93 4.10 4.17 4.35 21.84 181.53 210.96 213.41
3 112.73 181.53 191.47
19 0.10 0.11 0.14 0.59 0.95 0.95 1.79 2.70 3.48 3.57 4.10 4.35 21.84 49.06 65.32 70.63 76.69 181.53 191.47
6 0.68 2.59 3.87 4.05 27.40 213.41
4 3.93 20.93 210.96 213.41
9 0.68 2.59 3.87 4.05 8.94 27.40 112.73 181.53 213.41
1 76.69
5 8.94 27.40 112.73 181.53 213.41
6 0.68 2.59 3.87 4.05 27.40 213.41
1 210.96
7 0.24 8.94 20.91 49.06 112.73 181.53 191.47
4 5.09 20.91 76.69 191.47
8 0.24 20.91 49.06 70.63 76.69 112.73 181.53 191.47
3 20.93 210.96 213.41

1 155.48
7 0.42 23.26 54.34 78.87 92.03 107.97 155.48
1 92.03
2 44.00 166.89
3 8.00 44.00 166.89
6 0.74 23.26 54.34 92.03 155.48 166.89
14 0.19 0.52 1.87 2.09 7.53 17.44 17.71 44.00 54.34 83.92 92.03 107.97 155.48 166.89
7 0.42 23.26 54.34 78.87 92.03 107.97 155.48
13 0.19 1.87 2.09 7.53 17.44 17.71 44.00 54.34 83.92 92.03 107.97 155.48 166.89
6 0.74 8.00 23.26 44.00 155.48 166.89
4 54.34 92.03 107.97 155.48
2 54.34 92.03
8 0.42 0.71 54.34 78.87 83.92 92.03 107.97 155.48
4 17.71 54.34 83.92 107.97
3 54.34 92.03 107.97
5 0.74 23.26 44.00 155.48 166.89
6 0.52 1.87 7.53 17.44 17.71 83.92
5 0.74 23.26 92.03 155.48 166.89
1 166.89

1 1579.37
7 16.40 20.85 42.49 49.97 67.64 264.71 633.34
25 0.00 0.15 0.51 0.54 0.56 0.72 0.75 1.18 1.23 1.64 2.47 2.76 4.82 6.99 8.06 17.03 17.83 22.08 22.94 28.75 32.98 47.06 118.77 122.03 1579.37
7 16.40 20.85 42.49 49.97 67.64 264.71 633.34
2 633.34 1579.37
8 0.51 0.54 1.64 2.76 6.99 8.06 118.77 122.03
2 633.34 1579.37
3 17.03 22.94 1579.37
1 1579.37
9 0.00 0.75 2.47 17.03 22.94 47.06 118.77 122.03 1579.37
1 1579.37

6 8.40 43.71 44.62 77.27 90.28 171.14

56 0.00 0.13 0.14 0.61 1.87 2.20 2.35 2.48 2.61 4.02 9.23 9.65 12.41 12.47 13.36 20.25 23.10 30.44 38.82 39.60 40.61 41.49 45.86 46.29 56.84 64.14 79.40 81.18 81.83 87.43 89.03 89.34 90.81 99.72 101.44 104.48 112.58 123.37 135.84 146.11 164.45 171.40 183.66 184.48 188.54 188.99 247.42 269.29 284.58 319.97 328.15 382.35 426.79 465.66 476.92 659.98
58 0.00 0.13 0.56 0.61 0.66 0.84 1.05 1.87 1.96 2.20 2.25 2.35 2.48 2.55 3.52 4.02 9.65 10.24 12.47 13.00 13.36 18.80 20.25 22.18 24.75 28.79 30.44 35.92 39.60 39.83 41.49 45.86 48.70 49.90 55.40 56.71 56.84 71.01 79.40 81.83 89.03 90.81 99.72 112.58 135.84 146.11 151.52 153.91 183.66 184.48 188.54 188.99 212.64 247.42 269.29 361.87 465.66 659.98
64 0.00 0.13 0.14 0.61 0.84 1.05 1.87 2.20 2.35 2.48 2.55 4.02 8.44 9.23 9.65 10.24 12.47 13.00 13.36 20.25 23.10 28.79 30.44 38.82 39.60 39.83 41.49 45.86 46.29 48.70 52.13 56.71 56.84 64.14 71.01 79.40 81.18 81.83 89.03 89.34 90.81 99.72 101.44 112.58 135.84 146.11 151.52 153.91 164.45 171.40 183.66 184.48 188.54 188.99 247.42 269.29 284.58 328.15 347.12 382.35 426.79 465.66 476.92 659.98
70 0.00 0.13 0.14 0.56 0.61 0.66 0.84 1.05 1.87 1.96 2.20 2.35 2.48 2.50 2.55 3.52 4.02 9.23 9.65 10.24 12.47 13.00 13.36 18.80 20.25 22.18 23.10 28.79 30.44 35.92 39.60 39.83 41.49 45.86 46.29 48.70 49.90 55.40 56.71 56.84 64.14 71.01 79.40 81.83 87.43 89.03 89.34 90.81 99.72 101.44 104.48 112.58 135.84 146.11 151.52 153.91 183.66 184.48 188.54 188.99 212.64 247.42 269.29 319.97 328.15 361.87 382.35 426.79 465.66 659.98
33 0.13 0.56 0.66 1.96 2.20 2.25 2.50 3.52 4.24 10.65 13.36 18.80 20.25 22.18 24.75 30.78 35.92 39.60 41.49 45.86 49.90 55.40 87.43 89.03 104.48 112.58 153.91 184.48 188.54 188.99 212.64 361.87 465.66
60 0.00 0.13 0.14 0.61 1.87 2.20 2.35 2.48 2.50 2.61 4.02 4.24 6.40 9.65 10.05 10.65 12.41 12.47 13.36 14.23 16.90 18.71 20.25 23.10 30.44 30.78 37.85 39.60 40.61 41.49 45.86 46.29 48.53 55.40 56.84 64.14 79.40 81.18 81.83 87.43 89.03 89.34 90.81 99.72 101.44 104.48 112.58 123.37 135.84 171.40 183.66 184.48 188.54 188.99 247.42 269.29 319.97 382.35 465.66 659.98
7 0.66 1.96 18.80 45.86 55.40 212.64 465.66
35 0.00 0.61 0.84 1.05 1.87 2.35 2.48 2.55 4.02 8.44 9.23 10.24 13.00 28.79 39.83 48.70 56.71 56.84 71.01 79.40 81.83 89.03 90.81 99.72 112.58 146.11 151.52 153.91 164.45 184.48 247.42 269.29 328.15 347.12 426.79
40 0.00 0.13 0.14 0.61 0.84 1.87 2.20 2.35 2.48 4.02 9.65 12.47 13.36 20.25 30.44 39.60 41.49 45.86 49.90 55.40 56.84 79.40 81.83 89.03 89.34 90.81 99.72 101.44 112.58 135.84 153.91 183.66 184.48 188.54 188.99 247.42 269.29 361.87 465.66 659.98
6 8.44 39.83 146.11 151.52 347.12 426.79
22 1.87 9.23 12.41 23.10 38.82 46.29 52.13 64.14 81.18 89.34 99.72 146.11 164.45 171.40 183.66 247.42 269.29 284.58 328.15 426.79 476.92 659.98
5 39.83 146.11 164.45 347.12 426.79
18 1.87 9.23 38.82 39.83 46.29 52.13 81.18 99.72 146.11 164.45 247.42 269.29 284.58 328.15 347.12 426.79 476.92 659.98
16 8.44 9.23 10.24 39.83 48.70 71.01 79.40 81.83 146.11 151.52 164.45 247.42 269.29 328.15 347.12 426.79
50 0.00 0.13 0.61 0.84 1.05 1.87 2.20 2.35 2.48 2.55 3.52 4.02 9.65 10.24 12.47 13.00 13.36 20.25 22.18 28.79 30.44 35.92 39.60 39.83 41.49 45.86 48.70 49.90 55.40 56.71 56.84 71.01 79.40 81.83 89.03 90.81 99.72 112.58 146.11 151.52 153.91 183.66 184.48 188.54 188.99 247.42 269.29 361.87 465.66 659.98
45 0.00 0.14 0.61 1.87 2.20 2.35 2.48 2.61 4.02 9.65 12.41 12.47 13.36 20.25 23.10 30.44 38.82 39.60 40.61 41.49 46.29 56.84 64.14 81.18 81.83 89.03 89.34 99.72 101.44 104.48 112.58 123.37 135.84 171.40 183.66 188.54 247.42 269.29 284.58 319.97 328.15 382.35 465.66 476.92 659.98

17 0.06 1.67 1.69 4.61 5.82 6.75 16.58 17.71 18.87 19.67 21.17 22.75 24.03 24.76 39.57 52.88 53.31
4 13.74 25.73 38.50 51.88
11 14.15 19.67 22.75 24.76 39.57 44.33 52.88 53.31 75.82 82.63 95.11
18 0.00 0.33 0.37 0.60 1.23 1.79 1.79 2.85 4.51 6.38 7.85 8.14 8.83 20.29 25.73 38.50 51.88 55.79
17 0.18 0.23 0.28 0.63 1.45 1.67 1.97 2.07 2.40 3.50 5.21 9.20 11.32 16.58 25.59 26.55 28.59
9 14.15 19.67 22.75 44.33 52.88 53.31 75.82 82.63 95.11
21 0.00 1.11 1.23 3.76 4.51 5.18 5.42 6.29 6.38 7.85 8.14 11.71 14.15 20.29 38.50 44.33 51.88 52.88 55.79 82.63 95.11
25 0.18 0.23 0.26 0.28 0.63 0.73 2.07 2.40 3.50 5.21 6.75 9.20 11.32 16.58 17.71 18.87 19.67 22.75 24.03 24.76 25.59 26.55 28.59 53.31 75.82
4 14.15 44.33 82.63 95.11
17 0.06 0.19 0.23 1.67 1.69 3.76 4.61 5.42 5.82 17.71 21.17 22.75 24.76 39.57 52.88 53.31 82.63
18 0.00 0.33 0.37 0.60 1.23 1.79 1.79 2.85 4.51 6.38 7.85 8.14 8.83 20.29 25.73 38.50 51.88 55.79
6 1.11 14.15 44.33 52.88 82.63 95.11
22 0.00 0.19 0.23 1.11 3.76 4.61 5.42 6.38 8.14 11.71 12.00 13.74 21.17 38.50 39.57 44.33 51.88 52.88 53.31 55.79 82.63 95.11
4 3.50 9.20 25.59 26.55
2 14.15 95.11

8 29.68 29.99 30.20 51.99 211.06 298.81 494.86 792.42
6 19.94 30.20 51.99 211.06 298.81 792.42
5 18.86 51.43 516.30 610.20 754.27
9 4.55 44.11 121.04 179.93 494.86 516.30 610.20 754.27 792.42
1 792.42
9 19.94 30.20 51.99 211.06 298.81 301.14 455.32 494.86 792.42
16 4.55 6.13 19.09 28.42 44.11 58.50 76.80 84.28 121.04 139.83 179.93 455.32 494.86 516.30 754.27 792.42
4 6.13 455.32 494.86 792.42
5 18.86 51.43 516.30 610.20 754.27

1 84.51
15 5.30 7.50 8.71 8.98 9.44 12.52 33.76 37.38 55.11 61.20 168.33 351.49 464.82 555.45 1099.88
10 1.64 8.71 16.95 18.39 84.51 129.01 139.39 166.36 248.35 248.87
2 84.51 137.53
13 1.64 8.71 16.95 18.39 40.28 84.51 129.01 137.53 139.39 166.36 248.35 248.87 351.49
8 8.71 18.39 40.28 129.01 248.35 351.49 555.45 1099.88
1 555.45
17 0.14 1.64 2.16 8.71 16.95 18.39 40.28 84.51 129.01 137.53 139.39 166.36 248.35 248.87 351.49 555.45 1099.88
25 0.14 0.82 1.64 2.16 8.71 16.95 18.39 33.76 34.18 40.28 54.22 55.11 84.51 122.70 129.01 137.53 139.39 166.36 168.33 248.35 248.87 351.49 464.82 555.45 1099.88
3 55.11 464.82 1099.88
15 5.30 7.50 8.71 8.98 9.44 12.52 33.76 37.38 55.11 61.20 168.33 351.49 464.82 555.45 1099.88
6 2.14 9.44 12.52 129.01 351.49 555.45
10 8.71 18.39 33.76 40.28 129.01 248.35 351.49 464.82 555.45 1099.88
2 555.45 1099.88
7 5.30 33.76 55.11 61.20 168.33 464.82 555.45
15 0.14 0.82 2.16 8.71 16.95 18.39 34.18 40.28 54.22 122.70 139.39 166.36 248.35 248.87 1099.88

2 200.00 400.00
2 200.00 400.00
2 200.00 400.00
1 400.00
1 400.00
1 400.00
1 400.00
2 200.00 400.00
2 200.00 400.00
2 200.00 400.00
2 200.00 400.00
2 200.00 400.00

1 1664.00

5 30.67 40.97 46.50 115.70 523.71
9 13.24 13.99 18.12 37.21 53.07 58.28 86.07 198.40 523.71
4 18.77 25.14 30.67 115.70
5 18.12 86.07 182.00 198.40 523.71
3 25.14 115.70 523.71
2 115.70 523.71
2 40.97 46.50

13 0.04 2.45 5.75 5.83 20.50 22.65 24.97 30.22 46.83 52.79 67.41 112.41 181.46
36 0.00 0.02 0.14 0.20 0.21 0.47 1.05 1.07 1.31 1.36 1.40 1.77 2.78 3.46 4.53 5.93 7.67 7.74 8.82 10.57 11.64 13.67 14.36 14.38 15.68 15.86 19.13 21.06 28.93 31.71 34.88 63.29 67.70 108.30 213.57 311.33
17 0.02 0.14 0.20 1.07 1.77 2.78 7.74 13.67 15.68 19.13 23.00 34.88 37.33 67.70 79.24 102.31 311.33
21 0.02 0.14 0.20 0.36 1.07 1.77 2.78 2.99 4.78 7.74 13.67 15.68 19.13 23.00 34.88 37.33 67.70 79.24 102.31 213.57 311.33

7 0.10 22.15 166.72 181.89 185.79 277.17 1034.26
7 10.73 47.83 185.79 285.62 520.87 1034.26 2088.48
5 14.79 150.43 692.92 1034.26 2088.48
9 1.44 10.54 14.79 22.15 150.43 166.72 692.92 1034.26 2088.48
7 10.73 47.83 185.79 285.62 520.87 1034.26 2088.48
1 520.87
7 0.10 22.15 166.72 181.89 185.79 277.17 1034.26
5 4.28 285.62 520.87 692.92 2088.48
1 520.87
2 285.62 520.87
1 520.87
1 1034.26

16 0.49 1.49 1.95 3.54 5.94 6.49 6.93 13.44 15.47 20.29 33.49 34.29 47.72 71.35 91.66 189.54
14 1.49 3.54 3.96 6.49 6.93 9.08 13.44 15.47 20.29 33.49 71.35 91.66 95.52 189.54
3 5.38 56.71 82.79
28 0.01 0.03 0.17 0.18 0.24 0.50 0.50 0.69 0.76 1.25 2.18 2.45 2.47 3.92 4.45 5.38 9.08 9.84 14.72 15.55 15.57 17.51 31.31 33.49 56.71 71.35 82.79 95.52
15 0.76 1.49 3.54 6.49 6.93 11.93 13.44 16.81 17.64 20.29 27.18 33.49 42.52 91.66 189.54
6 3.22 3.64 6.92 8.96 11.98 15.55
38 0.00 0.01 0.03 0.03 0.09 0.12 0.17 0.24 0.44 0.50 0.50 0.57 0.69 0.76 1.25 1.94 2.18 2.37 2.45 3.22 3.62 3.64 4.45 4.88 5.73 6.92 8.96 9.08 11.93 11.98 15.55 28.71 31.31 33.49 42.52 82.79 95.52 189.54
9 2.47 3.92 5.38 9.84 14.72 15.57 17.51 56.71 82.79
2 27.18 189.54
7 0.76 11.93 16.81 17.64 28.71 42.52 189.54
8 2.47 3.92 5.38 9.84 14.72 15.57 17.51 56.71
23 0.00 0.01 0.03 0.03 0.12 0.24 0.50 0.50 0.57 0.69 0.76 2.18 2.45 4.45 4.88 5.73 9.08 11.93 11.98 15.55 28.71 33.49 189.54
4 5.94 7.76 34.29 47.72
8 0.00 0.50 2.45 5.73 11.93 28.71 33.49 189.54
25 0.00 0.03 0.09 0.12 0.44 0.50 0.50 0.57 0.76 1.94 2.37 2.45 3.22 3.62 3.64 4.88 5.73 8.96 11.93 11.98 15.55 28.71 33.49 42.52 189.54
15 1.49 3.54 3.96 5.73 6.93 9.08 11.93 13.44 15.47 20.29 33.49 71.35 91.66 95.52 189.54
12 1.49 3.54 3.96 9.08 13.44 15.47 20.29 33.49 71.35 91.66 95.52 189.54

1 305.32
9 6.98 7.32 30.06 40.44 49.84 58.48 86.04 94.46 308.30
2 305.32 308.30
19 1.69 11.09 14.82 26.11 38.72 39.38 45.62 53.54 58.01 58.90 71.82 75.50 111.12 175.92 180.04 181.73 305.32 308.30 317.93
20 0.36 1.85 6.33 11.09 16.90 26.11 32.09 38.72 45.62 53.54 58.01 58.90 71.82 86.04 111.12 175.92 180.04 305.32 308.30 317.93
12 1.69 14.82 26.71 35.30 39.38 40.44 52.43 71.18 75.50 305.32 308.30 317.93
15 6.98 7.32 30.06 40.44 47.85 49.84 52.43 58.48 58.90 71.18 86.04 94.46 140.72 305.32 308.30
12 0.36 1.85 2.15 6.33 7.05 10.07 16.90 30.06 47.85 58.90 86.04 180.04
31 1.69 5.61 7.32 9.63 10.78 11.09 11.35 14.82 26.71 27.01 28.31 35.30 39.38 40.44 49.84 52.43 55.85 58.01 58.48 58.90 71.18 71.82 75.50 94.46 111.12 140.72 175.92 305.32 308.30 317.93 435.08
1 435.08
14 6.98 7.32 9.63 28.31 30.06 40.44 49.84 52.43 58.48 71.18 86.04 94.46 140.72 308.30
21 0.36 1.85 6.33 11.09 16.90 26.11 32.09 38.72 45.62 47.85 53.54 58.01 58.90 71.82 86.04 111.12 175.92 180.04 305.32 308.30 317.93

