9 15 66 79
0 49 24 79
0 38 11 79
45 79 66 10
48 79 60 0
19 79 8 0
0 3 40 0
66 67 0 39
14 0 51 79
33 0 35 79
43 56 19
24 47 7
3 16 30
57 0 12
1 70 14
2 12 19
41 26 28
39 35 29
23 11 27
64 68 14
28 43 4
60 53 23
2 45 4
18 45 29
17 58 9
14 6 30 75
2 75 18 0
30 27 0 56
30 47 16 0
30 7 16 75
30 2 0 74
30 7 29 75
30 0 14 75
23 0 0 27
5 0 30 55
0 42 18 0
13 0 11 75
28 75 0 46
17 75 0 37
0 51 30 38
21 66 8
3 20 1
27 35 5
26 70 9
21 68 13
8 31 2
14 4 55 26
55 13 33 0
55 13 0 24
0 24 36 0
55 5 47 26
49 26 0 3
18 26 0 25
55 4 30 26
13 26 38 0
5 26 17 0
25 0 41 26
55 2 0 17
1 26 0 6
55 22 24 26
39 26 55 2
23 7 1
54 14 12
29 20 4
20 10 1
3 8 32 24
0 0 14 24
21 24 32 13
7 24 0 2
19 7 1
8 10 5
14 24 3
4 19 3
1 17 12
26 13 10
16 23 3
25 0 1
13 6 15 94
0 89 7 0
8 0 0 28
15 69 10 94
0 4 15 15
3 0 15 39
11 0 15 10
11 0 9 94
6 94 0 73
9 0 0 27
0 59 13 94
0 23 15 77
15 72 0 94
11 94 0 5
1 76 5
7 58 1
0 72 7
13 92 1
3 88 1
4 24 5
17 18 59 73
0 64 27 73
0 41 12 0
0 54 46 0
41 73 31 0
0 11 17 0
0 32 13 0
54 0 59 7
59 20 0 35
31 0 13 73
59 32 0 11
59 44 0 45
0 27 28 73
54 0 59 35
0 4 59 20
33 0 59 62
29 0 59 30
4 0 59 49
0 36 1
22 72 25
51 49 27
51 72 26
21 22 27
41 67 20
46 59 1
53 33 3
23 7 1
39 30 27
40 9 10
17 14 27
59 23 18
29 28 25
46 13 3
42 71 30
32 46 14
29 39 6
17 13 23 26
16 26 11 0
8 0 0 4
23 12 0 17
23 26 17 0
0 20 23 8
23 24 14 0
10 0 23 12
23 4 0 24
1 26 18 0
14 26 0 3
0 8 23 19
14 0 23 20
23 20 0 0
3 26 0 10
0 21 18 26
23 20 9 26
21 0 23 5
8 26 12
23 10 8
6 11 2
19 6 9
16 4 5
9 1 10
23 26 11
13 22 6
5 11 5
14 11 12
15 1 3
18 11 9
12 22 4
15 20 71 75
13 0 0 68
71 34 46 0
61 0 9 75
5 0 0 68
71 15 69 75
0 42 71 58
0 14 18 0
71 4 0 12
16 0 50 75
71 66 0 72
48 75 71 72
0 32 71 22
67 75 0 21
71 48 0 19
16 0 15 75
18 44 32
17 47 22
62 23 13
26 28 20
25 25 21
46 49 21
45 75 26
56 59 24
8 70 12
68 41 23
44 19 3
61 27 20
11 73 16
40 32 15
38 50 21
49 35 14
6 36 23
66 40 34
65 68 32
26 59 21
10 5 13 55
7 55 13 13
0 47 6 55
13 22 0 30
12 0 2 55
13 4 0 55
13 45 5 55
13 43 0 3
1 0 13 46
3 0 0 6
11 0 11 55
0 28 5
0 46 1
6 19 3
0 52 3
12 9 3
18 1 28 24
1 24 0 14
3 24 26 0
0 18 28 22
5 24 28 11
28 24 13 0
0 9 22 0
24 0 4 24
28 2 0 15
3 0 28 24
2 24 0 1
4 0 0 17
6 24 0 17
3 0 0 4
28 19 4 0
15 24 0 7
28 23 0 21
7 24 2 0
0 7 3 0
10 15 11
16 3 55 62
0 61 51 0
0 24 6 0
21 0 55 5
7 0 55 58
8 62 40 0
55 48 12 62
0 53 55 16
55 44 0 2
55 44 43 62
0 48 55 20
0 7 55 29
38 0 55 62
30 0 0 1
0 40 55 39
6 0 55 58
1 62 55 5
10 29 8
47 11 26
47 42 8
16 13 34 85
8 85 15 0
34 56 0 38
34 7 14 85
0 57 34 79
7 85 34 69
0 21 33 0
34 50 7 85
34 56 22 0
12 85 34 49
12 0 34 15
0 35 13 0
33 0 0 14
10 0 0 44
4 0 0 23
0 58 5 0
13 0 34 78
30 21 15
30 80 15
22 77 18
26 74 2
27 66 17
28 47 10
6 73 7
14 20 14
8 36 14
5 81 15
6 2 4
31 71 3
11 49 8
14 12 75 11
0 7 35 11
39 0 75 1
9 11 48 0
43 11 0 9
38 0 0 2
75 10 0 6
49 11 25 0
0 6 69 0
6 0 0 9
59 11 75 0
75 10 0 8
75 9 10 0
42 11 0 10
18 11 75 1
47 9 3
38 8 5
24 0 4
47 8 1
32 7 6
15 3 5
63 4 2
50 3 5
4 6 5
71 2 3
43 0 3
24 10 2
6 20 57 63
0 35 44 0
46 63 2 0
57 5 19 63
6 0 57 38
0 50 55 0
56 63 26 0
2 0 13
30 43 28
46 63 21
3 44 27
26 24 16
28 32 13
4 48 16
35 35 15
32 12 12
48 29 13
48 1 7
57 3 8
39 16 24
29 18 10
30 50 12
34 52 1
7 20 3
25 46 1
33 1 8
50 26 10
4 3 59 34
42 34 59 4
55 34 59 14
21 0 0 24
59 32 11 34
55 7 12
39 8 11
1 20 15
12 3 32 61
13 0 2 61
0 38 32 28
19 0 0 26
0 24 18 61
27 61 6 0
3 61 0 18
1 0 22 61
0 48 19 61
32 25 7 61
11 61 8 0
0 25 18 0
13 61 0 29
30 4 3
20 30 10
29 43 9
6 9 93 26
53 26 93 5
93 19 3 26
39 0 0 2
93 11 65 26
12 26 0 6
93 9 63 0
17 10 10
77 10 10
24 1 4
66 18 7
86 20 8
4 0 11
58 12 1
36 2 4
23 10 3
5 12 38 75
30 0 38 6
38 39 19 0
38 73 0 73
23 0 0 3
0 42 16 75
26 62 20
27 7 14
26 56 16
25 16 11
2 72 5
33 23 5
23 61 8
17 52 17
28 32 20
35 2 10
8 22 2
1 11 5
9 10 67 36
0 18 18 0
0 16 9 0
0 21 67 27
27 0 0 7
35 36 17 0
32 0 30 36
48 36 0 0
32 0 21 36
0 21 67 20
60 14 6
15 36 9
67 11 5
15 4 9
18 30 18
29 31 5
17 28 1
8 22 4
18 26 19
20 22 19
7 19 37 90
37 58 32 0
34 0 31 90
20 0 0 74
0 61 7 0
33 0 37 28
20 0 0 11
15 0 0 46
22 64 18
29 17 3
24 54 2
22 66 7
36 84 3
2 89 8
16 81 4
2 38 14
19 3 10
12 3 15
10 22 16
3 26 15
6 22 1
27 12 4
19 47 3
17 69 12
18 45 5
26 61 14
37 50 16
11 20 67 14
40 0 0 13
52 14 28 0
67 14 0 0
27 0 67 13
54 0 67 3
0 3 67 10
67 4 0 13
0 13 21 0
30 0 23 14
0 10 1 14
67 8 17 0
21 9 4
0 6 1
63 10 2
60 8 5
36 3 5
57 3 4
5 6 7
38 14 7
35 5 5
36 10 3
13 13 1
63 14 2
3 10 8
7 13 3
15 3 6
42 10 3
22 12 4
18 8 5
65 7 5
66 0 2
17 6 76 54
76 52 65 54
50 0 74 54
5 54 76 47
14 0 33 54
0 41 76 6
33 0 0 10
62 0 0 46
76 45 5 0
76 5 63 0
25 54 46 0
76 49 0 21
0 22 36 0
0 34 76 31
44 54 76 27
3 0 0 5
0 22 76 6
18 54 76 24
29 1 23
43 24 18
39 53 26
74 12 5
27 49 19
67 37 12
8 5 83 47
83 26 23 0
36 0 0 33
83 39 37 0
0 1 83 22
65 0 83 38
33 47 0 45
83 32 24 47
0 40 83 13
1 17 16
74 41 4
36 21 17
42 20 13
72 38 8
1 11 100 27
14 27 12 0
20 8 3
27 1 3
60 17 7
30 27 13
81 26 6
0 0 5
16 13 10
13 18 13
44 10 5
22 7 9
76 5 2
15 3 67 54
36 0 0 15
67 44 0 54
0 10 67 40
0 44 67 14
25 0 67 45
0 48 13 0
0 53 26 54
19 0 39 54
64 54 67 47
3 0 67 44
11 0 67 1
0 3 56 0
67 26 54 0
26 54 0 46
30 54 20 0
22 8 11
19 38 20
42 18 21
17 13 29 33
29 17 0 0
0 9 20 33
29 14 0 33
0 32 8 0
0 23 20 0
6 0 0 13
5 0 7 33
29 18 25 33
26 0 29 31
0 6 29 5
29 0 26 33
0 11 17 0
0 17 13 33
13 0 29 28
26 0 0 8
0 27 21 0
8 0 29 5
28 22 7
29 12 1
15 18 2
23 15 4
5 7 1
7 20 15
19 14 9
14 13 1
1 4 5
28 4 7
12 24 10
22 10 10
0 27 5
12 13 42 58
42 48 8 0
0 53 15 58
0 0 42 28
42 24 0 16
32 0 0 36
0 10 17 0
15 0 39 58
30 58 0 8
0 54 40 0
42 20 0 46
0 0 21 58
0 13 13 58
28 30 10
28 9 7
22 19 18
7 12 13
34 35 20
24 20 11
8 27 20
18 7 8
8 4 10
22 25 15
32 30 5
22 21 19
22 43 8
14 9 60 61
56 61 13 0
60 61 52 0
60 19 50 0
5 0 60 60
0 0 21 61
60 45 42 0
60 34 0 30
52 0 0 13
39 0 15 61
32 61 60 18
11 0 28 61
60 0 27 61
5 61 0 51
60 40 6 0
37 14 8
12 25 7
14 51 24
40 25 13
21 11 7
26 50 16
26 25 23
21 20 30
3 20 1
10 11 21 62
18 0 21 62
4 62 11 0
10 62 0 25
21 24 8 0
18 62 0 14
18 62 16 0
21 44 0 58
0 16 21 62
4 0 0 27
11 62 13 0
7 29 3
21 28 2
16 52 2
17 25 8
9 34 11
11 33 6
7 44 3
1 24 10
15 20 7
15 32 3
19 41 6
13 11 82 59
65 59 29 0
12 0 65 59
0 19 82 28
82 51 0 58
43 59 82 51
0 33 12 59
37 59 0 18
0 38 82 50
0 20 82 11
82 29 0 23
82 56 68 59
82 41 1 59
82 50 14 59
56 4 29
61 38 20
70 48 30
58 2 23
29 38 13
53 16 19
64 8 1
48 44 5
47 38 1
31 31 29
7 46 9
4 13 45 64
45 5 29 0
0 11 45 0
45 18 32 64
0 43 45 30
11 33 8
32 47 22
43 51 19
43 62 22
11 30 17
43 44 17
15 11 19
3 9 2
11 7 12
6 59 7
18 17 6
8 22 10
12 11 12
9 10 34 34
0 28 34 33
29 0 22 34
34 31 10 0
34 0 0 14
26 34 29 0
14 0 16 34
26 34 7 0
26 0 25 34
34 2 0 30
7 32 18
23 8 17
30 20 3
6 16 18
27 31 7
28 27 16
13 6 1
31 26 2
16 19 10
29 23 17
7 7 21 16
0 12 4 0
21 1 11 16
16 0 0 4
10 16 21 11
17 16 6 0
19 16 11 0
5 16 21 0
16 2 8
21 13 4
1 16 4
20 12 5
2 8 4
9 7 6
5 9 9
9 17 50 37
0 1 19 0
35 37 40 0
19 37 23 0
50 32 36 0
0 18 18 37
16 37 0 32
50 3 0 26
0 1 50 2
50 3 34 0
7 30 12
48 18 2
4 9 6
13 17 6
12 5 16
38 22 5
10 5 13
3 15 10
7 5 14
36 18 8
15 33 3
31 26 18
17 0 8
36 20 15
42 11 11
36 36 5
36 31 13
13 14 62 71
0 36 41 71
0 53 48 0
0 1 14 0
30 0 0 62
0 68 31 71
50 0 5 71
0 0 62 42
0 34 52 71
0 43 62 2
48 0 62 39
38 71 0 70
26 71 16 0
10 71 46 0
51 22 17
24 31 8
0 22 32
19 31 22
25 3 9
19 25 31
7 38 17
35 66 18
3 68 1
58 56 22
38 22 24
39 17 26
49 9 24
47 65 15
18 4 54 64
25 64 52 0
2 64 54 19
54 14 48 64
24 64 33 0
54 59 50 0
16 0 17 64
29 0 34 64
47 64 45 0
54 39 13 64
0 0 54 13
54 10 1 0
0 64 54 11
0 33 28 0
39 0 34 64
24 0 0 43
0 29 35 64
0 9 34 64
54 32 0 15
7 20 13
5 33 6
12 22 16
27 20 3
15 5 77 76
0 57 64 76
9 0 0 46
77 12 64 76
77 64 9 0
60 0 77 34
33 0 0 62
77 62 46 76
77 71 0 13
66 0 0 27
77 50 0 72
73 76 68 0
6 0 77 8
0 25 39 0
68 76 77 36
77 57 0 24
64 10 32
35 3 7
76 14 18
50 10 19
65 12 29
15 5 65 71
65 47 36 71
0 20 28 0
39 0 0 40
0 45 65 54
0 1 5 0
40 71 0 11
65 63 0 33
56 0 65 66
65 71 0 20
41 0 28 71
0 32 65 30
27 71 65 52
65 1 1 71
10 71 34 0
65 17 0 65
59 4 30
30 5 17
47 69 3
23 48 13
64 41 30
17 10 41 68
38 0 0 19
33 0 0 62
21 0 0 50
35 68 41 8
41 12 0 15
41 35 0 25
21 68 41 17
33 0 35 68
41 0 1 68
32 0 12 68
0 30 34 68
9 0 0 24
0 16 41 5
18 0 41 9
41 25 0 63
32 0 0 30
27 68 26 0
37 58 18
16 49 11
30 56 21
35 44 9
30 22 13
17 29 16
12 50 11
32 30 12
32 1 19
17 17 11
18 3 87 51
0 19 38 51
73 0 0 1
48 0 87 48
0 18 9 51
45 0 87 8
0 40 28 0
87 21 34 0
87 16 52 0
87 49 33 51
0 0 28 51
15 51 38 0
52 51 0 26
87 37 44 51
27 51 59 0
28 0 0 51
34 0 0 34
0 19 87 49
65 51 83 0
47 19 20
22 2 11
54 4 14
20 18 57 63
57 5 30 63
57 30 0 12
46 63 14 0
6 0 0 33
34 63 0 14
0 10 10 0
57 46 26 0
48 0 56 63
39 63 57 19
26 0 0 5
0 55 57 59
46 0 47 63
47 63 23 0
0 43 57 33
0 58 57 20
57 61 0 37
57 43 0 13
57 3 46 0
57 14 29 63
0 14 10 63
5 29 29
12 27 8
19 18 7
10 55 4
29 47 5
45 32 18
23 54 19
42 56 19
43 30 27
8 59 7
16 2 16
46 41 20
39 52 17
15 48 13
40 29 6
40 62 27
10 53 10
14 25 13
2 19 10 93
0 39 5 93
0 32 10 26
1 68 6
1 77 4
7 39 2
0 46 2
9 68 6
7 87 6
9 60 4
7 86 3
2 50 4
3 6 6
6 30 1
4 11 1
8 32 2
2 83 3
6 90 5
6 8 2
6 11 2
8 21 5
9 81 3
7 13 73 92
0 69 62 0
26 0 0 77
68 92 33 0
73 63 33 0
65 0 0 4
49 0 73 12
51 0 0 42
23 49 19
54 8 18
72 11 25
27 12 16
13 75 13
56 71 2
35 74 28
57 22 28
61 26 22
15 39 18
16 61 1
7 12 33
66 0 35
16 1 77 69
0 2 48 0
68 69 38 0
59 69 77 4
0 34 69 0
18 69 77 19
22 0 0 66
33 69 0 43
56 69 0 45
60 0 0 50
30 69 41 0
35 0 77 69
22 0 0 16
24 0 70 69
0 23 69 69
77 51 69 0
36 69 0 30
72 31 27
20 5 25 38
7 38 0 14
20 0 10 38
25 5 0 30
17 38 8 0
1 0 6 38
23 0 25 7
0 13 8 38
0 28 22 0
18 0 4 38
25 37 10 0
22 38 25 20
0 8 2 38
25 0 0 37
0 22 21 0
25 27 0 21
0 20 25 17
12 38 0 10
25 24 17 38
0 17 1 0
22 38 0 6
25 0 10
21 32 9
17 24 2
1 26 4
11 9 2
20 13 69 21
0 18 16 21
45 21 33 0
0 8 37 21
69 4 34 21
33 21 0 10
49 21 69 15
32 21 0 3
0 12 21 0
0 20 69 7
41 0 66 21
20 0 25 21
0 0 37 21
32 0 69 17
14 21 56 0
69 2 0 15
69 0 0 21
69 12 0 2
69 3 20 0
26 0 69 2
0 4 1 0
27 7 8
3 0 10
31 12 6
38 15 1
36 16 3
61 1 1
52 18 6
37 5 10
69 11 1
9 2 2
17 21 5
38 5 5
0 17 1
11 6 26 36
19 0 0 2
26 36 0 15
19 0 0 35
26 22 0 9
5 36 6 0
26 10 13 0
12 36 26 12
14 36 24 0
26 4 0 25
0 3 6 36
0 11 25 36
7 7 14
5 13 5
8 22 6
11 4 3
16 9 8
24 20 6
8 16 48 16
48 13 37 0
35 16 0 9
46 16 0 3
48 10 30 16
14 16 48 15
33 0 0 2
13 0 48 15
16 0 48 16
33 13 4
43 13 4
0 2 4
24 7 1
9 5 4
15 12 9
8 16 7
19 4 8
10 13 7
29 8 2
24 1 1
38 0 1
15 12 8
43 7 5
21 3 1
16 1 4
19 7 53 43
0 39 53 33
35 0 11 43
20 0 0 14
53 19 19 43
5 0 0 8
53 16 46 0
53 1 10 0
44 43 0 19
0 22 7 0
11 43 0 36
0 14 28 43
52 0 16 43
0 32 53 0
53 5 0 3
53 11 44 43
45 0 53 18
0 25 26 0
18 43 53 27
0 42 53 9
27 29 9
21 31 18
20 38 12
47 7 13
50 42 19
46 24 4
5 6 1
16 18 27 67
27 35 19 67
27 64 0 31
3 67 0 31
27 16 0 44
27 11 0 12
27 22 0 17
27 44 11 67
27 39 5 67
27 48 1 0
4 0 27 4
27 3 26 67
27 24 9 0
0 67 27 60
27 41 0 1
4 67 0 24
14 0 0 11
1 49 4
2 25 8
21 52 12
5 6 8
5 36 8
5 9 8
26 6 1
26 45 14
27 5 1
7 20 10
21 28 2
21 45 2
17 66 4
3 41 3
2 50 4
17 35 2
0 12 1
1 21 8
20 17 81 70
20 0 48 70
81 14 58 70
0 18 71 0
81 17 0 10
33 0 0 56
49 0 81 43
81 63 50 70
50 70 0 3
69 70 81 3
43 70 0 51
81 34 0 18
38 70 33 0
0 58 22 70
51 0 0 18
81 0 0 52
10 0 74 70
44 0 58 70
45 70 0 36
81 57 36 0
13 70 53 0
74 64 4
75 61 27
75 69 28
22 7 23
42 33 31
41 49 17
3 17 8
16 62 5
12 18 29
81 44 18
44 67 11
36 62 5
23 21 7
5 32 18
28 17 24
14 34 26
63 39 16
20 13 30 54
30 15 7 54
0 31 12 54
19 54 1 0
30 42 7 0
14 54 30 50
30 18 26 0
0 42 30 46
0 28 30 19
30 43 0 54
15 0 30 35
30 3 5 0
0 10 26 0
0 46 14 54
0 19 30 27
30 9 0 39
30 41 0 45
0 18 5 0
12 0 30 28
26 54 26 0
0 3 20 54
9 0 13
18 28 12
14 31 13
24 26 8
11 27 15
11 12 6
0 26 11
13 3 14
4 5 3
0 22 5
12 52 9
8 32 12
1 44 14
8 9 92 20
79 0 92 20
0 10 43 20
41 20 0 3
0 3 19 20
0 4 92 16
85 20 92 2
0 6 92 16
92 8 0 1
45 10 11
50 20 2
17 16 2
81 1 9
86 17 8
11 19 6
55 13 10
65 0 6
85 5 6
3 7 11 60
3 60 11 0
11 46 0 28
0 60 1 0
7 20 5
0 7 4
1 50 5
8 0 6
0 43 5
6 14 5
0 18 6
3 2 85 86
80 86 34 0
41 86 85 79
85 28 40 0
8 11 43
41 27 15
2 1 66 36
0 28 66 7
9 0 66 34
46 4 14
20 11 11 39
0 37 1 39
11 22 4 0
0 24 11 20
11 30 4 39
11 39 3 0
11 35 0 38
0 10 5 39
3 39 0 30
11 15 1 0
0 11 11 29
11 30 0 39
5 0 1 39
11 16 0 25
11 4 1 39
11 35 0 39
1 0 0 24
5 0 0 27
5 0 3 39
7 0 11 34
9 39 11 32
10 2 1
6 20 2
9 7 3
4 7 6
1 5 3
5 8 1
1 11 3
8 6 5
1 5 3
0 28 4
9 20 4
18 13 48 72
48 56 22 0
0 13 47 72
48 4 14 72
0 72 1 0
27 72 0 20
48 16 0 59
48 39 16 0
48 14 0 23
44 72 0 21
31 0 48 69
45 0 48 42
48 65 0 51
48 22 20 0
48 49 27 0
48 65 0 61
48 5 0 31
48 40 40 72
33 72 0 49
18 59 14
46 71 23
31 67 14
43 29 9
7 44 23
14 44 13
17 11 7
21 28 4
21 42 3
10 40 6
30 71 18
40 62 19
15 28 24
11 15 26 45
0 3 26 0
10 45 25 0
19 0 26 29
6 0 26 13
26 0 0 44
19 0 26 12
17 0 3 45
26 43 12 45
0 20 26 0
1 0 21 45
13 0 26 40
5 21 1
0 25 4
12 32 10
7 40 5
0 36 10
2 0 13
6 15 4
22 26 3
21 38 12
3 4 11
17 13 5
6 21 8
15 16 13
3 33 2
3 19 10
10 19 49 66
0 50 35 66
42 0 14 66
43 66 0 8
49 56 0 39
47 66 49 61
45 0 49 42
24 0 49 49
0 62 49 32
42 66 49 52
3 66 49 55
46 27 21
41 47 13
30 33 9
36 31 5
34 8 21
15 47 5
15 37 5
49 16 14
18 54 18
43 61 9
17 25 19
42 25 5
26 61 6
23 19 18
11 52 24
35 39 17
0 23 19
18 36 23
15 20 11
7 8 60 58
7 58 60 9
41 58 52 0
60 30 38 58
47 58 60 47
8 58 0 45
32 0 44 58
15 58 60 8
17 58 20
9 1 23
49 37 29
10 10 3
23 33 8
34 20 12
39 15 17
17 46 16
12 15 50 25
48 25 34 0
0 16 14 25
19 0 44 25
0 1 8 0
40 0 50 9
50 3 23 0
21 25 2 0
50 20 0 9
45 25 0 21
31 25 50 0
3 25 0 19
37 25 42 0
27 1 2
1 23 2
25 0 3
19 24 6
44 8 6
34 15 11
15 8 9
38 11 11
22 21 3
35 4 1
19 23 7
12 20 3
9 12 11
3 3 6
42 9 2
13 18 53 10
53 9 0 6
53 1 12 10
20 10 53 7
33 10 53 1
45 0 49 10
0 10 53 6
17 0 0 8
29 0 35 10
49 10 53 4
53 8 34 10
53 1 24 10
37 10 53 1
0 6 36 0
3 9 2
15 6 4
41 10 5
10 4 1
33 4 4
5 0 4
4 0 3
9 7 1
25 8 6
0 2 4
3 5 4
5 3 2
30 3 2
29 0 2
37 0 3
50 9 5
44 9 1
17 10 4
12 10 43 56
20 0 23 56
1 0 43 4
0 56 6 0
36 0 7 56
31 56 43 17
0 29 43 17
0 12 9 56
43 45 0 56
0 15 36 56
22 56 29 0
25 56 21 0
43 20 34 56
19 45 11
40 53 20
34 31 9
19 30 18
15 16 2
25 30 22
16 45 6
21 7 15
9 30 19
36 7 9
10 14 13 23
13 17 12 23
0 19 13 23
13 3 0 8
13 17 9 23
3 23 13 6
5 0 0 8
13 11 6 0
12 23 13 8
4 23 1 0
10 23 13 0
4 13 2
5 7 2
9 1 2
12 1 1
12 14 1
1 12 6
3 13 1
4 6 5
3 2 1
1 11 1
11 13 1
11 21 7
8 7 2
9 17 3
19 19 58 41
40 0 46 41
41 41 13 0
0 36 58 5
0 38 50 41
0 28 26 0
0 2 58 30
35 0 0 12
49 41 53 0
58 17 46 0
33 0 55 41
18 41 58 34
0 20 11 0
58 4 32 41
58 34 29 0
0 17 6 0
58 34 0 11
13 41 23 0
58 0 10 41
24 0 2 41
34 4 17
16 27 5
56 37 12
35 20 11
34 8 8
25 17 2
43 40 13
23 26 9
37 17 15
17 16 12
52 0 21
46 0 9
31 22 8
5 6 18
47 13 1
11 14 11
8 30 8
16 23 8
28 37 21
15 16 24 65
0 14 24 13
15 65 19 0
0 27 16 65
4 0 24 65
0 5 17 0
12 0 24 29
3 65 0 0
3 0 24 37
17 0 11 65
0 61 24 2
19 65 24 5
14 0 0 47
7 65 0 47
0 13 22 0
24 5 0 46
11 37 5
1 31 4
22 27 1
16 33 6
14 48 1
17 31 5
4 30 10
0 58 3
21 36 4
13 51 10
20 35 10
13 56 8
3 63 1
24 63 10
6 42 4
12 53 7
11 5 95 34
0 34 89 0
95 30 3 0
78 34 11 0
36 0 0 32
0 11 43 34
0 5 47 34
26 0 95 15
95 29 77 0
6 34 95 11
95 25 74 34
3 34 92 0
32 7 14
25 13 17
58 12 14
5 16 8
48 28 17
12 3 12 21
9 0 12 12
1 21 0 7
12 8 2 0
0 0 7 21
11 0 12 12
4 21 12 4
0 6 9 0
0 10 1 21
0 4 6 21
0 16 12 0
7 0 12 15
0 18 12 8
3 2 6
3 15 5
10 13 4
12 3 85 52
76 0 85 23
12 0 11 52
85 11 82 52
45 0 82 52
22 0 0 21
40 52 74 0
85 2 7 0
21 52 74 0
0 44 62 52
43 52 0 21
0 14 85 12
75 0 0 32
45 33 25
58 1 20
21 0 3
13 7 31 73
18 73 0 46
31 60 21 73
31 38 16 73
12 0 0 29
28 73 15 0
31 0 0 28
1 73 0 2
31 69 15 73
12 0 2 73
0 48 31 36
0 32 11 73
31 23 0 39
0 17 3 0
27 22 9
13 63 15
7 13 9
30 63 1
24 17 9
22 13 11
1 39 4
13 12 70 67
70 8 34 67
70 52 41 67
19 67 70 5
0 25 28 67
0 11 21 67
70 5 0 33
70 0 0 12
70 28 0 8
35 0 70 23
0 57 43 67
2 67 13 0
35 67 0 51
21 0 31 67
52 57 10
52 50 2
11 63 3
52 19 15
64 1 31
41 7 32
41 61 5
30 7 33
48 58 14
59 49 15
12 26 1
64 57 31
6 13 91 43
2 43 89 0
69 0 0 15
91 21 23 0
91 6 50 0
0 19 87 43
91 35 30 43
46 37 5
83 42 10
2 3 5
19 30 18
14 31 3
60 24 14
15 11 16
49 17 14
20 7 12
12 3 1
23 29 13
81 36 3
5 43 13
10 6 57 45
55 45 40 0
24 0 0 6
57 25 0 6
57 25 0 19
41 0 57 21
54 45 1 0
0 0 24 45
54 0 57 5
0 18 21 0
57 41 5 45
20 17 15
36 29 7
3 24 8
39 2 18
45 45 20
15 7 9
15 11 49 71
20 71 49 39
10 0 5 71
0 5 49 10
49 24 3 71
7 71 49 12
0 15 49 70
0 35 32 0
0 46 5 0
2 0 49 34
3 0 7 71
45 0 10 71
39 71 49 41
13 0 0 8
0 4 14 0
0 41 49 51
20 39 7
18 15 6
31 48 6
38 42 5
40 29 21
17 67 22
37 7 8
38 35 23
28 46 17
5 19 23
38 31 21
11 4 44 25
44 8 0 8
12 0 44 6
44 16 36 25
44 17 0 8
44 10 24 0
28 0 4 25
44 7 18 0
0 25 27 0
0 24 10 25
44 7 0 9
22 25 35 0
40 21 7
7 23 8
29 6 13
38 11 2
6 5 83 31
69 31 0 6
8 31 23 0
83 6 0 22
21 0 83 7
17 0 0 21
55 0 0 6
47 27 8
0 20 1
36 11 1
79 28 13
75 29 6
20 9 93 48
93 0 0 18
77 0 33 48
9 48 0 10
0 19 93 18
93 9 6 0
0 25 93 32
81 0 93 48
47 48 93 33
93 16 0 33
32 0 93 4
55 0 75 48
0 14 78 48
70 0 43 48
14 0 93 3
37 0 17 48
93 14 0 3
8 48 67 0
93 36 21 48
93 47 80 0
10 0 0 19
46 45 23
92 6 1
20 44 1
53 36 13
91 33 1
65 18 16
27 8 6
43 40 14
37 36 6
4 6 39 13
37 13 29 0
39 12 20 0
39 1 2 0
0 0 31 13
24 12 5
14 3 7
2 8 3
9 13 5
21 3 3
5 11 7
8 12 75 11
25 0 75 8
0 8 75 10
63 11 15 0
36 11 75 10
13 0 51 11
0 6 75 11
75 6 68 11
9 0 75 4
25 2 4
48 9 6
73 4 5
70 9 1
73 8 2
37 9 6
21 1 5
75 7 1
52 1 3
50 0 5
11 4 4
10 4 1
11 11 93 65
31 65 5 0
93 55 0 43
83 0 0 26
93 65 68 0
93 0 0 15
29 0 0 63
79 65 90 0
51 65 93 60
93 62 0 46
1 0 25 65
93 6 92 65
64 7 10
11 43 20
15 41 13
41 48 29
5 26 23
34 50 24
23 5 20
31 54 23
69 20 32
88 17 8
67 4 10
15 13 80 50
80 13 55 50
80 35 77 0
80 42 3 50
58 50 33 0
80 33 17 50
80 31 0 14
5 0 0 16
0 4 80 22
80 14 73 50
80 40 0 32
0 44 66 0
0 30 80 4
80 0 0 7
79 0 61 50
23 50 49 0
58 9 6
27 11 16
72 24 26
37 12 26
43 6 23
18 42 5
35 4 4
52 32 17
42 20 7
57 26 16
78 13 4
74 0 4
35 44 8
7 11 17 32
9 32 1 0
0 24 17 0
15 32 17 20
4 0 11 32
17 25 6 0
13 32 0 26
17 11 7 0
9 8 8
13 5 4
12 11 1
16 15 6
9 8 6
2 30 1
0 29 2
17 29 9
7 17 3
0 8 3
1 19 9
5 12 69 26
4 26 69 17
53 0 69 16
52 0 69 3
54 26 0 13
69 15 0 9
4 15 6
18 25 11
30 18 12
37 18 14
7 21 13
40 18 4
48 14 14
67 18 5
27 9 9
7 6 10
45 22 11
40 0 2
16 5 70 59
43 59 70 28
54 0 10 59
0 45 42 0
0 5 38 59
0 13 70 44
0 53 17 59
7 0 0 20
70 41 47 59
70 44 0 0
0 1 49 59
0 20 17 0
51 59 0 27
54 0 0 46
9 59 70 38
70 57 9 0
43 59 70 51
7 28 6
18 55 1
37 35 15
51 56 8
62 2 6
10 14 24 55
0 22 1 55
0 13 4 0
16 0 0 53
11 55 24 18
24 22 0 47
24 16 0 53
24 19 0 0
13 55 24 12
0 26 24 14
18 0 24 29
24 22 7
7 27 6
20 7 13
4 54 7
24 38 8
2 43 10
12 0 3
4 34 7
3 52 3
22 54 5
1 19 11
4 1 2
8 18 11
14 43 6
9 19 27 32
17 0 5 32
24 0 27 16
23 0 5 32
27 28 23 32
27 24 14 32
1 32 27 13
2 32 15 0
0 8 11 32
0 10 16 0
23 13 2
15 0 14
15 9 1
22 26 2
27 26 10
21 14 9
9 28 14
15 1 14
13 22 13
24 21 9
15 10 5
12 15 1
11 7 11
2 22 6
9 14 5
25 17 9
3 30 3
25 10 9
25 24 1
10 11 46 74
19 74 0 16
27 0 0 26
0 47 20 0
0 18 46 71
12 74 0 16
46 55 33 74
0 29 10 0
0 31 24 0
0 11 15 74
9 74 14 0
32 32 5
15 61 12
13 14 14
19 61 13
21 40 2
1 11 9
35 45 11
30 6 10
37 13 10
15 6 7
33 43 8
9 1 13 57
13 41 4 0
7 57 13 4
6 57 7 0
5 57 13 39
0 57 13 54
13 9 2 0
3 0 0 30
13 0 0 37
0 46 6 0
2 31 6
20 16 98 91
0 38 13 0
98 35 46 91
98 71 22 91
0 62 98 53
92 0 98 18
48 0 51 91
24 91 47 0
0 85 9 91
0 46 6 0
61 0 0 9
0 11 82 91
94 0 27 91
0 18 58 91
3 0 0 30
78 91 71 0
16 0 65 91
42 91 0 56
66 0 0 88
0 40 84 0
98 29 0 63
52 27 43
34 83 42
70 49 45
37 58 40
2 68 38
33 32 36
5 66 7
68 76 29
41 58 26
77 81 7
91 26 44
93 69 19
93 42 42
84 76 30
46 70 28
50 24 37
17 15 60 18
8 18 60 17
58 0 0 12
35 0 0 14
60 9 53 0
7 0 0 1
60 10 0 17
0 16 9 0
0 5 60 6
60 9 0 11
60 7 53 18
0 13 28 0
60 8 14 18
7 18 49 0
41 0 47 18
0 18 18 0
40 0 0 4
31 0 60 14
25 0 10
53 4 3
24 11 8
57 10 6
1 7 7
20 12 6
46 13 9
9 5 9
31 18 6
33 5 8
56 7 6
36 14 5
42 8 7
2 3 4
36 17 1
11 9 83 66
83 58 0 18
83 63 13 0
71 66 83 64
11 0 23 66
83 9 0 18
0 8 35 0
83 16 80 66
47 0 0 32
47 66 83 1
0 50 77 66
23 66 83 62
56 56 11
48 60 7
77 28 19
50 17 23
26 40 3
21 61 30
34 17 27
27 37 18
72 6 23
11 16 70 62
0 24 70 12
0 12 2 62
23 0 70 8
27 62 38 0
0 58 37 62
0 16 28 0
0 0 70 25
0 53 70 48
70 6 0 40
0 47 47 62
0 18 70 15
16 4 1
8 59 30
32 8 10
13 4 2
23 0 23
33 21 6
8 43 4
25 12 21
37 26 32
48 54 9
7 60 24
5 34 12
31 34 21
34 27 3
26 60 9
47 4 15
1 12 50 12
50 3 0 5
2 5 2
10 6 6
31 4 5
15 9 4
14 11 5
41 11 6
0 12 6
20 9 6
9 8 7
25 6 7
15 4 3
39 4 6
1 1 52 51
0 34 52 4
32 51 4
9 7 93 17
18 0 11 17
93 8 25 0
0 17 6 0
50 0 93 5
0 2 37 17
0 3 93 1
93 15 0 12
75 0 93 6
93 11 0 11
46 0 6
15 15 9
74 2 3
29 13 4
69 6 4
51 4 2
37 0 2
14 4 43 44
43 2 11 0
0 34 43 42
43 38 19 0
13 44 0 0
43 35 8 44
43 0 16 44
27 44 0 23
0 13 15 0
43 4 0 11
0 12 30 0
14 44 43 26
9 0 30 44
19 0 0 17
0 3 43 6
39 42 15
17 6 18
2 26 16
2 29 19
7 12 89 64
0 15 89 1
39 64 89 51
0 11 31 64
89 24 56 64
80 0 89 44
0 44 89 29
22 64 89 43
88 58 23
16 64 25
63 2 33
59 19 31
14 48 31
16 53 7
83 51 19
5 19 25
5 57 13
0 43 12
16 45 1
68 38 3
16 17 56 21
56 18 51 0
46 21 34 0
56 20 30 0
12 21 45 0
0 1 56 10
0 5 53 0
0 16 34 21
56 1 32 0
18 21 49 0
9 0 56 12
0 0 56 9
11 21 0 13
47 21 0 7
0 1 11 21
25 0 56 4
7 21 56 3
15 19 10
22 16 10
53 19 4
46 13 10
16 11 9
40 2 2
35 4 7
53 12 6
5 4 2
19 3 2
56 12 5
35 6 4
4 16 2
33 7 2
35 1 6
24 14 10
24 13 8
16 12 47 82
0 20 16 82
8 0 47 20
2 0 30 82
5 82 0 14
47 53 0 1
20 0 0 70
47 59 24 0
32 82 35 0
11 0 0 76
15 82 0 57
47 24 0 65
33 0 47 56
0 30 4 82
4 0 22 82
25 82 47 26
47 38 37 0
22 31 3
27 6 10
27 33 3
18 36 17
13 32 19
30 33 11
27 7 17
6 8 10
33 32 23
42 68 4
39 2 24
5 32 22
0 0 0 0
