300 5000 300
8 83 444211061
213 172 982420256
136 172 36239067
221 180 506348254
85 258 926130600
294 109 161842138
278 138 694885824
111 270 804804355
116 241 51283649
86 127 510799075
172 134 637693757
32 46 38889928
139 181 279620151
5 153 430379930
210 289 768718387
209 282 742458047
298 260 650778985
22 70 839833706
76 185 105239046
176 22 6424524
102 193 364453257
58 276 753629354
185 114 238696987
235 171 892676739
216 80 197984028
103 289 600978809
149 38 152215820
85 59 110175590
43 187 68826074
240 114 500752848
264 216 828127940
120 273 52711468
126 210 451890981
12 196 766938251
50 112 504201531
129 266 442327771
138 166 743159108
157 251 954097719
298 293 27431605
24 232 571993470
71 195 393549685
62 67 834826710
29 192 82198119
110 203 120316766
112 4 527046229
142 133 71104894
264 22 347467160
124 178 859428362
42 228 446822206
198 251 67404089
167 73 875082184
104 134 791858802
13 215 866330593
183 76 42227247
300 187 359709150
229 29 869276682
174 44 24425003
233 167 977369933
46 260 690803412
151 157 233551514
240 76 106367086
275 231 842410771
76 295 641877685
120 229 809175160
118 228 111241447
67 208 904794427
201 82 484678222
55 66 741535589
139 112 187013300
150 262 143510257
163 253 740568984
300 227 371739166
271 54 19331160
207 173 470575788
219 290 698306167
117 109 377052175
95 61 282951408
116 115 910954673
56 6 973006684
256 155 768445998
64 70 364676702
299 69 784264629
164 91 376617634
23 50 155549959
162 268 15805200
228 84 317092508
254 230 633721268
61 45 842632835
286 101 921197140
269 108 412733946
18 171 698278415
20 169 589230336
300 32 928000478
33 106 356466527
291 19 388836346
43 298 136351381
150 252 356322410
70 64 533427655
104 49 114235407
195 70 433242614
140 87 338992236
207 158 719536904
42 209 651648487
71 294 154658144
98 36 699141662
195 78 835921559
76 228 794566362
185 49 5511126
91 204 232226874
97 98 300236643
262 237 830502782
297 143 187701991
252 236 156098900
290 59 964827493
133 208 621954080
46 102 438251158
257 177 435843937
118 62 100970037
95 204 423745940
69 1 177885137
163 14 628637925
44 11 474282720
135 262 156566207
186 252 603488865
230 136 24033572
9 182 807036674
218 138 941365902
54 7 930827315
290 102 161364919
181 222 599730471
117 84 679166584
42 128 738665494
213 14 202796808
19 199 723209011
184 180 454560246
255 188 801024879
180 106 598524468
34 211 641625375
248 253 640871428
118 133 975973149
288 250 799683532
172 43 795021711
117 255 149689676
76 273 19786326
286 208 222655505
84 215 232767645
62 146 635857550
230 179 425318212
156 127 997086964
183 296 627426097
183 284 346737098
266 207 783657892
177 23 412471198
204 151 389743222
182 136 318962830
286 219 76679944
30 33 174963941
231 14 850148020
43 169 738092198
158 103 161393
54 285 88602428
3 250 830065534
294 178 668248909
43 134 805949359
65 15 966375894
294 52 309121465
189 82 782694597
229 64 838136110
200 106 969587730
297 264 965404532
142 69 506592368
269 124 392834769
3 169 271669799
111 212 145303484
121 276 181005798
266 21 306464949
30 261 754448582
178 189 160814246
39 141 803396503
68 137 679282318
251 30 268414139
170 299 917529062
91 1 262801330
189 163 716702141
172 283 521491068
221 248 143614588
269 30 364785348
203 259 359967289
148 298 979308429
2 117 813417317
120 120 862455347
58 289 67541297
171 79 553707997
100 19 546753411
293 242 110545
160 162 880155292
100 183 53558173
247 137 450497432
87 284 614141881
67 37 661562897
236 156 115714068
134 265 778155057
30 135 599269687
226 287 850727758
88 279 825316399
232 190 409074113
75 289 908465847
248 288 77940183
131 126 930827718
11 193 270524954
59 128 628830562
227 261 421642326
135 42 271522013
121 19 588754599
230 106 942558577
281 37 559457718
193 111 878033907
91 58 820621546
73 240 894671571
142 250 932008763
195 9 451083142
208 287 314350054
134 121 589350795
246 293 682309713
96 223 139980218
224 203 814989206
241 147 734975617
299 237 658530326
44 61 36150766
215 202 334495167
29 148 215126427
23 56 793758613
28 241 553579485
23 186 241342378
87 33 412807752
257 256 40775654
214 196 91869252
230 195 622038040
108 290 709222200
225 204 989282153
43 285 880226500
170 59 715918507
34 86 65484147
19 160 52961784
48 299 267106016
299 255 502991771
204 168 172593119
7 150 301427613
46 9 415149502
197 233 408430358
249 275 65795294
200 196 838327452
207 282 745409589
205 52 523876149
89 99 561069547
56 149 849486353
279 52 204115772
97 58 359933421
109 155 680502329
162 51 54489613
171 299 816390440
164 250 33847587
267 208 500619668
156 113 622802519
256 253 641738517
54 8 822751765
106 286 59134268
77 82 442755277
250 242 595652831
130 156 79565481
243 26 736291731
134 190 446058081
220 208 777299388
288 115 648016152
106 70 258653804
75 123 581351064
191 280 119099701
59 109 44492835
35 58 658958076
218 187 82677631
98 181 576598209
29 14 353998750
261 234 105723057
100 221 429697072
52 78 702313293
7 152 484641268
270 43 626167347
271 153 36040007
105 239 369159964
232 156 863578603
215 6 721269183
223 86 463654849
172 46 419550482
80 197 794608454
103 300 359114931
196 7 459841135
163 28 67022477
161 298 797342281
268 154 388523119
183 86 141250527
285 52 282573632
20 26 401300517
68 249 943489262
101 28 243988310
54 131 245781110
136 26 60037816
70 240 120625843
98 100 546644893
278 119 530071446
149 2 434896283
175 286 196313386
206 57 538404611
22 124 667685059
235 224 689877787
44 29 739712569
153 165 666986346
20 234 956340385
163 84 938974736
107 61 650929407
152 261 608848008
87 135 381341845
72 40 689680102
83 113 850033977
93 99 281953953
79 143 780048481
299 47 555948845
244 119 922012531
180 33 945262014
268 139 275555926
174 290 301417387
133 128 164096921
129 252 998684513
130 34 206480677
59 126 730974676
211 257 668671170
91 7 265351268
188 251 581052786
218 182 588917918
83 149 835591556
8 74 703661498
194 206 628024025
267 35 657508876
79 216 330520661
55 26 314744439
182 236 152574347
151 79 583722953
219 266 127692955
104 235 740824737
74 69 67125737
129 76 905009011
226 22 568355268
203 288 438506354
130 118 57658722
91 172 275846347
281 54 227539535
179 256 840270413
31 174 375020530
238 30 901286064
26 103 69361732
262 283 154803459
24 209 606512280
44 163 293617819
97 292 362288236
170 134 19004208
269 166 699773113
3 44 73266120
115 127 699801794
244 64 717981975
59 89 11691877
242 102 121555759
252 126 751235119
232 169 381270333
250 17 816653925
138 239 945455610
197 207 229903476
9 209 675088219
128 23 717249145
173 18 336595560
299 128 421435848
175 69 743928450
86 20 61598727
256 3 942801947
289 5 678560815
65 142 326534053
26 38 15084359
101 98 824267619
272 277 741837893
268 202 142815710
28 200 486036189
227 127 135828357
228 264 804544729
54 219 98697583
100 259 311904739
267 75 953938080
19 101 601350869
30 253 953916218
300 276 84900247
293 244 694104748
54 23 352028047
243 249 922878373
251 177 233244188
31 230 181844259
166 82 2465269
4 100 511761144
36 170 360220196
104 199 777745900
74 251 439426476
20 243 767543771
167 48 246176993
265 290 1794693
190 293 925808969
77 75 784851251
235 240 521723484
104 244 814986483
99 279 843690652
194 134 475436703
45 259 534492253
120 278 762695195
242 196 7893942
34 161 756124684
127 50 995732128
147 178 531261002
97 113 166441594
180 268 508145937
114 66 67861167
166 259 446938152
168 55 599293111
172 175 609826288
66 168 25158784
59 202 49834996
94 80 606733297
173 226 929097874
275 75 51289338
68 6 123256605
156 120 509277170
274 285 422087580
225 204 639433735
135 75 453258461
75 192 631105528
210 2 271668281
205 96 524225060
53 268 19617538
26 294 690180612
164 113 910154117
268 20 347040888
138 293 139498872
17 218 320513827
3 104 572061653
163 178 656837544
191 87 140284498
171 43 73494493
283 95 9748712
72 121 480308158
183 36 651614422
51 3 31813442
39 192 541282734
62 261 479476803
41 263 593172407
93 178 344712184
89 68 464287623
86 290 149217365
230 24 858751060
93 95 374502932
2 29 895245967
24 132 396753121
117 222 388301565
150 283 439462525
153 75 894702439
11 220 354763416
294 8 303267335
168 145 11882477
33 126 4833900
44 218 6771847
227 220 855360575
93 295 18303258
65 111 137608079
229 12 57806614
105 164 99412688
244 226 687004307
11 272 329935366
198 139 168490362
74 171 276163787
25 266 515220705
123 192 71001976
198 36 742605670
155 101 266877932
34 81 332585143
247 238 271720459
286 233 677456284
245 243 747021155
210 140 944702694
72 265 272234616
110 290 588367982
14 112 120122073
241 61 615259209
162 268 323048861
193 53 631792593
236 51 980952930
194 88 117748662
77 32 249459557
284 294 826836596
277 117 419311313
192 226 179201254
125 292 113278265
198 232 634451978
58 94 908509297
18 286 73058301
162 273 333389251
192 166 493947538
205 295 94253822
161 278 611727115
9 6 67374131
121 249 737358656
274 74 989417747
290 271 747069731
119 28 900403924
215 97 421330961
115 10 789919634
117 201 130406751
155 106 120248597
276 18 653949974
142 26 233762631
72 146 426888480
279 171 674211853
178 161 95854823
8 279 12109302
283 246 746024150
295 112 929391959
280 229 395682012
131 135 262642969
27 162 779734386
253 3 478825564
183 126 74195109
62 104 302593332
66 33 572265792
40 92 75213522
93 74 867429467
242 121 874488279
153 100 282295559
16 282 732282493
36 61 171219254
21 13 63349308
136 247 623530433
97 61 294153988
228 126 64637721
219 166 534567712
292 258 456864238
11 252 105374610
141 156 417502109
199 223 81202543
91 258 511691803
196 30 67952567
3 166 131231113
235 262 980932273
22 189 143784251
194 159 715641868
106 202 561130777
195 212 278791480
104 52 798015935
164 250 72035209
206 92 658459566
8 287 42056096
174 41 701650361
39 275 416470174
263 49 784076162
13 242 934283172
280 99 89788373
9 45 970537585
288 148 156051788
175 12 76110190
283 269 315511633
49 277 45475372
144 202 329350712
156 240 790668087
129 203 428614187
42 267 602794028
165 299 405324379
137 7 440553123
73 294 813854871
113 168 647764434
102 151 23484354
234 251 747673730
105 146 445834184
17 1 544164123
255 181 581144877
293 274 848044344
220 138 913020742
298 26 337204848
173 151 251904493
195 263 602619261
228 116 166417063
281 49 749241113
63 206 98180210
46 274 62368362
20 280 58275742
197 272 427527567
92 243 251890656
233 293 473669733
132 165 63402383
24 59 29656745
136 38 153575712
98 70 45638213
62 132 751319618
171 229 305003343
32 1 497357474
125 197 904479845
243 40 686713539
198 272 544350231
231 155 622975747
165 178 883928605
62 14 532522294
73 163 887208464
185 225 400693547
254 147 666295376
296 179 933210776
121 55 782584624
217 298 62461263
256 247 538377786
38 229 547539040
285 94 194365869
41 155 228961182
135 279 522774745
298 164 677564021
96 169 938992867
71 217 221945997
98 37 584699152
73 254 307296249
87 209 494144295
124 246 618913024
15 282 597521169
84 23 459625475
165 157 358801653
161 206 193204268
81 1 714152937
200 124 79167353
196 273 638121341
247 98 442978394
47 184 885484754
42 60 509990652
17 74 939471833
85 157 910373255
111 22 807733563
63 234 518761220
283 15 444149773
71 266 102710948
75 161 280171872
115 108 759117169
109 154 307040805
114 247 462320564
65 15 625011837
50 151 989480494
4 261 637204067
219 24 90957300
90 58 880820566
14 128 945786731
61 202 507801792
133 16 4081251
53 176 741921356
157 290 67982755
20 106 601178469
257 155 791546020
102 211 98710880
268 181 733991055
119 270 890590812
285 284 135179439
115 96 399440640
158 280 174012108
60 33 49355883
116 189 615989424
170 261 531387030
238 269 440053236
209 70 399844946
89 89 923528426
43 207 382381248
107 191 220553183
245 58 393271530
37 267 328191810
144 27 489463894
178 142 331612234
202 63 316957394
83 52 923027562
118 261 991819583
116 49 308021171
241 143 815105978
140 1 246410920
74 298 547722729
104 34 226843196
113 229 140369922
258 106 882740615
291 59 521938029
285 141 806624280
298 259 380861740
133 74 195877640
3 66 985663035
132 258 640808735
204 31 1526884
32 134 762225417
179 298 654465497
52 255 22570303
118 246 40078313
246 282 533343854
126 31 794936512
17 163 929733937
257 218 8748202
143 101 119393259
29 4 334738642
213 88 343023175
129 266 29987725
78 18 180063479
132 135 829895376
244 81 296440809
197 258 502727340
160 274 145607254
196 282 533101723
50 124 480316724
160 153 938695879
1 65 603445566
28 245 406441684
52 22 635537801
30 205 731023587
58 149 362320719
66 45 336053476
157 205 738116302
111 152 911870483
33 253 548011759
108 113 287348863
239 165 131408679
104 192 694932975
287 295 632387249
239 77 818858153
78 134 294424001
296 199 444944998
172 56 65357654
125 218 85395905
59 2 218840658
117 162 437601522
131 100 223900786
209 203 625794330
36 242 820753524
184 232 841358200
236 9 517503733
189 57 998147284
186 228 786016191
139 104 26717708
295 162 958386261
52 31 208822222
25 161 569237821
111 122 495594976
140 157 394335369
215 92 753513152
15 79 304151913
299 267 408572369
182 204 255344348
224 94 582584151
183 89 154678612
144 192 372155842
17 217 374881055
238 79 441746576
165 270 972718084
85 184 747666475
236 250 290482605
148 249 43074124
116 182 450386027
115 106 282808673
165 40 920705261
77 183 140465504
70 200 527174572
224 189 304733250
251 105 951452219
134 189 140601355
160 176 861022504
265 76 335252104
88 243 561437438
166 58 325594695
38 222 506957934
50 50 63913417
6 120 910316068
177 95 615403708
127 98 527287664
97 231 40303304
3 143 907963779
159 159 286937354
262 298 585796397
51 163 59885254
245 253 144304427
179 2 141216177
47 7 127809048
166 236 478964094
225 62 636427891
88 210 425434874
191 213 446167868
169 123 136593126
275 136 392301123
23 187 516194237
128 131 938564789
154 9 285150743
282 107 843901249
281 272 847023584
127 196 599250997
69 283 904552059
242 225 903528123
9 94 309718045
286 120 310890280
260 142 468482266
97 269 108088697
185 174 589183857
27 156 975681164
228 188 882929387
63 14 73815883
12 83 780661017
170 76 43768094
44 137 66068187
288 122 544564058
119 82 360019399
137 178 129868519
285 114 145899492
141 193 401844847
156 172 730546335
195 234 463484400
129 297 384570582
45 166 624272458
238 261 628757894
276 248 387136367
185 119 439192648
183 255 6153677
201 239 26584243
93 131 933118735
191 287 274691106
177 233 750841291
177 61 960820288
10 157 661696505
219 147 756998066
212 122 408959365
79 59 928470683
78 241 636530637
7 194 346260627
49 38 794328158
283 280 661447096
140 157 830546828
230 85 227959588
17 94 486862744
74 13 651024390
39 276 639029064
3 106 995440822
138 184 932795414
174 242 580961359
253 290 85838148
110 272 849270628
5 111 306837836
184 92 69507820
71 161 226883865
166 234 403238429
108 24 227329405
171 26 938809510
44 163 829387745
209 89 905217786
20 93 45400227
219 202 478021098
46 258 35320560
133 141 615623552
4 263 32266712
21 128 799462897
49 287 821693820
53 209 360435197
215 252 344157712
11 213 261908352
49 284 459947744
75 202 732604045
125 300 446357054
284 132 726720894
287 188 359204208
150 208 125637035
246 256 87109174
117 61 177616982
14 27 97633986
125 37 779955598
76 137 363092233
119 212 227849334
115 36 928530233
68 71 624489117
213 110 237750156
20 259 142680863
6 257 447552370
279 73 527177730
161 86 25399156
46 210 624120745
195 37 81076633
27 207 736634344
112 21 626364031
197 140 785586254
165 104 829924563
20 175 644162021
82 181 880277877
151 211 212482302
33 123 296177787
240 220 180554749
236 166 127521537
69 244 744509544
164 56 469155516
47 252 895300156
300 168 307213411
62 187 359066786
134 20 29013666
163 222 109195928
264 254 72197851
202 246 720686122
50 181 982099988
287 1 72048031
182 165 70895938
97 211 54657589
204 210 57887508
115 23 760786794
200 208 11069013
217 70 256286535
144 85 876133440
246 287 896008885
20 36 645066318
207 74 204382370
89 255 458075034
27 104 590057396
267 7 533399357
75 121 118025479
68 20 545646839
133 288 991508608
67 184 225642145
58 181 839192531
243 200 717747218
112 158 136311392
281 247 544427298
67 273 558734101
62 239 927048308
19 13 809099680
49 133 711438652
39 265 515595239
99 83 35798074
243 140 491728655
73 134 456589454
290 245 764996812
33 278 341515110
83 96 552007582
235 157 8680872
94 227 916906137
74 28 37470169
177 66 86474685
215 216 467689867
189 158 909765506
43 230 13743192
148 272 719656536
111 56 789436965
20 190 828643160
253 125 279848869
125 270 823937095
113 43 136482374
233 219 910615192
17 186 990360507
235 126 601360465
292 220 435323946
183 119 209998169
71 230 914210877
235 1 92389366
195 254 8300442
63 130 441508764
209 242 348597658
135 174 293522129
126 242 791877414
84 176 584494291
148 219 458068710
246 102 574222828
66 172 550469809
242 106 875808410
60 52 954762563
53 166 501045844
16 127 726531685
74 261 226239310
154 138 86643403
67 221 922917478
209 121 54892448
218 118 938762449
97 183 999216720
206 177 878208578
67 236 404381181
181 40 857583399
124 108 61752325
60 233 858403037
169 86 158150726
271 204 951355898
300 112 691895370
247 81 815093087
48 177 235979922
19 134 16250398
96 200 953326585
29 80 908025276
179 255 469338883
103 14 838381415
91 234 161191352
268 204 377129755
65 255 923207266
87 254 110008946
173 1 364273975
246 19 383955808
195 167 749895560
131 247 416855791
107 125 885882346
241 279 736023259
8 69 46034193
159 88 902558548
214 204 81030155
131 290 783825108
77 215 654738560
251 160 840470878
10 107 776779696
269 237 15529842
60 95 266821066
157 88 444922044
267 95 260752164
11 253 872462151
259 218 83924255
265 49 439550196
224 177 901916710
183 127 412036422
212 188 986159728
108 157 282645916
1 268 357003911
267 176 383605298
262 142 53347844
78 153 822390196
280 163 625411166
86 127 680585314
182 102 802954290
191 284 356792068
112 247 726054455
191 106 513153363
207 107 134944582
69 125 477310457
266 86 128790599
9 215 840451903
56 195 662336565
21 280 380507443
86 161 778789644
27 52 364438079
146 215 977923625
101 158 101058683
15 64 44340389
249 132 779622513
5 149 604343450
255 157 779255365
109 264 29336759
73 37 143544590
267 122 856396351
262 201 774841454
292 46 310916320
269 198 450780677
51 265 477080440
239 213 451852223
3 269 906184971
204 224 745942879
268 84 793516143
278 209 379348631
268 175 331509304
170 189 305468804
123 180 363051902
42 148 377796699
171 198 567889263
10 136 68274175
33 190 61294596
255 94 970708419
34 113 47032954
128 143 247572062
258 162 805349537
261 31 56704077
217 205 661041056
218 298 301316804
168 168 78590001
83 230 889717389
209 14 366837830
4 268 261778423
22 53 58827236
176 180 492353730
289 189 869791
225 202 145804473
101 118 849482877
209 87 275337674
112 254 874149542
264 88 975515271
4 297 31287084
234 300 800166303
8 74 175579456
195 1 656075387
224 289 768486376
166 266 549354429
138 118 451631998
14 26 838370984
240 189 792400789
33 205 881610677
55 208 26791173
38 193 141753224
92 253 344688897
147 147 535147497
186 123 960701086
61 288 279215551
241 126 547394968
238 191 278796746
73 130 922221334
213 162 261291438
141 216 38240798
13 5 619907242
289 97 268069194
285 295 746586593
282 232 695296815
267 44 820102354
269 284 414291331
88 221 327346622
233 45 539638603
267 258 72800465
256 98 459896532
153 163 732213889
47 151 689918837
140 135 361107183
184 116 401854315
298 134 433162958
204 154 4387542
234 242 419676414
207 174 517400559
10 192 942477116
26 148 429033113
257 52 856376075
297 98 218775577
133 290 155887812
16 173 907892979
130 223 435492165
39 126 17900918
180 111 55030559
294 18 678194185
204 27 809613128
19 52 710578827
283 60 271848431
110 109 113329180
86 241 503090269
197 8 892750994
228 189 125091816
92 228 725247793
109 159 107510255
120 204 746709472
56 107 35000398
183 125 750216201
262 108 352253413
92 217 573325921
71 54 955868913
92 251 8473221
285 178 838025861
152 21 25173440
196 129 574303499
50 300 757608802
222 107 92489909
171 42 373940285
224 3 30993044
88 94 920024260
8 216 964842214
272 7 321334716
244 291 897394745
105 194 128514465
244 89 885111145
242 139 74731697
196 112 375570303
204 34 449756444
88 257 7868946
132 44 174272591
143 103 209780207
208 75 469998413
275 70 847678204
219 174 25460449
235 170 23560238
80 163 654520528
276 58 812534439
278 13 90151424
74 153 532554981
119 36 49547576
10 178 214455131
116 138 130630205
280 112 216611426
83 83 752875600
132 69 322145221
21 148 793691083
48 175 777638341
238 205 71509605
161 278 344212457
93 148 479256292
69 157 249181722
199 24 618830959
155 4 614571422
180 138 133797856
131 21 305024725
251 41 865879524
286 140 38577599
78 77 903721955
182 290 58552684
139 82 510938731
130 202 287669040
51 152 746007463
161 58 60985118
135 290 80280208
190 120 976836828
66 123 479247921
90 160 389517660
40 237 225213189
246 118 76485930
129 256 623374511
159 138 472975565
98 188 134711516
113 101 444245274
130 235 618188263
37 124 261932434
17 242 697623008
37 31 718951067
248 122 956071303
236 67 480493321
265 195 488945928
128 53 608169065
192 203 87344453
159 15 102852105
132 196 564230739
146 285 310310914
32 1 646117355
39 37 290045937
206 284 280674258
60 272 226756976
32 288 481814070
260 115 261816975
24 58 1918377
28 217 153158443
132 100 924005938
170 298 99773774
84 29 952266074
290 119 665763462
227 76 629783598
36 136 69539669
212 167 766550308
281 126 491673675
207 202 717885332
35 229 284929500
177 113 637051452
267 34 392439449
40 169 518058629
166 159 859015647
27 85 986777923
224 120 857416758
144 31 656458176
104 64 20331754
178 22 557206555
61 57 59459735
161 285 777427047
164 3 127855581
112 43 421056249
140 260 155662759
38 286 916688343
260 262 542356315
69 157 406907297
97 260 844671712
250 137 117466534
4 250 79726490
38 110 589642726
185 273 718704829
117 136 419202923
165 27 643403082
124 116 57068767
218 76 995016280
184 196 674268937
233 292 566409748
44 241 310596037
229 244 477229486
170 34 203755947
96 218 127226871
24 86 640081706
46 250 965411784
79 125 109716399
97 95 912289826
77 30 83065174
265 262 425984265
112 58 666411558
148 286 509037253
185 156 13321086
31 251 809206455
201 26 24548940
206 123 932921142
41 201 689985818
240 297 64947664
17 125 600162994
290 89 555055455
7 253 626813112
264 100 932902498
216 285 258082805
254 67 486964055
208 268 43283780
248 225 198761254
41 266 891766854
258 257 884402050
22 273 24199475
115 15 837944415
221 21 39530267
85 284 792069419
234 199 572791355
238 204 585452021
244 112 957278288
275 111 180868213
128 151 74149930
181 160 894323486
282 233 258711410
208 47 397862524
223 20 590277444
241 156 502367727
59 89 495686978
213 26 583556281
186 21 427698444
73 295 200146054
237 122 538852956
66 54 281288616
151 35 344917048
261 243 329901247
84 217 643813018
280 209 913465473
106 268 924277461
235 232 786848138
268 117 988141558
111 242 276474204
117 178 145574625
272 296 192242378
287 146 153395864
287 158 53234558
85 294 729702874
202 273 927363783
174 130 438286702
286 117 835262985
175 84 703744654
84 246 1009995
287 62 612959924
63 34 761228019
140 72 192654117
3 110 165949626
161 194 226460719
286 147 669497543
20 72 144911473
73 57 705938541
58 283 83618676
263 118 705650321
57 156 624695883
132 218 232124668
203 109 809225291
171 164 700914801
296 24 942127146
115 61 324158993
9 133 612992164
33 205 585420473
173 14 880808407
148 276 487297525
69 84 533878380
103 216 18641950
222 170 281314258
112 40 327807521
164 35 211356296
110 201 661663457
254 210 163641841
169 242 450545445
141 115 62669959
200 14 556276386
24 82 79858370
55 236 951408537
4 157 932154906
62 269 919784297
282 184 227729983
278 293 82452684
86 298 5966293
26 167 848214986
222 7 462620952
132 258 932802866
18 281 816927399
39 88 739690435
275 143 638249343
132 204 469313063
28 238 786312747
62 267 383891891
245 104 586209489
89 181 858774055
175 102 639522413
178 286 809262971
143 3 707809603
242 93 869040690
28 67 16630885
22 250 874345388
285 29 327540777
131 90 735056995
21 87 758557498
261 175 266716830
15 101 5047732
128 279 446285569
250 173 441674023
52 166 923587815
294 245 695951833
78 267 690920982
117 251 533312262
94 133 745822951
140 153 115938437
290 166 502141364
19 180 752646716
202 59 330075446
70 8 167230419
292 112 933555384
6 105 73773481
190 182 521101347
23 50 597368397
184 195 941403729
187 35 937099233
275 24 23180750
238 42 353389630
106 244 124797340
251 13 441634148
269 57 716742359
205 114 671679015
85 4 470558648
283 26 840242997
79 262 960789192
59 148 567254226
243 122 123228301
293 112 190395542
274 217 331352737
13 167 139869102
60 188 57618658
270 144 860705571
36 228 97598026
283 210 459217004
280 40 478874765
223 150 754910612
148 92 255779333
148 136 336138644
241 109 748635260
278 174 675860979
79 233 432529866
288 255 657230009
10 290 423734888
36 25 253145849
139 4 595347640
203 226 391743989
166 125 284466832
198 24 296696920
94 16 929307528
205 293 12128701
183 123 986794586
100 110 422563892
160 120 991115633
147 207 163008457
147 45 631001712
186 299 355884589
126 216 904911313
158 165 106342888
129 258 298058504
156 215 663927248
109 97 491301871
46 249 542833732
289 108 826712051
221 255 145567557
230 153 958617253
241 39 744735903
230 216 111350470
94 125 461723935
34 253 984511292
237 161 133380506
236 269 584192555
6 66 769477303
290 106 51497462
92 78 1471568
101 7 725061821
153 300 670132211
8 281 228426726
77 74 536928551
63 159 892334603
255 147 76468763
112 83 953976083
118 140 364167500
72 129 729606905
134 221 893926283
201 21 872650441
121 225 444264740
183 284 817170120
109 113 748794246
211 175 197996356
265 129 610318603
180 293 502204585
114 162 69988876
114 286 151472505
270 119 130916577
204 71 301372297
145 192 179005973
136 126 656037157
108 234 696332669
205 196 761616443
160 161 688916124
262 40 464128568
198 205 671446329
274 18 785379414
178 40 857425284
54 295 36539155
2 191 900299198
174 27 118837623
30 186 773097509
50 90 400007404
193 249 596934616
216 263 440347907
35 160 736739712
263 185 702793881
229 114 68117320
64 219 284185367
218 220 518615757
67 146 68189583
290 227 307626020
198 277 280686609
53 221 890400410
69 188 894569672
227 222 500431683
238 236 925458968
19 216 26156733
190 280 228408852
56 249 686103971
165 16 283280768
299 5 970943695
19 254 150458123
127 58 730924143
288 178 253774230
111 105 35653303
94 42 895491338
13 112 323700454
45 54 30222285
296 161 199079633
219 25 583088048
286 24 153601504
32 42 831201157
54 220 573443467
296 208 272230344
177 18 72942400
279 163 7286642
17 227 335606005
22 24 126017810
6 71 810191071
238 289 759257895
186 27 746440570
189 58 226848763
198 112 481169083
264 159 104834642
259 36 992415111
59 14 496858526
252 82 543623852
8 103 11384175
118 160 128548346
88 98 433736686
134 35 210229964
204 223 576455522
66 172 387904185
200 187 375500095
241 146 940501130
104 256 823593296
129 207 920267929
132 214 554225484
159 31 755688243
256 118 723735840
41 4 893972674
257 207 420000249
178 24 133019720
14 224 311507259
8 216 522660504
90 71 544454559
237 199 236692417
165 83 82463730
300 241 60302661
243 196 832916630
34 288 12079885
160 244 639200291
208 173 498675667
179 186 219158742
37 246 905484157
92 35 107616080
102 23 764863978
18 187 978400760
148 187 612126952
60 181 942074547
141 214 959529287
226 73 22204782
268 32 706556555
34 211 105521492
75 299 742083337
84 143 261775923
163 244 488192545
192 262 194117484
4 161 81259870
55 272 462857002
54 164 357612015
92 141 217046640
73 109 608644771
227 194 370458833
19 21 961479732
55 104 461917026
178 18 711192569
74 261 651031482
157 264 363897494
178 71 762609617
79 176 680084481
246 267 980918321
185 39 156827781
155 266 853972175
88 36 144026595
71 142 784991550
196 71 884483119
16 145 207365279
150 1 437071495
195 179 333212365
212 9 542895140
144 254 25649106
216 138 656195396
97 45 288574213
223 132 28307048
69 254 469993590
70 201 875409760
88 216 585264456
118 117 88642457
112 12 24352687
228 223 855252147
167 66 86436501
124 281 639985090
172 129 124542686
184 51 58051769
232 171 254508422
173 240 28346022
184 79 943273490
40 197 502838658
248 60 218422669
86 288 557667843
232 206 200658660
84 30 128313441
126 201 55009021
211 136 982201224
180 67 906432994
153 291 317728586
27 175 100571116
168 214 609809512
125 213 987547972
94 298 419515211
88 281 596090016
148 117 247954197
240 242 31303149
160 204 234711085
235 135 886485051
181 288 14167694
66 14 788136068
81 181 498687333
45 5 234463945
68 150 724851294
78 238 972585174
293 137 621651142
290 76 459517935
238 287 610728239
74 222 985850173
225 102 691908512
118 167 904732925
237 299 125145957
269 95 3469914
265 162 610643815
258 291 504335504
283 36 885203640
125 25 734078015
259 14 958484002
49 140 393139175
274 116 91960176
185 285 77708294
162 221 450954644
70 189 821508739
283 205 29434900
150 162 199281043
253 196 222104478
193 20 198375754
259 31 159398019
12 131 339882358
286 104 478830173
113 41 590409157
106 254 462755377
150 75 447072517
40 58 777824521
91 207 32379034
133 211 183321230
210 103 704818601
63 114 56389083
282 125 848760914
39 163 772816969
212 275 520465761
120 133 996440214
197 34 30918989
265 73 627371998
238 163 396443056
71 296 842467666
152 257 703165821
253 20 565131886
135 53 386849862
200 91 561458924
69 54 885951951
29 226 585520883
295 122 963636716
35 138 694324540
184 75 954502902
291 198 648485549
256 101 145860606
128 53 497520177
113 240 10345929
27 139 876736571
50 259 575522277
152 40 697112202
86 34 556778075
1 120 454108764
92 3 166928791
46 293 727617188
294 300 24527888
251 180 762479493
279 44 997861084
59 70 579433574
282 172 280013933
10 23 472584272
211 109 6101157
37 161 911483576
300 253 521136230
90 50 231502174
129 95 737565425
269 46 742491804
213 76 516445900
148 187 741244869
221 168 535896692
253 177 81320615
76 139 520586575
284 227 817331287
259 278 665879291
40 120 873249840
165 300 940444835
290 268 865841232
45 232 146959207
144 79 351693745
65 300 651748712
156 4 180195440
22 132 634146130
48 115 570378856
235 126 148035086
177 165 829010905
117 30 45956204
151 71 675915224
34 115 481367455
292 11 165206686
137 75 601833785
200 282 628811740
140 56 866208471
21 103 172641486
77 89 312110711
162 266 658268727
118 82 442617708
21 284 402723078
296 17 986109345
151 60 856706055
136 196 460790781
172 96 334260214
211 287 558434969
134 7 506417972
119 135 848056860
281 48 101747277
7 165 435706358
115 238 347927993
44 233 999220709
140 83 94092769
194 270 984237916
126 193 321404863
40 156 285789049
8 289 216569308
131 159 831608142
43 139 131456990
219 197 945126754
229 63 23606343
221 107 337778276
282 246 74042710
102 192 545089980
117 69 57786572
280 108 93460579
180 168 813287767
87 50 94942325
181 144 103051315
270 63 643367112
275 43 11023774
218 263 461260732
93 244 127670978
102 97 424509621
133 266 960051089
57 245 921071949
135 176 866007168
202 15 153791069
178 195 632480513
293 164 256339127
4 190 461073269
129 107 447127283
61 251 213721879
290 105 707466175
110 237 765114440
50 293 708071536
150 180 822126512
169 81 28881378
290 10 454911572
202 2 84190435
280 57 419393776
100 186 926578883
182 246 501073085
260 235 511886389
135 96 356625126
26 197 798108570
162 99 77280949
225 19 859946381
2 8 241047191
273 261 176151044
159 240 456108701
234 39 944460286
168 273 102466531
53 232 762831117
93 118 350063664
18 144 676731612
40 57 663906910
188 281 882629429
221 34 339206588
211 6 813602549
254 216 267189140
54 201 161039631
91 69 942281303
73 173 677152386
41 265 73119056
104 35 42779399
168 74 851754007
277 13 469653039
157 233 925357872
45 195 526296429
245 149 356659144
84 254 688356144
14 97 300482664
216 169 694111788
154 210 381129905
209 65 718162139
159 232 208349764
165 261 76457376
203 169 887464061
26 213 29900655
154 209 532434555
249 293 998658109
192 58 78064305
8 26 725636025
295 179 851688034
51 87 363833051
89 245 233769982
4 161 830438442
232 115 888984211
92 140 748613875
198 45 75446336
153 293 431638028
113 236 683261285
169 243 772597410
93 290 229315140
279 40 421500826
229 181 949482922
162 184 812499082
56 167 185235048
118 258 288015987
92 208 352171031
27 60 734359323
6 224 975453359
43 92 228452153
104 236 187467494
44 214 381112934
69 194 85099666
143 108 802744749
76 163 20570968
124 280 68493325
10 123 386477884
293 202 949410143
267 207 166013618
177 1 409319909
30 105 109997745
223 148 972251510
208 268 359914256
73 162 506755963
174 238 95731425
141 61 720857556
117 122 278231878
1 166 695817079
295 133 257767538
213 9 647344538
273 90 342178194
269 65 866550941
231 24 199512661
86 149 438029922
100 22 99634511
276 214 664528771
131 30 978277745
160 82 540536110
91 77 790695894
228 41 704210455
117 13 362048296
111 282 99160560
3 264 854209236
215 49 7261284
237 200 66094157
247 175 198762470
70 57 326275899
66 268 687628681
175 58 84747309
221 37 831129049
275 154 41126513
170 16 824737446
182 70 6729709
269 285 799533909
152 273 709906008
108 219 538610134
277 40 6503842
227 105 391819010
259 32 95405419
67 252 522514256
267 278 25522761
180 147 94092776
177 80 299807945
86 48 842180929
146 251 11758001
54 58 908173672
239 86 48473063
233 13 410933920
142 271 536092351
160 90 919676954
267 56 413381831
227 287 231771629
202 164 326523261
299 1 699329608
79 146 62484659
80 251 482082568
103 242 156885806
217 174 560653918
136 67 938564640
138 226 522848929
91 245 849668537
73 171 107633623
202 73 826514338
214 71 13040390
221 149 466745688
231 280 897536238
51 134 401571231
256 51 280321804
225 238 630639670
164 76 547930248
245 218 554707792
81 291 676495062
255 244 859901186
45 157 404734108
186 129 5691109
173 112 674530188
163 162 876974074
93 169 808979476
249 93 881480313
118 8 335601640
17 252 91020410
160 84 708602100
174 91 977667395
259 187 372223203
167 72 591599131
275 245 255828894
114 159 141962355
87 251 964434375
214 199 431382519
279 69 481371427
118 85 342282730
227 297 863784966
78 170 6028108
172 128 595526494
226 46 497836865
57 20 32221261
50 186 96215919
257 272 91392070
83 238 3104220
2 216 609475688
280 33 163469425
209 12 219793221
26 89 307458490
233 13 138882769
26 290 266283815
243 46 695352734
103 148 805652419
174 156 474156943
195 290 509845780
114 43 646715595
154 22 72884379
30 283 26856190
150 8 922265831
191 293 736780695
59 18 842623984
273 260 683911182
259 115 516471181
129 40 334782688
271 234 103280077
102 99 105862220
148 252 676416893
227 281 304710475
68 182 559560635
50 72 594479127
96 131 4992444
132 155 993970156
265 113 593633522
245 242 900198461
184 264 710089746
112 66 173895244
83 265 606123348
76 191 170243480
102 11 86048862
136 60 366030685
162 208 296555367
258 39 143906722
65 3 308470186
38 299 743381827
50 182 480347643
295 293 176697060
90 128 331662024
137 203 18126915
217 56 820496977
178 192 808521688
14 105 571498095
281 62 657082885
102 178 896670887
87 215 364282337
66 16 689667218
60 10 533654663
119 100 2106890
142 288 623957144
108 204 703915899
84 133 654060142
172 147 216352647
218 179 100818560
3 280 153944390
141 118 116847304
30 235 299791172
47 294 855316681
161 112 514868132
102 6 32052520
297 113 429629675
248 197 793648460
89 120 490139558
35 89 815658336
147 143 766627867
136 36 651518336
91 65 66227923
62 163 638587916
95 24 250328080
278 177 380594085
149 174 900029197
224 121 481646745
235 209 933968416
92 296 828492305
127 142 527333999
245 29 74648034
180 119 687233098
102 233 907272761
70 27 120938036
149 56 330335812
285 205 11939585
233 128 574697957
130 114 967638366
145 205 964662513
1 83 814072606
300 27 669813034
85 206 353763804
183 60 165716088
195 129 108470214
282 29 106959722
193 13 488204426
30 245 386866705
38 74 596595018
203 271 607528922
167 271 87843104
272 22 656681782
157 107 113046939
213 41 523166498
200 235 378144726
266 268 780826054
87 160 964320918
112 241 828658515
16 279 708001940
85 233 536319610
6 152 847136533
61 123 315270354
194 32 867885460
232 244 44731300
30 195 605596986
255 160 671420553
261 246 425054165
30 109 730953757
44 124 163817287
184 208 691283120
45 265 983046471
229 77 853179945
83 270 824012928
94 202 249309223
146 231 294784918
183 237 921426577
188 249 88710275
52 279 432324083
260 74 191651059
147 9 110769866
266 106 354758483
288 34 11460011
184 116 885039881
164 262 941061382
86 107 555207364
203 41 105622552
180 228 225649353
154 279 27092331
236 239 896159056
246 137 835818765
164 102 87423770
46 141 350626955
56 76 88182323
88 239 20491684
21 25 897319042
184 279 324261382
88 158 825255610
240 63 677872240
122 51 613065030
77 296 794651266
93 159 766430419
214 256 363965311
69 64 292952239
91 151 524887777
126 172 14113853
267 107 202899032
200 194 865186241
61 133 89685756
201 6 456205306
82 83 861428653
100 227 416125664
270 141 475054819
281 261 902192482
171 103 435094885
247 228 162307056
152 246 344069062
283 145 86003456
75 206 466275940
230 158 511978846
135 291 971787580
140 90 681520906
3 60 433635298
173 92 578757710
107 14 352554112
191 260 480548891
146 163 7544736
259 145 110319381
266 272 319161138
158 201 311942247
3 88 701727737
34 227 135685227
291 281 85277838
89 153 914470881
250 259 916216594
162 149 467919105
52 46 583692268
240 57 318951464
272 22 538882935
209 179 185688788
107 233 863057975
243 266 137451853
221 9 572479733
10 97 495712785
242 46 514376196
187 259 211048496
92 63 748036742
211 2 26959050
226 273 428786171
161 233 977343102
48 39 184608686
74 33 22370504
26 254 24665812
258 15 625129908
94 257 107553205
189 143 971973464
185 286 403972278
278 196 706061679
127 174 546110103
49 86 243278687
150 185 109509677
236 258 846530809
39 283 295060014
150 292 540375129
109 137 201979737
165 26 343574079
180 262 138109965
257 291 21796012
35 117 166100037
189 165 257388622
27 67 333866906
203 54 258592863
164 144 21534697
129 293 195172140
57 153 275217977
45 17 776048402
124 197 613744615
240 153 683827005
3 240 13254621
240 180 735846337
261 207 828945255
167 161 624643708
81 76 997828551
30 205 973165595
269 13 28301099
45 58 270788268
198 233 672600564
12 224 342742968
116 226 987277159
88 217 4829591
277 230 786162597
231 148 998334909
291 228 635360985
193 257 697333541
140 226 872111353
238 22 66706862
157 220 772177794
220 231 831666817
240 99 119486295
198 238 949219911
88 214 283288992
236 197 750527739
297 187 314561719
81 131 144409275
173 270 140275252
277 260 577377626
139 116 379248445
284 88 864665027
53 79 864938025
47 28 98354763
9 168 153277928
201 103 6136424
291 99 986606662
9 231 945033545
36 155 854582666
39 132 596071477
64 22 440288245
60 5 59833532
287 57 354999362
63 155 608030189
77 216 676271956
57 168 198403611
232 158 172760061
294 219 87218644
290 254 639112898
255 292 553070529
284 108 748314750
128 167 849539707
111 205 688412215
172 20 236934922
260 96 444327737
216 152 298912356
78 84 846183813
38 129 105736531
281 170 74496136
79 124 892737880
59 159 137839387
61 286 894081805
67 96 26130162
181 267 398922481
202 279 815846228
190 246 430179332
45 23 100574567
110 60 813638595
92 93 71954016
80 171 25070791
59 229 121576750
197 289 801760135
253 107 977970831
214 40 857724549
246 241 49051479
74 183 228223576
157 279 741128098
23 88 465557810
17 232 636215002
232 11 744728924
22 69 344170104
23 17 35369645
258 269 667867251
40 235 782591490
140 180 616477283
219 5 613852365
294 161 926145443
144 183 252056683
105 251 697322614
158 234 41472076
81 8 472210244
284 30 684925560
228 287 426216180
279 78 869695914
120 218 119319946
202 136 138418150
218 181 62202563
213 76 286215045
295 180 181643248
60 37 115408481
135 117 965097888
30 153 704804570
241 132 283772308
120 110 532488286
234 282 161193403
279 183 71455490
80 101 491498122
42 65 162449398
187 59 254899829
34 170 552548066
166 4 505155734
6 85 456892938
175 25 590612970
82 144 426699431
119 129 747743812
21 107 22739747
162 187 13023247
184 280 54805163
281 218 842593121
9 251 483775142
126 169 314790597
112 174 660366081
249 100 57943505
218 233 933739048
101 52 9964977
212 72 405941235
258 286 260085973
156 169 634601753
118 201 668219970
190 261 542583873
131 87 225618293
127 250 829904766
207 250 617796917
63 168 168034349
63 20 865621700
191 231 724268724
125 189 815430909
50 96 483122729
254 214 37277229
75 155 585310589
147 286 532287227
139 164 235879228
56 123 300463178
124 185 169168397
73 299 268694316
124 189 346784746
299 66 278695786
159 115 77450682
187 120 650370947
115 194 840049701
56 41 982778438
134 231 540831402
162 39 27091024
139 162 352017160
35 286 449348859
250 110 34083799
147 108 659646864
233 19 291156730
166 205 563215149
64 72 996558443
116 127 986286835
154 12 758018617
107 173 141658555
182 11 460036269
193 97 28669754
151 98 418213415
50 245 352935975
65 229 500784693
195 146 197398649
143 261 627538720
37 76 81548198
271 281 91714310
188 139 893916282
194 20 641133645
114 265 650018441
20 167 41781339
86 268 15723435
260 33 998024163
204 227 623683260
53 121 690555320
272 158 891206395
70 180 913447628
231 119 445594066
212 65 219769438
256 178 587990902
149 249 852123668
139 35 46251536
73 46 682537720
287 250 199622598
98 54 160721318
117 77 267425027
263 198 653504207
90 128 929493825
108 40 89568789
197 47 446281719
198 247 28302367
117 85 106360501
4 209 738424799
223 247 572763600
120 44 806775553
190 212 773032081
116 175 848048679
222 16 828572358
199 123 756003049
187 19 123990748
157 268 582553894
24 137 25990179
276 140 175055739
274 115 27774738
25 286 355314081
129 227 553261793
10 43 365340619
140 16 852481834
97 266 165312209
146 153 671084827
45 61 515339647
138 84 697683983
68 112 116885722
207 137 160515288
44 162 175678926
276 290 323097952
120 299 870197394
138 138 175514162
172 287 316025727
80 184 233817231
58 228 375170392
4 65 620903927
138 185 77378338
112 91 335534775
199 186 968136836
24 213 486992777
76 33 960101976
221 170 793062165
134 93 814445703
261 224 927739286
43 282 961966365
186 37 647164482
113 175 861840166
150 286 633565508
76 236 137598893
163 12 286803457
240 139 929408289
67 59 135786711
83 245 905904203
86 257 257589327
23 299 714443260
240 185 939289296
221 49 334844122
86 250 17993459
145 26 1768947
89 240 609333158
245 231 16300396
134 297 945384406
244 132 572099350
198 217 64987306
24 291 510381857
235 230 283453393
183 202 5105841
4 39 457750242
215 183 124405019
61 271 825723359
218 216 901214389
213 101 163496438
70 96 405631669
172 293 294582137
229 69 758087127
285 3 463145709
29 185 56922362
121 241 548740901
163 155 424683183
281 215 527380806
39 184 291120873
80 96 645311673
117 217 430772620
285 88 848375212
121 17 713257832
299 53 34831035
159 82 309933171
221 202 20892011
21 116 890733717
55 97 68710883
60 187 164156666
32 18 45887813
156 134 659288730
75 170 428975117
39 290 124966985
70 41 405129838
156 199 405433419
179 119 836016272
141 191 302112288
258 246 780642836
40 57 97331274
6 89 153391992
118 244 112321425
199 71 232267595
16 109 807812636
200 230 597043676
137 138 768139127
207 16 525504997
231 156 417882188
18 165 574986585
5 257 671682641
178 262 999091229
69 131 907556725
94 30 827851747
40 97 608351507
275 48 962313836
3 237 482118825
229 143 772666940
25 125 412399248
64 142 292049464
48 146 627812120
141 24 436360233
21 92 911065264
145 237 416248645
143 276 380885493
249 3 77426440
37 5 763517676
261 285 697108971
253 61 714216595
152 125 969469189
215 224 243509586
235 64 781152709
267 137 440823253
182 33 334842641
178 176 842962117
270 176 330543371
162 212 689597375
237 225 245812311
259 229 819660471
106 80 534056747
146 294 111471371
31 280 928619686
240 299 984592922
44 232 39464155
84 110 773601482
152 131 942840057
222 292 214526421
48 281 218263045
158 291 431749573
81 96 119901604
127 241 869735897
149 272 866613629
287 263 841862327
260 58 264096310
266 193 844531519
147 45 521602502
204 18 667702993
224 118 603899725
220 27 174785316
144 107 799609063
147 234 447840156
195 82 362988179
223 68 178722193
1 80 335865450
11 45 21776942
181 192 931935138
182 147 396883408
227 122 106219125
251 41 10787303
18 236 225215710
181 82 136077443
36 276 559876576
214 251 425232796
158 251 569255375
107 13 883924819
300 194 142842610
290 127 993881508
49 53 946535229
225 56 924099521
127 73 210840308
136 5 221626489
78 40 383743017
206 5 711287167
101 162 898637617
75 20 62407030
93 72 899643275
55 61 79432501
214 109 121994054
195 85 336260361
267 211 191984033
275 47 193806838
63 176 789568929
231 81 342258486
297 181 30597699
66 7 190452019
147 152 548631090
121 206 889586402
273 171 610201362
178 65 669211446
138 32 77403956
171 58 59994602
260 120 458093530
88 103 126544610
273 99 195613343
72 164 382038749
242 10 422262000
183 182 311642057
184 155 44060428
45 32 271085044
42 222 64299075
197 92 192091884
151 103 171057256
280 242 237454558
241 215 102570956
83 38 370076772
232 31 102379033
231 213 199121015
240 148 444767921
67 244 108797452
10 285 85019025
37 233 7867616
120 83 481215470
75 114 589598812
132 107 527792478
40 189 326394167
111 172 175855897
243 155 329841461
9 94 825420908
229 160 125311951
233 221 898726035
157 257 75583467
225 129 568395202
94 255 835254767
205 139 2706773
34 178 118880914
200 40 713299585
96 282 60741139
256 43 472847632
15 271 846195843
265 203 599354464
251 112 501655272
170 36 745190152
223 181 648500007
89 86 154072097
114 171 659444674
27 71 92243565
111 218 997298746
102 174 131280288
133 240 938956111
128 257 529123665
291 207 986801976
214 128 24891363
18 102 272090944
24 191 170515881
220 56 247958651
45 82 830813421
209 244 947452439
106 45 927717164
46 230 597028503
8 57 933214759
172 99 687518318
148 64 788038997
210 81 803171999
153 104 420688441
233 75 643295096
236 171 589872877
256 131 826237720
194 237 265647117
109 34 528432346
264 41 313305602
22 212 72137700
91 111 11616615
40 73 171899796
38 277 54003599
278 262 517032826
25 197 220432148
101 152 403928779
172 98 917337815
288 206 449488600
33 169 234304540
186 243 505942003
137 85 398686614
152 124 789946086
247 213 951811362
197 242 54798323
274 266 199381971
222 66 511343023
300 290 495682972
66 29 227602629
165 114 156646850
56 299 68546744
158 188 650820628
123 39 396540204
108 37 108877468
122 285 356004510
96 259 633732775
267 180 384451493
41 231 434398382
212 296 901736910
40 212 167415775
141 267 839707874
184 176 400816313
12 299 157325003
67 158 281133739
34 31 531278823
243 179 277309433
170 197 34625012
162 237 764703394
143 200 532366041
204 291 787101552
79 132 468247170
4 15 81744898
116 78 173764996
18 196 91802605
8 230 935152736
282 224 463646414
215 93 876665610
78 254 538069698
172 148 943541649
12 104 320684091
116 234 973627522
237 237 675951389
234 104 78476318
281 173 577742514
186 232 135143795
121 213 106684670
286 127 273581563
47 257 725318668
44 128 43778016
44 191 688245571
34 58 121104404
208 47 887095092
148 280 387033947
165 261 925729619
130 146 341864902
24 18 461685914
194 3 267534793
208 49 794036549
175 144 658410928
42 187 393023970
64 220 637493580
267 179 860066926
210 26 142488905
256 191 363557217
226 72 762558114
127 148 274644331
241 41 68494985
285 300 168259333
285 226 817039776
164 20 810894314
233 83 617990686
164 50 64472764
89 259 678808290
46 215 391989932
14 192 781760203
128 19 835779250
10 11 660731742
195 295 382715593
127 31 874533119
255 194 884995038
268 178 102346920
5 42 500209521
169 130 113161580
110 227 33269746
293 241 38779989
195 68 766524507
297 77 383221917
190 271 8923363
83 150 437665393
253 156 32891638
90 175 335109716
61 180 834329557
82 48 243134438
113 209 704013265
110 201 433039605
298 147 45287924
205 195 815402552
173 85 811878475
136 219 55491376
180 171 363281031
118 260 398658105
233 72 779613284
89 153 423135683
178 265 8033591
142 74 778813291
98 124 222267690
121 28 321659684
273 200 590237368
199 87 115749038
274 267 67695108
204 136 36103319
8 68 123320591
44 208 829556443
126 85 973005160
117 279 586936485
59 76 710130408
148 197 109111435
132 221 872134187
251 171 8122025
289 144 954740343
248 47 744880778
167 106 566169397
209 149 252935756
51 275 48314293
262 143 656318271
247 253 215019998
54 101 64674694
241 284 578233966
79 234 715059936
55 274 383160331
298 222 93299829
127 140 244136535
76 48 320316435
231 150 39942509
275 112 968597403
297 110 32578056
95 215 306668508
140 207 260012091
106 37 187878876
293 92 206017902
24 141 529607923
152 267 899784962
138 42 292385961
273 25 684451010
133 51 901501621
188 48 235506982
143 142 691564797
250 281 83819203
92 138 136920740
167 183 858991431
268 258 57287971
42 161 329207489
255 299 240919383
215 23 897875759
25 207 348390909
297 94 101299456
79 236 224137749
127 237 781580482
29 28 204377971
20 247 207590153
102 266 26893710
24 60 608104823
213 14 342843673
247 281 551426695
5 57 978829101
165 105 446164647
73 235 133495034
121 61 347488771
254 142 53190650
225 161 438479548
77 15 856857014
239 38 395480025
13 2 101617190
85 248 267654470
231 4 283075578
283 169 196865783
129 293 97048417
263 165 527704630
33 119 572653623
234 43 368816135
82 171 627699949
247 161 259109387
171 173 444768288
160 9 278112388
182 239 804501091
259 222 77358011
141 50 197982603
10 12 243028968
291 96 994077586
113 82 508022780
199 163 139938350
248 161 474267063
34 31 266597387
173 242 859772996
260 123 510253286
103 134 344351007
113 26 513263509
116 87 297969472
283 129 45957668
268 241 367967801
99 192 144930363
100 139 643767775
262 224 554927357
101 148 980026298
248 108 891751773
33 262 573179358
92 74 368658483
200 189 80270270
71 171 88235698
90 190 965208391
190 288 80004482
204 140 912840272
78 101 870308795
86 253 102211042
36 200 886659401
108 233 28154962
117 76 456572088
99 275 664860676
220 45 601082399
170 187 259314840
112 76 147580780
245 32 258334919
268 161 918360671
162 247 394255424
255 282 250824875
208 141 145805959
121 257 276066034
160 107 154868608
36 79 932699505
186 300 655516391
277 163 543803418
56 107 595007301
26 126 600379462
97 39 819879960
172 45 233535093
146 252 733096633
105 125 596776641
138 284 193233599
198 71 455254129
2 256 471073928
44 285 910934090
213 40 707355448
114 66 773178273
227 214 831227711
286 85 836231156
78 282 527364359
62 86 785298635
54 276 66606071
152 173 36147341
81 226 37549
60 269 217591533
202 181 688906424
201 46 672317141
26 272 86184354
136 257 29796190
43 86 753977524
254 147 552017961
288 200 699983536
58 104 57775560
251 236 705577185
99 47 3937505
283 248 496659938
206 149 778751783
299 226 303108855
4 113 742127463
94 156 476826349
269 161 945334847
229 200 744429599
217 10 67344202
76 260 74365489
213 110 384051035
69 92 612367635
106 49 466670735
189 47 572654960
295 51 614064372
57 196 279646479
257 216 96765639
4 144 703236839
54 112 18182500
207 240 372717259
295 152 324427720
181 220 238389063
15 78 803507711
49 18 397133510
60 12 105450812
132 120 810772159
110 77 267075074
249 132 878893869
39 185 346212081
138 91 579321620
248 137 136316023
167 17 21132794
229 84 730431871
91 132 895481388
52 192 671906551
63 75 949318471
73 184 57059847
246 184 645498230
67 274 754030514
247 163 7549956
118 110 627905692
140 28 704181460
185 256 996228543
8 99 823234027
147 150 757852870
298 265 414149444
268 37 924286579
66 35 385029915
47 101 499616288
160 47 138744551
167 216 527648312
10 107 138238940
169 291 61421847
112 298 953221097
290 145 210770199
59 194 939519963
254 213 802758899
32 30 920078433
46 76 22888785
86 287 752369331
288 153 97907098
51 162 490785404
142 82 804653395
241 245 474975644
137 234 397233540
235 44 95849985
49 297 667627097
200 81 874657426
84 178 362439201
69 15 737519287
99 2 859963991
97 105 357679004
252 246 934845786
46 186 440209230
242 75 549519716
33 61 168113759
18 110 415173508
214 9 362469188
192 92 100063417
192 212 275056132
231 11 878708233
121 159 143700737
277 110 60788935
162 208 691394672
43 201 988739046
158 233 868624959
69 2 418056020
276 268 292307480
263 159 263974123
179 50 355944735
162 32 173104997
95 205 960845655
183 181 914984816
269 42 840175875
241 136 63910827
38 294 983423212
248 62 694563013
267 37 717473680
46 51 926812638
269 281 537535440
103 143 139677723
299 289 740687127
105 223 550759007
72 192 357255500
299 184 600385836
125 221 682186081
288 169 918253642
153 187 428794730
232 233 576278532
222 253 608252112
13 55 504804306
135 105 292126994
162 261 818953617
120 32 998589460
172 30 669912843
59 207 526695515
239 246 437562435
232 98 820569622
261 82 820540906
144 55 848934058
255 67 114210164
13 253 936957868
6 166 983055528
274 286 20004311
185 209 35463741
227 267 650893699
294 205 997201044
280 136 473981494
153 148 946192375
258 291 45679029
15 297 162493247
178 61 583796399
197 67 902791965
124 92 522755302
135 277 800941910
227 255 190253976
277 300 225393932
272 280 972099067
65 132 416713166
291 90 282998408
219 156 31723256
265 86 167692017
264 34 835548035
180 158 854244926
81 44 927404854
242 22 872424309
17 50 921031508
48 21 363305239
266 138 167298771
83 128 858585712
190 47 286100119
97 63 711535804
13 78 776883338
99 9 465198247
277 89 796484842
130 30 806206863
290 98 850290712
150 145 778453784
288 162 212161221
10 244 950121749
121 185 890530747
140 282 195881461
295 46 449970291
184 197 555589199
230 173 35493488
123 2 395657769
37 44 973819667
248 193 847889463
284 232 842482577
104 242 374312172
104 62 726376657
202 253 635431990
115 248 269170187
105 131 463139283
103 113 924100555
242 235 431975209
163 272 859187552
181 271 831801796
95 6 860606827
171 110 965417768
243 265 4820330
251 219 117430982
292 33 867301881
78 189 31316364
113 291 74672676
19 285 498888362
279 147 110170285
230 27 758809156
177 121 928291461
4 44 830778422
123 38 268908139
4 288 133211357
138 279 324602241
218 108 440534729
181 220 889114371
256 291 705834655
70 269 991386053
154 251 719588231
261 127 590847004
22 182 447644947
295 5 516810584
285 8 377236923
193 145 811839601
185 63 647337860
13 295 494354632
236 3 129506822
90 72 837285990
195 225 181912392
25 186 290155119
28 259 727653700
126 5 312342256
261 42 196524764
83 234 55181260
235 119 50580922
195 183 771589169
126 118 587845971
99 260 703272394
40 154 375522370
232 230 215921407
250 10 5277317
201 187 574368522
157 148 897135863
172 230 959307048
31 217 85484318
5 111 716202401
273 288 593092018
295 138 127020529
88 177 604341282
209 160 302191564
216 109 106385673
232 62 169601259
253 270 8648906
67 193 853281888
167 223 367856156
84 279 347193218
184 251 138164057
154 297 870275494
82 136 85846222
216 45 114272282
279 260 98225142
51 191 765358503
61 196 133047324
219 14 545300016
58 180 909814191
113 16 277170769
30 199 271475272
286 104 333090020
79 186 312771056
100 101 291073452
33 79 778885911
75 181 486518453
177 293 988339600
53 211 34001566
120 268 730295045
110 80 867737060
131 161 162530011
102 146 207765914
121 276 130465299
28 128 240002151
279 160 986051681
241 234 327515913
146 163 433996106
245 267 166657516
110 86 83814736
207 248 848291215
18 78 364829228
28 231 66560125
194 51 823759401
244 131 427305980
147 161 138955791
127 102 56933977
40 247 799115391
245 243 498547357
112 105 405562594
247 11 577458941
214 80 143923518
41 108 228947948
65 53 165622251
117 296 119233833
296 142 528339793
139 21 24342394
267 60 798792792
257 56 840030587
265 219 329540991
58 166 702651753
99 79 827099932
268 171 717931891
16 235 582913543
218 104 257542891
250 151 981822084
142 289 741802804
188 255 717517315
231 263 342961722
217 227 784793541
59 285 979343858
211 83 774903888
143 102 536302858
285 117 182617244
180 34 537606447
70 35 881092798
205 177 204548438
9 116 564907345
275 46 761284907
49 15 144744834
41 73 120849718
198 284 119574852
185 178 137360105
94 214 698120722
289 93 525028007
236 162 884799442
85 119 158291170
274 179 369845585
118 153 23288182
277 253 106133196
10 293 800437969
79 190 661370604
282 126 516031033
286 271 82351146
159 260 795760839
118 247 766319352
59 83 975848770
280 108 18668248
16 226 464811453
97 202 657240105
193 263 85780450
61 41 24743639
264 74 806582617
148 111 967600239
193 270 690413750
83 87 365145948
187 197 872889630
108 228 123225938
208 243 681062215
160 39 307683368
116 231 350582
65 43 27397222
256 58 918463547
24 205 105876957
62 98 140274526
164 232 251716964
211 118 325003712
93 226 518425939
82 185 54345581
48 44 956050820
215 211 182191202
96 28 680688345
69 283 965429202
167 58 404961159
23 171 229119008
201 34 86179939
216 245 447496009
128 37 288915986
266 170 481624470
47 217 342949265
218 131 530130475
71 278 981464902
267 98 574212536
221 264 114955993
79 286 276328216
86 238 43710249
24 154 487280745
184 281 479929333
269 298 997398302
238 96 573266218
2 13 367732800
29 136 381148629
82 102 640910926
170 22 917999589
14 152 170807927
29 237 539610464
78 13 128640517
122 196 115418149
7 165 165852947
8 154 186806842
278 208 134330655
77 236 748164642
258 17 3964443
183 186 424708317
72 200 562841068
298 280 499998057
213 57 469842869
230 231 624904216
278 237 401581732
24 296 281499886
166 273 460124293
72 102 320101780
165 59 990380896
59 241 602723234
275 64 272084785
95 113 274793764
151 26 507076773
271 7 603698203
286 36 749620091
218 112 89724386
55 277 49793659
99 100 702593412
78 16 724239570
125 74 460675762
110 101 829901578
294 195 2724942
210 97 666239967
182 67 506636225
136 104 934299161
26 73 967598072
263 179 793339800
173 277 398371351
184 54 530857366
5 231 47278639
67 40 224859839
296 34 478958385
37 295 457055981
156 176 334028199
280 11 734779255
140 88 60890879
163 50 593862958
162 223 646336134
12 106 390928540
177 163 818021070
168 281 235369661
206 276 62542746
243 12 426850440
23 167 835369515
274 147 596830877
28 38 460854616
206 201 664648766
15 114 815556040
49 126 763653497
240 54 85697059
61 273 94878839
221 231 621100414
167 173 519603078
106 247 604110444
273 220 86291442
201 299 47928880
217 257 161653532
34 271 368288845
73 71 918722522
21 62 343811928
80 122 690835700
170 95 37170030
184 261 861773302
13 118 326734201
256 142 61048220
150 43 357043671
81 11 423095079
212 44 549049
208 168 293290772
30 188 839732433
9 267 162927807
208 189 645730201
38 72 203198713
91 84 262183782
91 91 658054924
63 292 840159366
85 72 121868076
63 35 20346171
63 243 498633338
186 24 25415777
71 32 981357844
77 291 18887432
229 80 759104955
41 171 721613490
74 13 363039832
197 127 769675424
114 263 694481847
41 25 446596282
11 140 99340276
200 25 571436351
277 95 206696434
72 223 695956224
55 151 928902104
161 243 619823726
50 17 95455290
133 265 416845017
208 79 646069279
55 119 206223156
288 182 97855695
163 81 319290371
165 109 710259618
198 180 433691240
221 234 840348143
24 94 133429037
101 195 722601353
191 80 970952718
107 287 571158848
37 93 792571466
44 80 213085799
190 294 626302480
61 158 762669988
130 55 456062520
69 28 872851153
263 103 329689899
100 204 548192245
4 94 891398024
173 252 981499011
120 40 218009755
238 84 342493835
236 25 11840580
67 85 92453638
255 266 496062144
126 87 66105971
178 49 584003574
128 148 522095029
273 152 123319274
248 24 804521325
210 196 769319516
265 133 371420651
99 68 561196776
278 135 510454612
67 141 929453778
211 266 104401864
133 195 875647012
106 75 229134612
86 47 887466015
159 46 674110290
183 256 160226285
51 220 990901817
1 70 231739037
276 99 509040423
140 166 585475963
217 128 622140880
80 260 639369974
43 118 671885848
206 203 267880746
220 62 318752692
62 296 658517047
46 46 357699918
215 99 906278787
203 74 168610585
25 213 89665302
39 181 312988729
18 12 757203189
243 107 858828606
191 12 139960008
288 284 723916669
131 45 120252617
177 142 393254662
246 56 619376160
32 258 359813886
269 34 125022450
70 72 844455631
299 89 327547994
187 84 597430200
244 26 735753212
151 13 335015747
172 144 364295391
188 72 688851132
1 18 152101140
161 101 985784449
198 69 698941483
147 139 582080906
29 137 404827247
223 75 659066830
274 18 869201855
37 220 155629419
83 91 984585862
173 278 572137286
157 31 423467255
248 191 297370907
296 140 509942476
130 38 855879966
36 119 795655754
82 93 86473028
263 66 292193097
117 103 700259616
35 185 739621959
149 110 678016388
86 18 761213918
92 265 461107060
198 12 137509699
73 142 767960637
190 229 49431855
143 62 161987699
222 24 998025664
70 140 998331666
86 226 350437803
296 126 418639464
183 211 891787781
101 2 774500245
12 200 905077656
11 24 834977849
99 214 293765377
5 108 538783838
3 82 81616413
118 151 86432252
284 288 266409830
138 283 753618655
101 218 825228718
133 70 52190919
129 81 436908870
84 143 489325046
285 241 65319411
61 297 960547718
251 299 966515699
163 117 375416450
267 152 740025937
48 41 652482472
254 193 938286089
71 25 211167058
242 153 932232438
63 288 91508281
208 272 309471573
18 85 635554170
236 87 84260120
286 1 653615088
135 267 194467091
24 14 57253931
195 268 513131423
35 90 306403699
192 31 359054651
181 94 133710991
13 53 760317862
138 71 90189698
259 58 809593984
78 43 852663485
118 230 158346803
8 5 993053769
239 251 962919388
113 285 893172377
12 228 541036360
114 160 343420205
204 225 789648957
266 62 797558379
215 20 475179836
251 149 494061731
287 266 377104160
289 274 569365764
109 264 723329014
196 76 629796350
125 139 647418477
136 253 265976888
240 156 724463512
148 173 37382625
179 88 987772044
214 90 217440945
44 76 527488062
155 116 112380487
270 225 29372150
35 172 496627178
84 296 968032916
112 131 655160368
300 122 544236876
111 22 543063948
36 200 446863987
31 165 65230976
227 261 955861103
89 115 424584819
275 137 169488595
125 171 300975466
154 255 564734162
269 118 206833744
89 117 570694418
64 280 445965139
263 15 335236990
2 97 861173454
129 24 370352614
32 164 92394981
102 138 596666317
96 14 311528339
261 167 14261045
174 188 204799263
218 276 149119879
135 91 424202758
125 53 67430524
14 106 66575221
119 235 344110496
133 266 575008059
65 67 724164748
133 162 968436362
71 174 509482780
16 48 315336919
78 17 41159146
256 151 231186336
166 27 133515141
89 92 195009546
161 210 333416880
8 94 357114597
18 158 838171163
166 290 651107876
79 61 96900202
210 76 887765949
229 205 935571565
274 212 811011467
162 77 960050793
102 218 422959236
199 130 355877545
179 190 834191039
175 207 802811048
290 72 5887538
17 202 459981550
218 112 326837777
166 92 811255481
182 65 914870892
48 226 914403121
292 79 24766338
27 278 870084819
24 156 941952708
114 82 667894415
61 123 624591038
50 192 632995292
151 109 202589955
27 27 648711946
159 208 12520410
203 8 230234388
75 51 582852666
164 130 117901143
82 153 21313050
190 18 650202984
256 78 695258458
145 180 807587349
236 30 84089858
190 109 117564636
287 19 991066895
149 273 368124454
236 47 208788105
153 210 788533434
48 44 315754338
149 233 624641855
84 240 370523384
142 136 411802815
90 72 208461697
199 13 87337805
86 300 417235675
181 148 113026200
34 135 236596146
290 287 370260908
75 86 531588951
12 235 515049335
18 18 988536474
154 211 134190461
168 1 27457532
264 251 428476697
220 37 133443548
247 269 7394847
246 54 133081333
291 96 93355671
50 170 858635357
100 234 155266143
134 251 780934660
159 156 135932071
20 24 27845723
3 39 393281825
51 259 349805013
98 257 740998533
96 202 82470487
228 244 140558034
99 294 998761903
55 93 677869136
297 279 655037939
8 137 153308046
230 208 879449569
204 211 599473260
181 261 548200570
193 111 995383526
278 206 54048327
116 134 665823822
49 232 495938215
151 38 781013160
239 86 183581638
29 93 397212826
274 75 703580834
295 278 982659544
54 158 367958356
123 103 140404466
200 80 12425424
178 195 264586209
99 243 137726140
66 145 48029629
125 83 445730114
162 111 816794958
139 137 297156232
272 131 619692362
67 184 177685171
175 58 320939673
92 257 495487104
215 134 931281598
223 232 473913892
214 297 122145889
294 173 701330371
107 86 424054334
117 225 591109470
148 196 934461700
261 15 906100635
232 189 201710492
4 280 669191148
208 195 67623633
57 169 357799064
201 83 593204713
189 76 702337385
11 235 721295071
296 51 47290595
65 250 236421142
16 211 271346256
202 142 372540644
93 197 532925124
292 156 764925118
24 265 38159538
40 165 785321820
52 105 611990648
236 167 963896134
258 163 657833236
152 227 990958185
294 295 287996047
149 196 874115640
193 41 70256637
268 32 76938844
237 108 972927508
74 147 937169224
294 250 91809880
93 185 138179847
178 143 352849809
13 46 179445587
149 91 404945233
196 240 82933029
187 184 972668521
75 203 890826504
119 139 905030611
178 212 78112609
154 257 150760858
285 49 677829095
231 226 380612389
91 290 306401334
178 139 544133425
62 86 365154916
142 272 142006451
262 99 407613153
166 217 779416491
228 146 148092354
189 51 446446211
46 36 138985059
192 18 894637737
180 109 371237478
214 38 707226116
90 99 748148753
257 241 515604677
7 202 932366875
11 119 927890543
153 99 327619540
206 287 68723091
216 84 95527426
27 276 251245095
115 155 183693203
192 120 777350040
160 261 289677191
212 217 951091331
288 275 439293684
214 285 792594403
56 189 473573153
96 95 855309839
238 10 646114374
115 88 818783149
9 202 458961256
64 146 873050027
103 5 605182888
45 268 725547456
175 8 523633831
259 273 112087867
213 29 270326056
265 176 146440750
55 165 39394511
228 279 940688751
129 39 744961204
236 102 823449349
162 257 588412005
101 1 787997925
257 228 85295432
139 186 117704104
57 150 813114484
112 166 499146111
13 220 97038427
276 199 849802505
78 79 566232496
81 66 724988897
282 280 660970805
238 80 958822706
162 88 127184985
145 278 47802270
101 35 923334371
136 198 522321736
47 263 405106907
225 290 217804257
30 67 631713288
277 147 105795253
273 180 365616532
30 118 868876364
87 279 341122203
71 176 305987881
292 276 580593967
62 111 582750164
49 209 16446278
255 186 68560467
163 215 532297833
150 243 5135932
255 267 310524111
38 296 889390728
201 82 382250059
204 152 874397534
236 143 188569961
2 256 137881823
17 4 73995584
295 10 93949669
261 225 47546583
294 126 58567877
225 80 146969743
35 118 826239339
15 70 907715720
273 273 371100224
106 208 264195118
266 261 362851126
288 278 189389981
271 272 1434943
139 232 16790267
273 277 719685592
49 201 68432524
92 288 428647593
182 2 669207162
53 274 131233435
76 131 825746994
46 148 333341807
271 135 384251684
251 158 699955607
293 48 496497690
11 73 306175767
103 173 986642119
78 264 995904506
170 197 928386359
31 250 313821384
217 77 26607114
63 122 107829861
169 144 695371448
4 95 10711105
110 139 852831204
251 150 416761976
17 4 613587649
88 133 590277964
145 2 25588613
204 84 974718962
287 53 513801938
253 167 759549012
13 87 222294955
12 90 943946101
116 251 73421040
72 201 332542741
99 270 440996796
247 57 467215728
163 201 839847129
275 156 933130864
36 195 25784016
225 147 501102634
288 211 987395820
143 223 573947961
195 90 108198311
86 161 791677264
126 260 930560585
221 258 511490393
200 120 382887545
128 146 473138401
244 233 948580695
111 210 688337893
145 197 947723503
264 39 274625325
277 234 532270815
239 19 426007527
154 197 520081086
38 169 133111844
30 69 707894115
275 248 270016513
127 191 941681645
173 2 941724154
65 198 29693051
219 213 280399641
244 189 785273674
110 128 175285245
136 281 930460741
174 71 196829661
169 152 736575029
35 178 94576677
47 4 56481819
292 228 795558120
197 292 370457269
247 263 63542382
88 258 153794122
213 67 896894449
109 254 642069682
201 127 319880404
162 47 589300655
190 82 685734333
218 180 82319836
137 171 285186916
56 120 277640759
277 118 859921221
58 205 159169978
79 170 560174196
280 278 636425050
213 231 613036328
216 92 475636227
70 281 79602508
154 251 252500739
242 87 230979862
257 194 809280381
15 170 869611698
36 227 692373455
65 58 62839324
161 89 861327253
262 1 18297983
241 268 583097526
267 37 439784559
126 243 535452109
165 184 926581995
126 140 261248688
206 154 909909458
155 241 788623036
9 6 51183545
84 218 594485433
189 179 765631085
223 119 31984552
49 86 835362841
207 263 861500283
67 127 45233066
261 252 671748105
100 209 871202510
57 64 651001151
45 124 875346708
141 260 251897025
26 148 122109855
210 70 246505173
62 170 805751910
54 128 879452573
236 194 720107899
53 154 411214103
257 254 762051563
118 62 642231978
220 158 744128802
27 299 835614061
103 24 630531360
57 285 147178681
130 98 968653551
91 151 387256878
263 138 938440772
14 190 401303577
16 198 37093982
30 16 608237796
108 235 903358053
61 14 678671003
273 116 528662078
32 173 71478715
212 54 486589112
14 144 461872463
192 107 711345400
15 172 132757342
43 239 545340039
25 268 672812354
172 75 871208141
124 187 163357754
179 159 653674569
8 242 316784793
122 154 546677246
34 219 1620190
148 110 413582548
99 176 502672219
240 219 532619657
279 295 265476424
84 166 195990851
124 41 68291737
229 271 423025848
150 279 38208189
242 152 913533794
88 185 17656213
77 84 590348674
276 183 422568302
294 122 63102320
250 152 106593766
225 236 308764083
275 111 572971323
264 40 135435546
163 189 819786124
3 130 255050827
49 269 222786064
13 45 37380647
86 72 115212681
139 65 884006803
58 14 446652106
75 291 770928241
257 265 285592404
232 280 448969643
177 142 472283583
152 145 967286312
278 245 38204133
41 257 129108177
240 94 63646401
20 233 786941965
222 42 536647231
80 117 578238621
120 125 107706985
75 56 750893117
17 284 78306510
199 135 128155354
263 113 224038850
295 205 678580506
123 144 787161700
23 164 972350732
40 137 149766273
70 216 278518441
90 88 814854966
126 162 36779873
194 231 227212357
104 181 58454891
209 195 638074655
259 241 336341360
264 116 43152003
63 190 726235618
146 229 417082655
219 298 267377922
211 139 195533309
276 17 192173923
149 210 853753053
5 13 505070633
47 274 965929328
202 232 127049620
13 247 265023335
215 62 296013225
85 207 6961253
39 177 787031003
12 88 214461093
21 63 396958509
243 263 790449071
147 19 620722935
179 66 868451808
158 267 757674539
78 279 819487986
112 245 841053847
88 29 647239205
241 119 535293982
143 131 488769321
287 203 470003835
96 197 515777398
218 43 705818716
52 273 98582681
160 131 184660299
250 260 300392929
287 123 488932574
85 211 181547554
90 203 795320525
23 97 597629407
43 83 784007509
177 178 251661457
26 95 149311599
194 199 687061271
126 58 683356153
25 59 265245864
253 46 697753739
178 182 276893001
184 271 9624903
8 293 535496799
14 87 68969781
274 16 859518711
130 41 697592657
80 234 56430907
2 60 99452564
55 136 994397575
170 140 708237572
108 70 934542753
8 253 173068676
162 260 106592968
112 25 781434007
145 298 962562922
55 179 18273462
163 258 359417048
170 259 84576359
285 65 230928046
211 287 246348685
182 94 324803554
35 154 647840206
210 67 863295517
129 179 716282541
187 23 695841490
208 129 53633820
22 291 938971129
121 212 891431040
279 249 446886056
24 159 870582042
260 41 712789088
266 127 250400193
171 88 493040259
140 268 828722437
132 155 178932859
122 114 255706587
93 187 609152630
22 7 443185541
13 37 562290589
68 112 960865348
110 72 199663740
49 89 213228518
141 11 322112005
299 150 190456224
36 282 894662478
146 155 954842744
85 247 536754130
14 20 704846389
206 32 691179525
295 152 431714289
294 13 320283012
85 61 534205600
2 201 573838610
6 251 302477560
81 38 141437693
259 184 934044147
54 268 438963445
35 33 742650365
23 238 441568648
100 232 130087999
288 277 383823163
299 61 210530523
98 114 565642975
259 119 89684426
218 200 463893663
210 210 719719898
108 15 112869717
253 49 252495749
169 72 434299887
116 171 73089070
267 210 129728647
181 208 508915059
104 57 571360473
278 15 491693243
155 285 460369594
70 194 224568355
167 54 739132269
284 6 393331818
132 174 744529741
218 41 483905563
288 59 43173572
86 240 595133131
244 43 821473487
216 72 1065953
111 279 583871737
204 48 563844883
259 214 875029536
27 197 808905493
196 81 108123118
136 50 214251058
298 37 962410017
121 174 588939508
151 118 451853702
289 85 116795573
142 195 230998603
30 99 553323750
164 109 656007264
51 135 504435212
243 83 351103344
60 218 777795194
270 268 710116182
238 140 277794956
145 291 842262925
146 31 122364209
270 224 314824756
73 6 27497806
274 169 484951714
37 220 278835100
101 214 802479782
244 26 652931852
189 295 314096871
171 232 829148410
26 128 645735952
102 25 437849335
262 294 354038158
17 118 683206863
274 92 841716684
39 180 704597155
239 32 80753768
272 276 783342345
275 164 174097591
245 86 67945874
107 163 53826701
10 264 436110125
244 278 184108071
154 46 528819140
68 20 23567083
151 58 324359163
205 48 640663294
225 72 323582821
21 46 150912937
112 43 832769822
185 201 351981137
86 210 845777100
62 206 994070977
84 59 111687523
224 178 78640894
206 29 379882803
68 285 294248351
14 261 329250022
286 282 137819667
122 145 739086861
96 29 109683661
232 166 600378723
83 228 796505028
212 63 757133438
86 286 17987167
31 192 715750195
33 11 112568732
83 76 289196544
256 62 28975977
175 235 506004621
135 82 788228350
48 65 634506567
170 200 628433046
249 111 806632209
138 248 697923194
204 278 178389437
51 10 572390100
182 145 520588475
25 152 51600088
202 26 316337875
274 213 147571656
23 12 749798921
42 181 821313120
287 181 208701582
295 18 23651829
41 273 49837458
29 23 814624919
28 256 464778915
155 281 329549467
42 234 251788944
216 207 970584208
224 282 595618919
296 23 579788151
267 61 572113283
48 108 329727752
128 148 870618725
237 228 763052747
55 256 972114903
70 110 787001735
288 203 236689220
231 171 827181978
191 94 199224711
109 89 134807633
12 55 819912846
94 154 356139853
298 281 146444552
122 217 369216379
20 23 449361786
174 92 54952895
60 131 795138850
179 62 281224820
9 4 365815165
119 164 946192453
4 175 401218859
249 21 87079612
53 18 732459244
4 191 387195212
234 210 865912434
120 136 485906178
166 195 576725908
115 126 242676921
286 134 454343424
250 252 659860688
54 255 291533214
264 255 921474286
27 7 879411655
122 10 35964045
133 296 859216907
219 115 173801494
148 32 914203188
155 199 22143913
28 184 324805646
203 186 21413098
190 291 951806604
156 255 83382659
193 281 624797465
248 103 575011927
244 287 155758774
202 205 111367088
295 52 906855171
283 259 632329169
147 38 274046605
93 240 197822642
42 182 349849732
297 89 983863086
155 281 39458667
72 228 954128421
50 172 262551207
23 125 535672164
162 120 259397467
32 154 10453025
153 300 589064814
209 144 744543554
150 185 694298987
81 234 877347975
267 88 67681155
185 211 144710183
257 260 849431806
263 282 41062930
226 195 745921401
45 227 25694054
121 131 755041154
235 39 111284697
40 188 968354134
26 268 130572419
100 286 976289506
206 222 540368269
240 178 692787928
197 141 294339962
279 118 456391456
179 214 938313934
233 35 372436564
38 269 885322302
286 8 527310141
171 33 943217109
289 184 674455346
247 141 907967168
115 81 450397345
294 277 416813437
207 255 342887607
15 186 488017320
48 170 715171954
264 259 465932674
165 296 632326681
58 167 613685665
218 207 287357600
63 205 721023641
130 71 764426673
127 65 266998501
15 23 122318408
21 37 76307793
293 85 7177062
298 48 375000072
272 264 438545167
4 21 18682833
121 290 951018192
120 53 359324396
12 234 636486067
284 60 327807483
285 75 727628605
292 147 144857242
236 191 370323678
49 189 776464477
120 212 101118292
186 215 19078913
171 35 31112502
114 207 811674406
209 218 416215440
127 254 165651
161 290 980338477
166 33 552137876
259 268 203581166
188 68 354873006
164 187 619429717
207 124 482094332
219 46 261585218
273 159 392743624
130 120 449109542
169 246 47625995
72 107 307807836
48 24 646940768
275 34 993848935
41 273 60742102
46 188 222620340
15 94 65512463
146 65 165650361
63 89 769019519
239 218 939977038
280 139 167525336
26 210 926955542
61 9 503445317
180 284 41851902
266 76 912498974
119 173 596883713
158 187 491091706
72 84 171750922
32 199 817457510
203 137 92402228
140 168 117833218
75 245 41399779
168 57 695956739
36 236 633641974
237 201 58036649
162 19 29046474
274 228 313584812
232 299 393745996
253 83 236147946
63 285 528501582
142 176 277465501
111 251 678149345
289 170 890877301
279 206 562590136
253 194 392169488
53 56 587841106
78 81 77258033
290 12 778449083
285 17 857064617
230 131 82124153
63 24 393604729
63 186 959031679
59 174 262909600
59 204 103651105
46 156 228140799
233 261 401394006
190 38 367778086
74 27 323417450
256 63 440063018
25 44 682655948
77 158 701147523
5 220 760854608
235 278 755693333
35 88 381620436
91 133 124794244
289 117 43251404
294 6 871071093
132 79 69321772
33 87 31749434
250 111 847018378
49 187 896146535
171 244 456599407
178 230 206526336
162 264 36804624
297 55 215057108
92 95 280936925
147 141 674801530
240 272 178941661
111 4 719290047
96 5 5427657
125 53 971994995
260 223 12596790
118 152 86264720
5 13 308424735
280 61 930211589
88 153 737315136
64 51 426096676
45 290 69366999
105 152 990543554
251 248 629689358
259 72 374493062
206 83 73585836
95 252 487822287
266 257 77928451
101 236 225524763
41 75 55405467
76 138 463338318
3 183 172910759
201 287 400928211
206 290 884172810
215 248 469662933
276 205 53545116
11 300 649967819
197 17 760424675
199 117 979269363
262 158 669042637
228 285 815714127
245 40 94085361
4 240 830581647
266 198 302042088
175 112 808861636
259 88 880584340
126 98 529806991
245 47 842794308
71 297 980487376
133 258 873097785
22 238 110457022
48 234 118661761
8 289 967079000
6 254 203801349
294 180 753485461
281 139 843140748
172 16 398869397
115 260 908493695
74 31 449942092
149 215 101255701
186 236 65323638
207 35 510516924
267 94 904713612
18 152 353874618
267 197 889656397
27 229 686754587
226 100 798714303
274 266 728019714
69 39 235095496
212 240 299211011
12 125 294441598
102 31 36501385
125 297 619475730
188 14 873946281
205 280 806987829
154 58 374945657
292 283 163436809
94 257 702268274
260 77 539267065
155 288 802404204
17 51 217293828
115 152 894392958
51 28 804879706
80 216 63316719
13 172 578538051
141 25 104029160
250 17 630414443
158 162 114112351
83 121 611100227
47 28 276352866
2 44 358609616
29 158 775710468
138 260 743205047
295 40 313290614
166 52 839841786
16 244 65031310
275 193 380646478
269 102 585401592
271 185 407316364
297 283 81486291
62 285 759638735
230 65 588731644
197 255 605266404
295 249 281235095
9 114 638067646
194 181 40300941
155 208 157847934
185 176 859178135
76 147 699076171
139 195 216809106
282 9 214781142
168 238 762802458
211 186 755266012
266 180 702084213
60 240 814057426
257 185 227272759
98 40 340726666
183 276 637349941
69 51 936287639
140 241 996123634
297 274 798243494
138 141 996224131
147 104 923325068
111 121 470234999
23 181 950244539
100 189 55711823
58 38 704184514
223 220 276309089
16 289 210003491
254 180 912584084
139 176 465537157
84 65 333534150
214 211 252790353
33 21 533604873
32 95 457212805
22 195 514198146
144 4 892345483
58 227 602019103
298 242 207429843
41 247 555137522
24 138 714467597
32 221 605233913
181 187 137722575
133 219 67199596
258 2 653298242
14 23 5043236
259 219 54740040
242 276 143115318
196 25 907519011
138 65 136755109
11 88 826947246
7 172 628855267
171 52 243736005
245 237 889881823
92 194 595076777
34 259 604532699
221 218 678994117
112 211 522645544
229 158 264312421
91 47 261481885
200 57 131770725
145 115 340716096
63 285 74368499
167 229 733001935
242 21 555253980
18 54 998337439
168 26 428966808
237 138 886971218
32 118 531918827
152 209 866206773
37 160 297488929
113 56 392749243
8 119 757221627
6 37 381145007
293 278 479202627
172 47 409725432
10 215 30273010
169 203 543069047
238 234 648777916
164 86 402402276
136 174 940697235
216 286 943126391
58 45 38545009
236 102 175721797
43 94 539505875
221 266 282523073
205 27 156789739
214 248 693816341
112 185 268764775
127 49 145947460
103 236 291878985
237 152 133297370
179 261 715951414
239 249 114209615
36 43 913590261
162 263 816830978
34 219 674785556
173 132 916420803
213 243 281224288
239 70 153631188
50 224 547331923
34 212 612331774
3 91 446412687
68 81 954279935
235 116 369594877
247 277 24076491
224 11 327450210
279 235 162505393
34 147 219794736
221 138 853128857
208 187 612393680
182 221 143319143
256 275 683998933
94 95 830527114
128 81 758625481
256 27 7799910
46 250 8057120
107 280 473735906
300 65 393619904
135 285 888990241
143 244 958310728
74 178 745976700
216 133 385285526
149 278 444704972
214 105 38444652
146 60 932611178
55 157 796551879
26 264 305052311
231 15 374533275
35 201 138735412
275 43 751289907
154 116 759528684
5 31 628299868
183 231 804016145
154 196 93473801
206 42 13751360
35 148 146474369
166 174 966576684
28 104 636563698
202 138 81262850
165 165 448770292
72 70 909028759
207 127 752841041
175 9 516722424
119 214 31200019
220 171 759932012
131 258 858201960
251 123 39099685
34 202 71328388
183 155 53540678
232 20 874726794
75 143 345713815
33 49 212478441
126 275 565338901
149 146 996483815
119 65 396874185
183 247 551637542
42 250 109842116
126 35 376540217
65 218 578781472
142 201 707817643
187 276 662422285
2 60 907156785
294 185 217804660
295 33 250898405
209 152 99911821
45 86 631112619
139 179 990975168
54 4 998592503
223 120 143044672
246 14 653078172
288 200 829979647
224 253 287810559
208 247 74379243
219 241 411440828
23 201 330195331
295 297 443091116
214 135 460846494
133 189 422561149
35 163 399563468
206 108 150426833
278 95 844845333
76 70 386081837
234 277 281582083
29 196 801717675
156 270 90456075
186 265 102220524
1 230 683615858
46 62 649516898
94 97 376463860
261 54 148270919
246 83 967723013
78 211 54791482
266 144 316633111
49 224 971052558
175 79 121464579
202 16 15264643
225 68 841114424
82 113 884956386
180 206 850415734
191 219 880537139
10 164 775882422
274 293 71463932
8 258 55092227
18 58 653662903
27 233 426100433
5 134 702600149
300 58 631285868
223 191 967971381
260 70 840250538
145 13 647686808
84 22 540707023
157 295 216672867
140 54 61666177
18 123 209785386
120 149 610231818
105 154 911010603
53 205 361825912
172 127 646293603
104 139 266446924
242 283 598749736
101 118 791472957
176 26 517372304
294 217 831239257
70 235 902223280
256 106 553893280
125 210 55197485
128 14 273916889
239 186 51165916
293 41 829450006
117 34 606668540
252 135 115875010
161 62 132951835
116 55 434395652
124 125 927815038
203 132 266872895
235 256 25153305
119 135 462805470
208 126 358598907
175 118 533021348
280 286 678839681
119 238 296257067
180 150 925980528
215 265 489715635
218 88 196612211
155 43 256455642
249 277 984510449
5 147 291787236
127 54 687595561
185 228 523261730
232 259 65232668
65 130 59741757
83 9 150778306
163 275 560747322
297 192 120888061
7 98 733423803
148 47 657280531
48 103 95139378
83 281 173433583
295 166 943329063
77 97 86792173
144 213 357975102
200 296 577785563
105 158 26659037
26 154 991507529
86 212 105178778
241 111 76996624
123 158 342179779
152 293 511017359
287 287 794624624
49 63 578539273
121 206 394117337
75 105 685099532
37 261 935015441
273 38 781064346
153 176 419858457
131 168 960369767
206 290 239625077
136 194 696895269
47 180 724808607
122 228 994110470
294 100 275066227
131 174 774901284
14 210 644393944
107 235 149324234
52 139 705547509
261 21 751520276
279 279 944523065
155 114 84727958
75 160 198084889
282 282 522890216
3 27 850968816
281 209 392812141
64 275 21173051
160 81 320259637
293 184 281579427
1 144 157794848
228 123 730935226
144 29 195696691
254 104 63096603
242 137 980275936
158 191 378290314
225 171 798740723
165 287 484275749
67 146 664878129
255 190 826644912
282 190 241950908
81 169 18649530
106 12 101398558
48 265 39609613
202 207 705574949
37 116 798437739
251 92 593264210
125 256 717471996
273 75 667971393
253 81 741570282
116 62 496332523
123 194 683778391
252 51 100947302
162 99 685083567
174 300 486788425
23 89 176435740
113 39 310027031
22 215 280374438
269 187 961167364
113 191 672665445
94 6 548964458
16 181 747859252
106 184 852801402
260 45 912003952
78 219 136047152
102 293 62755992
241 105 512871730
223 179 842684144
212 199 536468982
276 12 111620724
172 105 542267929
181 173 775394209
32 30 829649093
286 289 658947489
89 66 450382659
192 219 909529551
83 211 539858608
12 133 934634038
207 45 811327836
40 72 542944099
63 243 18536756
144 175 734438328
104 259 226943557
196 244 449516098
137 84 87239515
295 276 626902234
198 58 97456344
257 122 661445229
194 80 599243325
81 120 872017996
280 234 857467390
35 77 104555964
262 181 66175674
270 128 890095217
267 16 45867601
82 11 522056328
167 208 676384685
110 216 579273458
238 109 220890438
214 189 842737309
261 220 703918442
250 6 51734471
166 19 661579603
39 289 215619282
208 7 372800998
160 140 583507408
139 6 462300767
123 116 549039682
33 105 630874542
270 71 519133182
130 31 756759702
171 33 67323559
93 198 480230378
195 288 74940066
177 247 6001424
174 158 655621264
233 296 355734521
251 171 351281188
184 203 156222845
225 224 369802815
206 53 716555445
159 223 906464477
118 68 896602226
95 262 753144366
112 190 218702464
187 115 339144122
50 99 341558369
23 49 49813539
110 232 895699441
54 156 952622864
68 114 63321116
113 272 784228991
241 141 19597310
267 235 725972971
32 98 676524313
147 285 539019627
68 86 601999026
37 108 180279626
227 218 970384758
20 271 308221665
35 91 860407178
103 203 88733702
93 143 208008442
202 161 698461777
24 244 192582826
88 91 991340310
215 210 455388196
192 298 940461003
217 225 650356272
226 244 36264143
91 278 25536485
68 80 777179687
69 224 755207281
211 177 856221494
39 253 980850337
264 40 52828979
226 6 558785189
221 197 692793686
75 166 357184362
147 91 595140305
241 181 916833435
125 249 385584866
263 69 785623590
295 31 841579618
188 69 426909570
77 85 70654110
107 10 16865567
47 282 162510264
233 56 392900529
146 254 678421119
251 246 179810052
137 122 52441800
102 136 942599120
43 131 353257751
161 70 687912171
282 198 286628855
143 5 993264464
10 51 115723545
73 35 446983453
53 181 637400458
123 183 723238704
74 19 435067377
25 172 697549813
45 215 118409643
147 75 258901064
17 108 99874414
24 251 841642318
39 260 600539020
36 84 69358207
88 136 605284239
197 10 803457421
200 84 285743891
129 108 585212162
141 204 192518528
35 50 96726254
119 50
263 62
12 142
180 180
252 23
106 215
54 110
148 293
2 251
202 120
110 137
297 30
222 23
151 200
2 256
6 104
217 120
261 268
200 228
2 192
159 203
12 159
151 264
266 211
30 205
93 168
249 191
213 89
289 223
178 115
271 290
109 235
255 187
167 121
64 206
108 168
27 274
238 171
81 229
185 203
122 162
52 278
66 123
45 16
131 106
95 222
209 153
39 255
127 215
120 257
125 243
216 279
149 151
131 153
108 281
142 16
293 229
51 193
260 110
216 95
69 142
294 62
69 29
243 85
41 195
189 62
92 217
119 105
9 292
272 250
265 116
45 165
109 9
170 147
242 68
210 137
199 62
90 255
39 267
213 84
197 132
48 102
206 288
279 167
116 214
82 2
218 132
192 178
24 26
93 113
250 17
78 54
61 148
166 219
2 99
282 78
231 250
237 30
196 188
154 267
20 63
246 235
112 237
262 137
249 187
204 107
212 198
97 33
4 272
71 14
92 57
7 104
133 74
262 243
262 80
142 167
101 281
218 87
275 264
150 231
37 224
173 53
138 249
272 22
35 141
197 42
146 178
252 203
198 30
110 265
131 211
191 3
90 283
246 160
91 64
39 95
200 179
179 264
285 37
229 151
244 71
249 125
80 141
223 252
268 277
187 32
34 98
132 129
41 175
239 77
223 183
113 29
44 174
262 292
194 80
151 190
67 189
82 151
154 146
174 4
35 121
270 112
292 120
295 101
229 32
266 285
65 203
77 79
70 109
188 90
32 15
203 38
240 98
295 284
287 93
213 220
31 73
193 182
34 74
158 239
223 262
165 123
201 39
147 293
82 22
36 35
124 113
262 291
26 64
208 256
175 65
137 121
54 257
83 81
71 88
101 240
62 45
84 17
61 263
36 230
16 195
7 124
114 192
255 21
276 139
255 162
34 203
211 92
224 140
279 293
232 295
39 79
148 46
60 122
104 208
154 95
218 119
10 161
181 83
274 16
230 208
162 228
71 15
154 73
117 295
41 132
263 49
146 131
5 162
121 205
51 108
278 275
135 21
103 40
107 67
26 76
4 88
103 188
12 126
120 8
140 128
228 212
43 154
15 73
29 47
206 135
109 132
152 183
274 295
113 254
82 81
168 139
78 137
262 22
30 141
268 134
45 221
74 248
20 87
133 140
274 101
232 38
273 135
129 83
88 246
78 294
132 221
109 298
71 261
101 71
256 100
72 120
67 300
139 145
284 139
239 23
113 10
144 222
56 85
82 24
17 195
116 212
209 148
160 224
46 279
131 12
132 1
53 202
99 250
88 191
213 134
143 78
299 25
161 38
62 106
1 243
154 78
278 168
143 114
92 137
