300 5000 300
274 90 807636828
192 94 77555644
56 202 486909684
287 229 794580736
114 71 38023556
14 191 636140542
110 17 967481524
120 79 947222746
27 61 977589318
270 77 951157109
30 102 337053050
109 293 173286944
152 49 955829797
236 87 51739426
223 201 509409148
278 214 733049639
271 75 696836507
94 195 195548938
191 273 322427698
208 242 728017474
169 271 120884975
218 80 629798520
61 283 344079820
210 218 655807806
235 193 687669658
134 170 929449971
172 193 602040698
31 38 5790044
268 229 465585316
265 188 169124557
91 56 85934380
17 274 171135259
236 86 207315541
7 295 681384911
165 281 387924103
222 115 217473024
245 38 806172216
42 68 974019554
85 35 520754134
152 52 571448921
108 142 929777377
87 158 932792550
197 146 458814087
238 152 758639082
300 68 441556014
202 290 311941328
77 286 807877366
145 79 478716985
250 215 814976420
283 66 844116071
203 173 146669764
179 12 991006121
180 208 711956366
19 197 506116670
100 196 29294837
265 149 821676878
193 226 665229115
210 70 309475893
294 19 612723607
165 1 40557572
87 255 614618697
150 186 420841360
123 117 777844467
188 135 450492616
209 286 415138011
298 251 764737460
127 195 569280337
242 104 782422506
186 149 935732576
293 66 697448328
216 152 639018682
64 54 395253719
223 176 46429636
42 115 903876870
57 24 431267208
19 73 365123958
130 199 722421152
166 192 163552507
23 78 167235007
198 122 548445072
177 89 3815124
111 153 385047629
229 127 978116004
164 220 200009318
286 28 409360593
93 99 635464665
202 228 552514764
205 146 678256355
11 168 174681684
17 118 801998005
141 294 305795594
116 104 153209498
144 85 765081076
47 248 919254796
116 285 771255975
209 129 883706273
73 30 873859501
188 234 16028698
195 296 387603665
278 65 481866034
183 205 143747780
228 20 12267583
125 163 40228219
252 261 716510267
299 76 355056003
74 36 682099932
246 109 915282361
98 48 482057147
95 242 545976794
12 220 421759958
45 154 362884414
124 81 520648933
59 257 985133847
77 208 881938807
95 207 116105835
98 32 244479170
229 277 755039830
141 127 200302578
39 273 111040119
233 284 514450490
242 81 212531695
156 256 658562975
140 14 563302883
287 143 986799791
145 237 405857549
131 86 739215780
101 66 723097108
282 207 83877386
159 297 985068959
30 281 519308194
171 223 168461126
166 130 223759182
292 269 549986295
75 7 39887037
117 152 262488026
117 282 720328911
96 134 948025977
155 116 713377935
93 26 350958283
3 55 554227464
196 278 597461786
222 143 696062015
203 134 223193435
249 260 311473542
138 76 695357493
15 192 195983826
277 39 57831712
253 194 183424627
239 38 478097852
222 40 905407859
237 235 979805136
122 208 913821378
188 162 71052263
222 163 162284323
263 300 26833698
207 66 775590642
185 42 295254580
296 47 13955325
222 285 15570262
225 258 137684701
283 194 752123188
70 67 27346847
299 6 334598509
62 280 928897171
136 242 702646222
285 201 918333687
26 85 1321180
158 132 47118326
182 105 621619411
296 29 780815420
96 64 226417466
235 133 555887332
282 184 22836090
190 297 145424469
12 132 87642362
185 116 544847262
123 194 418055698
102 51 912583029
128 284 64370233
190 279 204031514
209 127 236974729
174 61 143005013
258 42 688460096
47 283 796908592
115 294 630634823
176 230 921505191
190 52 592593984
287 154 644188486
268 281 237727669
52 222 93814500
217 130 497617326
145 4 53775686
258 13 789636428
253 59 892314410
297 173 143223156
119 100 245008885
161 289 968521637
44 28 167598942
81 295 36842774
50 98 50388895
49 15 989052724
226 159 931768079
111 168 286938643
90 121 372367801
52 117 38512725
7 287 520499425
243 148 68207865
231 243 247177392
72 76 822507386
297 125 416117136
91 225 527005450
67 150 97179760
97 12 417128728
140 154 27828800
292 205 726188568
17 263 142842854
193 205 904329553
57 188 603242648
249 259 883770623
186 8 836157499
221 150 554217775
22 216 535568776
34 65 686502539
161 256 796655492
212 247 610858396
79 15 124850758
284 259 436157815
89 68 513301202
188 68 376396212
62 253 62285619
60 226 326391021
86 299 305248788
13 32 783143352
251 192 752046059
95 155 731808358
90 233 613459324
100 269 917498383
66 57 417166102
219 244 654607169
30 5 157361673
201 116 489030398
221 253 881651497
260 265 284921080
12 267 263451524
122 61 697587978
179 203 166035363
3 54 811636531
137 119 243753739
38 37 65629634
58 118 13551190
30 70 923675905
280 42 907770609
176 2 648887725
207 65 833529791
130 186 963385004
208 65 796795406
270 119 16160811
300 7 352606329
190 96 876982217
23 153 113168334
212 234 680999356
216 213 201833597
276 140 833436198
300 47 63983214
42 176 940488000
197 83 899791616
202 104 555353386
12 155 824671692
292 44 829945339
8 66 373265143
194 277 611992776
201 244 887674989
197 219 934479628
247 270 37327774
60 12 459670950
111 208 751613484
226 162 226674388
211 225 549006542
254 269 962363686
92 28 384891803
186 221 125109380
162 173 811725023
50 70 205025694
129 68 101382763
203 179 39358726
204 290 982338586
287 215 579634099
226 178 847406075
20 131 138260843
157 275 181696971
59 212 943399143
238 73 104366716
113 174 718949637
258 3 620584104
72 257 725769682
250 160 974994371
35 198 120566138
85 176 865322015
111 195 738966397
54 51 571444623
76 109 736021835
18 99 697207159
185 211 490159233
121 168 754390387
176 239 674712043
110 188 415827854
280 274 729351303
169 110 841956778
235 221 155167172
184 26 483862522
106 101 65450983
292 170 172525581
3 55 469327691
135 175 865915710
73 51 463672400
215 160 154472840
20 191 920655613
22 112 899403875
252 46 85607347
23 229 617526872
197 87 529375772
179 130 617069541
259 132 984974895
1 18 204557822
210 90 896402424
109 4 638794735
248 75 259245477
113 149 878320788
139 100 66375386
85 174 709859314
56 70 937766252
179 300 633601682
171 258 199605465
166 258 273420483
139 219 461953472
162 80 292432828
148 79 180686402
24 243 708581850
12 81 570592301
97 165 69368575
162 272 393805896
66 150 756838896
47 21 183509505
211 238 143145415
145 128 501662333
117 41 427765364
144 188 370894643
245 211 956738485
247 274 937217118
47 122 545421534
73 284 398878606
169 101 731996807
16 147 161845679
120 109 673400116
234 254 28766995
267 70 419316035
182 265 336358322
124 261 891655685
61 207 111012558
130 6 765837032
63 130 713472067
268 50 744200267
127 65 344139665
5 185 860379373
173 118 271372578
167 136 186556399
202 18 898363663
123 193 292513476
59 253 225071334
269 82 119145891
300 145 44105721
118 164 246273070
284 42 482486835
48 47 936256519
272 219 603243888
202 85 132594924
200 38 804591341
215 213 842644133
190 271 56008138
123 291 381900471
114 290 365742667
286 107 258929683
155 142 793458324
141 189 131174270
11 213 650510340
299 114 527717177
174 13 34627166
66 279 655082278
98 220 133254549
187 43 137705591
58 208 876723381
124 193 621329039
106 99 115722833
182 292 999011721
3 2 541640485
95 52 309948998
271 225 195526363
236 290 96736241
166 140 11124813
66 26 606214355
256 135 558699814
136 11 60170558
227 168 356899656
159 49 636406647
31 52 687464401
116 146 260800452
65 168 194042429
79 155 439265318
72 20 396662309
284 85 269725187
238 41 440354421
203 228 126809031
60 206 440535051
15 116 469958099
14 147 903801502
14 14 392575599
117 130 463997566
145 209 5210921
215 280 523814292
123 263 300545877
109 252 178143969
282 154 180815596
164 213 634922502
214 279 656187517
65 44 96138715
266 109 496416580
65 226 166970110
82 122 8358370
254 36 264801249
146 159 652456263
174 19 925021414
242 300 346229219
237 164 123733883
190 129 466951413
259 193 12288457
173 159 299725765
205 275 442580142
14 56 782377664
83 62 610899999
183 207 177325809
245 80 898863928
10 73 920901479
280 9 370247494
162 251 687437023
74 209 194944515
82 133 649087825
147 37 589926199
240 102 186489907
103 184 443989868
54 118 738756726
162 62 371336357
41 71 519872729
272 50 217697789
65 263 99734039
287 89 527201699
154 170 743723132
178 68 950747620
229 8 462728922
35 110 140541757
254 215 248987375
79 77 293038388
35 169 197716211
115 140 161766412
203 205 308922875
242 243 958653363
240 96 975762684
123 274 807460252
95 202 601358911
116 288 287319972
124 241 328759787
250 71 903004163
138 157 466466083
148 271 235014323
259 173 283929079
33 166 448131021
247 158 775081017
83 280 913866890
286 126 159447543
196 293 845796530
267 117 121936422
253 66 874107592
67 203 178679100
50 50 850490970
224 61 959757342
2 145 311244960
22 92 727122817
190 226 656146748
279 211 49064374
73 106 221120966
154 124 165374634
175 129 278296400
18 195 557957354
17 296 349557356
38 219 814862816
232 272 115312960
291 46 62077503
207 235 630919128
154 266 334330790
279 38 68638695
97 192 678711871
30 118 788277399
29 188 5372145
283 256 943945841
90 294 544045511
205 225 237083883
164 267 323708328
19 173 578999862
98 78 769341727
88 109 906697817
234 205 836864660
204 234 534295029
54 263 873096516
99 297 736980924
139 86 123922869
149 42 993679693
183 257 215045411
210 275 957593783
224 125 435020612
202 212 843873920
218 145 110307376
229 101 694662910
58 154 580269624
125 252 325084872
148 142 278666009
216 43 255875850
260 225 77060058
270 187 99263433
204 110 363470509
268 63 646463020
139 33 574428716
215 261 826079468
224 70 189692674
247 195 818124125
70 94 212868719
278 62 212939261
227 73 907935985
184 43 474083571
168 298 342898232
276 17 136238047
47 156 908284479
15 70 200934891
82 45 695967961
55 43 118996555
32 112 912034300
150 89 493971361
62 67 563520134
146 2 335726028
169 222 620699177
300 249 853460194
246 296 730399349
276 62 214340370
267 195 147429814
27 2 814970008
33 85 837013119
184 286 197257859
45 47 151580077
30 192 924523478
109 60 320384199
185 112 702632748
278 109 570248495
278 85 350176508
99 51 15979902
264 129 609867703
171 161 802480387
241 96 806686672
99 140 835425818
127 221 649150162
105 29 869426921
55 214 396703384
202 243 662184893
148 273 426672277
155 71 743616779
109 35 456470007
11 257 389261219
50 198 454024714
73 48 997248206
143 175 582451826
104 279 250394307
176 33 916742120
60 287 992504514
104 186 355564486
180 93 72778757
110 201 996609843
116 263 89511399
86 64 41012896
151 137 753404896
56 31 673234770
234 186 430058700
140 61 344260884
11 172 970990422
124 275 880495808
262 206 127986252
170 67 24408952
112 182 884664314
62 19 216265430
210 170 120866266
105 277 843958048
226 210 329658233
77 101 152426445
260 111 708966069
234 287 661461995
93 248 289102853
44 169 335505419
195 32 109656053
60 93 815971
289 54 168042592
106 158 756067769
5 135 52376030
37 211 454845331
234 223 732734141
2 156 583579679
96 248 510430078
148 43 438580446
19 237 69673329
71 48 788187422
141 37 45201027
133 194 36569985
153 199 845594471
82 287 49816834
112 220 993497956
5 221 352660963
183 69 7801662
61 268 86906304
158 286 614383840
287 108 32447639
260 249 999814075
286 133 47414821
222 285 166691571
293 66 687302557
26 178 614190577
33 182 508838049
195 116 32706969
56 176 474900189
259 86 170923126
98 72 230431834
36 31 654242282
63 16 315429766
35 238 265029350
205 282 260449767
61 59 51503644
189 91 928474177
290 285 474941045
158 40 348817972
46 298 841201757
24 147 21765728
57 234 383730010
38 48 119779278
255 82 118999867
104 38 79502600
70 151 198587958
266 39 322270248
94 28 803210432
38 238 649210171
262 35 799692120
218 58 16523766
298 114 37185451
107 203 8974899
36 157 684339632
254 12 229971222
153 134 480655872
110 99 903100510
157 244 711175890
188 34 937588979
10 295 57239965
129 212 388535623
146 261 866940488
149 120 146696843
199 155 690718099
30 109 321582663
3 261 594707596
74 71 266629246
236 279 265821789
125 167 919742622
55 228 429726068
19 57 931941180
93 254 5702740
281 102 34740759
123 52 991350866
173 134 142016574
235 136 271273186
130 210 725192308
175 145 826044187
216 21 229555605
289 127 584936732
57 145 544396040
88 238 124457294
79 270 67338647
190 92 234531351
155 264 457858684
280 251 819808219
117 132 801035828
25 59 9674724
263 274 156900796
67 262 180303022
98 70 137121367
238 157 120924156
83 288 146135525
81 177 359452316
131 83 156625331
66 114 6720881
85 230 209479265
64 6 326497023
188 268 476112296
83 34 283100409
105 184 177187431
23 173 90314539
178 255 880700826
2 87 288119754
269 270 451405836
199 35 70124701
132 119 710516831
196 235 655323588
18 122 25556456
165 256 755803741
25 112 431002176
255 134 743031448
94 63 521381554
219 64 833391141
273 84 618624262
160 283 629906896
161 166 392079967
143 113 706179301
130 182 434395974
137 46 733630781
230 70 931670393
205 77 870668878
53 170 671550393
258 140 627934108
250 164 951788692
211 24 652255826
259 236 736056391
125 78 117702355
277 259 418658036
2 96 967552081
282 77 752517602
126 281 98225678
156 85 947507199
248 43 328546639
155 292 381980102
198 255 411729777
223 213 635404012
165 89 616035989
219 65 861465648
154 66 249765795
186 99 536740171
40 225 5907303
269 132 400298640
68 79 241295734
58 285 214806077
211 235 939453931
88 157 897662543
199 74 186544583
140 44 807246647
39 198 751713764
33 135 753576715
155 174 744505891
9 195 447686522
248 14 387185352
281 71 190936488
58 281 810728622
88 120 751333931
83 19 601325156
165 210 625888299
64 248 96197748
79 32 979805583
193 186 734262108
35 194 457793002
256 194 950421815
59 174 393211537
199 231 168142270
220 71 686943789
202 205 437536459
9 121 35956268
108 236 48701567
155 15 873021798
37 259 750689835
197 294 687612981
198 1 84089874
265 60 33932599
153 10 899430882
22 229 472555004
63 183 650967508
173 191 326245680
193 298 453119816
159 205 635820030
209 293 332955740
195 189 584000133
127 139 394188786
252 103 298190697
251 7 339458706
284 81 181237786
87 143 574861868
146 67 826688811
25 259 710090560
140 170 321264864
21 78 492533657
161 24 958159045
45 151 28450383
230 102 506345837
226 104 785056944
231 87 885242324
217 225 346362118
136 70 605952784
246 95 405003295
158 286 939698864
221 7 788093993
29 167 700878516
26 211 70698118
160 193 981642672
149 118 320161127
92 101 133168014
167 69 450767390
136 204 218894060
171 202 468826406
165 59 801167891
28 31 704254897
72 60 363559515
88 137 363081878
57 296 97010770
128 144 716053239
107 287 559667991
172 205 956576459
161 40 186673215
220 211 224130716
177 127 484072226
68 155 435246256
16 278 275219167
131 65 962150003
260 174 229521851
281 53 583680546
171 159 809683033
162 30 350320689
220 191 846922929
286 162 462991591
201 39 751013617
226 106 503204223
34 121 507657401
252 3 317768017
255 14 4234190
57 294 253731295
2 165 681387753
286 78 125404283
175 49 36548273
155 35 338746486
97 235 795792624
165 213 61370929
88 246 544769002
40 197 609546356
108 203 618784870
50 11 522011663
44 65 740312679
196 50 980839556
130 276 52685105
254 182 142522539
240 278 326998925
263 195 237670137
144 282 14815134
197 73 933653083
252 180 808850337
21 229 869928748
136 24 405601564
114 220 373035465
222 49 122551141
26 3 58620574
216 294 791719004
40 256 925376398
129 151 815313331
162 47 969187203
144 299 409798734
133 71 141382115
132 258 417668638
195 124 772562409
59 45 331467710
251 122 130932812
77 37 67253257
180 128 378672612
177 256 684110863
259 118 380853361
113 13 225930111
146 197 838125982
212 28 297001691
2 222 637837214
10 33 693988458
119 35 223173231
282 111 662881367
138 290 45144495
2 218 460149102
264 176 70193971
76 288 808932184
187 186 42763132
120 149 936582860
10 150 601025633
24 160 556610565
133 30 630921500
64 12 882579010
82 201 955818452
228 202 923499869
30 217 305969297
300 293 72413936
35 179 485148873
267 298 685556222
226 59 943820971
210 82 32505530
175 267 135593960
226 30 236535423
87 111 550066823
238 39 159893477
59 120 897609893
107 119 996585785
142 206 535267615
167 172 351781364
288 149 743128723
258 58 199663256
140 232 415373422
51 209 465948803
25 296 14270766
199 285 105483804
275 95 757286075
268 201 334838845
4 95 499590650
271 261 294304621
234 248 508079969
8 257 741942327
216 148 405018610
37 250 128230319
292 274 499189166
57 173 473713602
212 147 975303497
186 166 14960849
30 170 812583243
80 140 705835903
52 125 232791402
173 185 337270711
299 100 51779358
160 188 216944008
230 179 69300081
47 235 863947105
149 146 55745852
45 31 99855269
193 113 287828438
188 244 712482029
142 295 873081054
44 167 70303290
254 217 798779289
63 77 178915176
70 58 676659755
103 105 158800141
59 5 878303787
162 101 297489469
131 45 898679681
268 232 33981424
49 74 997699319
254 169 2946037
43 122 939147554
231 236 916355182
58 58 915315591
12 212 435217947
253 270 949775851
91 132 286809151
259 262 461278696
240 281 138284079
215 29 171144852
185 282 497685120
22 24 455175593
127 6 95395629
60 64 340321938
50 127 406738249
249 131 11108018
99 221 61693449
102 180 510866162
97 171 646454595
75 85 180940775
179 22 987405757
150 43 841185532
243 221 541059390
23 280 413426153
160 81 839978279
260 81 979515910
277 180 562859182
178 281 34981213
91 129 294561683
285 255 80614720
260 185 390839641
268 35 80698835
51 29 89339855
140 51 38150586
44 262 842446618
75 273 937445899
236 249 125440630
17 178 693239962
30 269 102122590
264 5 195405296
283 264 291716581
75 283 741257915
209 34 851721243
15 225 571018545
152 21 239471758
122 95 263819130
172 30 507685030
101 46 32762908
114 127 54951628
255 91 368189432
50 73 5933448
82 200 955589430
148 108 763375615
242 175 117835040
86 26 137426560
295 199 514644806
124 70 376489335
6 222 990852032
13 35 540197759
40 41 24120901
71 91 818203473
118 224 870834172
200 72 262711832
14 13 83176306
105 151 75410883
216 145 934378534
121 21 597525155
107 26 42807729
139 90 110949863
49 129 314139556
49 251 142749398
173 121 741012321
197 20 702702592
80 85 584574157
85 242 105129207
219 157 208872203
4 30 307105923
159 188 612548100
287 78 305445289
201 126 293265469
156 226 944198072
253 151 264176544
26 47 208790315
169 126 541414999
25 262 84918340
31 232 829243249
234 236 289034530
208 146 840781517
208 184 180368947
48 84 142961872
17 292 310230250
40 296 647861200
183 21 731721598
97 190 972006923
147 266 9442536
139 297 66922967
39 282 783859454
268 241 757777151
136 200 178967434
82 248 863412870
206 16 125253013
7 55 254720908
258 289 697861581
255 137 157377622
129 283 217843187
264 121 984387483
82 159 370915416
188 178 832016557
138 66 832755356
24 199 531093455
293 104 367779970
5 162 992045676
64 119 815550764
144 73 899601900
165 253 638130435
204 268 116054707
238 50 15134318
254 289 624403795
262 178 342193712
169 201 643840311
24 245 377338166
245 1 852917528
221 117 570955946
236 12 115691371
88 229 459130723
222 132 463232891
228 69 47437192
145 74 995603080
292 35 770540409
203 204 698700262
65 279 496011858
31 223 287728211
158 195 328570227
155 183 21432190
225 270 818659018
300 243 790610249
42 170 626706070
133 67 845345543
264 110 131061578
272 12 21642233
285 77 48180963
243 159 578457737
253 16 604518232
131 222 646945914
20 147 457859035
138 198 822871677
138 239 710554898
207 123 136043016
102 86 723739825
31 109 668355389
215 146 613730017
77 88 937201875
213 92 344204842
296 222 405694863
261 241 89879661
195 130 855889958
71 268 19474996
221 226 333104670
136 27 87349355
161 109 610298516
1 23 748136061
217 99 849390200
291 64 349272791
132 111 281386764
246 72 962131604
207 18 767715386
64 141 636232005
212 61 46903882
181 196 992560209
288 108 14327969
255 108 428816692
67 24 136723690
266 66 421539405
8 249 35265716
271 195 329881239
226 101 910728656
11 216 305712348
115 127 520354508
197 60 395730856
57 99 655581215
25 53 115744623
68 119 94983798
210 136 530500616
114 143 766499916
181 113 208676562
71 38 94393862
279 101 837090830
26 267 603726108
186 215 727404367
241 23 507665
155 100 885850869
229 167 131570039
79 76 587055374
46 190 454096016
261 122 866595080
175 193 786684170
188 171 982078670
117 248 794043288
225 133 564449203
143 73 990889325
160 280 87691624
228 260 136189143
167 90 420589218
292 187 67463959
208 200 112079081
39 74 589348525
208 261 410000947
229 78 879748694
217 54 371462627
171 248 133389951
147 107 821111882
223 87 402889394
165 5 973706283
182 296 621612222
141 255 408074421
273 46 246802146
297 253 379672906
243 234 348810235
188 202 757940240
214 72 334467288
117 270 783931746
298 244 139668132
243 108 238279188
226 42 814303936
199 234 174354742
19 206 185026687
264 254 633003940
221 248 57914225
8 135 548768126
147 101 375047549
286 269 527641818
232 266 799275262
15 209 326137021
155 186 528816314
290 136 622260747
131 154 423582104
18 169 522128909
209 141 475385756
33 148 868134043
58 47 71836395
206 32 219882763
75 15 133385028
188 30 920265288
161 236 554229825
174 225 656890860
173 107 488839165
76 124 296876885
37 84 313193278
192 116 34082225
286 225 775033023
180 182 17996607
42 9 546904721
222 196 206458202
61 56 234936237
86 282 446642761
297 154 868448868
114 281 685381243
98 17 382960179
27 209 166583546
104 194 585019471
226 74 718348204
132 167 241695212
53 88 659368460
54 149 297504967
291 286 684921048
203 34 296393801
222 147 408021682
117 297 541933598
95 23 26031658
240 126 728449904
62 52 721024729
66 235 223638895
129 287 74710135
88 93 341987383
155 135 137249520
202 37 264871053
155 11 66207500
88 127 690652096
285 221 303914470
195 212 87560496
298 274 521655899
226 39 771680933
72 167 237056672
6 7 271724964
140 161 963138398
259 114 610456086
112 20 82126896
111 107 768564774
158 92 200213546
227 38 543656758
174 35 236430231
172 12 849398521
105 135 624256839
128 193 220373645
191 32 787770257
140 291 11367723
177 102 187559842
225 264 576884649
98 173 573792092
244 151 204313829
1 25 49416115
83 248 830123678
203 104 770075412
293 231 796497804
38 121 103894588
46 12 124482578
168 189 828165531
10 113 281150946
258 262 174090918
49 257 663416268
229 9 689203844
143 91 920593192
172 45 981781595
35 38 109825726
39 127 428966898
126 172 902343510
255 40 992927998
185 101 487879962
130 58 155764175
299 158 344277832
18 86 449594040
62 280 708143031
105 151 674356027
199 185 119973516
276 275 265369142
174 152 603345866
83 158 292755057
232 42 521156557
245 223 865435014
219 273 604415223
150 291 89894660
90 104 371289439
172 208 983755941
298 106 697369577
214 82 161144504
7 7 626458955
272 89 922828213
28 72 878417806
236 16 774378681
149 234 637318105
23 136 130652347
282 277 943585250
220 148 849226357
112 197 681873615
189 162 551352748
292 169 886630654
298 192 442567194
162 272 64606717
120 207 388112832
52 108 273882417
256 130 66193304
203 164 362123180
252 83 722331427
261 247 526206776
127 187 188690037
126 178 680183057
131 227 751515349
224 89 400474672
140 260 443184878
123 11 302630037
91 266 878192667
195 220 964800130
274 224 933741864
253 236 621290162
128 62 872298248
164 239 700426977
173 69 732135304
73 44 595284144
244 235 20807655
21 57 930568165
10 147 666916482
76 41 507988602
57 67 102402477
172 19 446868112
286 146 75775473
233 61 98026363
110 233 695218731
265 57 14952474
260 300 121834308
214 73 256493416
178 82 840295862
211 209 644467655
112 17 31131973
288 188 870103891
151 173 392622888
75 158 934862648
237 19 882038933
167 283 985667089
140 294 498738141
99 207 11920613
114 136 680360894
28 46 87284354
34 210 344974770
106 197 92206709
196 48 97753982
183 122 791463891
282 111 168730709
66 277 666722443
207 169 880723236
47 267 831540742
11 133 154775829
4 160 812312274
257 193 17171383
278 298 871755632
186 245 822933131
19 179 798995704
9 160 897969714
69 278 815073891
111 184 270293411
146 282 680429877
139 292 7009409
267 47 942844220
193 55 132401964
275 32 754298261
6 217 236186057
188 236 265655535
192 296 630085695
57 65 916548172
147 175 963226407
209 73 416342188
186 211 140332479
46 230 520590877
118 122 939369031
81 148 594158062
94 206 429681030
50 93 691175565
185 36 875138261
231 93 2816177
254 291 35899051
160 200 560142823
99 137 259604586
29 182 289060167
5 51 608305488
35 132 939544635
148 225 7049592
177 274 928720785
194 210 208586620
206 140 744616812
282 93 56917955
232 252 710750754
7 50 91577790
44 130 58924823
10 134 555636074
149 220 566629857
83 67 993688081
275 296 778029506
11 241 185309668
30 146 993097907
194 127 822975100
48 110 490684003
153 168 412566805
42 211 581472334
216 220 370507820
89 68 866525939
197 203 368717458
229 229 454247053
235 291 519322993
202 72 291599890
60 17 68861216
11 64 444555077
214 268 126307945
270 9 78757107
155 225 738446379
174 65 566197598
113 262 354071752
222 190 109118432
274 176 760058422
18 129 367994694
207 241 530060410
274 251 303173526
202 216 398084793
298 237 758888354
5 92 444509030
35 17 10582894
132 181 728772507
184 102 592765949
215 127 233109076
237 144 835111557
82 102 391871297
243 75 431396099
168 29 591853615
113 26 990843351
66 82 62353994
47 116 324377011
92 248 495954691
99 183 945804493
99 97 980689819
26 85 972450015
82 218 360168616
130 161 917739543
129 80 89717871
95 244 854927896
297 61 144643078
291 107 549826145
53 199 931641992
243 49 201711426
287 147 911603823
158 172 378926659
224 6 119158277
39 135 367391789
33 15 426800720
3 109 695469864
51 106 784803924
180 96 139311931
124 200 622093129
68 194 814436377
193 181 161623975
167 90 896764998
278 13 854971003
6 103 133145990
246 136 310169704
265 190 830412113
228 292 389749270
252 171 198018817
134 47 432114116
214 166 440506209
42 110 21515941
16 277 155833130
213 6 520940494
168 11 624490297
9 256 89254784
112 220 4951825
76 200 226509317
197 203 751086687
113 36 833542785
228 249 553003250
237 42 963695860
177 57 829740788
259 21 382581045
52 240 888858555
300 248 273514162
83 112 110832233
108 239 96282632
124 136 719701986
62 248 267885873
47 228 215443773
248 164 229328414
259 92 471163770
298 50 542747543
42 102 446534382
148 101 20702982
261 236 575423045
294 43 941106683
277 218 212535870
163 279 735213070
135 77 941252397
160 77 123676412
173 35 451484703
243 85 933026753
137 126 89243054
218 26 249656606
51 286 651005841
295 279 150758935
230 8 122908852
51 222 23574983
120 108 686300111
116 267 516603839
27 140 478182026
82 134 253291810
134 270 77030587
39 239 838256912
96 290 515517650
37 36 367128680
123 265 341888987
127 16 12016908
161 187 497914668
23 3 309993334
262 81 382614025
287 162 334424158
148 47 413203979
134 85 212971518
198 181 459462459
247 269 875583494
26 91 107474011
165 269 515153526
224 129 538867812
91 152 119869266
277 113 381834299
1 151 923731260
211 298 236135959
89 183 703258743
206 80 132305275
116 78 174281395
10 156 127429686
220 20 524724406
197 295 684707835
8 86 851229138
226 114 688375802
224 114 674329852
135 24 767415801
93 165 192147883
188 70 491815715
162 186 329420592
209 247 924607547
46 166 471781918
151 114 982960613
137 173 808574650
274 98 111133715
275 73 568219128
178 208 71804104
78 52 182576268
213 239 966023489
127 153 881608226
170 61 804913972
69 106 695931089
286 8 69813102
250 145 170460527
51 118 412709924
265 145 883428297
45 74 358863256
148 152 75150759
167 116 883033198
255 294 472364902
33 163 164910914
56 231 940617271
245 269 324208378
298 270 852908422
276 73 230462892
300 37 145247588
148 133 271592361
255 32 229429364
113 198 210906479
262 205 560355772
263 289 459714187
128 44 981072917
98 40 153762937
128 90 108228507
1 65 210593331
292 64 14442067
179 263 498059252
192 217 28216283
55 30 492522133
34 43 4483937
57 6 3258977
243 185 588728520
112 35 161856360
300 162 644971949
158 162 61052165
88 206 117774229
107 136 108631843
258 27 539971912
140 82 486945193
24 167 685101235
60 223 459321292
136 218 974516277
8 29 23819811
167 80 931440272
167 238 255318785
231 25 225918242
111 131 135969878
6 88 109582404
117 280 228701537
9 3 851717403
243 115 244018478
287 2 12802595
163 9 844175375
125 227 891899754
196 145 116720591
232 76 581747568
174 238 448906398
3 243 921289038
158 59 27111769
95 119 406380371
249 114 621127837
78 100 969580439
124 14 745499399
198 138 110741078
104 85 710277422
246 16 457676949
165 241 323230239
163 243 563052781
52 101 422149192
220 247 387464662
90 195 291584075
179 25 298861426
269 148 531296639
67 98 865225876
196 201 84605760
170 198 297271428
218 63 876624768
8 277 811152011
289 28 915468263
132 299 565758709
93 88 318773455
220 18 418530979
145 286 730350227
84 105 950922924
159 300 824665176
71 169 320813925
298 139 21116739
217 146 226996367
27 186 7225494
41 17 93948592
1 162 893546032
156 81 27145649
86 225 169360587
164 60 213173891
39 271 121842990
114 41 310678011
191 90 384839549
29 6 372590546
248 85 984467432
193 125 347652100
85 126 997092861
168 33 76890141
268 118 738421718
54 282 512984229
244 20 413287199
186 186 228969091
296 128 257301332
296 208 522392338
141 155 392943174
172 48 79389398
24 184 705038775
284 103 588664759
77 122 148798329
146 176 115789710
274 171 998110881
125 108 620427018
15 155 156068397
47 150 773635405
136 291 552640759
9 214 205342658
58 237 973173341
285 273 454711543
243 49 529619265
71 246 367257092
232 219 180798914
165 95 92087722
34 110 116834228
31 208 934845278
287 95 623744120
45 155 167998185
203 264 62743222
295 248 862621146
138 243 792005746
154 65 441835091
97 49 177609761
210 265 412616956
183 298 228342117
11 80 882086576
40 66 896242670
59 163 368786276
43 117 526590439
16 111 927210287
13 300 864343281
58 205 781755045
100 1 352784345
61 263 723025709
168 197 217938859
84 207 141075838
11 298 118588404
32 56 408150018
207 151 510070634
45 218 250039944
183 231 935285844
263 288 947943948
160 88 507787701
104 200 943099663
65 67 51000259
23 202 948323718
60 264 569915315
215 295 392035523
284 201 582682525
117 297 204599542
61 180 972924072
56 194 532178212
255 105 324197051
155 261 379106702
69 25 109524120
128 47 743791421
197 158 869027884
263 125 233992530
85 108 502438930
109 225 905990226
103 37 224373057
26 144 321930703
289 150 980418207
39 5 405136267
40 125 171626943
159 4 792796389
231 200 967269499
266 163 961118323
295 299 887525582
276 108 404045558
254 262 760718194
110 287 450378389
264 276 568453739
171 66 475248295
89 158 113861719
32 68 387810623
72 51 97935074
270 16 961634036
44 63 75975735
226 90 23642694
135 43 9234455
29 205 710707793
169 168 660240920
107 90 34547238
101 179 212733447
272 210 451807314
94 281 53109316
167 3 33150984
155 46 625924846
89 23 38902535
234 158 30590630
40 238 972845834
132 106 892631553
4 213 917849643
293 65 306152721
139 36 81684082
52 181 184723762
68 48 287573964
203 254 203869362
48 42 968619184
34 275 838385341
115 66 278918730
100 249 35565036
253 252 381810700
195 244 940387664
67 134 677674000
148 238 833996680
261 57 507290779
25 259 659190332
186 6 218187425
121 91 207924751
214 206 490153116
243 5 628096665
78 9 134512668
177 255 43948364
93 21 569137197
44 220 14402834
175 181 285370942
54 257 710159800
237 194 619726957
214 14 52974948
164 227 745527105
232 222 670229261
248 299 572229322
215 228 516860576
230 72 515308449
27 115 649257020
112 289 103430052
254 94 165401508
105 31 891557101
262 244 103032367
261 159 638212645
217 90 776016666
229 37 404525817
250 4 53034444
278 233 219479267
26 11 876501581
97 123 563130769
49 128 639173963
256 232 616337845
109 245 860293488
27 205 136514698
171 173 230121888
237 102 326760776
53 51 708427679
148 28 271587312
14 105 437893222
46 202 74264596
66 250 466072375
128 257 323476359
24 65 266203503
111 91 52261460
161 262 427177332
248 250 913696733
123 54 936565336
54 253 12643715
165 18 657240320
38 63 372128521
34 128 113254722
260 8 193504078
118 31 356950043
221 194 411657685
32 54 143323298
263 53 327963547
48 175 75136952
235 228 585361604
149 144 930633121
168 234 987453083
140 267 23984963
61 226 826886370
239 96 717527852
233 16 703686545
17 99 626909850
115 113 864803302
161 212 596644029
13 146 530859708
168 295 939037652
289 214 964103785
223 54 680322703
37 114 553766780
106 104 907912375
10 36 861479342
106 53 319245492
256 167 855871805
157 79 90087716
285 143 958458562
145 11 326144408
148 51 997869221
84 273 50794226
286 62 745657792
217 167 275963995
244 228 851179231
37 34 735477535
229 289 219665853
233 197 631707731
200 234 751772826
13 78 312706388
120 225 245141538
193 8 241564062
70 45 325958923
61 13 177728842
208 256 514401669
90 293 892180302
24 273 790490942
176 257 221620539
158 156 634729472
283 169 413193801
170 40 643534825
159 284 847405384
121 54 852611828
195 166 917953640
188 73 803859548
57 162 371808892
10 237 941047164
4 112 219962520
142 22 151159027
265 4 840578895
165 226 171915587
41 136 143038322
224 8 952224975
203 203 902682393
194 90 417858217
141 198 201448031
184 260 988929367
147 263 852484431
118 156 423820952
245 120 307228107
291 36 815412284
77 76 193515020
199 51 535616727
125 5 20192681
217 198 824971723
186 91 316871872
16 274 388073431
82 173 534100045
64 290 124055900
15 234 497703171
74 225 215719306
57 53 626671833
228 251 725449783
107 128 69697687
187 96 429885537
109 281 609872879
33 296 128952252
163 130 485719876
8 193 195105566
59 260 113301051
230 33 228368875
187 141 417257328
220 69 823004730
54 175 397836057
193 113 896950053
229 274 590721285
159 6 975565081
62 168 597959862
138 227 605357354
255 38 126611213
5 267 321465897
280 205 5333690
59 124 519213258
88 230 956270384
297 122 484181396
1 102 780434369
285 260 14417526
17 21 869171594
178 210 436345672
284 164 987479309
48 169 872792027
197 200 160519484
186 258 772300807
243 97 991134836
278 93 739235609
73 93 593972310
194 130 870250521
19 146 697022494
64 76 560008103
88 59 359345619
148 158 503303387
227 54 925282986
210 239 895058095
16 233 383117091
104 210 492328736
64 35 119643080
126 280 855781409
146 298 381341507
239 114 441766882
294 201 347447592
212 100 77511201
50 26 100907255
87 235 128002145
81 3 825492778
223 158 2165887
158 221 847235573
238 46 288619852
146 192 193252602
4 182 282821767
185 227 141156667
228 138 165802018
129 239 524517144
83 25 230337878
79 105 908081380
256 80 253915189
95 237 302042210
267 226 203983807
171 124 124957798
72 127 319535732
190 64 495209358
208 291 863840648
25 171 928732986
168 5 467685711
246 84 228273267
77 39 593612746
66 133 908549235
27 152 440209460
33 74 896891183
283 145 512452262
166 86 876143225
223 293 40444367
222 17 230350538
108 185 399285342
70 182 675250925
188 10 883740064
34 127 731951348
220 153 67120351
279 238 177866924
214 272 109960020
275 137 146221405
151 111 280324097
17 33 678070114
54 192 716492950
96 261 773414131
272 148 314464092
135 233 888525319
235 152 502672723
237 183 508373760
261 148 735618931
232 174 356460319
237 24 13590930
285 92 275884114
50 146 219556505
299 293 17326517
181 264 897467416
73 151 306108301
91 137 151798404
65 73 874747186
225 85 929394885
107 17 123161058
126 5 37221633
7 289 712020977
220 39 525393274
24 89 876623866
192 270 145996381
207 94 217250883
259 236 822338719
163 300 880896592
248 276 275824128
285 83 412048644
194 260 140824248
179 266 594991389
255 237 452620179
228 12 282719919
245 203 6188388
277 161 495038733
160 120 932763568
178 282 674551968
21 281 81294043
249 17 741125077
244 211 10505388
244 89 903025905
284 95 694570741
62 74 309729104
32 70 60794806
220 46 402784319
4 205 789289590
272 135 372109023
291 207 25989803
285 207 237875872
114 151 425895582
201 146 184819622
58 129 226668968
98 242 224320541
202 273 759430910
259 244 830512807
229 248 802300764
18 271 349649850
192 261 353456656
47 245 942061663
218 58 380029865
299 11 808185510
272 68 526552690
39 217 135235231
231 170 769469403
140 181 140476299
198 161 38261946
161 231 100622616
10 122 2110276
118 168 529051672
132 85 422571882
48 135 545692644
57 106 948923511
298 196 884384279
128 126 956771349
282 17 784428581
80 215 917623941
177 127 998163371
192 189 398155893
219 6 996107660
243 137 882410897
24 184 630444831
219 292 130061789
129 289 755414384
59 168 435855862
159 201 78300778
139 281 218294644
32 157 805621871
102 101 42448659
46 19 134748016
158 261 24581604
54 36 91979287
136 254 702675630
24 134 530706970
160 193 563824889
121 103 571498789
150 242 694204969
94 25 675238078
164 126 762704378
174 172 811230496
189 29 54900809
92 134 63770844
230 269 88565950
111 45 78209635
280 256 64569827
120 128 414483282
108 277 207345875
129 70 213297899
6 285 430502724
283 210 962148947
30 98 804344227
90 189 839499460
186 170 403092181
235 280 625184177
169 11 261189832
48 130 599481359
29 238 570875887
3 118 541151709
53 123 168447045
176 157 495210555
275 238 656190252
101 28 528484093
113 213 56587714
145 199 90660394
221 67 866441804
252 166 800273186
162 246 611136975
48 300 845754492
108 52 31880166
153 280 79702022
107 254 505483259
210 54 216641038
202 218 424429850
168 62 922448348
61 282 788906167
16 285 940889484
101 198 940365230
227 298 699711981
118 105 727194933
183 257 10865864
104 115 807841017
15 25 627497322
252 278 309334240
154 145 108960301
253 257 504076035
171 273 755871271
255 125 463827369
36 52 51336566
116 169 912066922
300 104 361949131
163 259 896193745
31 273 23507369
253 277 977406799
92 130 109447043
44 134 67837552
30 5 13987424
1 11 453202548
221 46 996619899
138 213 342510320
211 213 670237623
241 127 912020181
86 158 425857606
6 110 428390934
204 253 344050015
299 48 947799548
102 130 881062052
125 182 937243362
24 102 909225059
275 291 644202772
94 201 574404136
68 142 710695014
300 279 8400071
257 284 800049332
190 240 394977036
4 290 754659836
252 91 383173765
255 267 888906446
269 290 588201599
79 264 384912141
50 109 338588641
37 176 516212934
151 176 961462412
173 184 402877148
57 74 965347587
244 77 315869828
179 80 669765070
295 87 41020736
292 55 735355725
90 133 454422641
282 235 688215449
23 23 959488125
256 225 885293552
220 98 891489335
167 206 258982760
105 149 626791137
84 80 500263068
153 74 907944254
188 66 492110760
264 207 161987645
4 189 561777679
205 263 970917701
281 270 100102726
284 189 810249175
118 107 753922732
130 263 326100432
166 46 281442111
85 198 708154237
39 137 495143254
98 153 83127112
42 208 4501600
272 112 155404414
225 92 199532136
102 75 98347176
128 245 254726683
59 74 339050945
190 291 667189791
153 75 761424640
189 113 810259877
42 263 106600281
153 56 399835788
205 28 230698200
270 4 263708343
5 105 531643418
281 232 483541814
115 42 673353587
159 283 285418929
1 135 114968203
41 75 774978368
269 116 905043830
49 21 372184937
36 277 33146664
187 298 268912119
130 3 474551323
199 35 17862506
212 149 800252047
50 59 336730
178 60 752075016
132 152 911104791
199 172 825085658
280 220 577144730
117 7 24299958
32 246 321955756
251 127 669644258
25 25 18228992
31 236 474952992
129 37 526350850
210 214 692128709
126 45 438743912
168 296 723939983
25 275 506833554
255 91 187260413
212 175 995918758
219 125 49033284
176 201 878247408
219 231 819619295
110 112 399018883
112 21 49348748
172 198 885577092
84 65 240231339
166 142 313322614
220 148 182068556
32 111 879615830
141 30 527392906
24 205 599951107
283 176 967669289
229 37 430799500
211 148 694711173
158 20 658962970
201 103 939692387
240 20 509468728
5 291 797953075
160 74 829445385
242 214 925901414
199 289 609481771
57 23 750931798
146 251 972688134
97 213 506134334
69 122 43399105
291 23 23226359
277 14 22072430
156 18 694254521
182 229 79549394
18 222 26392160
184 121 731299748
254 229 777552271
3 74 984769021
88 223 457001586
21 291 538566007
77 33 967555729
235 61 689234794
165 216 164409463
137 149 575148292
130 167 358616165
89 50 189689637
89 55 520836166
59 57 172241391
31 196 574704813
216 217 275453956
223 45 933451788
3 32 340907049
149 248 859804816
11 84 288098165
102 213 160265183
219 54 549690932
155 142 623406238
20 252 279826546
11 282 344156341
223 198 175046309
178 172 815895554
218 226 142446785
266 74 176772432
33 85 613127015
197 238 383576279
279 156 514512384
162 11 884718725
99 30 976780276
196 92 627982410
137 15 442810359
45 244 959830130
298 161 704146507
34 178 659961581
265 263 696717517
31 211 537046254
62 190 244596662
145 103 304025672
122 254 941202153
49 149 475851145
258 285 335193811
116 82 794684106
197 79 787773819
204 165 507886348
36 181 814826510
4 212 849208821
157 273 771298462
218 169 130786364
41 290 256111469
194 39 574583970
190 48 430360206
252 164 998486487
257 112 947374718
175 67 419471682
75 154 444066162
184 157 486801525
204 66 78737697
217 35 291936118
33 76 306082807
101 21 655507097
122 262 115675045
128 213 981913360
214 169 66568523
183 96 221270690
264 222 811014143
278 105 385032752
202 61 627856417
151 29 636598151
268 61 715283626
126 214 510147698
23 35 644525159
19 162 306126171
178 128 142151192
200 62 940374039
41 78 208681060
36 55 614415116
187 8 6785028
103 210 157089257
105 229 48630517
131 55 790036630
280 129 808407917
39 199 681588230
61 128 260580409
252 27 492759171
290 120 650112548
1 155 29223054
117 93 264375861
44 195 139341371
300 51 798572051
69 181 695634357
50 213 338551737
66 251 842999235
296 11 43406562
156 15 6342241
26 4 953076960
273 57 399657566
26 225 878600458
139 20 870278404
161 72 11289554
111 140 869433887
168 189 954859099
156 7 764606701
291 54 752286511
252 209 765082425
44 235 743368481
255 259 748342089
20 285 541902013
229 123 983349632
84 35 82290555
290 145 182322594
128 64 631031435
178 220 384308641
178 262 976258794
240 213 519978654
17 9 803194688
149 263 33568499
37 35 682774083
201 15 572736357
84 151 842796691
39 140 144043487
132 19 172111103
218 196 413034922
258 125 414846883
103 64 220953547
157 132 837697155
196 280 923187370
194 68 24565404
228 268 577980770
136 52 601195520
78 90 958015559
165 273 75423829
67 191 203246724
240 200 811123648
74 3 503857464
120 211 46530595
227 158 887544227
296 104 922724094
151 31 546488562
72 219 447219965
92 296 2176154
2 160 951228778
231 278 72892920
54 217 751477220
54 42 668273174
169 162 343259436
115 140 579630693
41 187 115988148
87 37 930073179
48 108 4687549
164 251 477595244
69 253 197872456
246 235 485113933
66 288 457387302
85 93 529539443
210 13 775040256
245 128 31586895
189 220 74883081
237 6 782010569
67 105 730950129
115 268 522897279
158 36 820900283
113 34 847866617
98 99 659559357
299 235 67102149
293 196 131901514
149 140 195455341
195 28 850340560
76 264 871797618
96 30 953798722
224 144 248596542
55 54 758367229
137 166 434339562
206 263 201922812
262 13 812594198
162 58 934626893
75 206 911280332
115 152 27217912
127 279 545911427
196 75 249950409
69 298 144022404
210 52 705722657
191 241 132923623
152 146 615771937
16 107 611654902
113 20 650111959
158 95 358699716
289 261 769005067
252 139 808427446
179 34 258977420
187 103 704121469
90 64 666756873
99 254 967783913
273 106 160101910
109 173 50753868
62 285 559358287
20 142 670333033
235 183 726617094
54 186 136100084
99 64 65546918
270 2 26305372
138 144 414455635
110 242 840881289
74 214 592438246
235 74 871049318
202 188 341825054
241 207 86875996
73 194 575031530
218 247 980993215
202 45 703188831
271 14 991568784
142 203 137639127
76 13 552155220
264 138 368040685
9 73 53583811
278 26 220439498
232 266 371236056
79 91 12156849
160 8 764723295
126 209 289879191
156 179 846601956
292 20 139013059
270 148 686385723
242 111 456503860
126 172 314502084
188 149 458617910
85 132 300725975
241 210 363675665
41 69 226600425
88 247 173083985
178 102 121189616
86 145 97222687
144 115 515638834
18 56 69835697
277 233 499735168
61 121 381419268
222 257 56713052
296 249 759976161
213 290 623789182
137 77 629145328
21 6 331749781
136 91 723171326
23 286 646081792
56 3 800120047
252 32 110875831
71 92 926900251
91 65 173665508
242 60 222407656
54 24 85283545
235 160 232049173
114 233 100067379
147 68 240972821
24 142 941262207
15 250 592353961
113 201 798235592
143 24 725925535
294 114 834041699
153 55 275826411
208 160 414955334
5 95 478028894
229 260 490647426
159 106 574000545
180 129 972794587
238 195 55184736
50 7 891006688
142 150 979995611
76 143 408603476
127 47 381026982
237 254 509758642
70 10 271103988
115 239 146724699
40 149 615854205
137 80 959212885
23 17 970366180
210 67 301950486
297 260 64841635
160 35 38456229
187 213 248976127
269 149 66292633
262 219 428205642
49 33 271797032
199 125 697134181
103 261 797706260
240 35 367291829
219 244 998244847
256 240 488800906
143 151 417401892
223 38 618089505
50 58 219206505
182 19 930675523
75 119 788074508
207 17 282050884
239 172 986605196
50 111 874532030
178 81 706048825
176 36 519645916
133 178 147835267
125 101 851736704
81 202 864893561
185 83 549580831
260 157 324386149
119 115 41066917
102 53 462960988
149 103 401797598
230 32 680459278
254 260 453412866
269 92 932983643
187 216 715176895
142 48 48968748
154 233 295619130
184 244 440882739
32 62 904040253
249 215 87258558
88 63 935727560
286 292 374288143
15 297 548668802
80 17 800186794
75 204 398760361
221 45 962479009
269 199 563065593
150 134 131195636
188 218 159976349
41 218 78942263
298 5 579731277
109 290 536875420
3 57 508939868
157 188 163054184
50 14 352086339
262 235 75256684
222 255 755007834
166 104 88404267
53 292 104864836
1 84 140423753
215 133 510558358
243 241 469582599
14 295 697955755
81 151 354123395
165 252 518552808
255 214 758937242
90 187 976761796
123 53 320161952
42 105 524987743
177 158 52828478
230 72 285910010
39 67 12476250
137 80 164364396
44 161 585210547
138 77 780234198
245 31 712063
39 121 209123150
86 295 821049402
237 88 820202806
131 17 71592415
108 298 949127787
217 36 442605605
18 224 383868584
114 267 986889296
60 104 414721924
9 101 19452807
172 139 876338627
221 224 297936273
22 213 372650013
279 43 352828329
94 151 83927678
32 119 371473713
36 137 390081736
171 250 837707503
167 61 920990758
290 69 305967958
196 240 456609048
274 160 349675824
99 233 305330236
11 212 553592730
291 5 294775432
268 88 814788351
280 123 978624087
267 293 803163388
221 211 873616800
279 253 117702168
188 148 241164260
236 174 600609871
259 272 17088404
246 34 15835367
275 24 963410471
207 291 219006910
9 22 667681232
195 288 250851076
134 209 102889387
185 239 343550791
4 126 287255390
63 113 662858163
86 123 473328086
289 68 91315171
155 43 17131394
77 1 39737136
86 9 678089757
269 255 27303697
144 140 72570105
282 24 292428795
124 27 140331372
114 142 72886885
276 227 144803859
214 267 956379827
184 121 766240221
230 249 16644121
265 34 227412581
22 54 377169687
118 249 269078826
174 231 481789501
220 54 133003879
91 219 463886220
127 247 780079098
286 160 246154564
264 95 730464336
284 24 196418884
56 289 715541469
136 62 955513322
274 179 19701871
199 104 863512853
199 23 830497058
29 165 207909877
249 292 511125823
198 29 65989334
62 292 111299228
97 275 369219604
133 82 26971244
201 269 762643905
75 242 456057635
145 140 32298890
249 90 931280112
106 118 998365376
234 118 158957919
256 16 705345247
241 129 446423538
21 277 949364
124 109 385566845
19 62 680204913
275 188 114549606
109 32 105163397
98 32 133835786
161 137 38603356
36 71 283352325
255 78 648161792
253 19 379186320
191 91 59406597
206 266 737757857
3 284 129781570
15 258 190991057
21 118 793604540
217 267 801134871
255 179 44079108
162 214 435379830
238 220 486162859
30 225 262417529
1 167 727959419
249 72 104524484
58 74 271600319
227 141 139314476
36 213 721273645
175 181 197260363
46 187 498554741
105 48 476038507
286 38 288669578
244 119 641793202
273 119 834349268
143 68 719803492
227 177 831206365
45 103 406311857
173 190 854636869
169 65 133861150
184 162 230336836
24 18 35183636
182 55 831753873
12 50 120725691
65 74 133801761
233 217 930388680
276 195 100760656
92 291 627215611
49 215 700744600
217 84 114952164
18 19 376005877
254 94 527984846
41 276 6268900
165 39 149537250
107 103 220207423
167 87 946238839
99 62 137188685
154 154 359624576
64 202 457893690
216 170 5786025
131 188 200561943
208 193 393292537
105 233 60016312
5 97 46951902
6 203 290859804
28 121 331121991
19 219 887541952
203 125 643842405
78 188 858851558
168 155 534689928
92 286 510251367
87 245 163356359
123 49 234221243
186 53 702083539
287 58 245217993
190 138 144910013
180 156 36580984
232 110 168475208
188 240 20324647
98 159 292873902
125 2 953591487
143 88 83515983
1 210 505599531
143 95 78627384
133 133 657169493
77 23 461433282
141 254 437657589
124 237 723031099
283 125 382211090
30 222 168058548
283 98 938875849
221 240 747741289
103 292 135431050
33 186 14477797
68 18 431833429
213 94 678357751
194 234 937689105
83 110 97369441
133 92 653757517
122 173 465704890
21 155 920417839
169 75 528147730
209 177 452250921
159 210 779465006
255 29 64389875
183 241 552243520
186 135 240452306
142 269 165597215
34 101 201186158
103 274 515027431
92 294 252511285
283 214 72261912
112 123 352762588
285 281 304645549
290 287 6538178
117 169 820642670
36 106 355875956
241 247 49895624
7 281 330765476
165 83 728180249
195 226 262714842
131 208 725761456
142 20 717577730
30 56 521078362
230 45 150741148
159 213 890915868
29 249 419960274
84 241 380596172
160 248 17676652
35 164 542508286
184 58 420795964
77 240 720441171
184 82 674624342
113 163 735596397
74 92 535338694
73 3 138241106
241 31 949063506
266 166 208258199
237 77 81422398
241 112 769742261
78 47 640761570
141 175 946991609
164 59 613210642
257 223 139664904
54 49 536032648
299 121 808852050
156 113 631282132
14 130 359198849
164 67 42497826
261 59 864460889
273 136 553268287
94 29 371634861
154 192 750354771
296 148 554489394
299 253 10149794
198 3 563044414
47 211 661638179
278 224 873375008
179 87 431367426
104 99 353292084
192 71 886689972
130 216 599840700
190 69 918218143
113 64 516446642
206 115 130122595
99 12 852133749
164 111 968204859
42 140 132432134
102 18 700557420
227 121 311552170
163 64 30125940
234 193 54589355
85 135 184450376
127 247 327886939
68 204 182113005
14 54 578128517
15 269 29818227
173 11 20980618
7 164 205781836
278 90 479236056
48 252 410836872
239 237 848819864
46 21 722368950
221 199 76806196
211 19 24170051
16 84 869577604
184 98 881105973
162 23 720393335
279 81 113331050
114 110 786253839
70 209 650002843
193 148 591268031
208 245 209890104
58 217 424087202
205 127 455338672
256 194 581250756
111 77 358989905
235 238 756760979
121 217 54479759
170 82 510252721
61 203 730599329
255 95 450678228
85 3 725078772
288 60 443284040
142 16 80664619
13 23 819333512
20 134 89935589
125 120 627321778
3 241 599956346
14 162 66137480
186 222 652584882
214 176 622651777
142 261 530190731
65 300 245054342
205 141 696565157
223 154 761409580
186 173 161681565
226 49 778487084
204 52 37252176
201 117 198791538
280 54 901875359
262 267 649022835
90 160 884018347
220 225 964235646
213 181 166278287
169 155 945484940
148 40 588139064
12 266 600714213
48 221 592487716
23 173 470455684
160 153 744870837
219 166 146332503
205 7 830551615
151 278 670090591
148 190 108233471
234 110 930677577
225 258 104240068
141 21 718856533
53 68 959397805
68 143 573303878
251 2 479228582
239 272 329756799
193 176 600056657
7 78 967802534
97 278 383081475
119 211 689942284
47 188 502310893
15 28 981868866
299 132 907103285
204 199 315266327
33 201 257665881
66 139 783660952
264 83 247307080
220 90 680106257
205 238 751326834
131 109 627247097
166 155 105868336
159 221 775329615
276 220 236345146
160 175 933918996
239 207 338506848
19 272 194979538
70 287 502185920
101 258 90677609
158 162 335577899
243 44 345120259
291 209 49982265
226 119 554403986
292 146 429758305
137 6 487959379
284 296 154827437
31 66 57074708
268 135 229490694
288 288 272132051
148 145 5317664
298 139 812129007
256 182 87541067
121 107 333864738
206 151 532968883
262 39 444473140
192 23 383643835
28 53 460663200
135 73 459192187
280 112 626537874
30 11 495322870
45 9 669390360
103 16 775987441
69 136 773498800
206 93 437254050
241 106 856114688
280 297 816516062
67 24 804448667
166 210 14892039
204 189 655064802
229 270 963128212
98 14 127176520
210 168 197362688
150 237 666119923
249 194 645401268
250 134 712448673
290 166 207737870
51 232 138612645
269 149 709631355
259 53 2801043
60 281 995286465
172 131 839888930
43 40 201253798
230 189 19438486
5 190 628307731
172 191 560830417
196 180 261479682
165 283 966415713
210 251 988818061
216 210 640395265
110 21 695168846
274 192 206010728
256 287 137278567
53 268 969992507
190 24 477651348
220 247 97509139
136 143 390713270
269 59 321263452
33 20 398641055
246 235 785221764
210 45 841103084
207 70 529413228
34 25 829845066
200 129 87244933
59 18 525281809
106 238 84324255
44 125 181853649
266 94 173091508
117 126 49166827
271 71 372227314
86 33 145074010
222 239 215509731
1 273 570907056
66 224 117552484
150 282 727400854
258 140 176243543
65 235 24910967
13 200 239915512
72 69 935156538
151 91 657001160
164 177 45844644
25 150 944339483
255 150 263529107
262 267 288175730
98 168 693304564
251 178 104050603
93 242 470439337
59 6 35700389
223 78 268580857
160 228 420238147
271 143 128410375
115 167 234200624
249 121 972054825
55 83 171818043
84 180 920735211
199 182 596604488
101 274 136266481
290 84 869058486
78 6 673104715
234 217 745055642
180 240 14687636
55 106 922042002
130 54 387661175
55 108 129935857
297 243 823967588
159 142 197157221
198 294 720715594
178 283 977102729
216 112 353717787
30 97 785717303
124 277 487651494
59 83 800332299
213 264 520615552
187 18 764546711
295 67 967785154
34 277 528668147
254 175 551246292
147 52 505958927
227 19 428506438
13 101 439986035
68 224 960635863
61 34 118866297
212 246 148877960
63 132 22725678
126 178 617260196
131 211 700372
277 164 474683398
168 62 322959402
146 289 267103220
184 53 832735920
70 120 617429495
284 233 635871581
280 144 957587826
239 258 675272110
268 83 918860287
63 213 217352650
187 241 62873713
184 161 881171775
37 6 501865915
157 241 278673919
128 10 144796739
75 293 145434923
55 272 228404418
32 263 914320775
193 230 820247058
232 293 619001122
181 231 986734763
293 166 327210623
219 203 146387628
185 111 577804921
204 290 208932182
94 64 405275
268 170 776123198
285 202 832447560
259 94 44620390
68 77 882418234
90 257 199057816
104 2 469222533
226 220 15871787
105 157 106108797
277 60 277702187
159 205 597802
85 172 58150872
282 156 260465573
194 166 987846718
35 234 159154595
220 75 991741851
87 178 253514904
119 155 120612824
106 259 504966932
202 236 127702091
40 146 543680447
242 230 193304218
13 263 10010525
37 156 55603790
154 242 2847423
100 213 323258897
3 299 3572974
206 118 76032980
81 275 981993839
112 176 856809526
254 268 56895871
300 209 287690852
269 273 472801314
93 9 149707522
83 214 363029863
5 14 700219276
54 16 212849926
279 221 665111643
59 2 777908917
149 113 657350545
226 119 433655064
96 118 254903924
299 139 179247996
112 231 172185556
133 13 369046969
148 70 781503182
23 123 253812397
248 101 39489518
43 159 964180071
111 7 680334635
107 284 168171653
70 79 823887923
293 129 840787661
240 241 228881391
195 73 43772904
64 220 140825973
245 294 695815847
194 294 859799147
63 88 413841558
233 250 339936916
19 57 347411100
172 126 345676330
246 171 622423459
106 110 502970151
196 5 284507575
51 120 182581947
275 116 897412540
73 9 346881985
272 71 196101924
29 55 222981274
196 74 937386930
47 297 625490307
277 242 689678977
87 47 14233639
137 294 918823495
11 97 772495514
157 123 61785581
49 248 335473390
285 219 190597512
9 299 591338019
282 194 218029544
63 241 238843740
269 269 182701233
98 55 37873331
36 243 33241424
30 5 770127472
195 162 389357447
175 262 586747194
216 298 74612212
80 6 119310410
298 39 913295055
41 101 951460895
80 70 137033315
164 167 387403069
294 254 910573011
169 35 991050716
141 229 811418129
39 155 121604142
184 123 268490739
247 202 300696197
8 199 588685435
262 291 922361736
209 122 927215405
123 285 997958123
144 278 296307176
106 146 593602410
73 38 514855690
201 76 121852596
94 259 750066518
285 257 295127671
181 264 643341369
115 226 717769859
150 186 757256880
6 8 944503664
80 203 169899893
55 9 614170639
116 81 752476076
157 34 974173652
53 127 571043262
122 111 617697119
93 291 85961982
13 158 741649259
224 59 388736196
255 65 311739756
271 196 750579358
263 251 468344366
101 118 161118199
277 275 787802632
280 79 175034510
293 252 738788221
263 44 484792663
197 109 1733272
55 32 359455431
203 286 190207247
58 256 491946842
115 271 413497744
233 71 548462362
131 99 116729088
62 78 240150518
171 123 668793169
143 85 550301065
158 281 528015573
29 88 24739256
259 290 797728993
5 47 644004801
247 213 733466571
190 145 680284941
3 27 89452340
142 88 787658769
59 11 198463843
228 205 87048328
192 62 96923260
16 91 117221547
223 101 241712088
115 158 77101934
15 104 931519499
237 45 420792795
178 100 706040022
269 241 427580161
189 52 907931371
232 279 443430928
111 222 813838789
270 289 725920931
217 211 539132784
204 25 591165241
290 92 226481496
40 28 6062940
234 257 35920991
155 277 580268384
268 218 879255635
38 201 454192265
117 11 2862986
258 280 610832426
188 248 597807136
23 204 466548812
263 245 861062255
58 284 514814035
250 269 108089091
240 176 287888820
275 143 989355637
9 232 115986089
73 49 49795799
110 6 592740730
187 245 9526078
122 268 246896633
186 282 381954329
40 40 346218664
26 41 560482432
269 280 435818359
188 7 694773901
76 15 802829485
164 140 350899685
14 1 5339642
143 188 492070286
272 61 55257105
4 246 433548987
84 38 705943778
147 63 878504418
179 31 839668249
189 270 169703655
290 45 600382622
126 260 733381061
10 273 129111013
251 116 693372200
188 139 729004461
93 195 702556606
31 278 180123595
8 125 971486758
77 55 889767888
125 243 75372158
232 284 370171554
53 109 37635814
65 170 832593438
77 172 495268805
277 60 887704344
237 152 109313038
194 234 542049215
189 241 384647891
298 69 345075145
137 193 564182040
246 124 884226123
100 176 813069584
265 292 701612105
154 69 702676977
159 45 160850836
2 33 983907139
91 278 605394872
105 218 583774164
48 215 797549432
292 52 938905276
231 297 177545352
206 96 113852279
41 112 333723471
45 266 966269939
273 124 557380235
208 177 983542467
98 267 504862296
221 123 596430614
284 170 82250528
167 214 704606279
295 196 243902728
246 153 217795075
124 193 516435487
294 290 677450104
232 14 343591379
18 222 402563655
136 71 668712673
232 292 831571295
245 27 980820117
224 194 609017930
203 188 132863125
230 185 141614530
156 8 743309022
142 2 197107763
197 285 353171377
75 3 224867050
129 138 796101920
253 69 377303563
200 65 699729790
16 289 265962735
97 243 14907674
73 224 124109958
202 79 707421865
276 221 98566866
38 117 968847603
166 244 23127957
215 124 244950394
87 77 844209915
249 276 564820779
190 291 194066219
24 87 584036161
97 211 831149684
54 113 153201863
19 88 919144535
36 177 806427803
90 43 158643046
146 9 230870270
40 147 691822146
106 148 78102673
184 37 665499263
3 61 620578901
115 157 76204711
99 263 26507575
213 33 214796514
247 68 838179291
149 158 102343633
47 55 937189293
68 94 286301840
113 199 379501187
185 135 916517123
299 189 15828735
251 3 839827344
113 153 512622906
88 65 594153638
201 63 35502757
243 264 805517866
27 10 927326921
120 77 498396666
111 241 362937017
249 177 85768751
71 227 565990791
58 177 535122945
201 41 676831250
58 128 144317566
247 81 856726429
203 75 473001992
121 102 4303653
41 273 681501681
106 83 48934573
122 31 332188649
24 153 901795875
166 262 230851503
63 162 395560243
112 271 274946023
277 217 83805355
257 172 660317529
148 292 811858882
152 32 623102354
232 189 85382488
4 63 578200470
4 138 18073423
230 4 125862784
32 118 741395898
227 229 229812020
249 257 332748437
155 214 790740608
135 113 261822751
217 265 968289082
22 248 966085322
210 252 913115784
231 7 452698274
105 237 298307229
241 268 837581946
238 246 599870026
257 246 876972682
245 100 230649047
104 235 133901112
254 203 738516176
187 224 283544975
9 185 112889378
244 116 411254385
17 220 932952221
197 160 761350740
142 149 292010186
67 158 652392931
1 154 778820683
199 258 331610969
210 263 122622671
237 150 479990846
212 210 636581631
189 205 875628198
173 274 215203969
93 170 781171729
85 12 872476429
270 130 13897386
152 182 95732092
186 81 203688449
154 290 304621911
24 279 219337912
170 190 61405421
252 78 448972926
201 3 834738699
69 147 369526320
149 231 38401383
78 252 441233913
215 104 12545646
206 289 277952926
154 195 76389568
117 218 146371746
228 139 771444435
1 142 917013364
226 42 141816566
176 111 231322613
295 259 946882243
178 88 285538347
242 3 47167502
187 208 10590390
265 114 64967036
32 282 775371054
129 261 179342344
115 261 60946186
178 238 843479
244 113 361721841
208 160 924753000
102 89 119962439
248 82 256214841
249 268 134275001
291 284 957831366
226 15 31505847
131 143 279669059
175 257 58693720
112 187 522585457
142 182 358599322
283 89 936261633
134 242 293973773
72 190 872969654
65 190 538311273
265 232 567951557
82 158 38280071
180 40 800701266
238 266 626659574
257 129 285684712
266 271 67076893
87 5 907191433
171 138 752910575
43 209 742289016
296 25 922494257
20 289 304116689
276 70 804639698
299 249 199434337
216 187 520359303
141 195 680877131
253 160 534347653
245 298 589976357
130 220 625032594
204 262 611995155
271 9 807078879
279 81 197075120
167 56 739815241
16 54 319321442
153 21 215262780
7 162 486332974
289 114 360150186
242 110 195313735
198 239 928085255
44 194 704954868
150 164 398892229
280 143 548208609
99 61 573371916
40 77 512662222
33 281 19297142
212 287 572452603
285 275 310329668
22 268 447488878
109 218 743638016
63 261 804204010
82 110 223992225
162 89 72980567
22 240 212834780
238 31 595678208
259 63 420945188
52 274 914027726
255 10 755802952
22 32 480618520
251 140 530967137
67 254 384397749
76 87 800389158
52 1 143569298
119 22 758496937
50 259 90020019
57 269 752427281
96 21 813497854
121 27 464597416
224 100 213359799
243 51 107615090
231 117 75448543
179 244 379364081
288 295 565737581
238 165 35294003
126 266 213921613
45 74 761766282
25 169 403157854
31 41 858032580
46 265 289236479
144 259 144258429
133 242 19252797
127 172 718423592
259 212 465763039
40 149 186768055
194 274 94273421
58 18 488990046
191 43 86830415
44 125 359371307
223 170 209899323
254 65 971549334
34 197 27804827
283 75 910547198
226 33 125198309
164 124 815327457
71 69 444464283
243 179 397596100
188 69 132182894
54 113 461722518
13 87 703328739
235 92 217845003
220 126 965402751
146 160 21450525
244 85 470385110
4 1 877944085
213 71 131937806
95 65 446287884
294 4 435276952
40 58 354579216
209 122 62227255
248 56 847457546
102 28 559561223
153 173 70307434
29 168 245603419
290 172 108761271
75 84 141516341
280 178 848207457
63 223 12791960
266 14 427132969
34 223 450601790
188 222 145614098
185 23 483719225
60 175 492721997
93 256 935685965
211 245 790325788
81 19 19452571
73 50 772563300
181 164 447254074
241 130 28224140
109 163 124679662
151 102 144982083
248 286 306976405
72 97 428581732
120 190 531248587
36 152 937878431
123 233 378931702
45 57 133829851
196 290 501377115
270 230 769366796
109 90 292378110
222 240 132638311
204 239 842637648
260 10 981937345
191 130 620844834
77 165 857479885
260 40 800603769
161 84 444249178
163 280 636623567
277 1 243035248
24 161 690617189
233 82 429971181
243 37 606711319
43 48 704556829
187 239 921262410
272 67 192514026
208 78 308637465
129 238 141601649
106 101 169002580
124 129 985577980
123 153 472068340
211 85 605669673
291 80 678847709
10 174 703611556
90 60 108542946
51 83 424890465
176 290 590532542
41 118 984400880
289 275 445358032
20 98 474781112
299 272 989520564
190 183 986987201
162 225 599819332
222 286 670654605
29 75 33946716
75 177 310540498
239 53 62948539
232 93 239258257
111 133 988751531
194 152 800568281
106 202 917743752
221 91 883411486
173 252 275026311
256 173 551815896
212 201 270853423
227 27 353401299
76 17 991973551
215 249 347723995
171 111 562254279
153 5 952050630
285 162 60240083
89 134 653858273
74 7 43607576
36 14 55819348
284 226 951654201
6 204 839655079
256 280 292196096
259 194 752326144
105 116 56962454
84 20 503979410
265 57 568158123
48 145 239019157
220 270 208582415
96 58 76667228
195 41 218960905
247 98 816893809
26 53 886039140
173 63 636829085
268 168 161038252
173 251 447418171
83 267 1569827
257 14 593753323
213 234 107380145
279 81 817476602
59 275 980891294
63 274 15961291
23 51 981120595
14 223 720859110
198 190 730384477
249 114 276983679
72 248 312707345
250 205 897795559
273 117 538622944
69 148 278797076
222 206 174137302
115 20 28814175
157 95 534999125
3 108 837404599
212 6 688356740
40 6 997334354
170 77 120833201
215 27 627011405
25 51 607404474
120 119 123111173
295 40 398282378
196 206 209428049
123 114 520925643
47 116 71330651
298 80 349988508
137 171 665421113
142 41 317562990
43 7 13016668
199 31 493019118
224 202 717466836
96 196 208869127
173 143 95600932
22 265 98656245
16 64 51672012
66 61 822990991
173 249 848030362
38 91 256290154
227 185 507961360
194 83 205872242
211 7 888645743
98 102 687595290
76 27 924341832
259 100 332732249
255 115 447765664
66 181 106846676
9 105 998332024
122 142 972072414
275 120 1417398
134 65 565894733
75 27 420392539
269 124 393054692
58 251 29647218
41 209 392114517
41 163 1382232
104 281 781297364
279 289 81848420
103 162 568456514
68 188 558684633
218 21 918065798
150 147 139619124
140 167 793327800
231 224 88060950
101 16 824452211
17 57 101157825
100 160 969849805
115 191 958551845
287 45 915294306
300 112 948883693
184 81 567281365
133 282 976359563
109 173 64764029
208 156 372606404
9 256 824228520
71 24 604878976
296 176 14839787
200 290 308441277
197 28 336531821
54 27 923700185
99 211 71363765
163 43 50449999
178 203 428835071
6 162 452090026
110 171 2378433
281 293 619298457
208 288 9265032
294 240 806091873
23 136 91627401
43 189 286844479
279 287 97911389
296 202 442984
294 79 134058386
216 136 144601748
242 297 972650370
274 277 295172814
82 184 508294202
13 230 139413393
38 252 442049528
38 46 889045968
116 25 429286407
157 20 630052208
292 13 172735638
29 280 122100725
228 273 998237522
49 299 330407250
163 80 870972534
16 145 192322215
108 182 897864866
87 219 29165011
254 86 509922835
160 294 116534806
19 285 46934570
8 66 582473550
133 45 27758122
254 94 385166720
103 8 126514152
188 23 408549096
202 182 889879777
219 268 514649947
230 221 717187732
16 133 152953578
122 203 117357762
291 211 154524079
140 43 556537924
14 296 1082369
133 150 930813876
84 90 559059350
231 291 25232183
207 262 918865550
153 191 834038122
237 206 200036306
14 79 646912309
127 70 199918119
58 261 981154461
281 274 841375208
101 159 110987609
228 242 660964198
77 173 536143541
159 131 634390502
260 36 837386444
281 272 655054201
187 37 203928580
47 163 383460501
65 220 923607161
177 252 704643035
36 52 964251193
44 279 828945786
194 107 707275910
86 17 341637693
239 276 394164728
282 9 434561099
282 247 468296735
113 293 465245749
13 109 727415869
226 285 368894072
60 72 685730024
104 167 166286654
141 60 369623313
103 197 468455829
195 135 86682457
22 116 58341317
172 150 730952363
58 14 603944255
106 27 729751463
126 4 942044799
98 63 82199470
173 218 113719436
226 110 550085248
138 212 927440444
119 158 732691879
75 231 655742346
143 102 351646047
105 159 24331561
111 265 909775739
173 142 931585742
23 239 646920956
192 111 872548925
279 89 437415434
126 226 753829098
222 96 310911255
100 222 355342986
197 64 174201739
196 168 383267898
208 278 152819914
298 202 210273655
91 276 924523194
246 167 686331256
122 198 809468144
55 23 516073522
4 296 274603217
59 95 24256039
96 44 675889654
234 239 107940074
283 198 924351551
296 195 412424605
203 285 661687680
48 230 606856599
3 103 214167148
47 157 181188222
120 213 287876618
236 271 119440564
26 118 331622407
180 51 981100897
253 86 92207594
55 81 427234588
111 35 770283972
143 82 620793053
93 85 851310755
240 183 751768864
161 2 75996476
78 289 987421198
142 15 693902367
300 246 517125369
97 250 692874454
142 56 226485887
30 219 328233321
253 61 775156303
158 153 106102439
164 92 278023521
27 4 512025774
154 82 230196062
3 275 161823128
21 274 982796625
90 70 801056626
243 212 393471034
229 293 172464452
250 245 504757264
104 154 144689716
42 18 11461659
162 96 286261314
87 2 551932595
248 56 632948769
228 77 860932243
152 166 69500264
130 160 350860427
163 141 132247319
114 142 888977616
229 245 241844369
196 286 894674686
6 199 304270134
119 37 694110835
14 284 756650690
234 263 185792066
128 167 351176683
144 296 93162643
70 158 490752183
289 23 872178624
256 251 865114620
24 146 723146257
162 151 576813407
95 21 938141843
81 86 889843978
70 20 593742941
136 199 885151707
170 42 417643254
12 112 879655911
46 152 1203185
221 107 434525987
40 182 176830384
196 43 92094386
54 189 466579306
196 269 704734092
126 91 292023863
266 278 89380861
24 147 18821703
77 211 283723166
39 256 16332569
75 177 253111175
61 268 940936056
244 216 826998251
29 269 215567891
134 217 800755812
77 42 339212702
39 59 869246979
200 82 594551677
154 210 755773087
271 300 696179743
239 74 992982971
13 186 658781038
20 129 121752905
122 209 253679274
165 94 697734690
176 171 196279483
29 209 490540241
159 160 170701374
135 65 801889783
22 35 821310434
216 273 377650159
286 37 905434944
75 109 434011524
80 230 202957932
105 146 531369825
46 21 123981295
28 49 125332556
68 259 772288115
241 94 788702380
75 167 310814866
208 82 649925439
166 119 616694327
61 245 299541235
84 76 230497117
67 180 625129862
91 225 136711635
38 252 104455135
245 71 250123694
11 11 20785339
142 137 319696805
8 96 695554186
146 13 846373156
124 73 578418400
159 208 865959176
227 274 815191107
140 117 123848884
74 154 135695635
161 150 898820658
154 160 878892620
292 2 730317657
296 9 126922552
133 206 298873817
140 29 446573689
39 239 709066397
66 217 141826222
25 57 423706638
208 182 383721643
94 42 147203792
51 247 191473904
71 238 452718005
279 285 946783665
282 169 323596322
298 8 199850302
139 99 875086841
187 216 137352109
208 240 906743265
46 147 25004647
88 241 596591388
32 43 724143535
135 165 428446424
291 195 29196861
155 177 74465381
276 226 558108789
177 116 616094539
69 2 261865454
178 262 15645346
94 59 296250392
140 146 796925284
280 229 563974327
66 63 181322843
89 53 526772138
201 259 432277466
182 286 196712643
222 215 266651359
60 283 56192712
113 212 854646573
158 6 938235931
102 197 690682429
285 176 111706209
263 241 687748472
106 82 429076276
195 34 282473287
160 215 719019472
102 136 791081486
160 247 226262521
24 112 309398332
148 21 652264889
31 122 427350486
59 159 936279213
119 173 903194606
190 30 609059439
118 224 83070572
4 83 252209739
175 185 822069374
13 96 113776721
133 171 241713584
216 19 516492604
5 49 86880526
290 159 454835336
254 277 184331360
159 219 604175090
249 36 93655013
21 91 85048596
59 17 627584832
284 29 987915079
156 213 222232050
139 129 37698668
143 133 77583568
20 174 32569178
107 127 161845354
66 38 858193272
55 286 403205559
20 58 79355501
67 168 753146218
50 152 68175546
128 59 103222359
129 198 20201339
148 92 766344671
215 163 474035544
192 21 932069522
198 138 43641211
121 193 565293697
80 264 137646606
180 30 307876974
49 131 750570525
247 258 137053035
57 87 4005384
295 286 867920175
65 201 373226989
60 144 122244809
181 41 4337699
92 162 66131691
40 293 811347206
45 224 472516487
218 273 529740717
294 219 970934974
129 275 723364012
212 269 824726498
139 85 205122350
227 144 44604393
88 24 210050686
86 167 559654499
28 206 496621391
285 251 952823214
271 220 533922538
87 214 455578556
212 94 378562682
176 5 618043550
125 143 645398534
274 122 934663177
18 261 270423353
155 98 843803919
153 177 925131277
195 161 799535679
161 183 774894098
98 269 306809763
6 232 679819356
187 107 750444613
89 283 386605707
22 256 961529628
151 26 155010240
55 232 118868889
125 85 919237265
101 279 72495277
79 191 198643059
29 289 827421327
243 294 487314111
251 232 49169069
263 20 190229052
169 42 115616407
249 244 427484584
40 50 483367916
229 174 695437252
293 275 560313982
270 105 883337673
128 185 50947213
7 180 666204806
117 130 812705837
85 92 108493857
36 12 51483750
295 12 428855045
30 52 511031094
297 280 994332167
48 24 656405893
130 45 296787950
154 173 542888786
166 231 701518165
223 99 305011794
159 235 956330637
167 23 42080401
268 69 523790712
64 98 408988163
209 147 669057994
228 194 370721118
220 75 438989162
121 280 72505186
207 145 98690516
223 67 709891966
17 278 250245901
5 196 762497723
5 216 67296543
17 279 887094240
131 240 115324138
225 167 889874432
94 138 328608158
255 259 462346638
93 217 194553434
160 139 338917001
26 207 265692230
178 212 230856625
300 268 990926640
242 284 827273671
33 115 103445162
271 91 961256928
154 184 762147565
163 190 655421375
152 282 183967143
286 142 49303034
186 219 408957192
115 96 219260255
291 147 522292623
83 140 841845006
205 224 291938272
266 194 689114062
193 99 109126197
9 14 138447487
136 165 702099468
178 150 751289009
163 87 848424427
55 253 96267974
209 244 404801020
31 78 693836459
189 282 702984883
212 247 547570428
26 191 117467527
22 251 298833392
208 86 848981956
76 16 814983006
136 178 240786244
115 284 687051197
188 245 89667192
108 27 439560869
166 267 416522250
200 179 976512848
128 204 80789590
206 225 491500040
297 185 716581926
252 260 645035093
109 147 473646222
53 261 611372506
1 149 129990550
192 8 404309328
160 225 423657495
161 125 332489673
108 4 524952628
297 209 257656204
136 257 669047888
113 260 313743499
105 69 943032046
79 173 110370658
284 225 59510958
185 116 195253965
164 275 63952490
58 187 221107766
130 294 361773869
209 42 308451029
213 229 507456285
100 42 660287944
299 198 434445364
96 28 70714788
153 63 256147412
111 247 80410427
75 163 835581053
16 220 938181539
133 102 217241084
253 10 901032925
281 222 333573454
265 74 83960947
209 124 797230496
272 219 947028324
260 71 997243286
223 233 930382285
250 8 150754647
2 75 82017866
293 260 761694319
276 212 9703929
1 193 788735602
6 157 767837227
104 117 408235950
99 141 357996520
122 152 22456891
260 74 18677075
44 23 984361982
42 77 393529509
259 121 614771068
278 96 862376879
58 148 297314323
111 205 722006980
238 8 354291848
239 107 923581588
159 280 353107339
201 239 899016513
175 34 494235887
209 75 974346515
69 34 277529935
136 63 473543583
166 172 610904030
89 282 728217435
220 271 909444742
167 210 804332800
7 120 507393580
245 20 720903070
9 246 522727204
148 154 768653330
62 222 540699315
149 109 600559477
31 27 662970448
112 115 369184182
98 86 634521552
92 4 719734861
191 10 835336980
22 7 856301151
92 67 948788097
247 214 949676150
176 28 957527524
191 176 734596932
19 258 848293958
19 121 595932924
300 219 552037161
251 10 218382165
164 252 223582226
195 274 68228332
246 65 356369699
294 63 434758564
195 238 425225091
18 180 310331918
2 251 563622627
11 269 796001248
187 20 588201566
147 22 554701027
111 185 647316078
189 132 225956651
220 129 864042167
70 122 84299829
134 16 507899319
276 86 823023598
294 139 187781200
20 149 560109868
219 35 14226487
36 182 37168961
162 44 643639445
240 232 79040328
42 204 494640056
209 273 691743077
189 158 325058245
107 134 352113082
257 127 507504520
56 198 492042868
124 169 606693755
262 204 550977988
122 66 395794083
219 5 364724267
146 98 525996870
202 6 941014294
130 195 192018752
126 53 556751685
207 9 198061363
126 65 679570412
246 240 797280080
100 253 991908284
187 127 818156049
121 97 775855805
287 242 90964202
108 195 480039760
202 77 27382306
205 202 240891158
289 161 796106267
3 38 733325183
214 283 760141422
46 134 448330526
29 72 130028752
129 193 153908248
285 179 599009342
238 287 107455736
197 240 928539564
154 144 534802718
112 184 278358278
130 186 519227115
264 151 601968450
285 196 280759683
62 224 959095155
214 104 885285299
213 88 571538029
154 26 396366567
42 274 300785206
5 128 181845401
274 291 743782484
51 172 37174169
218 135 446623572
67 171 64378067
101 232 587378643
207 145 833781346
205 58 431958334
134 263 177906511
152 4 699149284
58 61 875585311
158 34 653138453
194 137 975398624
114 54 428207358
185 172 624222428
152 272 11774360
146 179 573408256
191 135 463032365
76 20 132172380
286 172 835767683
170 281 59906895
232 138 486876381
285 31 395034417
260 145 8640822
18 81 77147693
297 232 586347416
208 77 495335146
16 20 541912533
180 95 445101252
59 81 306300575
294 2 573779355
40 233 281899345
120 269 174443027
88 229 141100923
109 246 628496604
53 294 553524487
21 202 503563216
218 269 312394135
250 200 117008281
2 259 390279461
28 4 536389662
283 95 283440547
127 215 432054215
53 2 810145643
176 163 698438540
79 215 721155334
17 287 595103087
32 205 893690055
118 154 932464954
299 207 843600164
259 235 315379719
273 269 407710514
219 95 459985280
133 199 14722081
28 74 638110795
167 204 554782762
52 221 203601748
190 4 932419252
244 122 135664158
250 120 258437716
265 130 754524150
36 102 902735518
149 72 984971164
280 257 323157763
112 284 910912588
107 150 376732244
68 254 274141216
67 143 106702719
271 139 39327240
28 88 41539411
43 104 651102341
45 139 109438394
14 39 847471766
78 70 2289374
92 182 679004157
179 288 281087358
274 107 529694311
289 173 872444454
8 143 55544192
199 222 863974831
262 265 141336534
102 61 908041725
147 74 571800915
264 203 592599385
37 46 837675566
93 277 797656605
51 250 174808911
13 239 25250583
66 298 986433578
257 248 341505699
39 209 201421015
225 62 173220027
1 261 159638253
115 224 145646855
51 261 11952653
168 105 964435529
272 207 84860430
234 220 794852220
69 285 53629969
46 294 900520917
296 84 82097177
263 8 396944739
289 8 659534699
141 175 569855174
248 277 277679186
100 197 462010891
280 220 108970349
161 154 43219168
281 274 842234505
149 19 561560550
265 66 65172133
42 28 199438493
232 17 19885000
82 157 655861626
155 156 699967755
241 255 989878951
183 286 175768170
31 147 284960675
151 179 342707048
255 27 187957218
104 44 162216884
88 137 171939763
80 120 685313179
132 201 567008088
57 107 962671343
63 99 736771950
213 281 706261787
35 64 103484933
9 214 280842663
257 168 734415890
274 23 922274585
109 110 73999573
272 190 586535592
202 21 971933692
289 129 505081750
284 244 758626249
285 156 47094429
271 242 184489344
156 251 508997457
218 259 715369624
59 232 70199098
295 93 933625308
67 64 210119449
258 265 67050169
101 6 717828149
51 41 9904792
151 25 785675400
179 47 73424493
75 254 453080043
131 224 972381801
107 34 819286985
104 29 8528829
211 95 7014392
259 105 57605908
79 205 874795113
80 7 126286053
23 157 401367029
174 88 553783476
267 162 244569381
9 292 49534704
62 98 408128038
98 202 95140318
226 164 479538412
169 175 852890616
76 253 39646973
289 84 692372879
293 107 274727288
22 280 981288275
149 298 849061536
229 59 239560879
233 120 868155929
22 269 805045782
139 246 983855745
102 114 319737971
118 189 27226276
142 229 676665159
172 222 130475765
59 243 879366197
33 91 144244594
220 19 83223704
151 3 963652623
179 24 14883743
160 162 540413188
56 16 252288053
179 133 503081542
254 26 872621470
112 197 339710243
129 256 600682185
177 40 766869827
222 12 230326198
26 162 40586000
300 40 310809976
243 251 283622089
182 58 291077104
235 236 38581988
228 189 565783713
149 53 417571510
292 181 721189017
76 57 605408156
55 278 624323167
52 55 17494928
51 55 505595719
178 297 893671321
167 230 18093831
170 164 346084866
58 91 609903407
270 240 633698259
131 283 400461539
247 110 494592147
155 164 60334676
73 215 180912831
153 18 672495585
271 195 402483033
144 61 911288362
74 283 303715978
239 40 82847420
97 61 121304159
255 192 316345493
45 190 563620903
191 44 482516566
67 117 155875033
297 269 624282302
281 291 198548348
13 134 162295261
26 207 806600143
203 198 22561334
223 294 523446194
233 249 579342585
226 293 763955875
28 236 535210570
45 2 664913486
29 298 728108606
30 30 377875297
278 94 212917582
38 119 546296589
80 74 281646238
213 296 323837231
158 228 11600531
243 205 745397676
269 284 19820811
38 29 895204612
276 109 404978261
233 139 221637342
129 116 895148535
211 205 41832905
251 36 112890078
188 300 191167473
170 157 103001953
101 151 164739009
128 171 87483193
38 261 58783773
1 236 234515781
13 220 91477871
54 49 123185686
188 11 49483542
192 13 971938877
270 200 618145728
94 121 806517585
146 273 673946087
155 100 131870758
199 137 568018518
271 189 499819205
203 201 655381424
274 254 265096824
211 193 541882986
53 85 32036498
281 106 869719949
261 251 378770570
97 97 423305242
83 3 748721642
240 253 227356930
109 223 754415719
265 177 439908971
41 150 800441325
164 113 288710369
50 217 241516305
299 249 771749210
148 209 775609261
169 5 356098409
162 88 677955663
203 79 828664215
185 240 719524189
55 204 585051365
125 244 369239967
201 160 47792031
170 261 817674747
274 259 355859695
236 158 133008956
148 26 103123760
156 188 645182899
270 142 38540778
284 78 408764969
272 132 550641972
188 9 677102268
6 209 200726327
236 78 515913487
82 104 507216597
229 39 191839255
284 238 653584732
43 93 315758271
294 114 927081513
23 97 272460442
291 120 401278074
214 59 458476082
81 65 97012142
107 300 900563920
145 134 668196775
142 62 319143565
48 97 481529902
279 191 363970546
150 184 644421159
214 206 4062307
55 196 309901826
80 110 852023784
113 242 852184500
55 101 505659652
126 245 630123985
300 138 286469898
264 237 755189994
165 216 991924384
262 117 494372320
120 82 448558225
126 188 968279773
251 268 604178934
186 132 33357975
238 186 309059575
289 11 799713572
225 62 12536561
222 25 139367798
67 241 833792013
102 202 116600181
21 21 62357462
198 198 648557001
270 200 423960520
255 86 699560452
129 75 572368937
156 63 647982600
127 287 742081861
287 260 26326638
84 78 129730478
148 179 121296632
80 252 940413552
93 149 148692602
294 170 351002901
213 124 104400938
264 4 261071212
253 159 326673374
252 37 636364112
64 24 624096971
201 159 750094648
279 59 858797879
10 138 592062630
113 231 103479830
114 224 361329251
15 188 117273474
104 204 962219529
216 156 352710640
89 159 88460376
53 222 34521651
223 175 330262262
223 153 809474220
153 214 441274057
282 78 140535587
63 244 408332162
13 10 816107950
138 113 915939753
266 28 132712860
57 169 114409870
133 221 750596291
35 143 772631465
96 117 310245869
215 269 484736134
224 2 236515812
162 64 566793855
24 128 826573164
125 265 120254676
129 283 561425956
40 39 624244024
109 171 797589344
151 206 558075238
16 53 655796355
136 268 654583275
170 191 293982277
33 104 382505892
87 179 428967020
202 3 403155484
129 183 119807166
136 222 784149057
259 30 632125179
2 181 550773536
292 248 870356389
46 135 252864308
172 4 139571350
248 88 523529453
140 226 665587132
211 127 234368686
194 8 145813869
212 143 237668242
20 154 919308972
298 155 498881404
234 146 749017003
274 243 979961637
281 115 528967793
230 114 632551280
282 5 710022306
213 215 440470384
199 161 944150191
119 72 487520386
260 91 842308639
183 140 658620645
38 73 494531643
140 46 858354337
77 78 404672003
121 7 427466917
200 289 14277673
205 253 889038588
89 203 159937848
31 21 799298971
168 33 591271013
158 215 167979152
55 253 932713277
97 144 755829774
185 272 890192952
88 92 475374158
156 292 887419198
228 248 939398851
215 88 570714505
114 171 74663678
84 90 688914610
196 248 37808976
200 2 767711828
276 150 185189224
201 34 565170095
152 173 289138587
162 28 842162330
159 256 81747277
161 222 153396517
66 36 1260239
43 171 112858828
104 67 183017275
79 18 575388928
7 293 931989077
182 193 816204763
276 97 632707987
162 258 956449315
143 168 506739122
72 29 172615995
88 146 261501430
26 240 277727101
53 43 812564019
80 121 33991336
107 179 727238680
36 60 648135824
50 88 686875720
236 1 23865229
202 144 694007197
175 215 341733177
70 54 537757674
51 131 504228013
151 235 635091507
121 14 115640779
56 173 713587658
35 260 319154069
11 9 644993756
30 296 832761657
111 198 577136452
59 124 107349066
35 193 134345071
260 244 954352001
72 146 385261387
30 267 905057801
108 22 646679225
65 109 689598384
186 119 702536392
93 200 23233939
1 62 903107636
52 120 258962012
69 206 705864004
139 165 62864099
91 236 755173045
278 265 300387563
230 73 27466284
106 189 221196944
189 126 677199014
32 219 82348214
170 219 18058827
258 23 473305347
169 91 494853652
24 282 620461417
123 124 206873004
119 153 36663569
81 134 930506593
116 239 601989733
12 127 222783411
25 210 585365029
290 80 80045299
17 37 431444321
163 205 451943864
214 280 423372645
182 102 5115368
86 272 434949773
6 52 765417306
50 220 495713545
282 231 167953223
92 255 484672733
172 297 321622364
223 13 729393400
243 175 671980556
158 140 855247835
2 22 194575689
22 159 445137160
194 164 759836164
251 213 166138983
195 246 737758913
70 90 4411319
154 261 48444415
17 183 887917027
268 178 848650853
123 35 425499545
9 89 238924518
49 110 495798776
9 55 85302239
124 5 642974203
106 252 918288048
70 73 986543537
40 226 285622050
255 242 43052532
233 209 247828361
138 83 499377048
234 143 221071236
51 192 123058997
78 252 640290103
268 75 538181859
70 232 164964162
117 53 688590234
6 92 446249159
155 46 612079652
238 31 62958760
251 168 28416094
298 101 511183137
133 203 410868280
181 280 320092331
283 247 703724157
141 68 875386388
55 236 130386992
288 241 768104583
199 147 542016281
50 85 340039111
162 35 715856630
55 84 94968382
143 268 716298884
122 148 928163263
104 182 520896461
160 74 137472680
199 128 843663615
290 116 331045508
173 14 32724054
205 115 696784490
215 276 571055176
196 83 154913159
277 225 521946026
260 99 647729125
274 202 320036206
286 114 929565480
65 12 493797459
79 54 996289674
86 278 440840339
292 182 587012754
281 96 202798381
57 43 464096963
267 19 734607988
145 278 130232438
169 3 266029939
75 288 550757352
106 52 712317416
16 130 28580769
290 268 120168346
80 259 529096427
285 291 447920474
166 99 592497116
128 66 57794734
67 210 412628563
104 78 585161865
95 204 948807452
146 61 493554355
13 77 210549836
181 118 430839403
78 249 892179813
104 234 438839204
29 151 494389102
296 278 66259019
281 97 823878628
243 200 120009758
259 46 422172261
262 192 217480674
16 256 294699750
252 137 207668219
206 266 544710067
171 122 745354400
74 150 864915950
127 146 367491680
246 178 987689576
273 173 708258427
130 131 795228173
243 145 651872516
116 212 990508871
117 215 692234359
121 235
1 25
146 43
116 53
254 47
244 294
239 133
160 122
46 264
145 139
163 228
72 87
254 130
52 36
250 70
4 111
187 122
164 57
109 84
182 31
25 114
247 126
299 263
278 158
48 44
271 123
209 210
91 95
130 215
284 143
5 79
253 40
148 243
26 116
147 8
121 207
84 223
185 119
277 134
177 215
37 76
38 200
46 297
211 128
270 175
5 247
38 274
216 257
125 185
192 293
252 23
245 12
131 87
221 181
95 159
234 149
100 183
180 23
151 145
19 90
88 172
146 76
32 125
9 113
158 208
230 200
264 109
195 226
159 94
4 167
16 5
188 289
12 115
260 67
208 162
33 30
105 296
120 230
43 189
96 181
132 252
60 78
55 95
240 6
173 213
218 295
284 240
54 105
171 295
156 65
147 130
125 240
170 251
139 297
229 264
215 287
64 112
207 26
31 118
83 198
193 255
194 300
156 228
222 300
116 78
207 129
68 262
265 84
80 289
252 155
141 60
171 218
243 256
126 129
79 26
280 208
259 23
250 226
277 114
191 171
299 92
106 97
180 118
107 70
224 11
122 110
28 117
124 293
173 22
47 249
208 251
273 79
56 166
31 274
144 32
175 221
70 194
12 32
101 1
64 118
227 77
245 185
229 6
28 68
69 154
156 126
256 276
194 181
154 11
94 224
197 298
243 21
52 266
18 254
123 205
33 81
18 102
107 277
96 298
151 186
12 164
192 7
187 19
82 85
60 40
89 175
247 8
273 32
37 51
255 43
123 212
13 287
15 192
190 171
57 110
26 40
46 120
138 217
53 284
24 219
146 164
172 164
195 144
194 196
238 284
195 148
186 113
4 259
129 200
62 193
233 237
56 87
55 30
14 246
164 159
74 89
252 61
205 245
193 199
182 98
298 130
242 128
138 183
83 246
190 18
255 144
282 174
204 62
7 88
246 269
57 223
35 71
16 8
258 239
89 208
89 191
70 86
268 83
80 207
225 102
297 269
143 231
292 30
117 98
66 299
273 114
185 122
181 7
298 252
211 191
81 86
223 299
81 151
109 190
44 212
181 33
263 40
70 75
172 7
57 238
52 237
110 29
87 236
187 42
284 84
221 149
147 65
267 143
85 280
191 75
160 180
219 123
197 174
232 40
278 68
56 288
68 81
68 217
11 155
290 6
154 294
110 263
157 300
31 128
255 293
172 222
44 166
91 91
182 293
112 23
10 211
291 220
188 78
284 58
63 198
244 273
287 216
268 105
233 144
136 298
271 239
104 8
150 67
111 194
216 31
294 222
141 278
55 284
94 29
278 38
62 156
124 273
78 49
192 143
192 62
52 79
86 163
281 155
100 287
70 91
