300 5000 300
251 230 119293354
156 100 835018021
10 181 973114162
262 183 122830698
16 297 126842263
260 219 774750071
107 147 608286370
115 236 10735346
222 175 733548118
239 21 533140814
99 23 179426795
252 231 457653795
124 240 711353975
86 254 901675057
235 269 820138106
49 229 328514376
271 87 706652523
192 201 903271858
289 174 888226784
206 112 58219305
72 262 7626579
166 214 833016509
60 37 682016001
186 174 722512206
195 108 947069274
252 208 833197954
227 178 906921240
49 69 131385340
158 109 47644366
142 15 998370577
198 138 202805539
28 55 780242604
37 115 565699792
89 52 532291266
146 298 507880425
171 249 471825885
125 228 198877714
216 276 149838635
208 186 187960343
73 27 46790957
101 276 817020346
39 3 973042601
294 91 825027867
286 231 84330118
203 76 210173468
227 247 317663316
263 123 440346743
177 90 284876271
211 297 754523756
53 121 590032334
262 222 702137661
7 12 98466315
159 6 612034806
125 43 482408188
195 245 727065964
262 223 850626462
29 186 833771284
272 62 140970725
294 272 51093774
201 76 611784794
134 37 526447067
146 44 997886131
160 254 806344588
17 79 517522230
105 273 368743026
20 286 15371048
181 14 781748533
216 37 719269546
40 30 125256369
213 282 187669345
259 167 805815781
225 12 649232376
7 172 690961730
94 188 756031708
275 44 633805132
100 63 534455469
200 243 923129682
132 210 797723571
230 250 590597052
298 214 908790234
142 172 194851800
23 149 3435764
50 155 727975735
279 1 538055574
38 27 63567118
121 127 736609032
189 26 555291427
23 209 205901936
193 190 681927637
144 188 181945951
129 29 22774374
229 103 878343622
92 153 451572529
178 183 696289329
203 221 835048955
272 41 236594433
104 230 916296810
230 252 508420971
17 196 732236460
54 91 712999647
56 220 490896228
229 200 871741982
251 43 504769286
179 220 80939869
159 174 61318141
165 146 227192881
50 249 818052262
259 230 757025965
129 298 841837560
241 51 368116803
187 158 539621222
266 87 108751673
200 89 373911215
285 19 915591934
253 177 976882107
193 93 473865204
226 142 290633904
187 153 982479633
204 33 312853383
63 273 258650085
117 212 854332043
38 177 122673629
210 76 647051169
176 113 174004487
9 65 104855615
68 10 127169859
23 287 625025301
227 173 72267805
111 128 272285637
293 243 809831610
278 59 250421721
120 149 937468549
100 110 742714077
220 286 170927589
6 46 155565305
72 165 757945366
230 188 205260652
282 114 168079777
186 224 403428704
123 217 605661346
32 246 142894505
204 117 259782105
252 268 360043114
128 187 670105099
168 192 958076345
25 15 53355309
190 244 429807196
42 226 230582261
170 111 585643785
125 233 512877853
271 16 270934550
227 219 861629566
31 171 112669233
296 50 671104719
195 270 563456862
139 294 894581276
299 183 644164171
47 276 584714496
207 197 493532759
291 22 937871891
95 44 285112559
144 270 80643777
61 52 966966799
193 99 686795701
263 293 411058070
276 183 351915
3 182 507589897
274 228 695581725
221 186 879890821
279 177 316462242
22 23 463473685
80 219 316336006
56 279 134831309
7 224 279002708
7 186 271471652
28 162 217798135
42 164 876370168
238 189 676994947
214 110 850254732
35 88 834309660
228 109 142037583
165 240 749405753
70 48 813011031
131 54 3071706
238 60 285659792
89 139 781781205
175 180 386017220
142 169 742532009
140 83 288556418
272 169 370139557
31 96 72636966
165 260 238710257
269 82 243970504
52 212 907900857
57 201 769813368
248 41 240766106
104 216 173627337
124 109 223470606
32 249 790910340
101 272 903321008
257 54 582197555
274 271 291013667
231 239 198621700
234 290 587336611
43 47 293710163
210 46 884181303
216 150 281580870
204 273 509762679
9 56 950754379
248 156 602294350
107 164 3724955
114 138 444567425
132 120 526743864
231 53 768298005
293 95 319785203
255 57 466865249
257 272 696352050
227 227 541746474
57 236 745580529
135 235 301443336
236 94 726958099
90 259 799794488
215 90 906146407
30 20 142500712
134 12 564241906
89 266 646216062
37 274 629189285
238 252 686788912
111 8 895001899
91 194 44738585
226 129 39319978
276 271 165976336
164 237 715721325
222 266 739692996
33 151 972711607
291 239 413520024
252 27 93783198
289 264 114701
252 74 937244509
150 164 560959702
34 141 326070983
64 169 236303305
299 32 883707741
76 5 500060858
223 38 1144308
30 28 411775999
205 31 198821177
54 71 206115541
155 22 680438266
15 223 367369882
16 9 568353722
250 72 715380590
154 122 608244973
294 249 5609630
203 172 344942567
263 253 748034746
261 157 8585876
37 263 313334299
129 117 644036220
295 131 453242595
76 198 80659303
49 148 270639026
191 53 336641747
115 99 699421496
44 1 98671267
10 263 212135371
107 275 748301127
235 12 211017141
133 192 42849057
52 186 738590439
298 13 859200989
200 114 730751688
225 4 589545840
124 118 24323890
271 162 830113991
289 223 713093153
259 30 937553728
137 264 702316891
278 96 66014534
286 199 4052220
125 249 441348884
265 148 93741897
252 125 381644552
43 248 913301822
233 270 694323335
123 258 69651657
27 216 492354238
206 52 971016953
148 29 818974100
282 15 532778251
53 191 565671999
136 207 998314646
85 158 806377922
88 252 473987221
209 184 553080390
295 58 994845047
4 137 11416562
41 42 56128766
146 190 487482446
45 223 200843012
247 275 934800902
45 162 106106160
43 298 887961417
164 138 279977921
285 46 748930504
126 93 682482214
173 96 941209850
186 188 167699843
251 33 64269084
149 130 696932106
60 76 922257480
214 173 886626794
273 215 831265591
242 130 842851128
162 114 834685226
17 240 353607570
230 164 616753465
279 101 674026204
122 104 643926389
205 252 197944470
263 11 16342345
294 224 222341069
187 249 109222583
130 190 188397513
209 51 933853078
86 67 898669669
55 297 77692332
171 27 39886685
175 200 136348788
263 157 707077439
232 119 952915649
28 164 513697025
297 51 643011373
231 232 81336462
243 140 961166564
173 226 31432182
41 280 122099178
125 151 731926457
9 77 176097508
296 91 518881416
286 22 457210286
286 101 765857950
210 149 183967552
134 80 542804683
247 74 537736822
110 246 708481899
92 39 556131131
121 215 549954333
229 275 363977709
289 270 494643999
204 255 139897672
290 292 168597424
291 202 950567973
42 87 300064604
24 34 552968477
197 195 348165375
296 38 584324965
126 211 339139579
158 191 505012253
18 179 218291774
268 83 186055580
239 124 213735671
62 114 667545424
86 155 190496211
189 230 568957196
118 126 911578590
292 121 954825280
8 298 968280090
186 207 241418532
90 276 245305411
15 243 203854845
194 233 574277120
116 47 122430185
240 132 32281591
202 73 846636020
197 190 955746645
138 233 920611718
117 240 297362367
58 177 635952926
190 266 300361101
252 280 490263596
96 225 493041728
167 40 182325626
51 279 803650558
141 180 214630182
160 128 263200271
56 266 2558903
125 82 869547394
192 192 350788970
269 133 656328587
269 84 4458018
16 231 581232842
244 97 452905081
269 147 139536512
178 287 831623343
159 146 98122771
81 253 703129736
235 78 453985869
28 21 171487612
49 289 244537144
35 9 770956227
52 25 807116057
293 20 927293753
26 40 253919499
89 218 819274885
31 128 322512282
153 209 719378335
188 195 635517464
109 223 515775684
220 23 701138624
164 58 639451032
242 161 526009208
199 206 1338527
251 231 100280967
202 19 479003436
138 101 499619763
220 254 130362923
6 193 373791818
169 1 951970192
104 273 215687014
79 136 673787223
10 77 478212484
70 27 62711989
96 30 732707171
162 231 627734541
249 68 431933793
112 39 390911346
286 96 912829639
55 16 304190891
46 171 883966363
112 249 749209550
234 259 670876679
269 28 308600157
209 175 737157386
79 89 62984216
71 37 810388236
164 200 301881726
261 186 109359374
251 292 15822289
242 38 242078860
256 149 489267708
158 134 249356218
188 103 48353597
244 11 887598372
30 142 572404212
97 212 876741848
284 127 857780100
262 140 793365537
35 90 909806328
123 83 11589017
134 91 461884265
94 248 639511999
11 187 22684701
60 130 379147063
283 211 589089904
294 60 132764116
93 95 147136194
92 56 170601133
28 142 968504923
8 265 550071157
24 150 946749847
241 243 612783246
239 6 219048032
91 65 926660714
253 47 472778676
9 40 920386135
276 184 637420382
69 276 73246789
54 55 337224731
128 114 297692847
284 138 196729996
231 78 228636591
228 68 790252496
60 210 782447660
125 214 797853158
100 222 556356849
187 197 787216932
68 18 200729859
56 71 737744814
186 250 13100827
32 233 38386916
80 215 275487345
70 143 363914112
65 254 31384621
176 78 509562287
85 229 682504308
33 115 240523857
164 234 330757126
23 290 123805248
288 227 440689497
66 11 831481029
34 142 947962396
78 211 550400490
190 27 857843343
262 254 501984372
300 38 103085900
208 122 286566767
116 37 837331000
41 111 681141741
88 98 155223720
84 216 557269782
64 249 84009923
11 26 816597085
100 267 545283763
194 281 52517616
65 280 841184505
217 239 467641278
235 106 866588514
186 146 91272425
179 285 731954174
98 120 801734589
131 236 44033289
253 246 881821267
37 46 531528985
251 239 24541065
118 56 575452497
22 24 866767587
151 10 139010193
264 195 575453790
240 125 447387275
14 222 48016494
54 52 61338829
43 56 287833027
161 144 572866872
245 94 331832762
62 211 66715069
210 284 733116044
296 134 617602453
240 150 262538000
30 89 349064424
104 102 884921798
49 156 427379901
230 250 60448657
108 110 453241500
279 106 3558546
192 167 911401056
161 76 722986240
256 124 758471725
9 63 31929674
60 92 487148863
235 247 708599816
32 48 498017123
233 29 899434072
241 136 499704633
40 114 977841439
285 57 63418257
193 269 331887585
84 225 650017008
108 285 9333070
34 44 985289562
296 30 730306460
163 62 439883907
186 46 880393435
209 286 192184422
42 77 95607387
32 114 775011444
240 6 149628012
224 141 952573136
31 248 506481972
253 281 221376167
266 28 298836497
225 191 623784758
284 76 328633555
70 284 768798840
292 77 955071168
78 160 38492733
221 100 77948238
85 75 206489330
120 106 625038678
244 110 923075010
110 75 735230838
6 299 475138680
15 282 935782955
69 52 574146790
160 43 889934819
28 120 860988478
60 93 255758729
150 177 553616804
79 48 257096061
8 291 375529570
218 101 746723244
207 158 953499894
86 173 435743428
92 241 73847279
133 153 765028573
251 180 752378344
281 291 663424388
161 140 795278364
116 271 658062464
176 278 53225954
97 247 907177706
92 205 518754216
86 42 659223888
113 185 362252980
243 18 396640332
167 20 569973463
262 52 68228754
150 213 674387145
265 28 742421615
128 256 602403545
34 104 177407943
91 196 55182000
6 281 858348041
145 145 227721726
277 139 589966195
260 5 982499914
123 18 823860418
276 219 517290082
72 184 468922061
87 63 935852416
183 148 998643420
277 291 256534667
276 296 957993347
17 193 96311943
294 221 892821381
288 180 817582937
53 2 475491306
170 29 677454525
3 101 71267308
164 239 20024822
31 121 724436670
2 97 796713260
168 125 755608807
66 141 112863551
108 134 230730471
40 173 358366251
28 225 65744352
34 147 126126233
258 149 508866333
117 12 661418971
90 43 38704043
211 44 965613139
270 264 54877315
129 29 607295555
231 137 408138640
202 228 47372764
104 256 654981489
7 41 612374287
239 50 731808535
271 166 187238999
293 7 914518093
135 218 764805588
74 239 994636151
240 67 414519480
195 50 973283868
86 3 563750695
150 106 708535602
190 164 30613542
76 103 59955391
162 125 720344808
260 118 31806615
204 252 571293832
192 77 988036070
194 17 890158489
173 263 243040990
92 48 424897692
187 197 646611197
40 138 678958560
182 213 648066014
124 75 210283539
232 86 879546456
98 42 547075159
129 233 325966436
150 126 123613952
290 51 252345966
179 142 415268413
70 80 364786762
118 120 755882499
30 53 53446264
43 176 989286590
233 159 603158827
240 256 809581068
199 136 225875252
286 38 994161178
89 27 86507380
154 258 623681373
266 79 21950205
79 197 137333124
30 278 557992728
193 72 491368055
234 5 510320266
60 244 794139621
228 194 471669009
79 179 678428146
108 267 9608224
239 120 855733881
212 138 494219160
16 216 424191608
291 245 177126137
70 189 548572408
76 174 601330312
241 234 919979008
114 213 199077301
122 43 617107980
167 203 2717698
290 141 903219718
123 104 438915155
282 171 827107122
141 161 823678119
277 282 334590759
184 58 349131633
148 298 470459566
107 163 213188330
207 284 98160472
238 202 824569874
236 244 331440267
53 66 242453022
59 99 727041993
280 239 627573005
250 267 502038787
109 202 546840096
141 49 419780845
158 155 767517008
87 114 61717591
58 51 685843445
284 38 944470088
102 90 545847753
23 200 836711951
115 232 93770641
172 181 641633607
158 289 881389608
253 181 266885309
149 38 718099715
156 124 434110128
199 234 737057231
143 269 777142368
82 70 310101610
34 92 774850109
136 259 851011340
228 130 362263421
286 39 495713461
193 43 747976742
253 191 442029179
168 47 643575455
247 297 598259688
77 191 835684456
297 272 539806377
6 57 100562120
214 244 244993678
106 171 305706759
126 156 932223797
238 100 523901239
179 105 353036282
210 24 334629580
64 270 382915076
203 99 36252566
258 147 91628489
186 152 94890597
205 117 882750840
183 222 254012562
41 99 997793017
290 37 553030868
280 215 186611424
161 124 764118047
140 239 424693569
167 141 52878867
84 150 130849013
272 35 968705616
268 240 488782432
259 174 247123506
120 266 753475904
188 255 356069440
56 287 655397207
79 147 93488382
178 287 313918421
246 153 767463361
164 237 142324011
228 260 978306745
143 280 228490036
226 238 137867561
231 58 159629727
35 245 931033033
226 300 975978719
32 131 647503066
14 60 132752004
286 5 814640608
46 168 581937796
256 147 526272056
253 41 595050335
240 266 671023472
101 249 8204029
279 35 309417726
111 260 275179077
230 44 92099507
247 109 81846118
2 94 111563422
209 191 791679341
105 199 253042887
12 203 316876027
198 142 324477545
21 294 670454593
202 272 960799427
27 83 404097838
203 64 803230681
262 62 956719041
79 63 325964986
201 23 678431877
293 179 8960075
180 190 148372677
158 139 177676070
102 160 382221464
294 61 774154935
272 87 137025869
210 41 594296632
242 2 351019345
83 81 834913307
68 33 418168182
296 25 977689060
70 256 744780702
98 166 314493440
268 267 62883451
131 13 145638411
265 36 577208749
234 245 780257190
17 239 699399591
162 21 268998423
120 140 600617107
101 188 485934984
13 257 30511291
114 107 551222056
105 74 225061175
256 256 869966887
166 272 4287674
267 257 474572319
56 274 641600557
198 187 462091429
121 58 262009920
179 211 719787907
262 223 696901816
53 88 194240674
8 244 684447847
282 199 107293854
20 117 531900925
94 83 947811282
164 190 801837907
172 87 445000145
200 259 712211302
171 138 726672264
30 151 613555738
197 203 117642425
170 263 110974821
216 296 98887319
269 16 932051035
45 161 40191069
26 24 351048258
32 247 269054897
28 146 210693055
30 68 481612544
45 97 715231995
283 293 942062697
59 162 418359411
79 129 664150607
50 149 254435874
136 194 340986534
5 271 103407609
114 55 183299655
10 82 895270452
165 163 501329919
260 208 426298668
154 242 514562160
3 300 665393774
113 131 710725002
219 180 462882403
92 15 748734196
177 71 73640718
37 185 534407172
91 194 428550054
94 110 173313368
113 70 790336675
280 275 450724768
191 277 419603720
264 142 807948350
218 112 419678681
20 256 186845747
67 132 2156970
84 169 364144254
208 11 246895199
61 105 861102861
128 269 688379782
155 300 443957956
122 190 774932785
193 206 247147326
42 175 377268537
174 246 419732292
73 64 568041476
42 199 73087344
195 106 675718606
45 218 566173010
5 46 950813178
138 252 108454129
194 125 848625319
30 18 394269576
255 111 456111902
43 285 644518347
35 109 265772162
262 150 688481360
57 96 299569466
162 140 380102883
124 197 103394980
53 34 112298783
282 227 5022708
152 256 53686825
227 262 771272187
228 5 724941123
226 91 954055731
287 104 460772980
298 160 461753475
63 21 56408767
98 196 253325363
177 249 593399396
260 230 373105175
219 81 367375482
195 59 823357644
281 38 823352900
156 15 787093542
86 1 135137397
218 50 88055456
92 113 26599028
158 262 516941124
172 190 214927624
168 201 523979953
142 119 850272485
123 13 735558443
118 46 340982432
169 201 458546446
62 38 206538998
58 255 273441447
213 99 958823259
193 8 200336372
16 180 396343062
191 47 511658462
243 240 551305281
179 62 274003045
121 232 451023942
204 100 954792742
249 162 296914232
46 271 233128686
192 184 930222284
203 76 297120144
174 143 882114923
35 33 131122369
97 27 122280360
29 205 665415321
25 77 141433952
67 280 226205504
60 280 706823517
91 25 718425387
129 268 201582922
264 170 182895149
107 96 31819543
129 130 110767375
249 278 501267653
8 58 201076509
181 83 798268737
284 201 633826768
187 260 166297047
55 103 454734923
142 231 920065491
163 194 226144712
12 1 720792607
54 181 652868589
181 130 534031118
85 189 915585476
246 69 776567410
182 105 568000862
150 43 244678573
148 98 103514775
171 291 82670857
161 153 259852751
124 216 637213303
131 22 244351083
19 254 917421164
236 38 926187553
263 283 641098273
124 217 56103629
185 118 544892772
10 265 666805569
184 135 992783759
41 47 724410263
143 171 44580231
245 53 132596852
279 71 656776557
143 58 265870646
247 73 13471981
171 248 697849297
200 133 805345714
271 142 502258278
191 77 95838265
101 169 506151163
163 11 106825333
245 255 176202437
48 234 809602007
104 128 98604217
250 74 106278189
130 244 166740388
278 143 142958972
191 165 132128865
120 55 237764842
184 155 395054110
47 70 863849421
131 14 133880427
20 114 449498212
226 217 728123939
294 218 748461512
134 99 856641908
222 76 256252402
193 266 492185767
58 138 83763921
51 21 876286976
160 119 299197897
32 2 692044210
211 21 744971823
22 298 114757292
261 44 67271261
24 177 763469360
31 98 753717235
285 43 695876953
51 100 92206790
171 202 891061362
198 61 598591833
294 145 174139886
156 55 793907958
130 128 120014407
21 88 251063450
182 164 145849627
193 246 823629676
279 230 574846218
31 280 384144469
272 203 489289270
286 152 137851083
170 146 46195679
107 53 495687133
64 182 640856360
70 255 209827300
120 188 951061463
98 132 426233460
173 110 186562990
43 193 429268521
11 216 385597623
233 201 636869975
267 122 482283472
145 228 466398676
77 291 334187409
188 113 52923315
139 284 837361302
253 81 8519785
13 253 615083295
2 295 57961487
74 58 281877502
297 42 30409055
123 8 902147976
146 152 776266856
221 280 594157298
229 219 475833710
244 58 524875893
197 10 887133473
282 22 238752478
176 75 154579124
14 149 871274233
15 197 878127074
21 19 18021433
149 164 484636636
204 136 773659815
1 64 83496386
263 59 918940943
207 256 936087652
232 289 413686326
209 164 538299952
284 177 886680700
117 243 401975248
42 264 16020866
275 164 768650081
162 67 126261568
277 119 718010032
114 81 154367842
256 288 567663597
159 219 671449785
84 179 80809700
188 162 853704828
139 30 124529023
287 72 71174986
204 98 5856101
37 259 147290167
4 287 794667185
35 100 276337218
229 107 117176157
25 266 56833827
162 101 186579057
213 288 808474618
141 127 351343800
63 165 988280971
300 68 294856620
100 104 903191030
266 108 439460369
2 194 134644668
171 122 465233927
27 199 662283092
205 60 697027544
261 272 255250884
231 164 76150162
230 226 561700626
52 277 580439493
23 76 606049549
252 93 59759656
220 147 217128901
40 17 380008775
266 96 116062873
209 52 801773684
252 13 517950907
87 243 118299371
48 224 579864448
173 275 973821125
118 297 158541852
166 300 428800445
73 272 136813143
173 11 853884459
199 28 254739606
71 288 543696058
54 291 759849222
113 78 711673716
283 125 750513339
182 298 569681765
6 115 464035613
258 32 189282264
54 104 332365735
296 28 880447045
6 227 3792824
112 49 512169811
21 155 955121902
242 267 440416331
209 1 339170555
47 182 918117904
263 188 757697870
227 197 463960001
190 250 801696656
125 245 135520384
121 2 550472662
145 113 162616362
207 185 921208816
260 178 49233634
90 86 812473834
97 184 643310216
100 146 368080255
22 124 145325803
222 14 551330952
30 190 427941548
165 10 629042049
226 206 261888414
139 165 870176698
155 124 66272476
188 266 414365813
222 114 812453697
189 213 535250594
95 286 46792118
197 208 388876883
300 289 41354272
47 153 589704033
147 130 37718991
112 268 897568955
210 122 829408530
237 62 273654047
101 35 569476060
97 223 487508825
291 69 785450210
60 265 779776569
142 264 272184557
113 62 103227261
197 208 970860990
187 20 890218458
41 281 635024831
71 269 254513744
169 69 708642678
29 218 345754552
153 208 533929620
262 267 418493684
83 160 255810399
139 24 621304960
100 220 996535768
241 107 348423939
50 199 547146171
33 21 658974939
76 190 803308759
154 218 940084976
205 122 457070535
25 135 401057553
160 217 160922912
259 108 630537235
118 259 252120907
237 199 358360213
127 249 551856811
297 281 662019232
187 108 962501521
146 261 875296090
73 218 35395411
208 294 80766045
60 153 791184562
124 163 143868221
210 33 537011579
216 21 793991977
28 148 510060577
91 196 320242209
174 135 479050617
146 32 547644829
35 104 19263046
97 11 280351239
241 123 601919444
54 298 387261706
274 207 110199338
152 123 472300811
281 202 116957358
109 292 148864205
218 165 374479939
186 62 449629670
114 96 166914726
12 192 130889288
150 185 742610910
245 290 868035207
151 264 137699414
140 167 656240788
202 147 929503189
111 8 214376133
216 277 172878849
206 162 620029211
176 27 283639658
1 38 199105602
240 240 447193086
250 236 524119375
8 138 573752690
273 278 280588257
112 179 143650755
101 290 673000762
133 257 41396838
81 162 580405951
91 89 837672930
1 141 832460819
102 81 697637210
87 82 35121546
113 141 84691883
103 166 809063912
11 277 680538443
65 77 668589184
179 261 922080340
268 42 520524553
271 184 913551494
300 184 268075886
170 285 862470666
280 123 996895799
25 288 686870140
259 142 775125805
171 152 917903581
65 268 897223010
248 198 74943870
139 166 476461363
243 188 869288347
136 187 242097182
222 108 941477119
139 87 267137593
138 163 743197980
29 174 795927321
85 44 705913872
117 160 321841092
226 107 464193389
48 245 26883954
210 239 147867793
8 75 107268779
42 48 147613139
60 186 408989025
252 75 484067040
132 155 605022713
204 291 433436308
128 108 649846267
19 85 922841773
107 132 879535869
113 94 40453107
5 101 171661333
136 194 688720080
74 253 159132718
150 257 579795044
89 140 637577199
201 43 812637689
108 170 875396448
226 188 870560133
150 47 578105316
70 159 474493361
177 215 429012614
161 50 536276607
193 175 737762460
110 25 5640468
205 165 378075907
103 66 503512449
44 225 792896671
143 203 715553310
275 52 735675756
43 122 585180666
203 50 411935833
268 210 323210034
175 154 466616409
86 263 956176685
253 168 423441549
259 22 325950066
59 117 97138543
29 260 386853245
239 286 970452296
246 80 432504269
164 35 960945918
296 2 432471280
229 176 535800433
89 13 282582448
273 265 252612367
74 223 83467388
291 282 145334257
133 62 461093068
229 300 901303953
77 298 601621285
45 161 331505719
63 208 225002572
94 188 113355748
226 277 144393112
73 1 766206077
139 74 61903251
279 65 682480732
287 249 125867894
254 178 107618045
258 254 215923294
42 50 35964306
212 112 979676913
84 205 75303853
183 183 84428829
294 255 668261229
70 146 102758955
121 124 713872071
204 110 598739119
49 63 849246048
246 20 435845153
139 114 791040703
297 25 728294966
61 108 680079223
13 290 182193905
241 284 369737811
222 105 642806956
28 225 937385079
198 181 103839140
68 229 750745854
116 174 631925526
168 65 348999439
22 61 85989663
288 173 920415123
210 186 113115212
66 178 513515747
176 99 35306452
132 178 592906928
262 75 868797908
254 143 693879989
7 10 175771214
132 229 530394878
122 251 498747990
137 238 60507463
259 199 143493500
122 264 979618577
21 191 942176628
24 74 133926605
3 36 121256932
163 41 502906726
251 47 128122035
264 231 285264363
94 104 765374413
283 240 149263502
97 250 117010852
148 124 998294015
77 196 720399858
156 219 221102631
112 221 142820118
143 135 589391458
120 85 164078857
54 101 498807839
269 194 942577842
81 228 286411234
235 77 598206783
286 224 548628758
53 52 798676553
10 207 88689323
92 19 11573996
210 213 288644830
119 33 613781815
127 138 15272515
65 106 876028160
107 239 842280387
192 173 532085715
174 210 236421291
84 14 787422042
136 23 979780949
159 167 652457319
154 128 926708083
283 246 305439967
249 125 916775005
15 189 898493910
274 47 721003800
213 238 681051824
227 164 895648834
217 247 68121547
11 82 918869822
11 292 521512640
29 145 166353767
63 180 147817364
130 128 629982288
34 143 964172729
95 168 92966527
147 132 450258565
70 111 191804680
255 27 161200926
154 89 862156559
127 99 530844551
266 179 31355247
284 242 799817126
247 123 155044706
87 208 112310500
115 54 400159019
241 200 860870651
57 270 879047461
36 276 691110739
13 129 84482528
72 255 891460126
174 272 469533557
120 255 40378198
298 202 466983072
55 40 961090479
254 154 126227032
72 146 683396532
74 255 166167153
134 290 470187728
273 3 368612509
252 126 927794963
29 299 226796787
285 170 726939041
234 167 281071794
5 221 519177333
35 226 257944738
67 50 737824184
50 123 114106938
2 9 578597679
281 33 292497333
89 284 117962458
204 12 290870308
290 49 990059778
82 282 720380696
76 39 636877769
108 73 704377846
46 191 470523595
181 240 501218370
270 293 822993278
100 26 979475410
233 166 55147293
242 121 646501756
2 110 223072356
231 244 972720938
78 19 919979628
146 126 173422552
244 223 859276743
38 155 365971434
59 124 7157427
36 224 810571504
45 208 439793469
89 201 527650990
197 202 300940851
52 184 486602094
241 262 218222864
220 159 162464142
272 102 577270664
214 192 905499319
147 250 113773394
125 38 780690569
180 82 51264528
49 223 43457729
90 171 753173182
292 274 170470666
86 267 868247227
249 186 188413337
290 157 130314139
6 122 869505930
176 269 759723431
221 145 771443568
190 25 736658102
117 125 563030676
245 266 897063046
79 257 666860271
44 94 992626937
22 43 646859023
158 84 655495431
148 141 25296553
29 68 974750173
160 289 363530069
27 178 2207745
80 46 330576669
55 43 581320534
252 121 55380191
123 216 91874084
11 289 909025078
33 198 669297314
16 46 802477806
68 74 214065874
192 285 870351262
160 64 404540891
205 143 15382936
125 250 451367830
259 201 760636050
101 75 671207317
36 86 198812505
66 170 384381303
231 185 210744200
236 4 694890773
61 195 154093510
174 107 654763273
164 11 786074515
252 135 963574264
81 145 936841917
83 245 520221391
51 33 411372328
256 150 404637398
110 80 860544734
9 67 951874538
33 128 358409684
42 1 591163890
114 217 504861252
81 220 577562087
296 52 95619631
112 134 966930428
55 237 135884912
82 192 511508161
31 1 468130192
165 61 955712458
54 93 40837185
189 135 298888338
79 300 134406806
82 80 562775525
168 76 887878676
151 239 722868662
130 45 738952798
193 127 134943589
105 209 255041
96 73 545631353
153 178 613446945
90 67 62828031
79 197 696021531
284 278 4134662
108 198 950741689
35 100 325200880
96 281 647733624
93 173 182228602
33 277 333323211
25 124 961562183
77 276 576369113
274 117 831120979
56 195 874530727
86 230 358943256
300 37 861920653
288 72 36631604
267 219 997490184
43 12 585414008
244 96 311911236
54 173 645112059
289 1 393245287
101 274 449664455
31 30 113257902
157 167 518432431
64 218 80479920
117 206 834762691
72 224 61698461
8 18 942690972
167 262 22749220
3 67 449611892
13 55 621426692
51 207 4156918
206 237 660630599
7 145 139385617
37 209 444556635
156 77 379401692
98 200 269121667
259 207 761450185
182 74 38615846
201 128 138974564
144 192 319055819
88 243 860261425
5 148 446228714
55 206 951488410
271 242 734983770
105 150 511151798
196 299 316624098
263 257 853923556
99 191 708464181
196 143 44673560
59 287 507663752
277 126 343196394
154 182 853452293
19 236 299172998
28 206 51307291
50 63 190335092
147 258 551019091
144 272 47574099
152 70 622691089
232 265 151635632
192 24 936535970
43 52 598818795
188 257 995157376
180 275 638698663
129 55 963795568
71 104 120037430
163 250 486825940
253 146 333282763
51 297 568341733
40 280 788167749
223 223 279219024
92 265 360551376
138 204 597458932
65 135 288686759
227 263 533206913
46 34 918519516
228 248 955776365
119 200 666634262
281 250 52500410
265 41 821838990
214 263 871839912
237 106 710166929
64 243 680016432
96 59 339873419
206 285 136394533
18 83 120887066
233 10 41235165
149 128 890908864
263 160 422514966
72 125 406228206
161 38 698716921
173 26 384000726
253 90 765931121
184 237 839665479
54 142 96418816
187 211 499986698
104 143 22922907
269 43 857086086
32 5 335758997
97 77 174767021
255 289 867310610
75 161 840092436
52 165 158696577
272 49 420581965
3 154 61919006
18 40 173463668
115 144 116186410
273 112 255929004
10 195 406809361
206 292 768811537
227 298 868807225
88 124 578636338
275 175 608465802
251 199 490828402
215 201 565597556
72 218 969167795
139 32 527458890
100 56 576673301
156 65 712752596
216 270 358211739
104 248 919278936
280 88 947187459
69 62 678454385
271 65 26494483
24 31 683489583
231 103 598374852
178 293 418620635
267 145 19666190
220 52 111113954
67 19 881239276
205 122 504809175
92 153 849134262
102 222 459339676
286 244 641605640
121 267 669030470
155 250 456049524
107 127 176126469
141 93 945447713
231 64 577491316
136 130 774033934
63 34 8919807
290 177 150956159
3 278 631295680
78 16 910920523
217 136 333175442
139 290 463657991
162 148 124052317
230 289 694333661
194 271 751175325
209 158 859846254
294 273 231074540
200 262 784139116
259 16 171260146
238 94 218375661
161 62 657012848
154 252 170661289
44 114 357695837
60 95 636737125
272 289 732484047
196 249 903534204
250 243 588675928
89 142 440202041
156 100 159763157
201 38 59215302
261 250 780164115
260 103 991640067
249 146 2209032
85 257 135481126
261 228 189420414
107 176 594034563
162 125 123357505
190 265 638825398
230 172 586361698
38 73 302294787
239 85 697545188
6 45 105288342
272 45 136665887
103 129 473279195
28 89 956945574
294 247 338840349
208 108 331326125
64 49 165477441
61 31 625433413
210 120 734970537
96 111 859948121
35 116 362411717
76 139 560506261
14 293 664443941
208 20 310961881
134 65 232544127
182 272 37757587
159 35 315278187
151 148 652791617
263 57 915093737
251 205 13916199
24 239 24390414
140 15 643189152
53 28 872521444
93 288 847868415
274 121 611166832
152 54 903934903
138 264 407079190
277 115 906908737
93 129 694817945
81 80 220585249
179 103 34272188
144 294 93683454
195 46 535484933
290 191 832955820
157 216 648074392
140 67 319680998
42 257 31618113
83 233 96846827
271 77 845833256
216 210 866064287
116 140 17488041
255 284 662516234
108 230 66687832
93 272 41930422
12 128 751722237
156 267 281123755
105 60 667892563
17 195 227306847
44 165 612158224
251 132 295089485
289 248 584984124
129 254 358748907
262 62 112089337
193 206 422559560
14 217 285511639
102 124 164628757
9 228 963845816
171 297 647791062
18 40 270856879
293 42 527861210
177 30 344422009
200 158 754811463
259 171 705229376
247 64 731160681
206 129 518077549
44 283 566570725
200 291 196321204
167 161 438947100
81 230 243811591
159 274 456747932
68 150 648853113
29 102 132582470
243 112 128001293
270 58 144248356
202 15 928286784
50 110 84355166
74 61 746093608
130 227 728878321
129 59 112532502
220 217 509214376
103 37 66529777
16 65 516946478
137 59 924246089
129 28 253034298
184 229 73354312
120 30 375750473
37 156 619818833
297 285 474437912
117 113 587398770
218 32 229558287
293 135 781294023
270 202 439544339
99 38 959120697
40 219 750285176
89 102 691682104
101 273 6421733
25 62 113591140
258 58 504478824
169 226 470548237
138 143 108127320
76 188 873964006
50 209 416911407
140 7 574584697
236 98 622468815
163 187 557328468
18 39 159966793
151 63 514738954
242 20 72771263
266 240 710425688
102 130 392751082
73 257 628961821
179 7 633071329
237 146 627058788
33 134 387686637
99 296 315472823
267 14 41320713
159 216 235948076
164 157 224206447
226 122 480533739
265 275 739812368
198 100 936633324
19 30 704806982
99 266 631361328
186 51 232966113
175 149 554873808
297 167 846315573
210 25 113713140
237 188 618141297
283 165 569111570
73 129 437172197
240 27 182966848
116 97 827943177
49 195 494045294
76 133 903341544
288 7 383333445
248 55 638833111
272 264 682323688
212 252 28544127
8 235 750265692
29 7 262946772
77 299 106822098
224 166 468402546
100 214 275726741
46 42 860886173
289 81 464083831
185 80 548276185
248 52 7300301
35 263 77104252
61 22 981894486
252 102 907237445
76 179 592945495
225 102 828168312
171 254 317712877
11 299 692940518
35 39 891850051
65 276 616798930
201 223 419135433
1 9 707539995
53 69 657702968
90 73 986219570
186 148 982778348
280 72 682862501
43 294 914415206
20 56 171481756
89 90 357403695
239 206 560547170
221 159 272261644
253 159 322354452
300 211 739369720
67 1 978605844
288 186 450493243
87 218 114370367
288 260 438639760
245 31 551544516
201 120 166487157
195 58 895035163
216 30 990497421
159 283 460174231
110 34 676137142
181 100 177829694
77 88 872489331
119 174 205577900
285 213 5263712
145 158 589259642
60 110 503022561
116 56 490918871
130 271 22263852
2 181 811160234
85 42 122697067
26 274 614577319
71 50 273020558
1 169 933321483
201 205 130858948
112 49 927531805
105 160 52370866
166 28 157747121
88 209 656724091
39 263 526596123
25 47 384684964
43 124 675393037
213 194 229842539
170 246 793494007
105 198 38266863
252 61 845251812
8 166 323542423
173 31 787109502
93 170 130988211
283 260 903225025
157 284 858961471
20 27 231883746
208 239 494788839
146 161 77715136
4 265 481207834
67 216 563046994
230 275 912492259
4 147 885082541
106 239 971736710
168 273 47234970
192 129 775253905
14 200 278490583
259 159 24038674
149 5 284918734
284 60 699484950
17 126 546079917
163 107 604751791
121 111 927871437
162 216 673185975
123 135 202452199
44 78 337233527
1 91 19763978
283 101 72920236
256 1 726544840
89 284 331680852
290 53 221562429
106 215 93957736
196 87 124925546
184 300 954091713
58 123 564960799
8 218 8241476
34 218 847927918
11 201 315903870
147 208 906958170
38 49 551322305
289 38 877687757
118 144 154134223
105 91 440637610
202 275 474796809
266 84 80864883
164 92 158593153
139 177 630719170
8 188 480766222
277 86 880256630
246 123 966625478
2 164 291874067
59 33 697049610
133 137 344452953
294 38 456922827
103 3 265194262
137 218 266686753
89 108 503666530
11 115 995897569
132 143 963783754
213 88 838902628
42 89 952935043
209 199 674927075
270 84 803869163
122 77 464686852
300 231 463988206
262 68 366734023
66 208 33682130
295 218 165276796
215 102 224905538
220 66 972042877
100 160 958011118
142 68 913014368
269 89 991186851
231 263 338198880
283 262 428847262
140 275 343996881
163 41 242240889
44 87 459331158
92 2 623517559
229 221 172605777
258 72 220704936
75 214 59689103
194 182 944156943
97 164 513528705
76 198 929759919
37 38 605528493
170 252 512553885
158 47 301986272
115 138 674755925
226 119 594646597
102 76 753077269
137 202 102982982
291 95 24323515
285 191 320968030
190 18 457603380
160 107 45701417
104 276 9545220
89 133 530300566
160 299 478276956
36 276 225863574
132 129 450136001
300 265 256589002
133 7 263269648
199 292 608848439
181 233 189073308
60 144 727758814
28 247 421418189
299 35 364808673
264 246 17261424
119 281 2293999
144 165 197544880
244 216 118686296
297 101 677923703
145 299 524446746
235 231 171784130
42 290 549695773
256 69 116226519
196 67 236446606
269 83 212342303
144 253 866153184
294 97 350074900
273 92 712152015
269 89 760400215
23 285 371659366
68 219 866897496
149 260 556234338
73 267 485371306
243 163 368886325
148 183 884563607
51 78 363196459
286 71 883164807
85 44 42088299
151 64 801588639
266 86 424935475
131 205 668460893
278 105 426270904
115 177 426124323
73 119 89439337
97 19 781024619
203 121 75690648
13 158 270698718
220 294 268626413
270 144 188160028
160 161 854706913
34 291 350262869
178 21 994095673
33 135 40933801
155 207 607003772
191 55 928752190
161 257 923554062
208 22 605046219
26 293 28336264
290 262 200543507
18 173 587100868
182 258 559667710
3 135 985141530
227 167 272273017
28 74 906433475
299 264 256509230
40 177 59580238
253 84 678842959
271 161 849978551
34 151 467591664
292 220 185787288
111 101 576984545
221 155 14677031
102 82 72619298
170 109 734484723
145 159 384679938
226 198 656745914
263 202 626373298
74 172 269293510
176 257 1616612
292 300 11502631
279 111 858691184
224 83 893445138
54 236 962376519
103 106 106419127
225 2 637609437
115 227 632183286
128 241 866211087
277 66 797255410
287 242 453652518
198 285 35945918
29 263 983752828
64 238 561773662
201 292 902633597
172 146 131122002
198 123 858705055
187 237 489375633
72 64 82713974
159 41 875112091
220 79 864032184
238 276 369582268
7 56 430065983
134 119 769951520
147 20 256432263
43 191 962127509
97 140 474038331
203 78 29361019
236 150 579808782
261 60 309303974
51 31 634623752
187 268 409901080
254 274 794122235
36 159 498494754
108 5 268980125
170 100 67954867
78 248 854354458
160 150 265788336
178 85 786956137
12 45 284068948
185 148 554382178
189 34 51548346
168 39 516546071
254 127 933128182
107 234 863068338
83 103 61516489
249 233 659594636
59 144 368524186
194 22 530197122
282 33 227327419
129 269 335027166
6 209 422361251
203 128 6395589
126 82 369712515
207 240 134779900
96 23 852997303
85 23 44041287
20 133 329433830
157 78 591052303
79 59 408705487
97 187 91697356
14 245 832200716
264 199 335083944
252 24 99501977
119 282 771433216
218 78 324890490
172 162 975312313
58 233 134602197
140 90 363515775
242 220 301525533
129 16 85216772
36 29 268971668
203 44 904338566
146 47 212896242
222 165 275256523
290 135 659520452
79 6 574688165
243 116 680354298
240 255 50075739
14 248 361533258
198 128 694570625
269 215 384215005
36 118 852827648
54 15 959320494
95 289 73406059
169 30 34896945
21 108 991757750
85 103 693062465
134 42 320761271
272 107 465906471
81 4 684687198
205 25 626349865
109 112 270578834
108 165 952458048
102 259 476522188
12 128 761688117
56 200 985362677
157 284 122858179
74 170 161293172
244 141 611667078
114 274 628021781
164 230 606757
128 91 293360969
13 198 263139333
212 51 975354444
100 114 705262823
68 221 112384922
144 78 623925257
74 151 920238126
45 146 903915619
122 12 936490992
255 175 417567573
111 54 26327663
79 66 320631613
264 277 407283563
107 128 64722277
181 248 180361049
102 143 40924926
58 217 44509076
236 13 216907474
254 135 318993885
297 141 887971859
269 3 255223964
84 82 838812681
96 97 443712409
210 255 546445337
138 135 613732284
287 236 630935926
212 45 573430794
40 32 749993707
13 285 624808093
297 33 825895733
207 54 58896087
222 137 59621068
2 284 501275416
110 193 654180870
98 31 76116604
33 17 731983891
111 280 245707988
104 71 537527019
110 83 363872956
54 131 661236788
86 89 552218793
173 10 210630281
92 63 957102864
160 225 51436457
129 74 263386039
233 107 920796307
75 217 64592186
262 72 296831809
181 234 129389943
136 287 881260474
175 125 997964314
268 49 882209076
248 192 225323790
264 51 618504514
172 180 165745640
110 164 775746746
168 290 636992814
205 252 322914637
13 184 730989570
256 19 338542057
81 245 823984181
294 264 98728381
21 264 369879372
111 227 991228923
176 150 469474254
15 11 28215617
12 178 104469606
225 82 943944209
262 147 231650092
283 102 183976562
239 234 314676759
71 279 323453122
251 300 125968637
75 162 974293463
197 37 329929464
250 52 751229974
218 63 11507651
175 40 880387385
136 53 654700983
227 35 611322036
141 26 484027369
299 148 123297647
120 151 263858298
257 225 278516759
71 121 638293896
87 122 361451699
60 39 371220561
263 265 9626000
299 100 452099004
181 79 724596439
216 219 723209416
236 217 419405763
234 88 764430213
284 96 128162137
142 219 354346809
89 5 59942130
87 116 978196420
200 78 66095637
51 76 267583988
255 8 814311566
245 275 742771284
260 210 220156252
174 196 569919592
239 179 65513587
227 20 238780757
36 161 567134213
17 247 801803929
89 198 806813906
177 249 167584234
64 203 686299541
30 147 826798216
265 158 925623977
117 31 106074472
160 269 484524350
298 196 192006722
55 283 866815482
167 51 722918680
147 139 131536878
205 15 807328778
38 79 349877032
230 160 336294430
97 124 489790387
174 292 934803369
197 151 435763590
99 149 120833185
20 255 901908019
153 173 986413869
284 20 57579860
13 276 328985274
290 13 773246804
221 294 352159663
50 91 513527839
88 16 624991230
209 212 961502133
298 10 588574133
34 81 744987987
52 233 702910611
172 269 411629582
131 281 530475157
105 271 79547921
260 243 745147415
223 45 59104557
61 184 94526972
242 92 662521835
26 89 247613497
258 122 41808677
196 225 616955562
7 97 695972830
188 227 262913710
97 83 977623332
17 43 189978727
231 17 383757971
287 129 753784154
58 122 87376998
145 148 115267386
241 105 515837560
117 53 338479184
30 59 274638832
159 298 676863659
21 94 431687993
152 111 607325935
278 93 113486203
200 80 758663931
6 189 872883053
203 33 417645700
188 25 834042356
47 194 867061008
183 223 72128618
114 82 8358416
24 102 58741909
17 5 155343371
103 283 190793864
206 234 76714295
136 239 55115283
240 141 493551368
139 81 787119692
247 127 830145285
54 61 239583708
272 227 563924141
239 250 66080294
299 18 723675498
170 121 579204832
185 26 16426266
279 213 641640304
261 153 394740297
28 43 538477277
172 289 441205155
156 95 441403116
115 118 666226342
155 56 645054843
48 54 957060261
246 275 62084881
229 159 926131258
94 137 307863322
250 150 80164126
246 229 513195721
22 100 441000461
28 8 730639355
43 122 159273724
36 29 30229279
279 76 107280633
291 73 250803859
123 2 946560118
32 147 123780054
153 96 542611655
231 93 991573584
51 166 110301883
211 194 433974542
218 236 497142564
41 24 568762792
272 54 714915519
256 44 806759892
214 166 128533445
31 197 844146091
37 101 300270839
191 31 39131631
26 133 304238449
261 44 831763742
202 13 768143329
17 53 779603552
108 24 216231957
79 279 330056100
122 245 740709917
166 275 374324665
108 63 538763666
198 254 19223748
29 31 476384281
129 291 203762076
70 193 931996488
298 261 672877592
2 69 456634668
58 199 243064698
210 20 282971542
226 185 375431669
191 44 644225131
8 242 484479936
207 22 887769667
187 150 816912557
14 219 558399501
153 268 609373062
97 21 391112382
64 131 618532980
113 40 950911099
55 17 369296535
75 259 717835378
105 18 1831171
141 225 407899192
259 111 92794241
15 177 740796411
68 29 120049031
81 125 10155651
162 240 479864581
193 53 711748272
243 159 594000289
229 233 205977999
258 89 233928717
229 229 549592541
220 187 481870103
61 254 234523479
223 73 444581860
53 153 932406484
204 66 712181076
236 10 174453980
8 4 602196738
148 232 75873722
246 189 387193710
62 117 873152991
102 37 421521229
57 149 849210982
135 71 272170806
294 124 594741058
30 79 765583175
57 14 550713784
136 73 606076687
73 272 153484770
46 218 58257059
107 31 27257427
97 185 763352363
26 241 916885163
259 75 376135886
265 121 261153561
174 202 582093839
149 258 523854004
184 93 798182329
223 217 999079100
192 14 185038669
50 120 737473400
77 269 58492184
191 294 629965124
206 4 538932050
291 268 229974822
251 194 488016275
41 94 25237484
144 277 16092428
124 251 62777844
24 143 798716509
192 244 906069429
143 72 963022297
226 263 391096342
1 168 39502545
203 210 32928065
224 160 818630310
199 200 309676103
182 95 761811931
10 219 781114482
105 294 521068524
266 185 892447467
246 80 922508739
194 5 227121053
135 58 723169572
131 260 786790181
147 183 679136440
56 133 687334891
110 67 482723185
141 128 568516355
174 284 91277148
297 249 88560585
115 194 297840064
5 87 630124120
209 273 715377877
280 104 945049736
12 2 401630871
151 110 720621203
293 219 632290921
178 111 447699748
84 36 934658232
232 84 744399232
68 199 930475826
231 255 13459364
202 216 531929837
179 195 230422492
114 207 141865393
284 109 789921554
39 102 631750725
211 31 281681187
159 114 520827423
142 97 722774306
73 164 632485656
250 146 24986563
266 48 127398078
254 226 662889772
45 91 123284530
189 127 187718791
195 165 691011092
119 75 673433674
205 285 998470187
27 178 314946836
285 3 6391499
140 4 75676945
2 269 152927292
79 222 953520417
103 18 127538759
32 207 371580485
122 101 111299501
65 271 126470376
38 175 422341912
177 254 81055990
112 238 552044544
262 77 913267047
206 79 30699216
249 209 141303589
217 11 622986307
276 95 322645465
160 216 30202617
261 33 377408487
188 122 498460613
151 50 61670066
292 161 642327503
135 175 725434932
282 132 483462562
149 81 43808470
289 49 921878781
147 24 93474375
211 236 746314042
179 196 423925226
65 135 947225248
230 285 19716997
295 277 956347310
50 163 763507684
181 196 221907767
142 96 779442147
63 85 947180296
295 231 852660971
21 194 14948306
15 72 397858153
40 189 127860887
187 118 332331124
136 164 92324852
245 213 959886614
280 145 700799810
146 38 50796357
145 153 446147141
192 147 67387524
262 168 237162969
20 182 133159740
272 273 690335380
59 212 554634149
234 47 640242465
85 291 589487829
98 22 127805174
59 219 443689763
116 63 728433715
8 254 608948514
131 268 178708533
199 287 36544166
91 10 606380638
222 120 687959549
223 53 300997895
87 137 254359337
215 287 164067910
240 45 399515029
55 160 592659191
21 168 395713397
134 50 661338616
166 1 404483154
131 91 23005163
69 64 497281883
269 286 12160787
164 72 954934024
152 39 990520910
162 30 819721254
90 84 345847766
132 105 15047585
180 290 894708234
195 208 74509034
248 38 540126076
63 158 981894740
245 127 659481877
231 42 360613601
106 193 674777739
215 106 287328520
121 247 936923004
238 79 909543960
222 258 814139901
7 153 976903008
93 152 286893798
20 214 497976555
11 210 3143533
288 141 103392626
88 298 53083171
278 213 16283076
197 85 245023723
252 22 184480653
163 243 377850910
64 1 191505814
223 93 29928518
120 113 63607831
175 123 494858341
159 162 335840833
185 249 541489330
155 278 954841094
230 175 395617378
4 178 62182299
156 41 822099793
18 104 422594446
31 26 85658938
248 198 908968402
131 124 874417577
171 282 494004690
155 166 275826991
136 72 747178568
30 54 47904294
59 57 114927172
110 265 710307512
154 282 500701567
199 64 463012344
89 64 884133641
142 194 114558364
70 116 9946398
160 22 968657663
250 157 601324387
17 238 219196940
11 297 772331748
182 158 592693112
145 11 763164645
211 210 622735809
54 50 53851472
147 191 972635817
10 261 21430832
207 120 93626405
22 121 25679161
208 189 477462899
199 251 697111347
246 184 746806804
10 28 301165414
54 238 635297975
214 44 834863424
137 190 661346515
5 251 694197527
236 210 574904798
292 231 579295318
153 190 159580358
3 140 658631509
149 85 43892292
152 146 25670220
217 252 957183209
192 165 301443604
267 54 942585045
181 58 995165896
159 46 174165257
256 37 743208087
225 241 861167828
83 243 894725067
191 91 468727903
234 294 175869449
5 263 631830700
14 154 311863816
169 172 122336621
266 53 183368579
261 263 73939576
269 219 182643312
155 195 240191653
34 277 724047495
300 167 183838538
102 153 366371583
102 157 572812045
53 222 290974250
169 91 355721622
89 56 280917026
119 68 760757988
194 36 222665658
6 242 245935353
110 275 990147429
156 26 966449748
293 179 218734600
228 281 625188556
72 85 995511178
122 253 483662420
43 94 32227327
68 264 488888146
107 158 27810133
65 215 392201374
217 76 148262400
45 231 190718277
144 276 135780555
43 203 864351387
151 274 8261472
180 147 731890976
51 241 157576521
277 8 468686685
22 167 739161042
154 231 856675608
279 147 208905683
130 243 224931465
6 87 236075140
60 181 313740994
199 83 178224720
70 262 120500566
245 64 348806507
18 40 144059566
2 113 267017732
195 18 940346662
2 48 262498060
236 177 223619355
100 182 937643941
240 294 180855473
33 192 725926156
152 13 273399869
170 9 306939033
128 26 711287324
93 27 122816537
277 221 274369506
90 222 705631254
50 157 269896882
4 257 452851964
96 248 95309757
120 32 914138000
227 236 65081812
296 105 132548520
180 284 274114646
103 76 958466872
191 52 629798945
49 142 292270118
202 243 7302427
35 298 147310983
298 145 505919982
6 264 544354065
257 191 588321600
168 238 463355856
140 117 518263339
85 219 749619967
108 162 424443470
52 210 335596863
22 163 745578205
148 197 583039554
282 247 933108498
63 4 829156862
279 261 702143504
79 180 972951941
86 19 801037557
77 155 750204027
143 263 795784240
12 66 212147701
75 87 704925663
131 286 249047712
237 267 297365810
134 81 945189713
47 60 959173773
150 138 109432505
242 275 823481723
98 51 80468778
277 245 691376892
68 257 286005009
69 83 156623248
231 265 310534033
94 201 747564700
203 87 826151580
68 133 90648739
192 283 981894128
196 276 963243603
219 74 257993205
96 102 763246550
39 169 755963458
47 237 571740792
194 220 808673108
27 65 49799961
178 20 228229847
57 87 25635979
296 278 996678213
175 174 114308489
29 144 32080714
234 291 352715267
135 29 19480035
44 75 949555424
87 21 847867095
94 47 815979111
54 224 298740930
100 32 93858616
31 79 865538646
243 254 18180819
183 282 80299562
196 267 132363652
62 153 718266332
149 248 271496258
224 34 948676678
270 128 912857976
80 233 911604851
262 85 771068883
229 115 286931513
174 109 736054166
44 292 639229500
57 239 254450718
60 1 197480723
143 201 224282970
1 176 759114604
178 145 463165083
206 276 533718015
156 289 51519599
190 218 894722165
3 143 207487574
120 239 956640665
271 47 26778503
89 159 770616355
111 1 60150607
80 1 844936682
135 231 677874378
17 136 374942806
184 43 87399246
134 233 56585963
199 287 705590658
124 106 52594148
40 77 30412346
142 217 771408904
49 79 846366505
207 158 379297757
241 45 318879339
118 61 725452874
75 244 68172269
21 78 413073701
235 28 752121387
44 151 673885844
91 190 965080220
237 83 437704288
292 183 584206066
48 90 481384876
105 30 888355320
143 199 120798832
69 26 859917076
37 46 714778705
289 32 580105884
227 76 810869834
270 218 921260275
142 206 85539357
229 198 631872492
95 245 915377581
222 101 338540362
41 296 579235212
272 64 12404937
199 152 577965134
255 140 332501766
38 118 686638193
23 87 840452210
197 280 529388868
206 209 819824365
149 55 115674261
129 276 943719962
242 68 327873509
253 39 141071424
42 290 451485975
175 244 377223566
92 282 670405583
84 56 857434221
46 253 903389701
213 210 98492661
29 58 174432815
89 238 317627742
2 231 563916409
262 235 34097647
285 276 145637588
159 151 908282232
276 294 607170165
210 78 53171220
231 175 20062024
283 87 445898285
243 167 110036142
257 7 485402231
298 9 58020561
158 270 112159048
4 7 955189923
244 165 870111025
75 193 189424119
239 102 452283748
210 84 499142122
134 66 859388108
18 8 57878774
12 264 62804732
294 13 112853240
207 170 93446862
54 226 145657020
228 169 15936984
253 295 491575728
23 233 537946130
170 142 717515113
191 27 933672379
50 97 137426938
75 160 798178902
106 205 791105066
198 111 975089136
11 216 941777813
130 144 131775981
165 96 10914927
93 118 628815759
174 287 596198752
38 229 933125931
216 278 85495579
154 52 163343838
107 209 357105642
124 106 577317905
11 116 83623320
123 297 683728163
155 162 100259810
181 254 522642379
191 179 403159617
95 216 240953645
25 184 600445274
103 37 539513277
92 195 120962386
233 18 162678543
237 81 905592259
209 203 52909607
23 110 915534868
233 290 690076473
11 181 914480551
180 27 158778567
224 51 209159250
50 205 203049538
226 296 791144684
11 228 764549753
254 217 950870233
64 177 144400288
170 199 476915897
190 183 959331986
162 246 925497018
13 125 971609744
131 100 883312446
132 149 893584350
169 75 18285645
204 137 467038325
256 142 964643941
89 205 152274869
176 127 8626567
124 16 338991550
61 229 666012195
179 293 245364471
74 175 465485670
72 6 779337419
221 174 726432993
118 77 132767481
242 85 455986723
34 173 306715679
2 100 885347605
168 223 812450072
269 283 778099553
15 213 844260245
185 39 874743420
155 110 78708325
273 82 511720851
217 199 964925679
297 140 202872563
219 225 28948087
150 226 587552538
154 146 355601812
278 114 144944247
82 129 881076859
178 65 93158449
97 219 811985110
74 243 931141192
276 211 173945042
6 260 154918634
69 230 691222258
107 79 787647136
245 285 600303481
56 14 173215546
202 95 172395526
13 272 843207891
161 121 503654661
223 246 933073256
66 221 857896666
107 226 115925077
92 46 458112507
2 153 43690985
137 97 610524469
169 204 823579382
14 158 313471628
92 170 71945100
234 82 678775920
294 4 65188765
101 121 595420837
119 228 234397814
95 71 37508612
1 72 181184964
286 208 958012112
6 128 871075515
40 142 917835772
167 285 831886093
18 218 853868575
237 263 500801030
153 64 703824651
41 182 489400830
207 28 12448200
118 29 669221724
181 66 394852183
144 123 642159411
10 162 436875304
34 81 951395388
226 98 881443905
252 87 435708219
282 291 842228882
184 84 516451615
65 290 721785143
16 107 768858323
39 39 848845788
22 182 129821062
184 191 730330824
187 224 521395756
174 202 869928253
130 153 12253291
48 186 13559634
82 121 469268117
48 185 466292906
42 253 894658964
64 43 83034902
203 64 694465535
165 299 600026377
40 185 570069553
295 110 288997506
99 291 758162458
290 91 35914496
223 172 973561916
291 271 765538253
296 13 276808057
211 128 324076699
164 31 154712715
50 247 410875513
126 286 529440398
230 32 166835459
235 130 351988250
145 171 373123340
240 145 72469611
207 135 524027733
111 182 744550145
267 144 60444225
166 7 615523055
232 56 97156753
244 234 530643438
141 163 142411569
252 150 654905750
1 294 80379273
140 285 432391769
202 243 180211356
234 106 790130937
31 124 861842181
255 41 330896339
261 272 39242595
213 216 291940028
150 108 511574542
170 59 134627291
71 59 624293436
195 198 16487472
164 151 284771315
19 85 899715920
107 167 138129343
39 121 176604636
278 81 464821807
272 45 266172722
251 194 962614130
92 115 573497840
135 237 745779399
170 132 557614848
242 47 81473799
8 65 693900335
127 171 139444601
121 262 331067173
208 239 884291105
215 262 896273149
136 212 750173094
217 55 440918860
109 189 623416196
7 111 83077079
206 52 399776925
256 59 606243441
142 237 492607564
194 109 773227825
66 17 779000563
122 231 254201076
170 118 785736687
215 87 442730993
74 195 654778582
222 253 751205592
200 158 748499495
277 166 78915253
117 7 199717841
180 253 249036601
256 70 550959817
218 192 275341999
245 113 688355869
131 28 752615555
176 101 746651601
57 22 563727053
100 274 466489462
246 250 388928979
150 118 24945938
290 298 366501290
290 5 597178559
59 223 601268850
57 219 127561663
277 50 778746442
283 277 143225694
183 33 844415616
87 184 522942341
149 129 873550090
179 278 60031359
216 19 17444656
205 8 76566861
264 118 16398535
265 227 91140753
79 203 939046554
220 186 2846930
214 120 789836814
281 207 903738149
21 107 93050429
62 285 436688906
220 201 839404124
128 105 550232684
40 120 120134401
226 85 529483979
30 163 761604582
236 135 126660819
117 100 518787938
83 80 206745696
231 152 804507202
260 265 553517787
17 184 331239739
93 63 799141643
176 154 111951115
128 79 165904299
59 161 646111913
140 96 478804047
210 212 659722746
99 46 885799977
195 277 827461728
96 288 63290792
34 4 653318528
172 96 467505942
167 23 582419896
281 203 866975274
179 261 117345534
43 152 125093581
290 113 893066345
87 211 63616990
16 105 393000018
43 253 121749505
87 286 391587061
66 210 41916808
107 76 622971431
54 108 812434385
80 286 287273297
265 80 809092748
246 121 62102612
242 208 860058122
231 275 114737679
249 69 778132131
5 207 108791968
65 272 585440577
273 131 859735952
255 184 896145559
139 263 860573696
35 280 251648628
134 225 695658048
45 166 557357407
166 148 722546681
196 96 871203950
126 153 919136356
94 217 372178780
270 189 845320810
274 195 626015045
84 33 581236760
232 119 680847839
159 252 902458215
206 48 139134232
265 266 454492879
245 161 94050527
294 287 179556679
2 132 102598395
281 101 757608836
142 126 767559430
186 210 944884563
297 193 281890233
87 51 882636485
101 8 366774984
32 272 889331149
163 217 417559010
89 262 582107048
167 263 639250879
161 243 26947431
148 84 604932657
278 22 121868466
192 70 143361258
224 209 921059660
260 61 298105367
44 145 684372139
144 7 654923007
53 95 228445568
300 261 29108883
130 173 724059025
61 21 716165861
117 50 631444434
134 241 903647855
43 216 213623963
2 176 316347324
20 271 350952168
10 114 771931374
216 219 525851820
136 218 87237480
18 100 116235804
194 160 517939276
154 28 59907325
239 161 392057217
146 255 943762833
208 8 302693360
83 27 983107430
50 89 726852543
75 4 804004061
194 139 796669031
25 208 196614682
81 102 325755741
156 7 494057568
33 246 675904980
149 91 14659234
181 50 283896341
140 133 634238019
121 234 750056407
216 61 138790863
176 254 28886953
158 31 449453561
239 163 977066062
231 18 180406668
250 50 543436165
129 251 117286055
14 183 673129357
154 23 822280689
73 195 473241274
131 110 545426134
193 38 417203440
146 247 28327022
6 238 495032684
19 168 187776053
286 170 166464455
251 298 823155105
57 12 954127187
265 217 862074061
253 41 530103156
279 172 390099717
12 64 393551454
51 261 42160101
172 266 385056690
155 284 42964257
208 22 67489426
114 24 134537176
218 80 258766739
204 45 724074455
17 49 17214696
272 79 888243867
140 91 328469182
294 193 514261243
146 65 747589960
235 271 5521396
243 230 468462217
121 43 532364940
48 12 167031971
286 216 45592667
140 284 990327716
87 7 32027446
205 146 158568936
87 191 492188329
281 36 61212645
140 22 360674567
35 17 725833797
3 189 28187491
242 288 238374403
13 273 163038070
179 164 664252553
146 251 124637359
192 155 786808556
27 293 191801247
107 25 86808234
3 217 856886208
170 251 397515776
18 6 776186364
208 247 832467851
162 259 825126975
31 190 625721838
235 35 956499840
145 226 705704847
201 5 54322391
199 163 516613716
232 166 692685132
91 35 588058034
266 52 671194639
81 11 474459886
183 173 17402096
257 255 493097585
247 190 596906772
186 86 508340749
84 286 238484805
275 236 279527268
190 220 397713485
21 10 101201671
154 276 115825622
45 108 27321884
130 291 221548508
277 247 861543563
14 245 316592304
85 131 711332089
133 214 685087827
238 188 429660762
257 129 884375481
141 149 758634543
111 55 597437370
184 151 29486677
267 280 739766667
27 8 405920666
289 21 653670510
192 105 292032392
180 290 26711158
258 279 912029197
220 235 464600226
152 75 229625726
146 237 795163732
115 120 832408882
192 138 668337413
10 164 320351421
127 204 134064841
189 147 558900798
80 79 103200039
289 36 152931017
86 7 840137351
63 211 415048877
188 56 126350913
172 171 794901784
253 114 448023373
118 175 307264189
238 2 234167792
130 242 397842839
179 21 509621417
217 62 107107704
233 147 767446111
183 261 80044821
11 200 803538376
23 71 387880498
206 76 862557863
31 193 967337138
19 130 813171691
210 11 53732032
300 190 833566904
168 158 31903817
72 91 855739263
282 25 179738875
154 36 528495675
29 110 549689745
179 68 928246320
193 98 185019164
30 116 935326993
272 77 723300056
155 77 255322797
111 296 634595254
127 67 14048444
42 100 938852421
216 253 119023356
290 34 238461217
187 212 387035084
158 104 865284681
22 186 980474196
66 209 671804125
121 116 484600953
117 226 781002448
23 104 668116315
18 145 765905014
38 113 6929719
145 154 342212452
62 40 12150063
45 250 584333118
178 271 26098755
125 88 3135016
149 209 569173931
1 77 262815108
201 99 263446011
115 169 131838608
180 206 47731772
198 103 687104825
249 164 304680217
263 260 828704266
133 137 296712488
187 262 644031875
202 162 446478835
84 215 106859812
191 115 964802762
102 229 34356130
261 160 106888688
232 110 301423790
56 58 708939005
272 73 863953064
189 257 336783353
76 195 107904066
51 149 849119327
285 232 897546441
48 123 34187855
262 276 779676235
43 288 752432947
82 219 106871356
171 26 37720265
227 50 409646089
243 238 806981945
95 66 108342940
12 116 316864088
90 152 1719319
83 252 278240093
137 265 409872420
224 59 528454907
222 141 681719325
277 63 261803203
193 42 868354052
182 284 35108841
126 78 206263706
17 141 25850521
4 230 645380825
275 12 171714428
119 201 422170444
239 176 431105002
45 97 10439494
122 73 461597709
224 17 493518650
127 198 822671733
267 76 638356662
173 92 48477502
245 148 754669931
169 122 359513095
148 292 44678495
91 230 294875070
145 27 862535766
38 200 707048290
98 175 866132906
147 1 601952056
179 267 868971331
40 139 628050022
93 84 48568569
76 4 984762642
70 204 567388686
264 294 353802767
85 190 872459793
2 228 362628144
43 25 381078318
100 224 648680718
55 102 200544185
85 194 95448775
259 38 506728658
279 113 637313714
173 182 806402017
58 197 288680362
224 33 515253752
169 34 349078031
12 76 251750907
82 176 716791030
99 282 419386484
83 67 145377577
258 77 500790866
267 55 535263579
280 279 313341512
248 36 879703161
210 12 529223593
61 232 829471279
191 295 487494506
97 76 221942533
279 175 634767415
262 9 447456833
190 18 288060809
155 285 910180615
285 16 298578894
49 264 873160681
9 225 135212392
53 37 514742875
131 227 669347570
37 75 832621145
169 105 653244319
35 66 36793980
267 255 373686197
275 162 23165981
142 198 327579749
235 246 240813164
167 254 51546588
111 7 127550124
285 189 817901802
154 277 374352528
151 146 513693333
21 232 507827050
200 199 502131257
97 225 997396818
29 66 86436367
277 52 377558713
292 271 602983366
231 81 996966624
206 117 536463413
159 23 561484589
187 173 293972686
71 193 368695118
20 93 85625068
28 241 880306992
145 269 367954210
264 298 994629261
276 289 191041883
241 220 387371763
17 177 803394480
281 36 108457602
169 274 987698626
7 44 94361870
76 115 612724962
43 143 621506802
234 39 143873371
243 2 212437120
56 29 362978508
138 270 204593179
53 38 864831256
84 18 866627243
137 238 731817316
62 244 679127511
231 19 216384877
245 61 845720671
198 47 417048062
120 41 16803415
39 96 22545444
247 286 37257513
177 38 615455302
284 173 588569519
126 9 75633808
293 70 665588152
255 52 284676722
32 48 166008235
54 246 42406033
115 65 429307973
230 104 26376021
73 102 172135706
237 30 958991495
138 14 190337867
108 191 827148775
15 184 709639196
218 190 932170999
140 273 107469147
226 27 709556792
58 141 587340008
230 122 100739563
250 246 612733964
7 182 32949094
101 71 78732559
119 178 764195249
145 245 526187184
240 162 43835874
191 53 238558898
137 278 251044224
80 87 203372617
87 69 112347490
250 18 147997936
265 77 200097817
10 177 736618788
120 296 198646717
69 140 809299061
4 132 939196675
129 74 20499927
227 262 924249757
102 41 692852195
118 179 903098863
8 180 433882133
195 197 457337709
211 206 932457085
50 26 754610832
67 146 750947724
79 201 483623307
5 82 884808580
284 8 914489041
292 161 134737833
86 31 132894963
249 90 157183643
181 284 525370539
241 194 122921096
177 296 28567873
109 62 859022470
284 192 140472071
42 197 474301604
173 232 394037263
265 223 3239623
97 8 357797653
159 8 570058842
153 240 788021125
43 180 64298671
139 57 135510266
63 217 52818979
133 252 478040222
155 293 350370670
258 165 542826601
120 181 832174123
194 277 911265431
247 187 388232090
140 92 991923530
17 134 32193809
87 272 146532717
204 35 89551085
134 219 612196636
255 73 50609028
25 82 994629544
25 201 211263576
300 146 130216252
230 144 441931591
271 284 451076882
200 52 535539015
61 190 670755439
29 93 32777673
214 226 38177243
49 232 122393515
229 256 464760796
24 33 459316348
300 32 109299793
3 13 477541489
245 283 281583924
226 183 161964575
93 295 35498464
231 23 890212208
155 236 778924785
297 285 32192768
263 265 295354124
258 288 816268156
257 287 279625339
101 42 744174751
89 286 450664833
112 264 243535467
238 56 7496813
253 38 36565236
112 192 125324523
248 240 33454959
16 202 664081923
39 211 864351311
146 219 698043049
284 19 147889742
186 160 803306628
18 23 820403291
137 261 734718746
249 265 69524783
84 77 710115426
207 24 694667917
65 39 145575770
240 129 527599780
102 26 5088998
250 9 539859568
192 194 609452979
171 264 642936802
61 100 507308314
58 100 90582330
92 236 430454706
69 142 863399282
285 258 569092472
154 197 842888401
285 50 58604278
34 300 938316387
101 243 783748532
132 165 45565547
185 225 967302898
198 34 556457398
227 125 702110633
85 193 529587126
266 229 72341835
289 82 994456684
89 118 12799333
267 151 677929184
205 3 137735978
88 134 195526342
287 18 671703566
284 267 6019099
133 246 120514075
217 30 725303919
142 47 515056547
129 35 487864080
12 176 23842649
296 194 275564899
280 150 340439454
257 289 122886587
99 275 823392157
216 11 949264475
67 143 738569520
93 60 326794701
12 253 577339299
210 133 59295786
190 144 615552561
38 192 9746606
89 171 180194307
142 179 910644195
80 29 99178170
88 245 418131832
63 63 718929874
34 155 261231985
87 166 574625290
185 76 731451622
70 17 578684018
182 106 129121809
187 194 913210531
93 87 68686161
40 167 938558690
261 6 899564386
192 120 957722348
17 154 938579354
202 240 714922972
143 176 654326099
164 298 97169167
81 179 214778472
241 118 987751618
271 210 904011704
232 1 791478022
273 261 326059080
258 152 604502999
57 221 70412004
10 122 50580795
233 16 122348671
231 179 197527768
297 12 891670646
221 252 67040263
38 275 903830925
293 206 165203177
167 178 97818838
46 187 824842441
44 243 65203861
248 4 932651434
142 237 1810449
264 219 4132528
31 268 223334391
29 188 83505142
143 225 202888016
219 269 650169173
296 135 363907302
85 232 243666788
25 276 952202682
238 275 428094338
271 168 386264726
20 132 481039944
299 214 662105511
41 294 144239898
282 189 767711074
250 107 289047095
122 154 647209629
224 238 873290461
263 15 571792588
245 252 813128014
282 222 795361181
7 293 345873464
2 43 662192630
265 83 635989323
114 117 39336511
240 66 628581470
34 187 568927375
14 162 105676713
226 125 621220979
113 121 475731330
78 102 306891903
159 160 116513148
174 213 761243942
103 229 464418677
78 43 309542493
240 282 204536110
261 67 94535996
136 80 900998510
300 6 15074086
178 170 388965406
59 248 303283159
213 158 144292070
60 31 393032082
54 186 416641411
130 15 211876305
22 254 693931486
83 267 856886752
278 102 200468083
139 153 745449588
124 82 768656558
229 192 83217005
187 104 337008462
56 164 728420744
190 269 67130129
252 98 546674995
56 171 353875501
141 253 969829467
44 282 815980620
26 121 998005672
66 296 842158305
223 225 971653496
79 163 545899499
40 271 533925814
135 160 696976382
116 111 351986231
110 166 955981501
110 58 566014653
76 153 129138035
247 230 398866507
270 47 537757802
74 269 787293678
121 47 598240941
220 138 967408011
285 273 140343322
19 88 533688284
149 249 359319201
150 59 163683910
154 186 803669162
140 133 184775743
298 154 199936890
152 228 470325510
229 48 79158609
221 19 363444646
183 56 756637070
4 74 325866009
287 274 617806458
239 175 986333916
248 29 106310553
109 220 941200637
4 218 341526191
245 69 1961870
154 49 894161169
162 270 416539940
8 152 103023995
229 156 355622420
238 194 673805093
195 133 866069868
262 80 350947748
266 241 257576767
103 296 689856136
145 240 185543656
114 93 531933005
234 255 179781474
73 14 949013425
267 294 832488532
286 231 363895078
31 177 902552262
198 138 612143993
145 104 148855785
63 258 697463380
199 102 310420019
154 267 310567564
210 200 72031918
183 273 515806783
60 291 546012876
143 29 341032559
172 59 666155935
33 8 212749625
26 204 87124180
10 266 230480237
42 216 689376690
260 122 613259056
23 31 601321207
92 266 217586731
226 25 565079622
54 219 704455002
112 91 457001612
46 123 688789319
170 200 455798574
149 262 163089791
137 3 500519107
226 14 358662880
33 37 564421410
40 180 2608875
70 158 474755051
143 211 813348470
244 74 87316912
207 119 494179934
125 41 203630586
50 241 659491947
241 130 411743749
47 55 623322362
78 140 604795350
87 231 280710982
114 52 19392391
216 195 514336101
237 190 811607374
48 97 577362144
34 273 24350036
219 75 239695229
65 15 453877958
265 113 208791264
126 190 117694203
128 28 634424333
61 193 976568385
151 109 561722331
151 45 94341172
276 145 31426520
271 178 914284045
7 96 198712319
87 160 47801133
244 176 667102297
207 1 710245986
10 180 299202665
94 240 584064858
230 142 892103966
12 292 741701162
284 19 220173358
155 42 969184135
299 100 44880430
269 186 959270541
253 129 124098216
49 87 15202169
86 96 89894100
151 242 628884992
108 223 651567233
225 235 524793277
138 270 60170495
196 124 392610088
182 175 841429387
212 143 498839972
204 148 671236152
72 196 714892839
292 34 600020586
143 184 961043727
234 43 332079702
167 267 569818136
195 156 326149257
241 103 927466880
29 285 845604106
215 248 426756901
39 151 571242748
290 274 946163943
80 17 966799176
266 160 932351111
144 145 574368253
245 63 489987271
32 257 273425679
88 198 292340481
20 278 368432165
125 192 399097512
125 282 196123415
24 272 883608088
67 51 34302757
194 68 885585168
257 212 66340312
61 156 933168127
132 240 158345535
110 27 802043032
190 46 961903409
7 223 479356053
18 47 853240934
232 71 607310557
172 189 456457760
128 134 703127
47 90 906123090
110 151 652280998
236 34 661511337
71 195 259963363
154 136 80136661
215 142 115118983
219 160 791667229
152 143 386056851
161 14 844451791
272 193 133651225
150 239 891038966
240 49 690983268
289 36 875987753
225 158 866961747
187 12 661278435
247 226 922337276
281 196 754268487
10 99 353195482
212 259 750209995
3 282 537163840
279 132 894609478
96 123 446436278
116 111 125812366
168 35 238566923
167 273 439259334
53 272 394825711
80 252 584622106
267 13 714405805
100 277 244003715
194 279 629873597
285 9 577751280
263 156 141243502
92 23 825147612
257 243 143491298
280 161 356237922
65 213 691007793
128 292 967952597
33 10 126223209
89 109 109425537
156 55 56978667
204 39 955050175
83 53 252228083
84 145 786979305
247 153 140324299
196 184 326708459
117 249 859926571
62 128 514832263
258 160 898210372
218 1 215772733
155 156 365212987
121 59 736211325
148 193 75893578
82 276 683212374
38 274 831463726
237 169 464247262
295 37 168305962
266 98 190981889
280 107 116897148
3 25 218006600
135 231 885797607
21 51 602660117
246 250 946345409
275 31 910613336
148 69 173127861
225 5 24863929
186 299 379608518
147 16 223336715
235 295 229033822
235 50 375439398
286 184 919462628
193 205 770598530
261 202 883897280
170 228 216619662
105 75 555744982
118 51 41597538
298 237 885789
215 135 293536304
230 122 139414051
103 108 436729400
300 93 253771435
127 37 103236791
108 298 721336792
39 219 888997719
1 75 289431945
82 192 754103196
272 190 599775084
160 104 994753570
63 85 130020543
65 187 122473150
64 238 895150695
299 116 333850783
189 224 41233532
33 262 963644350
103 14 864212925
300 148 768583468
247 119 849103557
130 278 190414413
251 92 15852749
194 157 701936036
243 272 181652725
189 270 669432741
172 211 788390964
203 295 127457377
153 149 50735291
229 148 819002390
248 94 768823508
157 275 606117137
169 226 771903228
17 171 258112184
104 165 353989756
129 54 313307377
269 225 239301839
84 179 705826285
212 83 601878434
54 63 921922933
43 11 420062979
202 167 696073653
38 35 449741230
266 103 958569900
101 207 50065517
208 87 914346070
285 55 590295046
75 190 266629624
160 101 759510507
145 155 785666969
277 249 113682479
7 151 297693297
260 188 823081131
241 205 263247786
93 58 615096592
109 265 765312978
178 1 383329684
275 76 110054025
198 287 220427025
256 131 322733031
77 159 383458080
207 166 23942030
204 177 702818369
286 117 191990326
171 209 749570083
14 69 582063747
243 298 855295048
226 272 661082175
150 222 852735061
227 177 884648491
157 253 383778101
36 212 65154166
117 115 329883042
86 152 480222311
11 23 474741871
293 36 363507240
291 279 913380837
290 256 567174061
64 158 739000182
176 84 40886058
118 240 963531363
219 28 473134926
184 144 14873692
78 281 264345143
88 291 484797065
58 35 996358753
149 78 564343183
238 67 572080038
298 183 982139695
279 58 867465530
188 176 698274222
102 94 858023849
279 29 75689144
270 106 201572125
113 245 280179467
277 55 208564902
281 203 273824879
263 140 183770797
253 189 746968479
99 219 668669337
29 159 538554564
250 260 35369557
250 239 781817537
145 208 255265195
269 72 935934839
136 49 151084693
89 81 116738348
119 44 893760287
215 48 606873628
194 146 290045846
282 174 689195704
245 175 620370916
53 176 556706406
189 21 513075865
235 41 753824437
174 228 616265537
218 68 96757917
165 186 612161112
252 101 734555159
31 46 151112457
276 27 24265830
132 23 609838557
299 75 765854484
156 15 568002756
220 250 70371849
108 175 700624876
96 92 224875796
165 257 211916781
28 260 550551333
187 290 135231578
243 17 339659556
224 148 849873478
132 198 406275604
268 53 938167119
123 25 405845920
71 132 892730494
299 280 254938237
294 144 904174793
174 171 439233152
259 109 319503293
36 103 982514710
192 79 822495809
121 262 459817507
125 229 156218911
195 52 572259535
214 122 166796519
159 120 556095398
195 165 689430441
240 39 883995463
191 297 21829272
236 84 959077026
245 27 867488204
153 148 61934066
11 272 160785446
222 166 27012397
156 131 436019471
26 41 88431542
123 287 209124407
115 226 10014845
278 169 746686893
1 104 554372128
126 100 920213755
82 4 546601602
299 15 692327625
144 288 295558942
93 195 762141472
163 221 542354764
104 43 186104350
210 158 302597728
106 187 478551696
50 187 738502251
78 64 212447750
184 197 575400353
85 247 139693919
61 143 61547358
202 235 60703853
225 97 8992625
288 252 757476367
37 162 553134576
64 19 279962714
11 69 107273700
113 198 551693616
262 81 480710664
167 217 956258911
85 277 991640153
43 178 613866787
247 102 111474635
71 89 720378886
289 177 502220299
65 293 319530070
130 55 66478738
82 168 854987487
97 181 900237367
60 47 306379035
22 184 60707411
74 278 163814140
112 224 525324341
298 294 392625481
84 34 951821909
134 150 505511353
203 280 532245508
92 61 475559327
230 157 695384207
148 268 619636854
282 42 93043889
92 167 472119966
131 279 670085289
23 28 548448834
55 163 864686967
264 297 24450617
216 251 160218848
275 95 526749008
201 24 380767416
60 172 202984735
213 153 949659876
1 297 464949343
118 179 215236273
106 202 311995300
191 256 328121663
9 271 618352011
277 239 649700061
224 213 46193607
231 166 957787431
146 225 989751602
81 189 300981506
108 241 99668202
2 58 254658533
174 215 586244134
126 105 44599541
188 165 729030312
50 142 997564150
110 65 234962914
17 48 64269579
299 245 885901055
152 77 466977843
157 185 753060183
211 238 68784392
195 112 231719406
28 289 642830410
220 176 871837075
83 277 795706368
184 138 722140784
198 206 30405683
128 204 248752128
283 55 285197556
77 264 236885492
112 226 421281630
203 120 53622241
209 199 3451681
70 118 41342556
96 201 195712284
263 84 411228221
247 33 586600327
29 213 679616030
108 247 385059637
264 23 3912652
55 186 488359629
84 89 93059100
276 49 404255198
156 118 171580167
263 214 124064319
46 228 111788155
19 226 222230939
145 7 519662251
226 114 742499497
62 129 210236872
265 236 675934557
93 71 60893297
92 99 744316145
41 6 74066215
108 21 69464228
178 118 83765607
32 136 134078433
271 280 955841091
173 258 945289356
270 19 240137137
141 36 224753572
197 128 25452994
94 272 843341292
90 12 534386498
204 171 992447518
283 49 265752987
290 132 60498423
274 154 668316854
16 27 768824311
171 48 599596782
207 240 164546917
230 188 804550696
24 281 760150867
215 123 140635331
164 26 117584253
133 61 962545601
220 50 344856585
194 75 634231790
147 90 350333468
58 12 235661115
91 271 352967954
107 200 378188542
2 275 372216174
221 242 79366996
203 105 426223574
55 290 482250134
8 209 183728635
92 102 517253861
133 300 438666902
201 57 893257113
15 147 826194335
121 5 609715787
114 59 269274461
87 31 500728002
235 233 690979259
160 287 832475748
145 294 43486808
179 137 531994509
39 270 671348408
92 222 230372817
156 288 808664515
191 108 570770420
177 221 26273930
189 60 82809560
91 46 733528992
201 205 96016478
248 101 837850324
255 279 303887112
115 69 128358633
274 160 661598354
190 15 991783742
57 257 324399101
176 133 37632974
105 74 356217885
64 216 359520830
7 116 178798086
236 115 296299786
211 69 748270916
23 235 51965336
207 208 793533595
13 150 423781861
54 206 916388118
6 133 733584502
231 289 144645475
215 104 355331742
244 110 351589857
281 45 670928271
66 256 356833791
233 30 941300925
168 236 800710785
14 248 312919834
175 53 139108939
44 111 555081223
97 41 882077911
224 256 55424914
265 251 808651223
174 232 942806019
196 49 295739626
287 282 171339155
63 201 402995943
99 215 799791990
232 141 911060095
22 236 208683005
244 32 582810045
206 7 242175452
219 272 693783703
93 197 968949234
64 92 69004534
289 130 889704167
244 193 483013468
186 291 347498734
127 275 54425474
173 48 225214509
277 44 445966692
174 249 861327499
25 220 679145022
127 12 251009118
212 75 100364409
98 116 289077391
264 59 53416283
83 296 751640925
116 174 696671151
41 47 27615899
149 75 152072742
41 300 952119590
291 25 188214061
212 203 963974673
81 167 779756499
41 16 78782814
131 279 884909124
165 114 601131371
242 229 879757897
292 22 631848795
90 170 66087069
283 262 322831821
125 252 86709445
185 215 609052699
9 295 858810817
260 36 904988332
25 218 489805763
201 83 96276576
71 24 924415856
219 67 28649077
113 157 486707099
134 191 892040260
154 15 811008764
250 252 922757630
300 260 478295977
217 219 430504564
200 244 68460781
162 144 150613615
237 266 576087638
45 185 746586705
121 49 689726713
119 182 410096755
131 87 7300070
146 36 227099773
127 88 328437832
103 4 648619803
166 203 266428498
199 117 66773041
13 105 208333858
151 149 718352494
107 22 228677743
271 192 510429376
25 74 33922863
146 219 590900350
218 46 790414537
2 200 343792592
4 66 156022847
1 264 716911063
193 28 975250167
102 178 855456016
196 36 91210389
90 58 464187680
165 83 571460854
27 280 76555024
29 250 49711469
65 251 526775221
157 6 233218138
203 6 90017353
117 250 247786480
83 51 135129510
250 298 498633145
138 87 733056803
218 252 248497237
71 30 52254516
194 110 76461117
115 175 944522167
287 83 10090172
224 37 539593629
176 153 599805578
155 235 104092581
64 237 918290778
61 74 976110617
115 43 935465120
251 165 682793501
118 111 808996111
235 277 104487485
53 263 618092919
125 186 800802555
253 113 222043807
83 267 709583193
15 83 118876729
192 143 393651155
260 257 145577797
279 207 798633862
132 76 281890724
42 62 792543500
178 115 709883762
96 239 119645999
102 243 259331211
208 25 229242229
52 39 311992211
81 283 858730653
235 294 455030709
183 273 201905967
296 156 4127295
219 197 85639456
118 126 243480970
31 221 487742008
129 22 63048903
91 281 864174527
20 32 552760518
30 164 47097652
235 98 323296545
43 33 169338669
162 28 268017524
56 247 280845572
11 116 312310297
81 147 980504617
140 27 791263790
142 170 966631622
221 189 216191306
38 270 658819569
241 204 540683919
85 299 7362151
6 160 710004478
81 267 783017976
53 277 166429792
149 109 275156390
218 249 376327416
59 90 434306785
181 10 678336725
86 99 567893095
206 91 666739250
124 228 577389548
74 233 206782659
104 13 706529525
79 65 14785954
222 266 522516562
211 183 422496062
279 241 72740652
163 173 894973913
40 10 441956364
134 216 760785654
235 39 27274681
283 165 263278465
293 268 736814530
270 98 728728446
223 20 551330511
36 282 890158045
98 260 536474838
1 175 456912510
265 214 720178720
80 99 985093035
286 33 644855725
66 67 854312589
183 112 28500808
12 81 97922006
9 55 934038677
220 90 959490858
116 239 255638670
253 291 256788896
15 256 788761909
86 35 976999859
72 72 635725643
96 138 194845162
285 72 861141073
192 135 46175605
249 143 912218359
25 114 686818600
135 282 939956039
256 234 301920381
251 248 962652836
211 85 921658823
269 156 939723994
111 252 896639383
72 288 908199806
196 179 858703440
100 180 181911435
58 204 429154300
210 90 490590081
300 45 902693615
80 295 827410114
168 257 984918299
42 225 65343906
235 88 8509957
70 211 373761744
27 107 189600075
119 258 553946954
53 68 253357409
152 277 99838651
285 276 496512995
299 55 405202042
64 222 614667698
214 263 954426175
220 250 60203114
228 71 274327324
172 97 162972582
98 215 919798140
203 19 162055059
211 223 871529235
61 207 693209410
8 257 781532316
1 20 99150790
198 286 567723652
124 257 684523953
137 184 493674723
61 107 608408472
194 204 34912286
285 106 512646657
143 69 765733179
277 181 137278285
138 188 382491941
106 240 181300612
295 138 371138949
146 13 164834505
51 150 275929941
273 262 225670647
96 155 908689403
134 192 878933160
190 34 242275680
168 63 246039261
104 252 91769600
244 57 184668740
207 51 991920729
156 249 467951741
112 299 525481242
252 271 586320203
199 119 518473910
153 252 94256853
212 141 770691386
92 8 976855800
204 163 553443152
203 106 134502108
194 64 671699811
22 219 880243559
215 31 297173657
256 34 268681179
11 232 403174597
272 84 588082548
124 48 188568040
61 191 117847899
61 94 365716761
64 48 167182918
123 242 703546982
233 15 198464252
291 229 964252882
99 237 981875516
230 299 477002799
126 270 358324135
26 93 357289034
65 153 863656824
164 265 975983117
124 28 491070216
242 151 888554157
175 135 717904724
26 178 594557304
260 276 43993140
227 205 210081490
125 83 906263559
211 160 79312551
44 224 204952556
119 139 407523020
235 15 92983448
203 8 100868650
111 182 250362084
34 207 274223661
238 166 322143389
129 144 810286093
19 269 699375427
229 231 724977586
232 27 75660610
87 145 574305100
258 132 881595114
157 34 17229921
206 144 684756502
142 178 935155461
254 167 732679678
42 47 911721022
87 117 801798642
213 46 761236672
199 277 999840498
160 115 233783295
259 72 586531826
125 229 401672659
245 186 272792654
299 79 65280183
11 33 373692549
188 74 947055596
209 160 995450812
2 73 277658109
274 23 20473685
23 182 133882799
269 192 25408471
294 68 493066851
52 13 637726588
58 63 709749767
240 73 835876399
289 260 338249872
136 221 879672632
99 222 12036456
108 247 607802578
144 22 447664311
243 290 105926754
165 36 464185022
67 139 392185386
154 196 427200700
20 136 651870072
270 124 503905883
242 11 895029155
125 161 627038529
132 268 313687027
161 164 954815148
71 106 489238890
276 22 650973725
197 88 694208663
234 293 891736359
33 65 161353346
256 34 24235821
191 27 279955731
45 203 628996591
173 34 349016511
52 246 460489174
251 16 949813731
140 44 842398652
116 292 336343491
231 226 69374835
241 10 898726099
86 266 365306385
106 208 954849211
136 252 104576266
78 177 974007651
40 280 23462297
113 230 553120864
95 70 668910107
98 237 687531399
188 167 1170124
23 107 742059685
273 244 709553802
257 49 260074709
20 236 141167913
285 14 979871941
87 53 89873820
83 218 278505049
199 64 887520870
5 162 567895007
103 101 718868825
178 175 232178684
263 148 269177927
116 104 854102376
125 175 119424111
189 211 546656076
129 298 484814781
100 132 246905750
248 30 782742713
270 35 787240674
228 189 301775827
52 119 690690301
35 133 705226548
262 248 563207304
289 124 71998130
199 12 483658941
175 192 624713738
7 43 223657521
56 43 128578451
168 12 713419337
194 239 813195225
20 42 134108943
20 77 270736527
220 90 227599075
275 78 969803998
204 28 491035562
44 202 771165705
233 260 900068248
254 15 8764590
56 183 984775601
192 128 101028991
268 147 223877232
163 218 438015360
189 189 160104949
163 163 96764726
13 119 72451506
226 162 76272307
30 147 3107319
229 100 542313233
118 155 181665467
70 98 708404694
12 65 276823092
244 227 725094610
3 116 315994850
204 30 907698413
181 94 129752483
186 71 908266944
145 153 278020942
63 81 905122941
295 251 475700447
162 20 850656444
207 84 548218861
99 27 849980287
260 81 731709954
9 36 421006936
273 217 740191581
55 154 180299452
51 298 365012604
192 112 46915636
185 159 382256786
31 20 60844358
27 278 183707341
87 76 974722967
125 35 576939299
31 44 150461287
18 16 939537303
98 123 574167908
1 173 278109058
4 64 54468069
140 248 298074527
225 31 190593898
82 57 440430876
74 195 176924903
40 71 272654238
191 153 748646433
77 170 512599900
231 268 694267122
238 20 54431394
47 24 871113658
216 215 754469557
294 191 327683187
92 25 146443695
219 98 758969941
121 190 15242212
110 132 204519516
142 260 42776086
242 190 975236205
215 179 182199324
9 226 881194399
218 193 119137065
74 186 425767756
13 29 566963532
7 247 21399029
300 120 321346270
63 229 43744553
278 71 486538812
63 64 294299053
219 278 41193184
43 38 5330261
293 255 241178353
158 81 751844690
213 93 875406819
96 151 757328317
76 150 574534088
246 212 747162017
298 242 728891239
10 4 32321654
14 275 351720383
197 17 741518821
57 9 925346975
109 218 362707107
151 182 676249699
169 277 569967502
237 53 97797751
125 50 832531715
293 47 126172556
283 108 874012711
88 122 51288385
170 18 692715253
290 75 679487714
117 235 130742831
23 85 177281065
74 5 681033241
275 294 368431093
77 170 413337242
143 214 859496241
150 196 193446900
213 283 856971921
249 204 596297191
54 194 564236617
167 62 854484903
249 84 218886740
265 209 532848944
206 235 111248889
198 12 823587958
292 206 122060871
184 56 588075218
183 20 253952652
4 268 471413556
246 21 981976749
14 239 268538262
16 240 136256145
155 204 671445506
51 109 739041140
239 59 141873503
49 102 712474309
19 285 282048816
237 167 724609735
240 222 943961802
95 219 337852975
195 232 585770965
56 300 818458604
53 206 918229660
258 8 713601020
97 247 425520130
300 47 467324231
160 65 403542267
75 53 722588434
9 293 838983707
262 87 496508926
288 282 964433409
253 89 97242060
208 141 261305266
67 150 694504673
139 247 508089171
268 298 525646717
251 209 721754534
217 283 831971486
102 43 815282930
209 56 290586069
286 44 92374002
294 48 489184990
54 255 469791531
71 74 558155480
95 212 493317978
66 231 417152527
134 181 42133435
267 98 502825869
205 199 523839563
186 107 49136319
254 144 121601814
55 138 474490661
245 243 778777815
27 13 657725640
206 107 119902451
136 224 148377434
114 58 505442114
1 76 447155111
169 32 401137562
184 218 353856820
202 171 654338164
15 226 119531353
175 222 994162095
41 248 244568359
281 153 712738465
183 40 464310641
68 154 172415250
82 154 558806825
192 74 13005909
5 257 645262726
225 210 598679696
288 224 818147173
240 150 940333794
186 243 287547441
144 275 270459946
260 209 234905637
300 277 745520690
149 58 401987595
126 1 707132221
134 6 184794129
59 282 884109639
206 269 779196914
279 260 344546616
272 145 358936558
265 288 185125084
162 247 90498292
98 299 75949968
240 147 499438577
234 272 808119230
106 105 403129487
235 163 638326168
273 69 20563788
286 99 816857347
253 122 873885291
110 86 288732330
293 247 774136928
137 97 794409726
256 36 521965973
133 269 220645196
114 75 198420601
100 61 805587615
67 33 640825935
54 70 522282733
52 23 95324507
194 184 942465992
23 177 891716191
65 202
28 39
74 20
204 52
47 94
220 17
168 147
214 280
12 234
39 48
33 134
156 90
35 139
82 39
267 57
259 272
62 83
103 38
89 135
229 6
75 135
34 148
180 242
228 247
294 191
76 18
160 26
216 283
74 194
3 298
21 40
175 261
298 83
217 277
34 138
272 197
45 160
102 5
251 276
218 81
150 297
74 294
276 9
255 290
287 49
141 257
269 7
89 15
291 18
155 58
254 76
236 126
183 50
25 89
221 185
233 243
236 70
131 7
48 263
12 85
41 34
92 152
218 61
78 233
290 260
35 232
109 243
45 22
110 43
228 69
63 30
152 212
218 50
13 282
66 265
50 24
227 158
218 194
126 144
103 47
30 115
109 189
211 138
233 205
26 72
154 212
123 88
138 5
38 93
109 202
225 103
12 159
52 203
98 281
27 177
43 252
140 56
245 203
108 102
174 177
88 133
220 27
83 263
55 109
10 120
274 163
21 286
240 285
17 124
52 37
40 43
150 94
49 180
33 94
23 156
40 206
284 110
72 11
120 66
237 178
41 181
219 210
246 113
237 158
247 262
56 288
134 286
217 257
51 182
89 250
207 73
234 128
190 243
60 58
235 9
242 297
258 27
140 160
69 204
217 76
115 15
53 25
281 300
181 21
270 83
207 21
200 229
171 193
2 90
150 230
278 236
15 91
2 236
191 154
281 71
137 159
183 95
95 241
262 216
298 27
48 283
211 257
149 299
88 81
63 150
137 290
132 40
275 151
4 134
256 165
76 284
131 144
85 258
225 225
251 46
28 275
231 50
101 291
71 79
280 240
229 185
225 116
19 61
246 251
116 74
110 201
44 243
200 240
216 180
225 177
151 218
268 5
295 81
211 120
59 117
2 190
57 40
100 278
228 75
149 45
297 95
37 258
249 92
272 289
165 164
81 196
252 67
199 100
219 298
167 109
50 30
69 168
197 158
285 220
264 124
219 133
142 12
103 7
295 142
5 74
22 211
277 137
237 25
23 175
35 207
288 189
108 136
294 56
275 4
127 278
162 290
1 97
104 55
196 156
229 150
61 200
88 2
27 37
264 76
283 49
289 298
134 270
78 96
151 179
208 52
94 29
178 69
175 146
1 281
130 70
21 282
283 242
279 108
184 9
109 242
291 218
239 97
244 176
106 16
120 146
175 13
133 265
110 52
84 7
128 111
92 265
207 148
8 126
135 185
178 243
212 295
144 168
96 150
218 87
233 201
214 89
53 159
210 98
105 162
24 293
257 284
132 167
293 163
99 191
133 127
173 28
248 96
245 16
103 43
243 162
250 87
245 208
6 54
216 206
250 162
145 239
106 206
121 28
218 98
276 271
