300 5000 300
106 240 143601662
148 275 53552647
32 298 99672388
300 238 706277295
132 196 954008776
139 220 306579819
55 42 298635515
176 194 685250431
134 281 746326232
177 128 659945296
119 233 516324487
180 133 7780813
226 216 202684410
266 215 414774000
12 47 955904195
87 185 332645466
57 291 292204060
72 166 509103353
254 51 260619685
285 227 263801313
32 45 744773697
71 225 167510281
83 202 339618096
93 219 608535011
144 283 923433657
90 121 534572393
255 178 327727384
266 249 161825901
118 254 217298052
55 290 99714978
119 21 319393175
115 143 167417951
296 226 697341952
91 70 566386623
101 213 628312905
209 2 689645925
202 8 56965502
237 274 881423502
137 143 848270355
88 249 408864996
266 67 370636369
292 182 102425311
242 229 464528988
93 71 807115457
267 224 249991421
71 132 749061074
296 85 636969882
149 21 910954607
251 158 80118601
57 297 405081550
153 14 2161116
21 5 468647349
83 246 119534177
71 91 146956048
179 57 159447971
252 180 80443602
25 227 149548039
158 75 989455959
264 77 467025968
265 134 947039765
214 38 381728678
281 110 90485883
230 244 93245680
158 66 87350022
105 245 786669179
27 196 377065110
81 272 843151036
219 130 94408810
77 145 717294639
145 109 707562524
261 74 326593813
38 107 92508522
172 36 665281017
4 193 804407583
225 50 22036379
255 76 715642474
164 156 191835997
299 126 382554126
261 203 903784171
51 99 835644731
274 111 583217357
286 200 1179515
159 124 853145850
275 127 816199594
209 103 37296795
87 58 675885423
212 273 664925430
9 272 153964856
234 284 984976010
56 86 624984860
39 59 21031170
147 96 407359969
61 6 726973492
62 32 925633770
7 241 238174473
2 27 156297482
124 239 204551554
205 299 78604077
60 284 872863860
221 40 9658245
180 130 196549755
249 276 907615850
270 88 940397755
113 149 960176487
83 155 623875979
207 208 101016257
88 83 107239795
241 288 391931645
118 99 632613229
29 20 438101420
26 199 644040949
132 200 538681876
282 221 123203715
188 33 398235963
126 167 737527269
56 125 325858077
13 212 691630159
259 205 352285298
204 22 609271997
132 102 300082616
151 127 902218366
51 259 436710417
278 292 310918737
292 231 956849522
154 109 300136540
274 164 578954265
250 176 949600176
61 135 321658532
158 38 68700705
106 221 916106907
21 71 578568085
239 173 252633995
55 150 845920486
92 141 856374369
265 46 391655777
4 19 928157040
168 21 419410768
296 133 120140402
27 42 127310291
132 148 221017311
90 168 839362881
174 158 183937005
269 213 88388854
106 56 380954846
174 20 607354591
102 75 210148061
194 295 515193333
161 290 214120565
14 68 511731407
204 251 17297854
14 40 883418873
246 266 12312831
50 286 693206495
3 91 384502250
200 17 748082321
90 170 231566895
102 63 266426589
135 275 654777930
51 288 865763098
257 191 673115500
62 256 140425692
87 201 846261757
269 250 895774042
63 4 134883032
264 203 124995800
184 44 405251770
230 146 608840684
271 32 302656959
300 82 311873698
149 91 58768489
249 152 321907696
140 290 235621497
48 10 688879598
189 124 917554502
172 87 7633756
172 22 713955600
93 252 951700797
76 274 383546328
86 273 76129109
84 122 246213251
24 122 58580255
219 261 249165344
67 8 535314054
165 248 610232877
18 119 710940416
73 42 733002637
224 186 613019140
272 14 617416513
299 99 253489038
160 234 534483459
110 257 838547980
264 228 306108292
160 294 783426151
65 210 166275598
93 227 294572368
208 52 440795910
97 27 715230695
236 299 726717408
101 49 630429359
238 260 885723892
248 122 256402201
79 137 211855628
170 48 692738373
72 112 535413683
169 205 362468761
188 112 181537364
197 260 559091443
144 196 446831793
103 48 80821093
161 37 537188453
205 284 767179826
205 114 124342762
132 35 415391662
156 106 470607873
38 26 457773329
251 213 235312093
214 162 388743152
8 5 383601999
100 159 837305146
293 20 708374334
197 224 678776669
222 128 439576482
135 11 1914768
96 166 444184973
221 256 490211750
249 206 729534763
141 171 160498976
293 179 793302380
143 278 912211438
289 22 147655509
274 218 385358484
243 191 29206211
76 26 848603373
244 173 831255639
216 93 70125746
18 94 222649751
280 234 27914073
155 278 339977451
86 121 310704381
175 161 20915954
36 134 155284272
119 128 186021862
82 204 89987839
54 147 430057512
244 114 529355104
89 131 698170297
191 162 171815183
164 68 339032912
14 205 730909132
246 132 742298044
200 167 229057630
123 285 869964557
184 118 957111660
23 172 344930058
34 167 477604724
189 8 992831054
138 198 177692868
20 61 340172787
283 127 273573192
15 124 595138223
10 23 305039741
139 145 83603525
96 81 370101195
7 103 308103418
117 188 581382184
40 128 112579591
145 265 976861741
112 36 349626353
251 19 570850879
242 85 656272403
116 94 626806877
156 233 785222222
232 80 22573002
126 86 428847056
243 254 434101895
279 293 567692622
21 138 380305887
13 1 896273222
66 251 307143892
244 244 491310676
298 59 43587970
75 266 45549754
48 250 514644233
101 75 113015770
8 70 185594424
102 100 209984916
23 120 884051005
261 133 385485558
235 198 54461360
226 193 164551604
2 243 15927214
223 69 61111580
76 168 88740929
8 20 468916455
77 27 509741576
100 180 792598475
168 202 135099447
72 215 661589879
29 149 426728828
289 126 1367172
244 179 41777314
257 101 879798834
288 176 448137601
268 235 474399320
75 12 239947398
250 163 326367377
277 30 153868231
123 154 102755845
101 234 774336145
80 274 623236670
3 217 993284449
117 226 780583801
102 265 178168129
255 233 700681663
74 59 313656526
272 60 350170789
100 36 725242070
130 158 470405023
74 10 823661557
218 89 839473030
240 92 534907399
140 260 73375524
192 113 221021688
120 67 919103172
283 193 636536430
208 164 735579390
48 263 8830525
218 145 443905635
292 218 849878244
300 188 358509885
230 179 118651376
180 70 729629087
3 261 71241851
142 81 739110918
214 63 912668310
95 22 831861425
36 70 823057639
13 39 40125183
147 30 438336253
290 30 939510640
274 11 724434070
101 190 933874639
239 244 200932499
190 85 703775779
259 50 995602493
168 145 537552815
292 180 384830236
182 192 410160474
165 90 936464903
169 132 639921432
8 157 65035794
129 10 41682683
267 248 348270326
117 189 58336763
48 147 238468812
40 66 377719256
106 109 916700188
241 291 864242131
114 207 664250721
69 75 19120552
300 134 139877860
294 262 292657669
228 280 59605417
54 96 216995657
16 143 651422956
79 235 275555621
235 40 773771430
74 281 821644372
104 146 606783278
276 214 272557104
279 266 905960137
139 259 83942798
7 238 445412429
175 43 486268824
232 110 467836819
239 189 533202553
259 123 72435192
140 248 322881324
63 51 842185070
140 27 419327683
43 57 546746948
131 195 289478658
180 202 689205496
208 128 946714138
84 111 120341348
102 49 301072288
54 60 14109862
97 251 28670609
121 14 208996659
290 205 924371437
124 300 193915494
224 130 10023040
281 10 960319041
28 269 514474321
118 52 184451831
17 205 326707232
104 258 364279791
65 107 775973641
273 227 235949506
283 268 498474311
20 91 688621510
165 14 712351239
204 47 358639000
197 126 72897221
17 243 488878372
247 259 779451977
278 114 477820586
120 230 656419392
213 202 490646070
18 185 970169337
28 256 219349580
89 120 932417393
228 23 956400491
179 219 127988017
99 287 98926811
123 234 137041870
51 263 100954535
236 135 299741965
280 47 614591118
249 116 254498654
238 196 143836009
17 284 181551380
161 263 672635103
52 142 134955273
120 292 230469860
130 114 996147045
151 164 758694059
286 152 882390693
102 183 848243291
119 183 892201359
73 120 660222854
33 136 545961989
113 297 409253652
267 100 313769545
39 219 332406888
150 100 101527702
194 251 958133017
5 288 380043420
197 89 23678302
240 259 84716437
150 83 828294456
255 116 178794644
43 228 68634392
94 194 454214191
90 284 168554761
78 134 458066560
231 79 164824162
299 83 537265749
271 32 727649637
124 23 55599648
160 172 70581730
16 126 768948245
59 220 184766924
150 66 138156517
92 155 321621353
252 284 113114938
263 214 361300668
225 265 972356251
173 235 386221434
262 110 451139508
9 270 59311831
138 285 870961256
135 95 137082475
58 296 119445492
227 87 426787147
79 90 96547030
168 104 82769196
35 28 196103012
37 253 816591898
122 266 820430507
229 26 292335276
259 215 913117012
166 49 9054006
293 107 353813353
184 33 696576539
230 163 763447380
12 82 159976084
59 116 903503163
122 205 531294367
119 26 770999332
277 255 383250409
53 213 733596624
216 131 443502572
174 123 550251530
126 6 192000014
217 288 690369376
96 51 863507257
131 161 72714325
194 282 290346829
260 152 755142554
44 128 770757360
152 232 543986725
227 148 798308255
299 73 523320777
228 198 690986134
294 114 875575121
169 210 731183823
178 40 488065083
54 285 47354616
82 297 225644319
187 40 990848347
247 243 192851030
23 170 892253029
177 220 950624701
205 147 721779399
238 192 607326364
11 61 518196625
133 290 466882617
168 43 356887501
235 176 572021997
154 114 735801788
252 112 378960931
281 134 87612400
262 62 10291471
262 266 139700617
212 204 77905261
276 266 957725721
300 150 52734662
168 17 583130056
269 252 839258731
117 157 133812296
5 108 532515408
187 88 431871141
238 49 482704103
208 63 60851420
76 274 4782875
136 1 42589940
8 1 757972790
169 168 491512858
176 188 290564761
6 5 380772817
2 61 605501724
161 299 10118864
101 236 486877264
155 143 986401626
175 270 82987700
149 106 88994552
141 113 965069752
230 34 735644972
139 209 757607711
52 267 602979967
68 20 7563527
244 180 55352025
259 32 686474212
22 239 58705206
148 113 164261976
299 13 81049781
150 153 471827045
54 134 536812078
177 273 564167639
187 76 540636105
6 143 305062476
184 138 684929455
61 96 669657238
172 118 889433576
178 17 257626240
153 67 926501753
233 268 791166405
229 21 314625691
207 249 135876115
197 188 397998790
101 193 334282884
76 76 550230122
282 136 760992069
271 8 600929638
147 237 56444454
186 89 768073272
290 73 119777940
195 1 781660912
37 259 489367161
151 155 853020748
40 7 328117992
123 134 69706067
96 167 838169703
165 138 172499462
102 284 278884198
108 221 174102238
231 211 86687010
270 157 193498262
134 193 178831721
194 43 311887727
193 82 280786034
84 256 95621819
102 52 588808186
256 216 282518723
117 69 918703358
266 228 902471978
203 159 865359040
212 180 746014596
274 13 564097040
46 206 750449782
272 150 408104315
257 285 18827171
76 87 837881174
61 42 773742041
235 211 279855761
92 176 412666789
221 79 645281099
261 42 244960278
208 67 845881591
48 112 789928548
281 136 782638250
48 92 299612334
70 167 115589572
143 279 216223314
235 213 479045724
95 4 35457351
183 277 354527729
233 237 80492923
111 196 701818489
53 295 102368853
252 28 741515388
1 75 752560479
87 144 83642298
258 38 471052676
171 272 49826689
46 66 591184044
97 1 997596720
277 233 986940108
199 95 157745156
188 147 74108902
40 151 486481129
79 203 655482503
157 289 304972898
206 247 272833487
234 169 480289958
174 267 912230776
117 115 128806376
89 91 480330560
48 42 211763607
255 229 168987105
157 20 994445955
85 98 323294758
140 6 307662198
37 212 210621496
24 145 100912317
33 70 457580383
160 186 21115749
287 26 441013439
47 126 502799080
253 80 908291160
57 236 907342179
64 73 946500228
273 212 925809434
170 300 633944797
66 23 541958993
182 108 552195062
264 267 108353399
212 254 60547077
2 52 395716202
134 56 124122281
193 164 172390569
24 227 174485841
3 199 638406952
236 69 721643151
184 186 697027926
28 67 44851233
241 82 382376551
40 45 838410256
216 46 893282907
217 231 463790814
49 176 13888378
117 199 243054256
257 201 622066855
8 189 163621075
111 124 225822060
236 204 909582126
220 144 377514359
222 183 945701803
178 150 760190600
236 118 323779831
50 219 397277006
79 35 740540656
34 44 300071008
188 103 1677496
214 213 36853972
125 148 95043075
50 119 580956218
160 41 455463153
262 270 779110954
162 205 95099472
44 6 85100042
101 84 363954176
56 118 811180419
263 57 65185722
111 23 700129586
134 147 560523586
8 249 543735304
77 108 737173996
81 122 126733565
235 35 310729622
258 78 900436627
199 178 762259311
226 285 991768280
245 299 211030388
118 109 583666710
255 242 188015657
240 1 786175705
96 78 608177564
291 210 747206685
208 144 815970019
29 101 138247396
155 51 816348525
117 277 590814061
196 273 909198660
84 142 478212520
45 96 334709614
101 36 573733014
157 131 481271643
21 173 512788653
57 80 299911348
76 108 85222849
223 15 511372251
300 131 237281027
60 79 779162299
171 214 54718140
91 258 616594488
4 111 172798575
269 19 119582057
64 91 194118929
16 148 228175461
163 275 827448568
163 197 449923934
266 248 5344517
292 60 485478595
43 230 806389260
234 20 699226869
221 75 204523431
295 44 108454650
251 107 871714440
132 174 94025839
92 88 738842513
211 3 649444562
45 268 494696861
61 259 12897120
207 53 965760350
266 287 684015421
34 259 502371948
17 6 142046591
266 8 641860049
57 139 514600974
296 230 207664361
260 193 511305763
173 237 936897430
34 49 574236741
5 255 55002345
206 272 581396031
127 57 327561342
226 73 761264147
68 38 854602854
16 147 801696393
241 194 683236574
201 205 179188318
216 78 34442854
197 163 811893754
189 167 144503260
234 73 838660631
264 251 446109088
5 176 23888412
103 243 975420550
157 10 582485348
101 2 234075941
26 202 374067545
144 169 504421074
249 66 267317036
103 254 380685255
262 187 957769727
145 203 240134929
32 259 877636456
43 62 864837250
144 270 696113711
143 122 886066812
283 147 494877265
80 42 33850834
253 291 144917651
41 145 549798104
295 106 8527243
73 2 102501097
101 85 306764655
108 180 87614768
57 23 299654289
67 166 744579610
130 200 958143657
94 279 972051098
279 284 673261140
229 24 21151184
133 18 12740842
27 142 486690743
123 242 741626328
177 101 801436007
97 157 494056681
285 275 401973698
295 156 611779350
203 249 497541180
152 228 563680263
144 156 782546338
227 40 682308307
220 118 73252248
163 240 48029441
242 169 484276341
200 265 99346549
232 1 589353775
130 47 840364830
31 1 199773331
210 205 848913758
125 48 637736465
62 274 116039557
69 194 292350274
268 108 121686066
109 101 58295234
101 300 894825250
250 231 78414050
176 112 58673949
206 142 941232249
236 52 255689105
245 176 970272952
161 289 811167678
117 57 791114123
243 77 249319382
8 185 927409782
241 37 331854033
242 38 104192463
243 214 203947827
291 119 390383120
92 106 161039523
96 50 79597298
200 262 486151839
277 79 357978747
51 73 620846623
232 80 175301259
213 72 505618996
245 13 563662733
259 7 938786246
137 50 323870716
157 141 66173121
279 288 719639922
29 187 922007584
67 215 641832014
213 265 171463486
188 196 485104417
46 160 788533688
241 156 681609252
174 115 95261510
71 251 235648059
87 159 896517499
207 138 38591639
181 218 779627077
64 36 930791492
77 300 988231708
214 187 348750756
130 233 939758415
169 173 945625071
272 98 323059537
81 169 276009639
240 7 194858498
290 265 93161987
28 145 50517404
57 208 258109291
300 36 368883690
207 1 856203577
62 130 895370209
129 50 844518933
299 21 267312483
35 154 102537103
73 93 674063509
22 82 900581173
108 162 354246370
163 218 104550329
253 217 793325065
95 175 149583117
71 289 100879847
31 117 845814348
215 115 213479521
197 201 299136874
151 25 338434466
111 47 932922499
36 206 121192612
105 121 830355529
133 125 548751797
249 219 264613124
66 41 474173912
64 71 969708928
111 38 549359594
231 234 683669094
204 137 353679770
21 247 49217416
220 282 420993074
31 86 519524146
112 271 750403570
160 219 187547741
83 284 834643881
294 47 292094904
73 210 404419741
266 140 291447226
111 96 55714462
281 168 76317661
248 87 253837994
173 170 90005480
218 33 246919502
140 244 812872420
280 27 789963704
212 72 984105902
267 145 388597011
7 162 69432903
85 273 325750450
298 5 495984117
158 252 365572756
104 125 55708977
83 94 396748309
136 233 642475252
55 212 57502930
10 176 116005254
12 142 935174798
274 201 621920211
76 285 7394235
77 34 445276639
194 244 837301191
149 47 309493667
25 181 528861860
285 16 98325693
136 70 57949256
118 132 94892783
171 143 501251177
120 168 681444177
230 296 631951713
65 72 261004598
203 265 792404141
45 113 332504687
63 189 823828067
175 173 365810134
219 61 66290604
174 178 125298587
109 100 969390929
185 219 397230048
213 200 773216143
277 264 275616015
74 219 252930131
115 15 218214896
253 78 227179284
272 252 381604309
5 170 471448869
160 95 259248598
146 255 8492397
26 191 359387767
74 103 81338566
116 79 34255382
282 205 663414852
113 19 658634518
108 23 329408047
43 294 57113650
151 299 940077019
71 210 593796466
168 56 113164772
116 81 146916763
34 206 229012965
152 74 696437796
285 55 957679500
36 219 657658570
205 26 128879692
152 121 47687286
101 271 632407836
272 42 949331945
289 261 976274552
260 129 682626585
122 162 465618090
87 13 950981563
234 297 266849370
233 84 813635288
2 289 662070566
145 192 39334486
282 292 179547708
169 15 554159101
266 3 422417262
117 263 497847290
101 84 139836951
43 222 134757516
57 155 516864364
126 139 949572348
166 140 796548688
283 37 387201431
220 18 73611522
179 187 205921389
180 152 672894791
141 20 440212853
282 121 507308689
284 215 250678910
51 271 71794017
115 149 75817155
14 66 920406895
253 100 291991983
83 19 533227000
256 197 834068838
144 128 143849441
35 20 438843361
239 1 254193533
227 37 55518047
189 87 498831169
5 253 998465917
259 266 925606634
105 218 89807533
287 52 235435803
239 8 689522800
76 151 711260327
117 237 723065647
177 176 75302399
109 154 907807535
7 42 60371274
175 98 197341626
244 57 120807292
77 161 332349661
62 200 366653813
64 138 2363972
15 213 740368822
94 81 811112211
140 257 802290638
290 117 73729143
177 123 23590285
150 50 281217134
127 45 364877790
70 121 752528203
231 234 883644002
195 298 143968539
166 64 220087003
39 157 403332484
149 48 132548340
238 38 366960809
181 266 309571583
217 115 311728184
50 293 371896528
240 63 268199601
94 45 90444934
95 291 926584683
285 156 466141647
87 246 125408855
270 147 774935603
162 84 195056992
222 264 293580557
104 180 130877571
88 230 461838715
167 221 702238577
67 66 741975873
201 160 95188063
135 144 616755470
81 282 47046916
236 252 49690962
190 165 426978245
181 86 105154261
137 241 255292940
259 28 863644121
73 247 295085593
2 13 302145558
274 213 768468017
289 100 543054212
158 180 993474794
25 167 375578597
286 56 821913961
83 288 404474398
143 124 580315138
82 134 513680718
55 207 576467664
247 260 36875576
205 285 837865741
73 273 906022840
137 131 560004871
182 207 72704338
178 193 924089545
90 275 309217485
87 169 816636008
24 2 134771742
93 56 725463400
56 3 143465911
32 259 278238795
24 31 77486468
63 167 10480750
85 48 124268556
222 277 321057200
219 66 27824926
255 204 349725994
62 280 394569696
55 72 26000151
6 180 391619305
216 263 941056363
111 286 147812046
30 100 702424212
79 184 155916712
86 158 31351788
286 128 855676106
211 82 33364061
5 195 144730792
100 2 850940664
2 7 286010395
207 275 781782857
69 137 28640142
66 166 637637793
178 296 463747976
141 81 137224085
80 118 729639312
137 81 402727493
98 85 825640988
89 236 985667889
204 237 460787947
198 195 394467073
206 16 212427709
199 81 697189026
291 10 6715421
19 150 970308154
203 282 909024423
215 118 998172803
59 215 439995639
46 56 776546274
86 11 738857563
185 261 718548809
257 166 804160024
218 65 848535957
43 55 701584466
216 73 224254968
221 276 447899249
43 242 80709766
298 300 8566933
36 98 376201540
62 183 34554250
76 119 122151810
284 128 273293428
260 45 664102892
16 139 784734346
133 54 803968471
152 26 6512998
100 69 122007239
218 118 405695038
2 153 535733735
193 266 350307570
94 41 310204488
256 25 662407915
283 36 471861911
74 103 583239150
271 235 855771403
241 87 964799529
238 238 819347949
176 207 270105818
166 208 52036070
200 152 351750388
169 246 203073628
9 201 29587304
223 235 635451439
286 8 721718341
135 30 842488828
89 23 222017866
69 12 308204703
169 240 886791810
86 105 818862469
208 4 333134573
295 225 611646018
122 233 334097670
78 207 921266604
68 192 889772063
109 78 876864744
188 167 833996766
53 235 472713830
207 104 209990469
216 241 156554425
237 148 143106728
109 142 77504004
278 16 417434388
99 93 825305795
154 160 478012838
268 20 106278316
111 259 270906334
29 11 936696420
258 218 775512875
178 185 57461516
202 173 687094763
281 33 868679357
285 10 952772572
272 160 673994416
218 13 667796327
108 280 508412999
75 91 38333257
208 171 332091320
79 128 697891889
54 5 22526773
21 258 682407498
135 238 305635930
91 222 208890792
114 246 726269751
281 215 484072116
8 22 519553595
158 148 414611637
266 107 3243007
137 186 610677886
225 291 446906742
250 11 668483999
147 145 123549089
128 288 37089662
119 101 826540107
22 82 874755274
237 141 807231647
183 50 582763895
272 67 177291053
230 204 822476838
68 128 851383180
209 129 468955242
60 275 214804139
148 155 957609226
209 25 355175778
268 98 81498211
241 86 804372851
39 269 589761752
233 292 623481819
38 221 90140722
275 288 540146701
7 249 996026530
48 8 992704056
286 207 835815210
263 115 439283487
41 134 676862284
251 74 885140070
54 165 436186790
205 149 744614081
123 186 666181301
296 161 516599041
297 219 890257689
126 266 160673948
33 4 598880554
95 266 94483520
181 6 474022954
64 257 464770479
85 10 873957743
74 266 136864992
54 89 430783277
7 84 430705789
247 132 988015707
187 9 424184625
134 42 101500328
287 136 682604745
6 68 817640951
159 131 293139859
138 216 913474320
32 41 268406085
23 95 833933325
252 153 700196761
92 99 407343092
151 285 803915201
175 170 735133494
254 156 36813181
50 213 148237748
100 72 746269478
210 261 421081145
29 44 756343186
166 67 349186032
90 70 865790984
202 161 675273434
94 11 667891070
46 237 4317839
91 242 135950646
271 292 304756658
218 143 837275181
295 53 198276693
92 133 261718937
229 50 16983255
212 192 894852924
295 93 31066436
280 238 561123147
1 35 466756735
191 125 996951177
236 95 686827568
245 12 59059562
26 59 701754314
170 202 85935199
6 130 627491948
260 41 12874239
283 87 794795184
219 118 528081521
217 118 721681156
151 60 110727580
79 47 584550327
246 291 586354438
8 68 419958448
173 290 653927149
223 295 897120078
271 255 203755970
261 289 439625808
96 207 280003025
117 175 97811394
224 26 897368753
155 104 519658451
181 102 416920794
271 161 278947313
118 85 304014702
219 8 753841897
148 30 645412151
118 290 726094739
225 138 26956098
202 6 109119372
295 229 291857649
200 135 719605753
202 68 636740306
195 90 397288166
8 259 408036350
109 177 754920057
205 25 917947586
7 194 762509528
98 170 83401065
95 71 113736422
18 118 870164050
267 69 873476936
71 270 3192703
276 165 403214844
93 224 788469103
294 32 665398979
151 289 636157255
88 47 51983548
67 144 205020018
183 290 227786040
4 60 365576657
105 78 73309677
41 148 165610847
95 175 764433663
239 267 296209086
93 260 917468169
123 162 382052809
178 2 335375156
125 68 208562651
294 3 28571393
234 6 904520752
42 163 980784729
219 255 829485428
65 49 234846802
179 39 299189720
164 183 578034179
284 6 383849293
93 183 782066294
248 59 240227413
50 105 841733715
194 38 552837973
45 131 243704235
25 49 640325789
204 165 598411689
205 43 521176780
224 206 49606514
255 242 996583519
147 34 703297753
92 33 221732764
104 134 756908568
119 28 389127557
191 72 483966387
177 149 114734736
117 104 299559800
157 9 802875243
236 284 773406500
250 290 128621741
20 188 103090126
273 279 32186810
36 83 124474444
255 253 261040771
211 195 198922894
297 123 918905542
132 239 955506846
184 95 543573606
278 83 982295541
29 32 849706831
22 103 234689470
47 75 214277049
157 162 733729683
100 116 782264735
70 26 617752881
215 75 631382003
157 258 315994241
254 141 122517635
111 170 277161669
3 199 124500152
133 220 513632955
203 18 374181
3 226 953940243
185 25 983756058
71 146 331465536
151 61 628518710
105 269 842166667
245 274 124485560
231 136 278350629
52 138 929684727
203 271 912142298
157 225 476297116
238 279 506852341
180 215 128282418
289 37 601628115
176 239 125812327
137 43 619740595
4 39 596468820
115 21 747054255
95 72 906308793
222 275 776455615
71 131 592184191
238 68 567771569
279 299 141980135
148 40 244558271
162 215 345775209
289 52 77012951
135 107 606782089
255 273 910116609
261 67 116694533
53 40 645983307
167 111 864132237
9 48 624031857
77 78 879622407
111 225 614659946
181 139 865642713
241 127 261089416
291 13 643166722
131 267 841392894
292 228 134118560
224 32 156061152
130 199 114330262
218 259 42772061
126 36 595722539
33 198 753980463
30 131 971690301
242 71 374664379
257 114 582643292
130 244 44612210
275 287 507625389
187 210 877991621
138 39 784682871
251 9 819883329
111 134 403880916
49 218 826139414
264 248 36249796
16 241 527470918
195 250 376815731
138 131 896099027
99 106 995437413
288 44 791525423
208 181 782862713
130 183 686097873
258 293 125262759
174 42 979979776
39 57 569941575
34 72 908274516
203 266 961100717
134 155 519070547
112 254 128609604
24 241 923836447
198 200 913328579
163 29 63932613
135 38 713387906
293 211 162449699
121 1 165098455
195 86 545540826
262 289 530957544
278 174 703991898
177 285 814288803
232 60 516957295
279 258 689988994
9 172 823099474
222 6 883655712
179 51 128054974
177 171 382436675
231 117 535566960
56 79 114916748
199 108 349818121
249 284 136370105
3 216 175042817
298 246 552328974
243 6 608640345
217 279 30074802
228 157 89378752
201 85 471564674
227 15 894057791
287 123 970165321
34 21 808471628
7 21 633079964
263 24 572599931
279 21 403384328
4 263 891278085
200 231 100213816
102 210 891063072
105 163 131308257
31 89 986047823
73 75 148306245
193 161 1557418
172 167 102309590
187 181 412335213
117 160 153624285
96 215 16165800
81 115 823059230
96 216 162992992
19 72 458989354
27 102 946001342
102 174 12112269
246 118 919722529
215 290 723682947
205 176 560363627
217 45 457323738
54 140 966892253
205 272 402742219
234 119 89915734
225 190 527856957
130 268 483097859
72 69 407245284
140 67 417948202
120 281 176194591
266 237 20097118
44 206 669739362
282 259 233538354
186 163 750255825
204 148 25138296
189 125 96732485
297 254 653895704
155 77 977643073
239 216 773829891
192 35 191497223
82 52 332954660
199 96 463053765
113 77 735418823
166 14 871248337
190 269 841085184
137 209 512955060
273 205 640814614
77 112 875697890
1 102 229717158
291 293 622594944
65 74 778014196
24 24 108854891
188 136 924957119
62 1 45729484
98 243 21397852
34 131 646910660
93 104 302641216
158 232 619171027
300 232 856261728
57 274 431861520
252 90 374681345
147 114 704818321
189 1 92011808
7 63 917283809
190 212 488439203
93 297 978099933
152 90 188031188
168 299 919612319
46 298 855519102
274 106 769581427
245 110 853296517
290 256 292135382
162 145 844119082
169 203 802215496
229 93 37672960
231 237 391576656
116 89 229397997
155 8 44467948
126 105 859968045
79 78 463164503
6 75 624135912
74 116 973412819
255 277 619850115
188 145 488404918
236 74 477323062
247 56 608002398
202 223 379869938
51 130 95566897
198 255 374264302
94 33 924740231
96 90 178856205
259 215 363809920
130 221 36936048
144 161 585213693
113 96 483475718
174 94 220161325
224 295 625886800
113 97 888683329
10 294 780679583
63 88 862427367
193 235 50991757
150 246 757218323
169 75 568209744
269 270 33117804
161 83 806674351
230 8 926552344
54 231 636844790
205 44 19466039
133 105 413851332
67 219 237517771
34 111 953629858
142 12 38839855
216 233 614044229
159 201 4125798
14 61 550005832
16 42 876491040
111 147 296616522
253 52 190252217
191 236 652965021
174 3 764051939
245 88 448253202
54 281 884425013
108 196 141409997
236 107 551111497
85 172 403775909
69 240 182878950
8 102 961098297
229 54 216837100
246 296 986262335
118 170 755086289
209 114 385736328
110 167 781720560
74 26 700257308
271 261 562072666
119 97 252800789
28 165 579116028
277 224 25119782
125 153 522624135
76 150 796127831
263 19 111998552
203 227 2721365
231 88 979475183
42 214 81099860
49 236 69123272
214 54 800187568
3 81 529331285
82 110 133045460
263 286 55430264
250 62 486737913
232 76 784966132
83 278 566683210
99 260 427625998
33 2 957252211
292 50 149488198
263 16 850412751
30 70 168834484
66 151 435115993
26 166 167904630
189 115 879004791
254 46 112227866
37 128 475176496
46 278 501070655
195 10 824147256
257 1 144663606
254 263 729725073
5 44 127099742
188 110 620936344
232 187 383838309
261 127 643462475
104 80 195936672
21 168 153259451
216 214 370668528
71 108 680155437
278 117 162820037
235 70 887785599
207 74 360272395
248 13 257095356
244 244 711299942
52 257 483349120
79 60 207464452
150 80 521128419
101 48 991024232
28 118 749810592
265 147 754739708
253 82 7816129
204 288 654419903
198 288 420934567
53 231 37443411
146 34 229400119
65 112 170776778
116 14 531350309
35 114 933780856
218 193 731655425
261 157 749121272
120 162 983358353
49 65 16608092
103 14 123453879
169 66 629864761
231 211 67162695
249 27 783842858
78 195 123325571
287 281 91386636
242 198 206178229
119 211 372137
90 82 636788398
142 130 708245314
233 232 722498927
64 153 936644592
124 83 767014954
270 84 696959133
280 161 81425227
2 147 294058007
138 141 178398056
218 259 336772318
206 48 523920500
4 241 747658729
269 225 367439613
196 288 951681365
239 164 242860099
245 185 617859582
277 164 99972943
255 218 73066841
161 107 618405781
68 24 172677891
186 229 779971738
85 284 981194730
165 253 87922255
229 200 928640894
93 138 133215409
144 82 768808494
277 110 324295709
271 64 923002626
112 224 361348584
144 292 140479107
135 229 818315388
224 13 31645823
254 229 488715727
260 158 912024026
5 2 90731664
266 145 496886297
111 122 974930707
119 144 311322822
97 255 95087946
180 151 62173189
39 285 549350869
178 260 228025133
52 265 698371061
179 224 180344618
204 281 478143520
119 246 687144216
168 56 425206289
26 226 644819033
247 74 271565639
144 254 923851889
84 44 626872025
252 273 160597785
184 24 358740249
97 202 161738025
114 158 350748357
185 28 58986654
101 195 55261409
189 220 221417386
173 219 627940860
112 62 488696765
200 198 796680560
25 149 370207632
161 85 93440155
261 181 307610209
285 46 72225466
41 231 35566645
94 83 989487340
254 271 466467311
92 196 925313029
3 7 166145143
167 258 251136840
178 34 729638988
109 194 534709424
115 155 659686504
75 191 989947550
192 284 856152432
37 129 92929014
76 135 977999936
138 226 156184231
67 228 899047537
109 146 982958095
48 23 34787928
187 183 67651174
111 49 440288080
266 124 314436670
167 67 893361653
298 103 88566034
263 230 102794868
199 68 9981893
81 186 143100672
270 294 138331617
116 93 497387991
295 31 737961073
68 193 511040073
47 159 271718848
269 77 944739215
173 127 418184169
206 89 829024699
73 39 348760818
165 120 50189203
236 89 951971348
204 256 305244092
194 250 839646422
118 18 942404115
91 116 125720025
238 136 379541701
204 9 412537927
273 266 170154068
23 39 777873706
192 255 96913777
194 243 26321817
293 146 401572272
236 92 109969422
209 261 71680791
75 51 726994458
99 41 390347094
252 296 660133054
230 268 772402019
297 42 829948857
103 233 547788164
79 178 363987906
196 222 121912403
267 157 318949646
40 66 693060707
130 192 607802009
140 291 334892401
233 294 819071097
138 223 331038616
256 220 699819658
165 74 126691390
28 152 514359368
185 99 667311289
187 118 743307598
33 157 581994715
191 39 978293106
99 178 910439148
100 162 757974541
96 299 638469916
163 254 17046635
220 118 229127460
210 197 814077111
129 81 355766462
269 20 550735079
266 104 361468735
132 294 712164573
138 92 182333402
185 243 309805963
278 90 607231661
45 253 847012515
31 224 564130084
90 185 306372533
300 13 585211413
113 34 80108184
291 51 404979787
78 183 105403280
150 20 641697024
152 256 496237066
66 285 193127208
227 29 358373360
93 59 396827883
76 148 435182168
60 200 840311932
73 12 279528465
156 55 348655716
95 132 629688398
274 33 953435969
297 236 230337576
15 2 218367761
122 228 261029141
233 20 522852000
215 147 937996499
134 207 320539750
66 31 26248214
82 238 605856968
149 32 273351099
46 58 593411531
66 54 748371667
42 120 48037468
54 293 952156947
94 225 307742618
193 192 678924564
244 25 77108022
193 142 87504404
206 276 937705542
273 124 885207573
223 222 887930130
206 39 587570236
72 80 332881307
291 133 464474200
189 227 193238624
106 171 768518815
221 166 478013292
243 59 162033985
46 16 100109360
139 289 345927836
264 263 529177809
145 168 603295247
80 291 798617727
187 33 38545711
38 221 731591989
61 78 253124912
28 299 541140977
71 293 916179935
255 90 109522703
167 229 21993543
254 192 779459905
262 36 827849673
8 168 620567215
186 106 353133648
249 143 682738620
237 203 64608398
148 282 30183896
225 52 361605840
111 59 441345929
13 225 59626057
255 230 954170148
212 191 717941036
36 250 85992603
150 188 243722508
297 136 655604950
169 124 367394904
66 272 127538
13 248 179299789
252 110 771978347
32 175 730788923
289 181 254175704
188 92 18800146
123 127 627957496
277 277 437814535
184 25 781884270
285 245 96791393
41 10 635660816
78 74 939633515
166 77 924889425
65 109 405983951
239 149 699877931
43 36 438547623
88 211 154875401
135 187 764395777
69 123 177791454
190 159 225284698
135 199 824000260
102 28 4122033
17 246 832288562
93 10 44813070
43 300 258870670
225 42 723598805
147 182 714487567
248 68 465013206
76 137 71414580
281 78 189296638
79 212 891086989
290 14 324396816
274 82 521042261
35 174 105518022
256 268 808613022
25 192 737019315
182 91 909537048
248 38 954123716
253 165 161110204
132 146 312380781
222 276 357243193
210 265 636390958
277 238 236941239
290 273 788816164
11 280 845483331
84 5 811853374
251 238 273957564
298 185 239187653
165 190 324455770
168 73 855037015
249 294 613765142
293 255 719607706
50 284 734235795
188 273 637421619
3 283 326494599
85 119 912841755
58 69 120061892
174 118 515158928
26 283 710629717
95 202 482921542
61 150 168814687
2 142 659396142
259 191 984095425
206 130 516471149
124 184 509524983
74 268 624386301
28 26 303107121
271 199 455224491
99 276 34862125
167 123 203130226
8 235 272409576
195 289 304976069
88 247 84704312
264 204 848535541
112 28 90318625
294 101 508053244
47 181 61076421
167 151 23345719
209 249 191597847
233 116 37772221
159 123 416905855
234 17 795280243
202 156 745019442
113 119 359245
206 230 51237624
182 224 371632825
177 22 579419305
198 240 794658955
168 149 385027056
114 81 208636971
234 239 453442945
289 224 435743314
83 178 667450569
124 42 985176488
69 299 905392217
92 180 790139092
268 57 116319765
24 254 334525005
231 173 752495653
86 287 405093833
56 272 347966124
252 260 1005747
165 95 521705124
234 218 994768566
173 38 121247964
41 182 843978296
133 201 671012804
297 225 663427909
153 155 697085681
105 292 816100319
190 99 205727691
213 50 135390002
159 215 400367496
35 200 598195966
252 72 876718303
167 112 992204836
14 296 463772037
217 45 575871913
177 197 123163419
10 2 490673610
128 191 739555808
270 103 323252957
72 13 530024723
19 99 174805322
184 50 95287593
139 217 901896457
26 230 532254652
62 199 955198296
126 127 357768745
44 188 787428946
253 16 206821788
260 37 111397042
69 160 354676806
91 231 458366205
65 114 269750154
109 4 615109322
265 82 338422004
169 143 110701002
116 21 152923280
260 64 309658168
157 17 249522335
244 28 30759823
237 148 936244283
243 239 71375913
47 55 34350678
252 163 554403234
74 180 623738415
177 48 558644609
230 163 934993729
161 175 875949193
228 31 724700961
114 27 220804840
37 263 687513788
119 257 507368878
183 3 855175432
60 7 531253746
45 80 584983925
59 8 401136972
268 289 639943887
248 149 806657061
292 129 541221791
52 242 902976217
244 30 855833732
283 200 901954788
260 82 352221943
43 194 476385349
288 238 889554328
165 49 635183587
36 16 971457775
174 263 903816523
134 255 446950703
177 58 145349945
245 53 587323126
276 35 4081826
16 46 172034659
58 88 273015952
106 128 566461642
285 44 823593790
171 131 455573357
97 5 397394071
119 138 377521477
74 66 120656535
270 11 405153139
195 38 213492374
20 53 758075819
279 110 746595259
182 215 710304438
23 199 86703633
264 121 424413463
220 217 215894167
191 88 120319157
167 161 678910222
253 130 499676284
92 76 585934722
17 96 692156674
287 126 170564084
97 59 350058650
34 134 120194701
66 97 116155821
281 17 14432490
147 259 866324877
255 177 971300037
129 130 179740618
12 273 226453393
233 41 968036540
207 27 576524717
42 124 324933876
91 209 632242009
91 27 174559257
264 7 702426273
53 205 170786183
229 160 252127760
17 288 919623889
286 299 283460413
278 284 704613353
170 242 646191231
186 283 2272954
261 125 40712015
221 216 143179341
278 231 439121099
102 283 144431455
185 211 526913214
144 279 823025653
284 264 679928704
148 241 683557087
52 110 231100180
282 48 788089362
88 60 262132338
102 281 68391105
194 10 175537835
44 163 598005017
98 47 54633879
64 242 516724457
16 277 16533720
19 124 633031413
57 175 334254074
36 157 696726421
49 296 897898681
187 97 422529213
291 42 592660922
26 85 815752784
94 234 262590983
73 297 185303276
29 65 503513553
249 135 353198576
213 192 144004403
286 279 817089559
107 80 932276054
39 18 530275902
251 8 606784795
224 85 600923831
7 179 657124464
241 3 7332613
117 31 622057577
269 31 33744411
296 243 778466554
198 229 87324185
8 87 748406664
113 125 876362681
14 75 539583340
60 298 913606477
190 56 596437107
6 49 642709109
118 165 569146939
46 185 97317022
108 180 155218064
114 130 782136844
98 137 822283430
213 250 878589206
45 15 521067032
236 75 194894181
212 16 715823437
118 21 51478485
78 190 387162601
17 235 226389337
38 95 69840916
53 208 619070797
297 57 986135834
78 269 660861135
36 65 173522601
67 300 130905027
148 264 133932243
36 133 544761415
272 211 370725157
72 279 233881043
108 68 20489837
75 120 214050796
224 168 49371752
209 298 979892072
143 33 881974436
195 99 234888
22 298 395763551
216 33 517513883
182 4 8194993
38 127 141986523
181 286 311172790
169 113 523488210
65 36 266102329
68 244 508782226
40 138 982633458
127 32 61239409
214 105 86977906
16 72 628188739
251 6 588866742
95 95 61207221
218 27 566566806
107 196 879819118
168 12 620034953
97 79 478382848
22 118 263207585
280 297 853064469
88 210 378858525
193 278 974521997
83 228 742365354
225 22 348081048
245 239 878066475
2 98 205327822
120 265 691399533
24 61 90686063
172 83 678046781
208 114 893005177
276 253 735796138
201 197 454699567
249 280 714712994
54 256 81580468
201 252 844772158
127 253 315460855
300 124 869651120
132 148 625961632
95 71 240658266
227 278 696374479
55 6 759382383
144 258 811627180
211 206 186330311
256 11 472358518
23 211 878402669
133 90 676062273
287 89 745156449
158 273 705720148
142 119 36136218
207 97 704644947
138 151 564310804
20 46 141475961
151 256 115695118
261 264 229333628
78 38 682988891
198 170 354727380
23 209 154909620
271 118 922418792
170 259 600457310
139 166 719588306
137 3 25333308
141 22 253488454
101 225 711269661
71 185 113389924
298 15 393946062
240 264 250226583
219 38 145175991
39 60 653478109
182 229 253610919
144 67 481199984
149 256 590168838
109 96 487383512
62 248 836987536
74 18 677827572
298 68 482262138
11 7 128693902
193 278 850734191
36 68 688506751
244 1 52764431
214 144 979643450
298 45 26305105
187 153 757060200
98 266 18417399
233 39 221039117
5 88 151808036
194 150 788680342
47 43 43932471
238 78 219957690
240 73 239174791
170 286 554557434
271 35 738210278
275 222 815466630
126 19 744847647
225 4 385106638
93 60 849633525
28 253 89923427
21 300 798653869
292 289 678549898
81 228 383089622
171 149 165883959
157 120 360649246
134 146 705037967
16 24 391466337
162 248 256921892
99 40 126715851
176 67 188143056
102 139 717381055
122 130 122713095
271 263 387613222
192 133 122394922
202 289 601668941
247 175 409289439
265 190 449800262
54 103 741618809
145 202 210816900
296 129 156686218
151 282 220423456
57 103 298477438
251 73 758289500
124 16 691550784
145 269 652818725
38 216 380303599
76 232 394504740
137 285 587753442
197 130 197672695
296 177 73896023
265 27 158863204
20 135 103744458
9 85 734573330
208 260 991988497
292 104 189357566
168 141 539846133
166 216 748492164
105 104 59278349
198 300 729126578
193 47 737269054
15 63 271848832
171 83 50246966
128 143 47692902
210 51 504316213
6 94 837479116
123 261 206399609
155 178 167850776
119 34 24149232
119 231 664397431
248 123 856961330
201 190 906010792
284 60 884485626
201 187 90863269
254 148 135949571
266 154 858778964
133 276 764686524
193 183 86492201
169 53 71217086
300 171 601581916
182 118 727775739
111 70 228727280
155 53 558267039
280 5 525172177
300 258 864016025
70 275 419303430
233 107 380391957
108 300 139644091
160 220 593035643
245 271 652361313
261 152 751780382
151 15 776045551
230 169 702038355
120 200 432522111
248 200 15189720
172 269 954357394
53 254 792536953
262 61 736128004
52 221 952981323
195 217 172278845
259 177 353385296
141 79 58294710
143 60 45534230
250 179 347073130
60 127 906291029
180 50 711653849
273 103 769424202
277 116 696804963
280 167 285321035
254 61 753673151
198 72 555959580
46 212 272472410
207 106 279422570
237 55 987593448
218 167 774673574
98 46 209711676
246 70 6978478
48 47 104414993
262 78 641665311
148 84 359248724
250 281 762042895
229 78 454344558
39 285 212199263
260 221 442678070
7 190 725786736
233 287 76714981
208 284 154852902
37 83 900221100
281 44 48947578
91 243 111562713
14 193 702796293
60 173 733582671
17 263 114732907
132 222 39264879
1 229 706768068
36 213 876049854
168 120 111280437
121 208 34400372
121 188 637181915
250 30 762495158
162 96 16529602
106 155 102728474
128 172 146080537
134 3 426008358
112 3 930105386
279 90 138077898
184 257 259637569
73 129 301762876
44 249 73901515
110 198 365202445
67 111 387430740
268 217 902629294
42 44 217659017
130 178 692202819
87 41 473971473
25 20 288751714
174 203 213258522
143 27 254861151
70 70 313780699
185 180 143997449
29 298 4557759
268 18 303290627
113 111 773778723
130 240 530754952
200 26 613484192
273 102 728734511
186 276 457588466
108 118 911326492
210 239 976865314
208 123 291386845
208 203 617386242
19 170 676425811
45 35 866201321
219 164 37826012
270 63 764791890
62 87 829720691
224 273 223206666
41 132 57403735
185 93 634074774
98 300 879637648
242 208 306778451
135 278 155444272
46 22 328264406
118 241 42897869
182 262 696580184
271 23 910766470
161 299 826724794
79 39 657713677
113 223 658594269
138 72 143147269
38 13 960402828
88 200 114918705
111 245 762501878
117 114 676931070
37 295 241477584
72 265 217109258
142 178 185076956
235 256 308001847
264 120 644694069
32 10 877051641
152 47 296461405
231 186 520309604
287 296 77538400
117 112 834349114
186 201 533600460
21 272 87567977
179 165 325972354
34 152 177052961
280 115 698213532
201 146 523528841
193 50 237669239
249 280 294896824
153 19 703172220
104 135 643276183
169 72 10622935
229 93 649276307
5 271 27551823
10 56 267141574
270 88 878275588
101 288 372064486
294 232 891655535
232 180 102484266
56 84 119469384
227 188 557629118
209 56 946410890
144 36 527292282
102 40 369898904
224 49 806791359
198 70 998487846
285 223 442198785
22 268 14975816
56 199 865796696
122 6 220003731
205 284 450102618
123 193 947991526
164 88 394754561
245 189 730476053
100 112 281128353
258 61 223764423
204 98 109114145
240 119 165739064
156 175 73759362
3 48 685620920
233 252 851979603
103 126 68627947
28 289 493672534
40 285 481422374
92 136 206912938
245 94 937285798
219 49 403332895
115 288 977118714
278 195 402815140
91 197 930390087
262 182 531829290
117 284 764761868
163 63 575598708
49 154 344148445
122 246 440309980
59 242 670874673
109 212 739363073
203 26 235457613
168 55 174134107
59 145 126221956
297 107 311724889
187 223 180745524
6 137 681275386
113 185 913101739
257 59 606700636
237 169 43200429
61 277 446365540
286 180 630342817
198 99 908354971
4 158 59194068
111 206 915964674
99 92 888195448
122 149 44514336
259 262 878593873
250 270 871856431
185 258 83731299
166 71 304020628
57 56 83540959
274 253 251927357
244 256 917027666
111 119 9231972
136 217 912885915
135 39 392751364
23 49 876943377
95 298 857094046
277 235 478546056
27 100 559657726
54 156 692308481
12 129 111955933
121 125 845250540
86 287 18414258
257 123 943171975
24 9 652785565
239 31 828530413
115 125 88540963
12 153 187001497
167 180 19628796
92 233 885304751
124 297 266888532
56 117 72735108
296 202 509522194
105 211 198247168
131 286 27105477
247 224 893127807
60 38 527424384
274 49 801851636
70 268 505173567
265 59 88894452
67 235 636555248
50 290 252599664
157 37 706571717
251 194 7703379
218 24 68880564
194 271 135370987
253 82 84118024
188 55 477248425
275 124 940791892
242 140 886922502
193 206 7948736
140 256 268342878
255 164 660839114
271 114 908884407
250 32 808167083
213 277 11472705
100 281 347331686
75 168 609317692
99 195 131915867
142 136 934755006
244 80 608172563
279 271 419057070
108 225 440143634
222 247 180954447
280 248 692253030
114 213 1144859
218 64 757739
103 138 923548759
146 289 571369553
12 130 301910040
17 73 204064671
280 104 61872341
1 263 832965417
134 184 223915615
81 216 389909963
162 29 104861727
220 247 799109190
259 101 261803079
217 247 117675467
121 258 12550949
212 27 128319321
82 58 30478376
222 58 134854639
90 192 954803574
204 24 251725941
18 185 833788822
44 105 712464920
133 115 87602272
112 83 716002218
130 203 434613328
278 166 178190606
251 247 702390263
78 220 278785720
168 9 200036963
142 264 794582086
134 282 607190471
155 25 491523327
226 158 595822041
98 21 696151723
267 150 216398277
94 128 458471742
299 78 626436788
13 155 487198459
33 23 21205819
295 216 452374482
33 101 23130763
255 8 838336388
281 233 549616897
121 82 418775369
43 49 710970918
219 142 143787197
12 193 845543526
299 257 699234633
9 289 692231507
27 36 631854074
8 68 769828274
271 22 644975633
10 54 117244718
258 174 274237799
226 268 684473447
95 238 635081341
92 249 304252085
269 299 394375941
1 7 36754982
107 33 578909817
232 92 520455236
158 62 468581709
90 123 914812562
7 132 307486187
6 57 342754306
52 204 384498843
44 47 596224243
228 15 751850941
69 16 43610099
250 174 640191183
218 158 993968674
253 15 980589688
113 104 290906962
26 163 474537394
164 168 950256350
269 271 134067453
11 15 22274251
105 294 755387566
197 62 737674733
295 63 661367258
177 280 158319215
202 284 850875229
289 148 236527285
251 173 580003747
96 36 8058766
297 56 205165788
102 118 953889802
252 222 116031948
117 118 528419109
49 112 932838972
259 40 760717703
273 294 679994187
54 282 864282834
290 284 80912559
36 79 637369546
53 76 876408102
40 177 35043419
94 128 709499741
141 297 356660710
249 45 167620074
172 55 782569013
127 28 900508906
65 133 502029440
98 122 878037575
108 157 503070706
154 261 179901533
7 300 42597509
225 93 818465588
117 233 262893336
127 234 261039133
300 157 326786587
264 283 618454914
222 47 691952046
213 197 783805267
187 56 326534675
292 209 328199035
224 267 993964135
84 192 982752479
124 8 558079664
159 186 100881149
291 237 543995905
178 201 353174340
143 122 208410638
241 34 826503986
159 272 288366942
234 16 83885402
20 239 89467469
106 75 192672912
285 250 103001471
200 108 177113857
48 151 435146493
52 80 512184745
143 274 308737518
33 214 179350603
118 125 2061575
11 110 132457490
113 129 750439880
233 287 898606254
244 23 100454903
14 222 618879163
270 269 714918165
215 72 862842144
59 267 238655069
77 299 829276283
179 116 976060107
5 127 5541216
94 291 98434996
226 223 248705582
131 218 291621804
286 231 785263325
248 253 683027645
164 167 676394317
159 277 823570383
127 105 185482833
61 36 883602948
119 40 763846726
234 186 910099568
282 163 411828942
15 293 461707759
19 278 162737490
295 277 544548342
240 140 894803160
8 298 873170336
42 177 493420093
74 237 229870328
273 56 789615319
51 41 305112556
118 22 526801918
160 37 205806011
170 107 147612440
59 101 118584017
252 92 538671608
11 151 270717358
99 192 553376334
291 17 68441170
270 290 644488325
288 40 139575366
244 209 504653639
113 120 988428727
223 290 882522433
63 100 677230786
231 52 55581429
238 114 693968680
295 212 120995623
228 254 669628740
150 223 928503681
126 263 661467172
143 258 778618780
182 70 396820152
60 45 272746341
45 159 274167540
182 89 945632091
110 78 34459505
241 73 266336468
264 52 134683074
55 253 16853296
187 79 260011510
58 221 316753919
189 154 861366089
140 214 657203085
80 10 146844643
172 191 153907483
14 300 364546860
270 241 49480132
138 256 467116336
63 62 833380288
158 248 497793018
20 5 747413539
138 193 644444544
78 85 324798409
62 216 523513918
256 87 770338208
238 153 120852708
298 122 974058800
181 11 450952107
168 73 73677720
108 283 918222967
125 54 351087723
115 191 150890767
259 21 714452251
67 134 167034867
185 90 635322505
244 79 64947257
3 76 195401331
54 9 440504841
60 176 639973566
179 35 958144448
297 160 212578053
119 274 14995595
186 284 79279515
36 51 915149249
154 287 521965790
59 230 53636620
167 285 22192248
97 38 329629156
38 150 148096383
155 80 310974218
254 77 168572029
106 195 615787002
200 132 2096386
15 220 652298588
15 73 89907526
156 183 85261407
75 50 611729291
122 146 348402681
229 235 893717330
212 141 173867309
281 94 107075585
209 199 896946232
162 99 694370015
47 165 361282834
86 231 769752259
163 86 702584441
170 212 929759342
212 34 794161940
292 262 588813426
273 225 953687367
282 205 699444560
118 113 891179411
201 275 691371161
116 73 31815677
1 211 827662207
259 73 305909244
152 294 667677055
145 206 935157888
284 249 143013602
110 222 586824226
128 255 282596683
187 72 693870295
249 25 993981121
109 140 185025546
185 192 919302156
243 203 139234828
86 54 635117674
141 198 166163631
280 234 80775379
81 43 125186600
159 170 178297306
141 108 642150378
287 109 971241102
160 217 859939493
105 154 522044736
260 96 874792738
239 182 325800643
212 74 952311441
142 53 106036126
73 186 818239068
224 96 600156689
30 236 151233548
259 274 362649056
212 133 778290725
56 237 577457878
91 248 292845425
29 187 525329906
71 150 647621079
63 44 447393184
288 116 215143469
7 91 242728864
247 120 812746051
295 130 619065324
202 41 360700509
26 96 517644445
55 187 714231993
180 267 942214331
237 89 984192780
68 152 711363675
251 191 351986042
71 250 883762833
234 196 337507704
136 242 355371034
259 196 761110274
267 273 267181270
264 28 248145108
208 259 726278174
38 247 879897462
69 14 513830765
196 264 881597856
137 34 358986857
169 19 841121752
73 154 36785146
158 165 456109741
231 183 729902613
100 146 288137992
259 105 423661302
32 194 661802449
194 15 502698862
10 210 246260078
265 46 107629563
273 267 182052534
125 91 429758687
22 248 27362403
114 178 630531486
126 30 461943083
270 288 235829188
71 20 746920481
171 265 831926095
233 274 54726056
62 291 62273702
224 263 443364568
157 139 535506358
296 212 694070105
298 25 532682434
183 203 466008263
18 224 447225403
205 294 350095674
37 165 54516538
184 149 779351463
239 210 406198305
40 185 294043920
159 94 136526410
68 141 970430922
224 138 956899898
258 73 973319600
20 90 12860723
174 46 499184569
47 134 94093585
236 17 152802985
151 256 69056494
55 47 508032730
26 258 799267875
136 25 372520615
209 249 107669705
58 206 635246629
110 277 417194470
84 203 689342415
52 249 903643648
288 185 744540617
72 35 414243024
117 141 975024570
99 219 427798879
173 106 603039604
140 14 752365904
244 123 555943861
172 232 332298089
293 16 528653991
107 119 495107240
106 107 991207076
174 230 796304962
197 47 169115554
19 145 403682772
97 69 489049377
252 208 248162642
55 151 637922465
115 74 484164796
204 66 504783063
246 224 346445482
185 82 808278340
112 255 190568269
73 204 267404467
227 222 694303311
298 18 975565380
227 270 336227639
168 76 31443442
232 243 696459415
280 198 453502733
42 143 991915808
275 80 67858641
14 191 573355496
35 16 627682099
101 294 58379372
64 43 588213489
43 269 377773110
33 137 179424138
174 120 696594080
89 99 114097377
173 193 960588019
232 167 436205950
73 233 827125541
168 267 487200808
218 67 880514601
189 130 263266043
229 224 124504512
239 257 564909000
128 130 222401971
207 270 728631870
183 194 145930814
53 126 115711580
55 198 151285212
195 117 443219978
154 34 111436697
54 274 997722326
48 202 782674950
11 192 655038558
110 19 941223887
81 277 895239409
202 159 118071502
215 264 454152327
146 18 971340524
258 264 95507940
87 117 306853025
283 222 811238798
61 269 901911452
10 280 104127743
19 141 302344514
157 273 340639490
265 174 185626401
19 140 650409616
145 38 171195085
221 295 575108348
112 133 54382916
89 168 637017037
38 228 291309457
189 237 289248336
284 7 900775377
149 163 200808901
238 128 65464427
290 146 640672766
5 42 747178203
89 262 536265949
188 126 303672334
103 214 308317701
291 251 400440728
148 192 215232716
35 175 407732222
63 23 771679484
64 12 54830263
290 2 522739708
107 58 187109202
210 147 166762915
110 86 409725140
143 189 927881605
43 231 532471108
222 130 125405099
37 165 515844025
158 227 6132399
142 42 936909710
4 31 198835063
64 138 589801721
165 99 133521119
279 260 405101604
271 103 311442444
175 197 489560675
82 119 83282104
232 207 234371420
256 65 843603999
54 258 111788740
216 13 104390071
78 76 167113460
298 292 47137110
116 271 280726969
20 293 24071723
163 167 732972720
289 1 512903390
245 284 726580096
116 292 634251412
214 45 155080469
106 260 196413882
28 90 133507709
87 87 300954801
296 255 865518071
164 26 941955363
187 240 458148281
158 229 946567933
299 225 532619417
46 40 584663108
158 6 108831404
226 111 42034016
59 138 583106005
268 276 174365443
168 271 96817097
90 186 460595274
4 124 872109714
136 281 525953794
269 31 505409618
137 77 749881309
296 234 250456514
199 211 971440324
166 22 722255513
170 289 817499188
65 208 156824810
213 297 168442996
87 52 728941819
200 187 423810352
45 207 765951982
62 43 186979510
222 38 616111643
36 289 765977906
11 154 980475827
176 24 245629467
263 140 9877274
73 52 843770022
120 190 689263073
238 89 709537411
141 185 998644618
75 246 941720460
84 220 828460750
79 7 915180538
284 17 96430191
210 192 807832066
228 207 223751605
101 279 146038609
22 98 182771998
46 87 58577839
8 280 299409923
125 54 263194221
37 137 699812040
286 267 712236246
275 250 124423514
65 211 806113006
283 138 132352964
287 290 702419142
95 63 242303591
93 160 480948129
231 168 842163108
5 292 944416861
25 80 827205250
264 117 106639916
209 91 401215118
223 208 691406680
180 190 222844070
43 228 5404559
236 23 735374522
278 167 954533381
106 149 224934900
214 153 840190992
126 178 152087523
227 193 284052540
295 154 3782930
64 128 260225237
43 7 861211526
212 101 883009754
123 88 471658528
44 65 809929846
176 170 103885194
176 135 357967198
219 13 982853727
41 239 678356820
280 285 9229073
62 48 99894000
298 91 608980958
176 54 668842910
281 176 981898997
160 271 642969161
205 199 985517882
150 126 999191917
299 44 185957181
26 136 667986219
297 168 109468004
121 229 764134003
72 278 470874545
81 205 452533699
190 237 419548726
138 148 254777797
98 52 617786995
31 253 733511220
99 4 294657815
179 29 453314302
250 77 641016869
5 249 566581149
107 20 490232379
52 152 125698435
102 41 208505424
27 178 210311871
275 27 941047623
69 57 62146927
40 208 79060630
106 86 827158810
8 35 984798286
128 39 118757186
177 198 623896805
7 249 666747156
93 102 916151148
116 128 354007777
287 103 623286203
261 223 414537012
187 15 726952119
169 120 599005056
178 179 846165691
16 7 135451081
101 235 378478878
258 293 898639978
265 85 148468079
13 201 400028259
289 187 55581961
44 199 290465235
207 137 985672949
277 5 140895621
132 235 356931199
74 250 127312905
55 102 723654591
284 59 783672283
162 24 285580768
192 88 290401820
50 128 155930958
62 171 675732156
49 129 764468692
297 105 501201197
169 237 565604831
220 10 794994232
276 116 455610233
267 100 876382344
249 13 724057719
68 204 914787506
87 6 507612185
44 67 273301608
199 115 478909136
243 164 703903241
239 32 547288977
221 251 560264738
204 279 25765254
236 245 27302105
131 245 610998917
49 13 777840120
106 151 780370325
291 195 526687844
98 145 454741558
33 87 107753473
125 77 921586505
153 49 810720907
191 252 902469585
44 240 773003481
48 70 353478526
116 171 634508190
35 276 53977940
12 18 620335086
55 115 9311783
264 200 132860369
37 76 49731098
193 229 325528798
51 119 755247702
188 214 794498041
268 13 24694862
45 128 317379532
134 162 292372260
126 225 604768877
11 31 380387344
93 47 98136795
14 83 461920470
63 27 871543698
160 77 887271216
13 16 239900981
105 284 251702393
267 80 386190720
50 214 273722434
109 39 694667858
186 101 880747541
129 194 434186687
23 259 315255121
44 21 298055699
242 232 193309327
9 245 756001943
290 49 611653378
282 67 113742157
102 117 749292822
135 225 572283312
144 162 203048713
236 42 503417158
22 116 606249016
294 160 413791736
292 101 104090467
119 161 284909263
261 150 750746164
190 184 526296030
146 37 633971098
120 171 513627275
131 66 770033436
243 2 488609630
52 75 62459945
67 69 806021204
154 112 443353456
173 230 861727917
135 242 153561918
250 183 718041501
80 29 793873737
129 200 654781059
103 30 847947677
291 25 254121130
220 76 307488104
264 195 28336424
220 48 862205436
27 220 854920817
295 55 762484511
113 4 49066245
165 135 123375473
254 264 144770424
264 118 127985354
40 108 981101678
169 27 60052905
125 43 118571699
148 14 422966147
35 40 929843066
204 35 776628072
66 199 714067328
110 63 120973214
235 68 631316829
258 32 758725447
11 71 125748854
140 292 73513033
97 116 811961575
195 15 852148388
93 102 637426927
211 5 734557813
134 122 444586611
113 231 190587526
227 165 766434293
55 175 531940676
53 237 482537999
107 77 872347390
239 225 713889657
165 171 35501223
52 264 699387524
30 226 265502080
43 59 496329401
5 172 293452084
30 98 927729248
175 204 101480374
50 257 237658111
100 115 22396839
141 105 515749463
297 269 688804033
272 72 964526696
47 101 977793221
127 195 357748032
79 200 965942103
262 281 628381352
62 155 123866255
35 257 916154963
245 108 130996329
283 249 989387033
245 245 8321353
130 268 187431324
277 15 16660225
298 193 83082219
181 271 683800270
183 233 156885551
34 46 973805057
140 80 666499465
255 77 717506773
235 111 851690721
20 56 635457317
72 237 104307785
248 213 810145999
224 262 870990391
94 142 635686713
164 24 545170697
266 109 379687942
222 1 93235174
187 7 70954150
11 241 40274412
31 12 959396367
47 84 74673103
83 83 203147668
133 6 470096929
75 99 85785271
288 262 868671146
184 227 447135907
178 201 945045807
251 139 836104865
152 149 398793057
163 179 475013769
282 277 73088352
36 60 85480834
3 244 381367791
232 19 191315089
54 6 904155703
199 241 676775181
257 118 482978581
263 120 841781719
79 271 323207719
136 186 73914597
204 219 286908726
107 254 213981537
92 9 517795380
82 292 921856998
222 45 914369455
24 295 187987096
157 252 974914213
137 266 73418685
8 97 849421955
26 232 900747492
275 187 334275310
252 45 929711216
288 136 37686524
19 269 833330867
69 190 549913163
175 266 56104557
170 122 504073660
35 10 838866278
19 69 896587274
25 147 76029705
217 173 557240043
78 124 560790287
193 163 24677622
68 233 35302542
286 1 931463783
248 176 469833400
257 97 327186573
268 131 986501883
245 201 847110103
18 226 527186249
74 194 805677621
68 271 822009296
54 216 937646458
227 35 227933543
68 21 909694843
203 20 454848870
2 276 51382719
275 244 821694249
9 240 396751202
111 10 920942827
112 83 852565672
284 203 673378694
280 256 165609461
189 183 366944496
31 2 815747368
226 204 209414887
47 258 309084315
265 232 766312958
66 292 124999797
67 154 134248458
45 17 17572293
216 1 184727695
161 32 196504950
22 272 782614384
217 55 125842186
236 280 862684841
222 78 462975750
236 43 401385133
245 160 516931224
194 226 361756830
151 22 610531846
243 237 921450246
237 149 821554029
239 170 395973301
122 138 725157955
59 73 571319186
252 47 241822215
101 282 83017057
286 279 326663368
109 224 811963293
138 126 17408714
236 69 795565302
33 57 819811751
162 47 108273872
14 221 175379810
168 279 689393282
105 282 712245528
119 135 553020862
228 120 978032240
195 280 669828515
140 170 57625440
105 105 11511660
59 137 716214869
161 50 368240015
132 63 602717835
241 282 398006866
123 86 469308299
102 257 427081533
63 236 377744404
54 182 985711784
268 73 465256853
60 178 279427809
219 288 497158545
187 148 645035795
254 31 119032857
240 272 349340391
205 146 54761228
256 247 477117584
88 62 256975571
144 115 15965853
127 135 271084425
31 194 892256354
39 112 675046941
235 51 144300640
129 56 555774971
138 295 937366094
128 252 125950939
255 259 538807737
91 46 876440998
161 189 821915665
165 67 192543899
190 97 898467492
195 187 803714455
188 122 624499657
27 250 581579464
249 139 277671711
142 18 110783262
232 25 107771472
21 167 138168817
170 27 137268758
134 244 90783076
284 185 463968625
27 79 536253211
182 266 657311732
190 293 324696334
254 293 657439872
116 135 709915442
229 118 831851566
300 190 57914884
168 60 87531910
277 245 346733905
153 229 401572589
177 255 996820668
139 188 660041433
171 130 388051877
204 135 736626970
127 250 495649156
68 178 643585725
85 177 719244415
268 44 451582574
230 21 515032218
134 225 102137246
223 153 816397853
142 291 609012140
26 161 809512469
203 116 999478303
124 243 309097704
231 62 996637581
155 199 22385757
269 166 229543753
194 147 755380325
64 281 690678549
161 255 204439753
213 148 127884443
205 173 823357056
25 75 763037571
280 250 309398565
183 180 172355479
264 87 183759877
272 107 401526642
76 1 618220389
200 116 180575021
300 276 490163127
252 241 543805374
247 145 854059546
102 169 661493873
124 148 702735322
89 83 178465754
167 46 879754540
195 69 230878798
36 145 978388398
76 96 47380965
96 96 834961041
174 99 862559181
47 45 739187525
93 146 979391245
17 22 582648645
138 162 858057427
243 80 654771524
134 274 995176692
132 9 813849388
181 137 866169936
46 284 842816883
186 158 948229981
18 204 15326378
294 48 14946775
138 64 562645096
182 254 820336257
60 248 960375736
283 82 19039761
27 265 692822270
266 145 10009058
1 242 446142441
235 127 343901898
216 196 99609154
45 189 567323753
19 27 408539569
67 260 178508274
275 20 55695621
263 54 624888854
223 80 264450418
244 46 657801415
101 98 999806456
242 33 977942935
291 300 454770030
244 44 21991619
297 114 511515297
165 232 505989708
90 207 10955927
210 221 238734533
164 143 479469512
133 87 104559309
247 239 127657507
55 180 96613691
289 171 107141490
170 114 879599985
240 162 428935950
36 78 170310834
196 167 71544540
74 129 503078212
6 44 926402554
18 176 591888892
178 175 657029931
136 229 420484462
126 269 373638032
167 138 321132498
3 78 830291611
5 165 309654941
238 112 85214407
129 186 770214687
240 191 284511930
245 260 597589258
89 190 514731732
171 25 740778512
132 203 401156180
16 121 655667469
13 176 526303998
275 180 377097415
15 169 714037426
274 297 400596311
60 288 528024954
242 284 723276513
299 72 795943002
282 242 726198279
193 126 758139681
124 141 556457753
192 205 148236128
90 179 667443459
204 194 431874227
181 167 218105675
292 226 529216014
97 167 291607798
109 217 802202621
63 198 718030415
93 90 459575640
273 213 105509032
77 157 124446736
5 246 199196714
163 201 639413907
242 81 382829073
68 124 52173251
182 220 931958369
31 81 619773686
251 195 335383635
165 287 114534025
256 11 915930089
187 87 395239297
22 91 226249294
36 6 786057494
242 299 493734027
67 66 749875202
169 247 82505974
137 277 214902854
74 280 648041548
209 196 108120334
185 152 58311596
125 38 350040382
222 112 984059173
15 147 332844130
61 140 975753128
239 258 835924545
240 126 590058044
213 263 382277772
18 88 14786351
265 296 58130547
250 180 971885998
245 57 714078087
27 278 409153550
251 44 403792748
232 104 189925940
211 42 150382197
255 34 42367475
50 246 92807437
122 264 331541176
172 280 536403272
170 282 379476803
19 226 776691859
206 4 975804088
7 6 350546432
255 289 392009087
94 199 741409729
190 206 853656262
164 255 811254659
152 76 976591422
280 300 555257154
51 169 802855835
105 240 630215412
216 197 387376268
3 203 58397573
186 157 533672514
173 250 83921512
253 192 102618169
66 107 327304176
124 11 140257303
198 290 556263902
251 92 338487223
37 248 458813262
48 163 483836458
115 218 822710360
240 103 731744069
53 27 548347170
116 279 275418213
137 44 102808320
112 220 680873982
214 117 488640023
68 119 915026066
90 155 339508913
103 254 243813128
12 69 751226445
123 60 64811647
91 164 281610526
61 31 438000104
273 167 945185700
44 30 761905619
177 244 569783987
51 11 924077957
16 152 627643363
281 6 310695616
108 17 213127336
152 139 245852447
50 282 90027110
275 42 534605541
231 66 534722259
282 162 565165089
200 90 766191332
38 141 399097594
294 208 802371097
208 188 434825102
23 295 485328770
11 198 924076108
57 300 40360241
19 26 824979282
259 256 110900500
169 237 932213
57 188 175948402
240 277 977105442
133 22 171945750
281 229 99978237
82 4 857532384
3 14 195834633
11 122 32212984
51 140 795761610
185 150 629513317
136 19 478653806
248 75 105088693
149 15 636151022
191 199 290886043
192 180 401969824
80 13 427581627
15 16 285881492
148 78 222721865
31 180 475613505
292 116 136711006
209 251 35703924
114 250 442790051
258 99 124160717
79 41 478913515
274 232 14452246
97 63 165602011
275 78 565175226
218 277 694797055
282 7 889795034
186 51 532697502
292 259 29372252
167 124 85784202
117 133 877881752
133 264 530253992
100 237 919879375
245 85 146736137
155 59 920873014
132 276 143157342
186 9 140769401
172 195 561987151
25 238 36323909
128 156 747466184
129 273 947986316
32 157 126551679
275 256 426564667
149 253 397478751
138 159 171908261
151 43 35734688
245 228 211679897
45 151 27873743
195 175 621027232
55 3 26844287
38 183 540631311
205 267 434032668
284 241 890994575
50 90 73452927
253 227 852042438
265 129 939421980
253 73 882904959
1 117 424802762
243 63 97812888
174 117 931307590
12 206 568620125
123 111 35115891
142 94 566081583
116 195 228880224
95 199 22764302
232 164 868606831
163 116 614597855
21 116 548990424
134 110 86288038
122 35 410298255
111 46 973519960
87 168 576455822
29 61 493141167
212 177 2657014
287 23 502482112
289 6 17041075
119 168 434584942
125 240 114277257
300 74 641540818
238 195 932370152
44 57 866125898
55 196 835955717
177 276 128408630
143 239 929446506
56 226 722587680
168 214 654841885
194 84 370663804
36 208 752958395
44 260 226528420
162 197 36670414
65 240 672241023
14 294 701860370
131 170 160644345
60 65 467190884
217 172 850380209
148 39 185492974
32 233 488619657
187 20 79390816
281 63 506796875
253 276 857125871
66 41 245708762
40 54 646065508
261 236 634651929
106 47 704609193
241 15 711110665
1 162 156638455
274 245 58233639
30 131 850481158
45 164 352690973
20 116 206403900
242 233 491473740
156 25 631575446
63 285 610148381
191 142 260633880
136 82 659962094
252 82 383237056
106 55 937817000
297 136 546882083
206 181 963390698
178 252 413871265
178 245 934994197
269 100 756549573
114 162 875365058
247 105 9634051
126 292 921514733
71 243 18936366
126 100 782359221
178 96 257952008
112 54 967556488
209 283 975518591
225 212 286447836
121 181 998569335
146 46 610464949
155 44 756786605
5 221 142143496
237 292 182678990
3 169 182515189
175 46 904918437
182 209 200369890
122 169 274076872
12 93 332443284
199 266 719459216
186 111 66700113
86 265 984314357
90 21 585452177
137 258 382592020
126 12 906454589
214 186 799889586
202 119 609779095
191 240 4546515
215 4 693030408
98 254 315257673
265 139 480294235
177 276 63505151
133 65 74524471
62 201 434866928
281 26 15985239
121 292 452754976
7 193 3128147
153 136 782144886
167 50 322872841
274 199 59243495
98 215 694858885
32 91 840183961
282 276 104521677
253 37 630015530
232 69 599344507
223 190 47540150
98 248 27004543
144 100 295656630
182 266 275056931
274 292 150165081
20 89 640440295
205 121 665099037
117 154 355939312
145 106 3446000
74 38 137694769
81 260 370172910
130 109 648253657
124 5 286748808
5 186 585172173
287 211 941586864
167 231 523766905
13 187 106973825
250 3 312261830
213 199 656606336
213 273 132423325
33 105 755698036
94 286 979185444
102 162 511046400
209 166 280909437
33 205 464163748
97 71 972569178
53 84 353500964
129 85 299659418
58 297 915566216
145 261 683753240
269 45 203564996
104 138 522541634
100 239 667687695
151 199 639692512
88 232 713613016
235 80 892130639
12 132 815685674
27 260 1893510
96 17 954177106
63 162 233531519
3 182 125135163
150 38 704193653
283 189 618960643
29 39 8701294
293 126 606071425
108 112 57690604
98 175 887325735
171 201 906983346
80 296 576408914
38 59 404725127
8 113 524355309
22 14 396030198
226 297 146418886
69 77 139084124
162 69 507451702
238 229 863169013
41 26 31321588
27 249 217926740
272 80 722643888
37 117 313555598
264 176 674415110
124 198 713820123
21 123 954312271
106 243 63579248
281 104 533829916
34 41 931193644
199 133 317422
238 159 704370570
177 182 897762949
216 219 387188018
13 234 406177293
274 57 932382290
197 77 375029365
219 234 500562807
266 214 170200263
134 300 137496803
229 198 17692088
50 135 845595498
171 63 380706732
72 279 199434702
141 43 706504535
33 17 278787891
175 265 164831319
139 183 658537352
97 201 604022817
159 34 508739416
14 14 940888865
1 116 931792751
250 38 551894166
81 109 523836996
182 249 161176838
216 34 990845154
58 260 431694770
276 150 733005253
127 246 515904905
244 105 461707290
111 170 354122403
228 170 45984018
178 171 94179056
243 252 248986816
90 133 897595317
228 101 298698202
133 158 384677761
3 186 235596062
107 12 646983207
111 7 494072163
252 170 914359732
54 97 778054353
24 26 930751524
31 21 605674327
198 110 149741111
14 37 269456411
215 222 948640821
127 276 499609306
188 82 433415569
247 244 354082428
109 195 622865649
193 300 180654097
197 23 959240522
72 105 363035442
198 3 915875852
209 16 631454940
71 283 353134213
91 109 660092088
48 49 137850169
69 295 7346064
96 155 25254358
96 99 103246510
192 48 582273832
13 119 114064437
207 69 800121491
210 29 685523958
1 99 68970040
14 242 40170201
1 41 834720501
122 109 99604147
185 256 328893301
195 51 141980400
204 242 21952499
287 7 194528417
175 265 970415185
117 174 351870265
75 174 903317364
66 187 130946357
218 240 681850197
118 61 694477158
64 297 670393313
217 243 937497016
168 198 823926009
166 185 141437167
282 111 253065931
219 228 927204504
183 54 647824178
298 119 620575516
106 37 653034255
255 206 735566915
212 22 580552264
176 238 360728306
191 105 31857904
252 22 28731240
18 3 317929102
49 273 699572981
252 208 859186834
81 257 718257053
97 63 21986541
103 69 752579446
118 280 862156267
233 155 532126656
238 98 51954660
193 49 1141833
84 66 16667536
138 166 479012360
118 118 887530219
204 250 145538476
56 98 89016190
48 201 252329910
245 70 624924089
112 2 434741095
19 239 619277944
31 184 2460644
63 19 873210010
150 156 42141027
210 26 878909144
280 229 441403946
7 36 645168243
148 83 995752643
57 27 81240412
297 190 482183813
92 209 411827504
87 239 754545739
131 53 539069757
240 203 788361365
266 112 349477190
162 143 934120418
7 150 113064453
1 297 760812187
144 54 777426713
107 50 582613355
20 193 3466063
275 280 649488553
113 110 669306305
21 101 932103207
137 118 769407970
226 31 68750813
295 89 680702914
99 90 841764110
285 285 509297015
250 91 308225717
156 162 525807661
218 188 928804440
22 52 224709401
178 73 286732553
237 209 304498571
158 187 861949301
222 233 253005042
135 32 417801331
97 68 57123515
163 69 104728357
279 224 42799671
40 193 283164958
131 214 432886310
84 144 31033482
136 80 571000542
58 237 402264680
259 211 458946313
52 45 706626244
182 141 611149363
48 56 97426032
56 34 600585955
226 125 976611548
284 8 727507713
93 91 375097108
26 278 998966587
219 36 926073176
299 46 77684038
11 97 429469382
106 30 380742375
268 77 440800030
251 184 770384415
106 110 42786840
205 93 744360799
269 237 247299341
177 262 838335018
215 232 674482753
242 230 322724550
179 292 331032746
213 97 822241375
139 117 705990303
68 67 87007887
134 224 860610148
25 180 457445692
223 201 310400828
263 129 155541741
281 95 563868972
85 37 790163554
235 267 440855445
232 231 927603594
259 69 9041010
113 136 487626428
151 270 963945804
298 46 267127035
289 269 124677835
268 231 764211663
208 263 37211458
132 100 722266746
285 86 897061564
181 17 991065295
226 27 237536663
35 140 929792051
15 290 838215872
270 288 858111317
104 28 733839185
139 296 565215168
53 255 190574282
62 138 136915633
159 174 874447418
223 55 439235087
269 280 653520013
31 67 75808852
33 133 645625842
4 102 76097481
73 205 972153108
57 95 349226255
76 148 362858662
110 261 576919299
242 120 634088073
160 94 975220427
146 62 232952658
210 144 416325776
62 177 12966208
255 232 839336109
135 4 15078866
94 113 812355960
101 188 700411759
62 297 568974072
160 239 140309643
184 150 311480036
262 47 778583249
20 256 926639592
195 17 390473820
255 23 8301804
115 209 785718507
180 3 161595819
92 155 553665259
202 216 152501107
273 127 95018997
215 11 255666346
2 272 926194592
150 43 612640100
194 290 538295368
165 244 201302591
68 58 530275599
275 290 349883853
45 81 9353607
3 34 724059874
10 7 70921953
6 273 684027915
152 275 391114538
95 124 425134481
46 69 54929870
14 234 145983265
4 1 537630774
254 275 244951263
259 20 785333395
117 74 859188929
243 83 35491935
195 89 159584759
209 292 837914733
298 138 554097809
78 184 234773577
199 249 122932210
15 4 79391863
189 257 37354689
103 267 10932860
98 84 553791634
126 26 670948468
212 272 604906008
270 180 463846951
55 177 26482241
263 7 52935624
291 257 639051524
253 272 281099827
215 160 214388835
255 262 788802402
15 111 718726837
200 288 875705662
167 199 35693533
275 221 882718364
177 275 807894692
217 289 88873350
140 279 780584207
115 231 734043230
41 145 634364841
28 100 579016654
281 166 353332065
17 65 669016352
130 283 414077803
214 257 748101175
229 134 509001201
172 50 250875689
122 242 61014567
80 108 767382750
9 201 596855746
201 228 439304597
54 208 305662162
70 276 454752778
22 105 705008561
276 70 513851869
150 298 345129654
102 169 225324156
290 42 59887349
208 121 487870756
57 181 642890556
155 81 739335583
51 187 271040942
165 256 104217117
42 29 819602473
202 4 305406894
71 205 591832391
124 6 44322712
31 295 899234853
179 255 642185726
135 63 7218558
290 217 628698191
125 20 85641277
218 184 583896232
287 225 644995761
159 127 535534016
205 249 151095821
195 124 853198726
158 155 745234773
163 33 740734879
288 219 754565441
97 209 88614910
287 85 329671529
115 2 635913812
147 288 314610888
259 199 218254966
74 103 860697914
146 297 292102090
224 207 885275296
48 69 700104880
126 108 224461599
18 204 953752359
127 243 627312743
7 57 221216396
70 255 987164084
58 213 449790982
223 39 914503984
89 236 825651832
78 159 80073590
25 206 724487758
4 83 106112765
254 101 84683521
112 279 436381863
106 286 99365419
102 55 510046774
85 112 165938038
18 87 602573228
53 175 971048164
136 4 977077922
126 28 70929980
183 83 140822862
100 37 793838362
220 200 971107741
282 6 854818878
152 159 80885584
225 295 111402396
15 12 722173334
142 116 68863608
205 251 1124363
179 76 551714542
110 11 420739024
71 110 537692112
185 81 3809812
277 62 151437569
106 213 349275427
289 190 437003821
36 204 864413732
169 97 103558199
228 54 275056349
290 284 164014477
183 93 494920339
107 215 373886700
170 151 885597080
81 127 318949693
49 284 920793605
175 273 758724646
295 8 146164501
178 177 685686398
176 156 200854851
177 198 521264134
5 80 570360578
143 186 636450692
142 108 70921895
221 188 139849221
113 289 108116957
269 163 499061629
67 210 129118336
67 139 572976764
164 67 899500520
66 243 962330317
199 247 313180696
228 141 225307034
120 282 236401441
214 254 202790080
186 118 423394168
142 138 100005483
122 204 817111492
58 271 996674982
273 186 37221448
292 252 918839942
208 202 805544940
256 130 44773132
241 1 305378513
281 266 30507218
260 203 834076235
228 97 341911873
110 218 165255128
253 27 745237798
286 300 325095336
86 291 400649887
179 251 50714640
219 206 140617469
150 198 11841769
115 178 587825786
32 189 155902389
67 168 676704885
291 29 501811254
118 33 907823481
268 19 320234680
3 104 491061722
41 282 530118572
280 252 455618629
49 154 492868926
169 20 730787255
7 51 519647344
295 169 135359711
131 211 530446192
184 81 669501924
16 48 401718242
95 102 469349297
217 142 938718679
40 121 172920382
121 221 364211187
46 142 817969606
253 148 417219209
48 194 143519877
10 24 896332540
1 259 135879620
25 275 312431619
118 69 898567520
15 37 147453561
245 129 962320733
126 249 483786506
265 46 576208999
70 50 974897646
278 97 393303891
107 107 803099914
198 107 263646024
17 131 977732998
235 1 970628219
6 15 733393407
218 11 796147135
2 136 319540735
7 100 796443133
257 222 957641582
2 251 175299779
44 57 437293785
57 254 126586143
133 22 60162426
130 8 492257226
248 13 892219840
207 230 903801650
293 232 699923037
28 290 644795189
212 247 408904062
93 300 556952512
123 44 84976769
207 152 594342074
150 284 220928048
275 114 424649955
152 113 956591668
43 71 816723097
192 64 672397680
280 143 154885570
220 54 692912116
81 198 113891315
193 21 663643410
113 227 292751962
38 128 117379345
285 154 967774910
240 5 814566875
259 47 243664997
207 290 198700060
87 22 704245502
8 293 409260807
123 74 418871205
289 18 760892825
251 182 725135803
12 271 438186283
108 256 107690336
70 247 930937893
196 257 800148791
92 163 471641033
104 249 497854006
205 256 523582898
164 130 957731771
268 171 62285840
92 121 69705521
246 184 131881944
228 43 912194099
116 112 392840997
60 59 677897953
50 203 289120767
134 6 46390768
239 262 104593523
89 125 714190205
11 92 989072127
251 235 592882699
123 181 818373882
266 108 340474076
116 223 274441840
264 34 287360398
16 136 475411100
35 269 37294005
2 260 382287319
276 48 214619143
80 58 658193387
158 60 621386521
56 183 534367053
189 200 130288561
65 16 74390435
104 279 150126921
253 47 305130456
253 81 863558424
9 82 28297535
79 57 470414334
222 189 156944
208 46 679811203
180 154 284115337
33 42 92434937
45 158 721996804
31 13 565641934
103 266 153784632
258 270 923029312
134 30 624799445
268 109 363688554
202 82 706403194
245 41 642015491
99 220 763408144
136 4 593987738
72 100 474228347
127 183 826055460
160 285 789345825
292 243 544543246
255 76 276425375
300 95 72312235
205 48 294306616
298 292 453118256
240 91 22650028
36 226 684752631
173 49 127263683
271 175 424573617
30 34 874293001
106 77 486584995
151 32 125008022
278 83 817859617
212 39 888070464
228 88 335797508
283 27 840851950
10 62 687349127
93 286 967723975
275 257 109006001
143 286 824320786
243 92 267452963
90 294 66464546
63 271 993638628
79 183 117696466
195 110 145041253
54 144 717688479
3 154 304078993
281 298 645684178
7 272 69248734
207 114 253344472
192 108 134800863
6 249 815710208
151 12 867465179
130 142 67410713
95 88 857337074
199 141 690362517
278 195 441653422
222 175 795962419
99 181 733069542
233 139 677548407
104 83 356208367
118 88 108150767
177 291 205867278
207 120 24766572
119 267 600402759
244 165 121089700
161 194 132712046
34 115 470102573
205 214 100985253
98 198 691915144
105 53 362180326
23 222 84266465
189 98 72121755
119 5 24417527
190 175 206333893
48 119 615428457
99 31 821906051
97 116 129845665
269 20 37447830
73 118 761444927
16 274 260214131
93 48 816039952
258 236 97148950
164 106 676039006
242 295 620120832
234 43 934215150
143 193 866233532
245 289 5313048
161 257 999932467
291 30 288194036
69 97 547646161
200 190 134497208
3 199 9414296
204 114 378264701
109 56 118331348
293 289 124984290
294 183 929378634
26 127 959193723
173 288 389564831
91 30 321477212
179 150 299362361
239 101 832884250
99 104 563858400
194 7 711890213
146 168 153913568
93 160 948778709
134 153 711914091
68 178 970258470
42 102 853657509
24 245 252075390
36 123 926957039
248 113 991032940
297 211 260343043
48 156 684552649
160 2 792217116
80 146 55973627
288 280 557520980
130 99 15609057
99 192 140583611
159 215 79860755
248 2 826667229
187 249 928649193
278 297 520303856
120 44 611045511
20 256 284171564
88 35 805497010
14 74 5038841
93 203 959659339
102 54 186101282
264 212 368896796
70 160 387072150
298 98 834956998
142 75 102984647
197 246 902497142
160 17 945384697
175 104 90593583
284 170 434386156
176 262 393709211
166 115 86304864
47 78 70863327
143 147 894427286
44 196 41502835
141 90 650606561
39 286 982081506
281 197 278029375
229 72 625634578
264 107 785903447
71 283 316356961
81 148 85120527
144 247 380261405
171 89 839189403
108 184 288571751
195 76 657057640
55 115 317467277
213 147 880846174
87 127 483882245
116 90 784588851
15 161 640521185
175 241 11338585
201 137 83142331
57 59 77345571
60 218 381020454
10 112 681640329
101 167 82189843
177 79 190198841
150 217 98535668
246 32 602826609
149 46 137457821
33 272 96138514
117 173 417689902
147 281 320458960
17 92 403905677
70 101 709532889
251 253 740463507
245 130 478779037
86 31 202508853
105 277 242320236
265 125 531600282
286 209 91738653
51 26 7855877
252 224 512729710
263 293 593033201
139 62 389854454
179 64 560251106
137 9 421690435
173 94 707534966
125 250 754183294
161 214 346224270
294 251 124179078
98 53 951902655
127 4 60020979
136 266 230912323
288 157 140564436
241 87 323134000
147 224 713327208
233 96 353859253
298 273 343265802
143 185 989406167
112 230 429738170
290 27 760400322
296 205 251598878
226 92 223792795
148 80 80887751
184 20 89965690
283 166 138973765
142 99 854174660
94 148 995626284
295 43 100616168
213 154 258293649
82 195 855364676
4 243 309750532
281 168 429148224
27 68 659107303
230 251 389482222
219 285 33040440
183 126 11472390
294 219 884829389
78 265 407294731
97 177 777609037
98 11 119951383
73 66 386224425
56 46 488965493
79 124 511603260
181 53 594702162
55 271 208879846
94 205 919979871
35 199 934377841
123 28 742823205
6 176 39754833
42 273 402394543
24 97 443659008
249 153 415147105
93 231 540651629
4 164 753576681
165 218 996404304
62 63 555591908
32 97 990346858
24 219 296295437
280 276 574053813
112 17 786948337
7 93 937827334
266 93 41474038
271 185 674520320
151 188 496073483
83 104 600648452
286 165 168769314
146 248 64424810
203 271 24960681
40 2 310188008
104 113 992683125
192 171 749946469
25 137 263169761
114 107 726351197
134 9 651094036
68 91 632100439
220 77 583282955
185 274 572105102
247 228 237977424
279 19 323723125
286 122 721613389
62 14 834042760
230 90 957186596
242 256 358708354
138 141 579259662
273 208 224933552
263 179 144650680
117 64 894002953
270 62 168369933
145 40 559014351
269 25 345022725
10 87 313343390
169 68 254320031
164 10 209426686
69 199 705700026
230 224 91729886
181 186 115648364
13 55 651257479
117 76 762982040
149 221 180815431
200 241 509912956
124 250 300506794
165 170 302543413
295 85 926676222
81 153 456805473
58 82 838992496
295 15 410370433
111 79 901705887
289 195 442653015
281 96 566156535
11 295 153488627
118 170 221229977
63 34 308456046
76 28 372353431
149 160 771630483
121 270 938063217
16 264 96585183
149 74 391847061
87 115 570368155
101 95 653034750
87 157 198861196
14 275 552870217
242 37 28405202
287 112 27269830
169 261 316439841
204 133 749098910
20 149 122009626
202 49 698303999
214 187 834272213
68 40 145412659
70 178 960024416
117 191 493053142
34 184 45005630
35 223 65908942
116 91 39988354
57 294 424049338
18 65 204568038
243 18 791914886
294 231 645344825
106 51 502478164
65 120 634504141
232 288 194911384
73 21 404929867
2 56 425531989
95 223 481587532
200 31 344726977
138 49 953013542
275 43 108065111
213 36 349212394
37 194 246823544
252 258 158966015
44 189 284501002
27 13 28815075
246 14 715280730
34 109 928716852
17 8 985563283
294 197 487435283
87 172 556342477
197 84 38072513
290 172 324446658
185 123 3328515
251 166 592291555
253 245 731872567
27 190 319593532
208 275 568847040
11 44 77170500
145 37 416096896
27 123 642710619
56 71 548926554
120 113 780089525
77 297 543710399
43 248 474293317
249 252 619266013
115 30 383558354
46 237 45218680
138 247 85834523
289 144 850132859
284 222 143643581
255 277 779464504
8 96 401775316
285 172 962432264
83 266 620401363
151 214 660183614
163 80 963110443
168 126 96978931
148 15 990505930
170 3 481771073
229 38 910725994
161 292 686229523
164 52 993837818
31 36 863030242
247 170 149651659
109 73 593477273
275 287 631412352
169 155 583050429
300 2 17238543
129 171 716179897
153 99 95971387
98 12 799323630
20 227 375163181
90 10 308612268
83 256 290864938
41 64 501247210
265 38 559025096
217 207 847756950
45 258 265177803
240 86 192089474
188 290 183657524
174 139 236041887
256 211 276190714
36 300 410912023
204 134 602638078
293 226 324286593
154 191 383524831
1 107 301012289
251 203 321211546
253 142 287144883
178 82 680583372
254 255 117285710
40 262 135997772
53 298 25524671
127 253 58962056
156 297 680928882
249 150 189935124
131 150 512360430
219 152 936287932
264 157 331472526
146 86 414094107
69 39 132640413
130 79 286435075
102 183 103157624
124 10 891420328
280 217 942088124
113 165 461440925
136 295 8503826
17 213 283550130
100 176 699241286
25 73 5215823
83 141 680098562
96 271 812447740
122 72 383486774
197 247 99094983
224 226 119459500
299 90 768866916
275 225 578325711
100 293 553880875
129 93 164227603
66 169 696510775
89 252 683830116
150 99 948504038
41 272 774013961
114 168 38400907
249 91 653143285
300 141 299169974
267 115 18932451
177 214 324791143
104 95 5550335
206 160 97715256
80 300 310347307
147 201 333635957
184 241 601499928
96 107 69613195
203 107 481912437
287 158 780485777
212 124 279290491
62 53 839346756
257 156 891688350
243 61 840589262
98 192 691265313
256 39 271298714
212 274 98169906
139 70 555365664
285 24 741980970
221 62 335024379
297 273 398330103
239 87 67772907
95 95 192200962
96 37 640874574
9 187 257788165
222 142 431804555
87 54 258911429
192 244 218155450
208 229 495421173
277 201 596368234
8 198 820166606
110 188 890781444
16 282 280487538
129 130 699867927
2 138 394121513
118 111 378628306
273 197 134507911
153 141 263260255
102 48 539531235
74 76 592716935
107 135 55819484
164 244 208129372
8 11 888993353
297 139 547648834
23 192 172168724
287 10 453818334
93 34 368929083
3 186 15670875
209 287 949409374
43 60 764641901
78 218 796392836
61 81 295508631
232 140 477245842
189 137
222 132
76 211
250 145
179 85
170 42
96 213
87 55
41 5
99 112
212 152
69 228
41 199
130 201
41 24
160 71
254 229
191 82
278 29
165 192
285 156
120 34
88 81
137 258
69 180
31 287
215 33
231 99
300 255
278 60
182 92
72 190
23 188
216 14
206 300
208 133
166 190
270 27
37 6
185 158
145 105
189 216
66 111
65 120
231 117
260 94
283 165
52 31
45 57
57 267
151 250
139 264
42 17
74 161
70 78
235 258
225 214
76 123
242 43
211 140
234 225
89 171
201 268
25 140
158 297
298 81
96 9
77 189
49 189
267 202
211 170
136 253
75 188
230 211
51 69
45 140
62 36
55 133
272 263
11 79
211 181
241 9
197 58
247 17
218 297
166 265
217 181
68 1
264 43
163 297
188 66
101 207
39 250
264 155
286 62
295 274
282 196
6 235
4 230
226 252
268 273
153 144
196 236
30 220
268 159
224 193
99 156
157 76
283 190
3 120
145 268
215 297
232 179
108 220
223 287
259 86
229 190
177 164
83 176
87 207
99 51
258 10
138 249
190 114
233 120
139 193
241 77
7 53
25 224
210 115
200 247
189 221
84 180
107 65
23 166
268 193
255 173
122 225
38 92
263 11
255 22
151 101
205 196
119 157
23 229
228 81
1 274
205 168
232 84
249 12
204 7
179 217
193 158
1 300
63 283
4 263
115 69
264 206
115 20
300 135
215 137
111 227
94 215
50 67
78 78
84 298
266 34
191 262
14 159
141 244
258 128
196 196
154 73
144 212
46 268
156 143
122 12
278 18
85 267
96 27
76 162
195 179
193 42
252 138
133 258
85 144
91 90
214 32
243 244
263 109
4 40
103 171
240 125
143 132
158 24
238 239
117 234
27 184
73 61
18 30
173 257
99 154
238 15
11 64
173 180
272 273
195 176
52 74
206 135
210 194
132 115
100 199
135 1
61 178
207 259
216 131
36 131
146 14
77 273
205 156
180 1
176 176
1 127
261 227
121 258
125 222
121 4
4 224
102 7
265 65
247 60
191 232
297 282
7 36
243 74
126 211
138 122
248 2
280 138
148 260
182 152
156 272
247 54
60 159
275 100
160 76
8 221
255 50
137 4
129 261
223 79
252 255
8 60
249 200
211 39
191 148
171 144
197 98
8 118
269 8
136 283
255 128
177 143
198 261
273 65
143 27
33 195
6 95
46 92
130 255
154 256
152 72
221 25
194 100
160 229
211 162
290 295
189 165
178 218
283 86
164 150
45 125
271 196
39 50
56 16
24 169
292 210
286 227
26 213
141 179
40 185
231 103
19 29
299 119
257 196
46 281
157 120
68 90
191 180
247 106
