300 5000 300
255 261 588565474
186 89 794038275
238 263 418008603
153 173 9992510
1 230 939495770
156 157 483185298
72 296 822460949
169 125 622675324
162 103 365137647
62 178 17630729
269 184 191911490
243 69 326976878
17 58 748165292
71 211 26206817
80 211 993947846
102 66 835677054
151 189 86830449
299 110 869376225
275 23 335495279
121 85 20139108
149 53 106655091
138 47 729127559
268 115 897772317
59 186 879599027
75 17 973106089
72 170 74838106
277 21 927231294
177 71 339876003
253 97 700965926
131 269 318622662
238 118 309714566
228 7 115323465
39 26 676971279
155 137 265182964
233 263 742467381
221 87 900836650
26 63 75992422
71 292 90395645
174 296 566721641
51 127 722624410
64 116 575734679
129 96 317963937
45 134 276289063
24 288 51391699
187 272 521995013
119 244 829530499
221 21 514707914
94 91 664357705
38 16 852888800
79 118 415796478
88 181 373219846
18 62 979297641
254 106 815673774
216 129 632636913
66 68 162302436
179 238 525260079
129 158 648864299
142 4 460346389
198 41 4615057
250 119 130119874
127 258 7999855
224 275 800485916
64 229 475417873
89 196 4734302
153 14 211167221
188 244 984667658
166 72 931104968
164 266 126471571
5 163 513679463
161 112 954417582
134 291 728859391
288 214 707706866
255 30 913956646
80 118 771381441
281 271 36405654
53 158 83540649
62 76 37284221
281 239 117376986
203 295 988176648
166 155 207604712
299 41 191457654
89 80 460438967
206 87 698878996
3 166 574967866
244 198 868826136
249 250 447788945
198 63 984600020
270 44 980640011
255 246 748771657
154 163 441093664
217 161 187725904
270 2 849184583
289 259 78471969
284 262 203522286
201 257 376553483
88 205 661249132
133 154 747309595
4 175 418356190
166 129 948344135
23 35 408501950
138 3 48214510
241 273 153890263
175 261 580719722
196 296 95175883
81 197 173672891
164 284 100047
247 168 657998001
93 224 889683675
282 89 812534056
169 163 267242142
218 300 461412644
179 292 439019568
194 167 807985528
115 114 824738576
49 246 211730224
239 109 837786607
85 108 708245727
137 200 955191250
64 234 264295890
171 102 531814953
64 71 903874804
207 249 715684996
75 194 521462814
254 8 252196579
181 108 258892224
4 98 918103233
163 235 448627792
189 123 892742791
138 186 226353476
227 108 692771277
231 171 258047199
287 130 117879400
282 256 278674493
247 209 173668553
25 90 898037460
48 145 330486810
232 7 618600296
223 195 420375918
166 84 330530056
41 63 14113115
70 45 885850886
168 31 112188715
267 64 132146170
12 10 606225130
64 86 359164171
275 186 602693516
284 169 27116122
279 144 193194069
149 9 203602252
256 101 27669266
170 222 344693711
255 142 911066741
221 160 294989705
90 171 870441766
220 234 37103152
242 209 758898789
57 244 101415557
179 275 365797600
247 123 297304060
150 78 122288413
116 299 386038286
126 254 494084527
218 174 269339239
22 16 285444209
240 287 421100695
243 228 721829803
131 285 75667398
187 215 396181072
139 213 956263094
150 114 791476223
262 229 63417222
48 106 510453327
26 24 244773252
164 97 251039519
225 36 282960905
219 278 404734285
173 160 366536821
70 47 48000987
242 237 789804499
287 86 353098664
162 100 60520045
35 199 256762350
161 224 557925025
264 140 406481422
83 64 377906009
239 34 656785587
23 206 707051646
143 27 630119744
229 268 644303832
279 255 46907970
143 168 960220569
287 202 622796267
288 114 381235942
13 77 504878833
186 211 279169148
94 150 125207581
32 224 469856638
78 67 536267365
273 47 720620832
105 26 684212838
74 220 71035957
194 258 91991058
212 245 962564171
153 257 780044900
38 142 795472762
285 288 291808663
266 19 673786887
203 148 160460605
219 121 947314451
151 277 529185628
140 102 406656447
297 47 492763304
106 258 44268549
29 162 471613557
80 199 181279751
41 184 551173138
204 149 90595656
290 103 211631656
194 22 839368176
196 224 175658104
224 115 414893057
222 163 517293603
126 269 958172360
26 297 971281621
234 76 61500220
36 168 507997303
73 71 288496803
181 112 872855357
136 57 797340330
263 5 635088905
118 228 70313920
74 149 879084034
76 26 300873954
87 103 150764202
207 89 61316029
278 124 828002197
180 249 595147719
34 181 36539483
291 68 460121739
72 30 518241643
77 199 740084822
248 272 532307723
281 99 240190000
87 185 908000203
188 143 564900943
117 121 687139266
213 52 383437366
131 138 891874546
213 128 276598813
104 251 229494694
298 27 926220292
120 26 634185015
142 59 870682465
241 145 593885001
195 32 775074244
289 148 180783116
155 112 319008919
72 243 478248456
118 207 383873435
282 62 833224186
176 60 313905964
19 231 896232690
186 72 311804748
150 64 861496092
51 11 548587275
146 299 729361623
113 205 936854034
131 277 766212228
287 146 253975687
21 127 860266148
58 2 808357959
122 73 985819589
211 258 777475112
110 159 423514528
153 261 831938038
227 158 272679288
201 270 432877545
287 101 843453821
66 139 101315366
52 211 335577344
152 269 70701746
10 142 642974270
151 104 981547227
62 213 514652137
89 65 131141298
178 43 311121655
18 244 87892677
62 282 75430577
134 47 309532867
51 99 321556629
94 2 92209697
191 63 492947090
60 213 714968793
238 27 922595905
27 167 682357221
24 97 542840016
230 114 233405911
106 227 543425292
134 60 91626738
300 162 984502288
129 255 82318089
277 198 898464804
19 9 566245668
111 299 863135794
168 25 917682413
40 48 709307209
255 277 215722174
165 135 17288500
56 268 662492711
46 268 105166524
133 148 975854578
274 176 755324027
229 194 381516436
96 57 541011734
42 224 748462058
154 263 987525057
114 270 569322385
239 134 581746719
238 242 952744987
100 287 844366406
123 171 578167605
152 196 98874632
131 124 46918226
66 220 694816234
51 261 112648209
60 166 982771371
116 31 405574792
200 269 56915326
171 258 37767319
57 57 587241157
14 231 689839127
118 134 132912023
149 264 667440998
126 81 7155369
159 131 15190929
167 190 166779146
190 57 318710876
181 9 539224644
58 179 698125301
228 287 310421909
84 300 481280991
163 117 186557125
137 17 34090688
234 143 110430821
3 53 251556551
83 220 763478993
81 161 781206849
56 93 579095209
52 203 33858087
4 130 655789525
13 214 584223224
55 128 102359492
179 264 456556609
19 249 398765503
239 251 771286055
41 86 539282826
33 166 685527186
134 273 320626631
242 24 648980133
281 80 560871362
5 92 496057827
81 146 144378654
24 77 343778569
232 147 909182218
86 85 700261320
241 177 584723157
66 210 876830522
104 43 452843347
234 36 146953570
266 68 67351901
179 125 966911192
58 205 884461490
63 228 6559918
32 212 367297164
1 297 929620400
272 289 945086176
29 55 29689837
2 210 112121879
248 143 329026567
270 160 861745634
70 90 71101310
14 147 836284114
155 262 817202594
124 293 470413357
187 45 194681905
138 68 761294294
213 148 562049700
250 150 134991661
80 149 95714103
298 170 650746214
284 292 360959355
93 57 869895002
159 263 879480863
152 86 733495507
160 24 193637503
216 213 960168170
261 125 322843370
60 126 305977271
120 258 214929571
74 255 49170193
239 290 23534684
194 83 662483292
47 241 850477506
161 144 594077243
19 55 113096018
221 270 337154230
242 231 63854406
111 42 470370032
233 214 226372041
204 287 955854295
96 278 78111485
31 223 664244919
22 269 698022359
79 181 554195454
221 199 850661208
138 171 634617877
267 164 372392459
272 27 773518301
155 259 825503414
295 162 476578252
142 257 377489029
278 287 741711451
196 60 291656871
106 138 906806151
159 110 25687501
18 299 989422071
146 265 315727087
205 289 622413213
5 195 67974071
18 190 867339233
121 83 922195241
150 60 256076780
152 7 531467139
175 164 303876529
77 74 167382190
178 91 382563789
200 236 139091905
86 140 648304593
298 144 85604588
221 213 677363929
5 86 231953263
45 235 974967722
124 138 128201280
15 12 537159943
95 89 608555516
284 18 45565558
172 217 630291593
77 55 587642433
21 104 543652728
160 24 323825893
188 28 404740178
102 125 16400964
75 300 900519701
54 66 53785965
248 160 383005905
215 144 913867022
272 15 340824090
265 143 127087844
149 164 747587848
176 23 122814523
220 263 120107103
49 64 514177179
112 139 708585178
65 244 939830944
29 192 364307355
185 106 444363898
6 78 267597065
95 94 120582407
291 242 356657222
290 169 61426097
12 89 764769311
166 137 698640126
144 1 690522616
174 65 868618060
217 145 475119103
223 29 118581260
21 34 844570089
237 180 283377182
295 170 875161323
269 159 16091592
265 223 882510232
275 88 26641068
152 232 22434120
168 105 65376384
179 73 914286528
133 47 804686808
192 67 797927893
133 55 87350225
114 50 947525294
89 18 683590005
232 34 418358879
163 60 419422666
282 211 905991249
102 78 586649805
37 8 253745629
117 140 271586076
224 84 84535042
117 216 517738649
241 29 986746598
286 169 405765167
242 100 983704100
120 14 190365411
138 48 19356521
86 149 866232751
243 237 599612158
171 53 399646550
146 29 532400833
240 145 694961448
88 137 23221928
37 174 392343597
55 168 670934396
106 39 446537262
216 176 893276909
236 14 886103809
138 256 490394345
296 178 325467750
97 24 343494478
229 15 194918774
276 102 114574510
103 190 607536035
99 244 357393354
247 49 929988993
108 16 449778320
68 251 970236233
176 89 783045240
272 136 141950970
121 232 613506793
298 212 839796807
71 187 338559660
32 41 96541949
219 192 224541544
272 138 706262544
116 297 732070359
136 64 173837861
220 291 45281449
12 262 503562336
281 135 95810719
273 132 354427430
31 255 826890268
242 38 683904809
42 256 22847352
85 280 809619589
280 95 48307837
138 230 779672652
298 202 889817842
299 213 574170455
186 193 158198241
5 217 132879325
86 247 693132479
54 240 511081268
114 281 341745376
65 117 542518155
205 96 748421301
41 285 556716783
44 282 790157184
37 32 84304096
291 218 581108488
132 274 746593504
208 59 273072302
186 164 499104541
5 29 226264873
80 93 826578489
134 49 858824284
87 141 907588968
269 184 146710401
52 220 621470033
99 263 540462902
38 146 146983375
141 53 500491585
294 290 575361449
86 294 760530477
158 74 78846022
46 259 339927670
81 45 444599611
100 65 25050846
152 168 118582866
184 266 4398828
237 3 693213325
211 195 612872977
296 240 14059318
296 25 702820911
24 234 873419484
145 279 773405895
67 111 298685091
129 210 5973856
74 62 537945723
239 297 831421141
118 234 467508595
142 196 45317942
270 243 837921481
87 238 49456458
250 14 53671391
133 158 677144770
79 276 336249932
70 104 86059494
125 178 73283855
99 168 476942103
39 38 984980788
86 231 744383284
27 201 108157526
207 39 504181316
164 288 692985129
55 173 605931338
276 251 435463966
7 72 773666269
300 248 350621798
106 47 284913418
261 137 580939955
48 222 784431085
83 300 360776137
61 207 471518076
28 122 524510515
8 176 540656587
145 203 998394890
10 262 343894161
31 261 435644609
280 119 664108307
97 79 8190043
251 178 640431117
88 261 753633116
124 73 38233874
251 100 691173496
66 107 618639723
104 3 350293678
93 65 369868939
206 147 763424999
214 126 161794769
72 275 336887647
66 277 978717125
282 64 684182837
250 188 413958661
175 138 819709560
170 255 151969718
145 59 16670472
22 151 996759436
160 56 570935582
10 21 942337060
279 92 543360934
77 158 807463510
53 191 371592226
41 192 891490513
101 67 396225502
12 236 557791357
29 132 769361015
101 205 881845717
288 116 239139625
270 178 276887345
181 208 364229889
66 284 656840946
175 37 352700688
152 129 352925880
16 230 548266746
18 241 482413133
26 22 774004765
92 174 478368021
8 161 260339137
32 182 588375814
129 62 624272821
17 179 557434156
114 54 366576944
101 257 588400373
280 273 636863102
225 290 36707394
210 67 87386615
274 158 510603940
46 217 598086101
182 249 478317734
247 129 241119548
219 145 282368826
175 258 262045431
218 110 551741588
90 142 895464160
243 66 541955001
89 275 49005467
255 300 38492924
295 98 97295792
247 279 907004640
80 278 154572220
27 196 646679364
153 70 597716073
83 40 360383035
270 181 435089776
181 176 222619393
81 264 205385020
99 218 9907771
274 212 114555668
66 210 779667847
157 290 151169176
77 16 148299771
140 220 33526493
265 55 173426284
199 76 303883164
274 257 766792939
218 89 451379354
137 188 592512672
108 161 405829535
175 226 489416045
273 83 174106286
48 159 995987101
19 50 794976373
163 66 128086827
46 264 399576402
109 289 357425610
100 207 691073099
53 43 302040686
276 202 81337646
163 77 978776124
207 49 48844406
44 97 151147416
144 167 79848165
268 29 137695431
94 74 685072246
48 234 157068387
257 85 776303245
255 138 748161839
192 165 82551941
290 27 894029217
65 285 667294217
170 28 848483413
237 224 143445631
53 243 880674659
235 37 86113132
133 136 768676918
19 144 842642602
215 151 611905891
153 42 668979456
45 83 124725534
261 147 468560171
30 68 22073298
194 4 338801073
225 109 361203516
283 43 69883804
167 175 864418339
284 245 954749082
237 159 31949132
28 64 250575526
35 108 691965908
68 121 39929107
190 150 490793174
40 43 48221878
112 267 349612438
179 2 827627580
282 168 724888607
272 203 198463903
106 139 24656714
89 218 951628877
166 252 766965036
274 72 512178056
280 261 559594857
105 300 905182500
234 164 397419318
171 42 64463619
203 76 697461238
109 99 65089092
63 204 9989783
176 45 144069200
104 210 841339504
192 235 226526227
47 214 768189539
156 71 340919091
7 4 283515954
124 175 662216347
295 77 694387722
84 237 949481121
76 299 234761976
10 227 582179420
161 82 94825330
16 273 169698316
242 72 141694782
233 227 354124252
223 233 707724955
76 108 552109329
74 154 419937657
148 238 183582193
268 65 746539544
95 74 133466422
267 286 295991703
48 2 706113128
63 295 23492399
44 227 512757077
95 149 79089661
150 276 119909468
130 102 257229174
187 249 483477311
231 268 421292027
274 62 228146752
295 28 900627037
150 127 132588738
277 190 855590785
227 233 132790011
155 80 10138212
15 281 771151339
34 110 78045740
207 48 330241840
69 31 624704407
295 4 48711769
46 51 889476048
135 200 94338927
224 228 127966016
8 206 837084800
71 60 723303179
34 126 199378811
24 211 112388321
116 170 439818420
155 238 512734950
162 285 930193806
282 82 973145056
181 216 642613107
207 192 644711086
174 199 2931391
74 21 82547450
104 106 667681627
115 130 25727037
287 297 266429206
258 151 725781796
208 64 972560480
265 97 939944713
72 30 676045181
130 288 165966972
115 162 117817222
5 287 516902295
6 90 373360400
184 256 163375581
220 294 964993577
178 252 960972580
73 211 776016995
4 175 311354944
16 246 308978825
48 127 10711212
219 241 249550825
93 297 10066111
287 54 720592953
38 237 727993808
219 156 849689702
147 85 378015405
278 157 973189515
225 212 270438541
268 228 242907538
144 27 385725964
255 246 343604904
280 90 971992100
42 76 58467705
194 113 565680641
54 83 224390648
207 282 301026933
11 259 521371289
25 183 563016901
265 202 365908480
254 45 606091206
17 52 302048403
20 83 571597292
71 124 784156519
175 18 313086484
267 123 321762766
214 29 480211647
246 39 601922058
135 115 462910992
287 131 227049746
118 84 203317142
275 100 402424393
78 171 926438675
21 293 637942451
40 167 405012320
223 185 808158442
240 98 549586870
239 44 859829360
196 230 859559074
87 268 524247256
232 85 391768739
174 59 552882190
218 188 498676160
45 209 906175452
295 300 833847770
14 274 847373754
207 265 23660403
128 203 958701946
87 98 878902375
212 237 52311294
167 220 139804478
257 145 305022189
146 115 997496476
257 159 493857336
60 205 725744935
29 270 711278460
234 176 919704325
236 3 683750527
34 141 457855477
60 52 704930165
54 270 799507984
131 226 649938781
19 123 806130595
147 79 47038453
182 138 715637509
269 218 511907378
28 203 949039205
104 138 576619859
31 223 254478699
159 283 547207502
223 36 126537171
258 218 89269148
190 237 135769270
184 135 617230048
88 16 292343285
196 36 847473102
25 64 982509604
29 167 721113193
139 249 21985816
37 159 469062550
38 133 409621985
60 91 688501302
7 280 610722690
76 216 26298976
223 3 724054792
259 251 987284127
212 275 527265442
67 56 263703061
112 194 732863861
27 283 392603320
28 72 800367952
12 132 608182094
265 190 465984526
207 266 32422193
282 240 502017195
125 251 147956097
4 162 777113572
245 229 896077879
157 40 228952524
18 118 30216206
89 145 699592778
292 208 216135761
38 224 816597950
63 130 489264967
55 164 851366859
101 288 195246909
98 291 73410922
121 288 615852150
199 144 101232841
222 213 551538810
280 53 435832606
109 45 16252565
69 82 981299989
270 196 646730270
189 250 186326033
47 102 29174773
207 199 310044263
228 19 113749002
178 269 998959346
270 243 256088210
180 222 425222563
285 30 11763059
50 150 771375440
90 171 875076935
259 59 355289736
44 105 714031037
116 63 99256936
178 291 993113706
280 220 291679227
277 189 223906021
238 120 967493942
252 157 779584823
10 258 876314424
149 47 74280694
183 57 715264953
270 100 503150409
107 215 633183972
194 145 31292914
51 176 460813033
177 204 875493521
297 141 531905893
90 93 160850049
264 154 631094906
39 3 776456804
233 237 391149660
237 207 366532212
97 13 26746526
268 258 239385922
181 8 265683049
65 237 104597252
86 285 717249445
30 127 528862189
78 90 551198542
135 129 555633944
238 113 122278033
149 49 901387839
160 197 312027103
138 165 453452760
11 97 171294867
60 162 609749003
11 299 992721188
207 80 140221714
195 209 684351755
37 43 501425735
232 32 518240699
64 180 450061599
102 92 652555196
256 281 611421812
15 291 357954360
82 50 352965873
136 113 324466223
175 71 804361302
40 266 806017510
47 54 960529752
181 285 749387535
232 101 711224167
30 254 65088210
25 210 837726190
288 224 121040380
48 57 33230182
20 193 678892846
43 119 775277816
144 159 703763633
206 257 163032486
9 189 413751023
144 120 725680923
210 150 852726376
119 226 106914485
60 214 941698009
291 261 233404517
24 280 886750309
169 74 304521980
137 270 921908538
121 175 980810794
107 183 982654482
129 78 298196654
3 39 672466203
78 157 315567380
115 268 133889293
75 259 190419005
91 282 133089685
52 203 843916610
131 91 422228379
120 211 379075205
13 69 822470488
146 249 59350817
151 251 95907656
253 29 997229212
33 143 158590732
77 217 995999890
82 59 100235923
118 110 297675325
227 240 68628615
58 59 969375778
62 123 310432946
1 21 358067495
18 171 837960345
73 124 455354225
36 208 317163619
267 36 217602887
208 117 390076546
131 286 573851255
255 265 73448995
222 74 515811005
151 135 29231728
96 188 301398348
42 257 630507518
239 29 541541793
215 116 350068552
34 135 42493440
172 42 104202756
17 172 78351594
24 179 103823858
270 152 160396983
274 2 69597117
153 149 63960156
300 191 497804212
70 181 319553292
14 95 378952960
166 128 982077594
157 52 977443435
212 68 317802759
57 143 300830889
166 164 995156440
48 138 75187893
117 42 998841841
72 94 829218483
36 163 404278163
79 228 31891458
238 145 881738337
231 1 23938040
18 265 143534408
28 21 224444102
216 187 487599766
7 286 301328755
99 102 694862796
39 226 822116589
222 13 166114003
36 91 268396831
245 81 331549975
34 63 398066876
173 132 424666640
132 159 342217212
286 126 254542450
251 132 322039336
157 230 319337689
104 21 310397666
93 294 645539830
47 29 644317473
229 26 685683553
204 59 456748367
231 283 82438999
222 115 585590909
233 100 414518635
183 102 269411318
118 258 520424148
258 61 871431668
76 205 4168713
205 4 617880741
177 232 154524618
281 187 790805976
148 117 108211911
198 38 545244125
106 271 883895776
192 153 759250277
110 22 177669086
9 31 834014998
176 106 402920955
88 63 50500958
80 239 897668189
98 272 128488976
225 171 993546544
35 68 64991182
11 173 390072804
86 117 370817508
14 226 181780981
251 234 142300911
249 161 267807669
203 300 351324731
212 79 889685921
152 228 568574792
279 153 697256062
223 239 210685081
256 250 989420054
11 87 5528670
218 153 528422247
250 103 226008580
12 51 674752040
180 5 878821339
162 216 308613569
83 68 118653349
26 46 99746653
140 20 360105391
20 275 150006392
125 285 353345431
46 254 729372783
192 203 308273885
23 267 776580088
14 146 684695992
252 60 788155260
73 194 132109727
121 271 402597424
73 110 740648544
15 182 916286970
207 6 319585507
237 52 321361660
171 295 808429115
155 18 923088781
294 31 785664678
138 35 747481537
197 159 403257982
75 279 469052453
50 103 494637362
293 117 543214143
15 75 456719201
21 63 240681204
32 233 423522398
246 140 936284067
126 133 453718250
256 270 854646284
144 166 5230794
226 292 466576072
278 42 43461474
191 86 948508742
234 100 479207917
86 120 841420779
289 152 617036464
186 149 261812503
205 27 257361687
254 282 435863657
89 125 290506374
82 50 953399566
105 27 532173359
178 270 914959944
171 203 870562644
239 288 571083315
18 28 337883618
133 213 979392667
35 169 123731945
121 122 851533426
229 262 615311350
255 43 670840052
272 147 634655630
30 76 853911799
173 247 724339053
168 185 702656592
35 254 29545619
104 138 981044884
270 172 493438452
266 45 872960926
191 25 974258587
293 279 802562230
144 250 529480628
73 31 345958904
24 256 905538502
176 123 687427338
68 209 385562544
38 13 616980581
221 34 496010305
25 300 280013401
250 190 404853525
188 182 866069756
169 77 617061657
297 150 190002588
252 225 352368843
153 100 827239417
290 219 185697626
133 257 618143438
166 229 956485871
70 5 176973222
70 254 426106212
146 194 876745245
201 62 347214022
258 58 324684523
97 9 663068547
191 213 939221498
107 255 3283617
284 139 589833225
121 4 679915205
44 73 766968010
265 194 576468915
128 40 82676508
173 292 940669370
46 1 532444479
120 97 203960740
66 287 860756652
215 146 42775906
283 129 135581045
59 2 608669000
64 97 105533725
73 61 906188618
87 241 120519909
47 165 762081001
68 210 300449901
198 29 778145550
37 146 547536788
141 112 435863033
198 95 333854614
94 153 7138615
294 216 117233611
18 40 841112823
287 179 604882463
296 225 137804127
296 44 639608188
48 241 434979168
197 30 39501965
85 170 392398077
169 119 201983823
82 213 205576075
48 258 788122743
58 27 864075482
233 13 714935912
295 8 570864188
274 55 225046031
213 103 62442272
233 299 139530001
97 135 169582222
125 56 195374840
247 137 57521604
274 237 512175161
216 294 517385587
249 226 979341500
161 273 18562807
48 298 102163214
31 210 825559916
254 194 671931166
206 291 188813753
27 167 812070708
18 114 728072996
222 87 943959232
82 54 429479378
269 2 25746255
220 162 337642327
178 262 60520776
191 44 128957086
6 297 387995831
224 202 172106273
276 280 726202840
83 49 104785705
78 270 660914591
62 104 887744944
39 124 501868597
293 95 365705111
272 272 50118672
247 163 337704367
184 220 585871763
15 143 491699916
187 118 224771047
226 252 980459995
130 82 668804717
172 143 801980372
267 233 44856195
64 277 81806389
74 248 783910112
97 195 400814226
215 78 758078646
277 144 232667240
44 31 160877410
142 8 207296213
236 190 247480294
104 61 930421588
127 80 833083120
273 195 833727497
213 20 122513396
125 116 54928890
250 82 317480120
47 58 445646563
287 153 611534493
148 294 246379453
260 281 749934442
206 85 488146754
293 263 348761333
65 236 686163127
113 148 866057246
108 272 791078713
298 274 798931894
69 20 328004903
231 58 869997655
124 257 354713900
128 217 910097281
269 122 909985217
222 166 156358079
7 282 546588414
285 94 14998962
231 202 198016185
95 251 643937958
41 19 815875630
95 249 93980087
2 124 196677796
201 3 773715912
81 271 630123785
149 245 696323002
128 251 805396684
93 235 643588677
206 217 185928730
291 64 487345732
100 156 12803450
281 250 912981151
220 251 799413326
115 152 918479429
226 284 872630251
262 133 297496195
215 12 246871297
98 104 554402332
127 10 643695600
56 52 453313463
288 203 487220518
289 184 73421668
291 103 786947270
169 217 129994873
49 194 12661757
199 207 49965841
46 121 545748852
142 219 899115555
225 45 830097616
225 152 536711219
39 191 515410674
9 232 729555257
176 274 830674111
97 142 162928679
170 242 500034872
226 193 29665530
166 238 743110950
169 131 150800520
275 56 43806564
91 32 165606868
61 70 151030810
234 78 12881841
42 5 369173815
4 102 871836408
182 23 439349050
253 300 796858342
282 217 94376831
184 85 726259461
3 59 951941268
219 201 562601499
286 262 716586321
295 247 48599898
288 41 189612955
202 44 74056408
61 226 831925130
110 230 180913581
103 264 465954897
85 147 85314281
198 149 790623639
65 67 117013292
16 104 896161753
36 151 201028751
185 138 908653191
91 91 554741887
98 151 597190812
179 13 93583893
259 167 368553956
255 252 17728302
87 201 44423803
278 265 639930669
69 32 527404825
173 67 152844375
223 4 234163864
66 94 288020754
252 244 891284156
115 122 483303120
207 133 860935987
263 139 823592290
216 226 97531490
18 203 487211206
239 271 555232938
263 143 870699356
137 117 482210359
200 182 284411605
105 185 498843148
160 51 809946469
32 258 103667853
70 272 140929492
59 187 859562017
300 257 902705419
257 195 239889341
246 157 767275535
2 45 685892751
112 296 609426885
16 100 92619821
163 11 732662372
184 42 475654781
36 111 690151004
27 221 393879342
295 272 631263598
113 229 894750792
5 226 711745748
39 227 87609192
242 91 109021339
78 106 358970238
98 21 286289101
221 204 669248342
53 291 926333005
156 70 28619025
198 64 631186949
247 229 368731629
139 233 649002354
238 24 195214833
82 17 489579423
220 94 816507728
210 243 379875600
210 216 137113155
3 268 191888246
207 176 537646715
84 125 33950578
232 71 288537958
60 261 836265491
165 199 1957766
197 32 618991182
19 251 1825327
299 160 243080021
298 121 75417636
253 124 679525656
250 30 893038731
264 113 814868907
93 96 223763429
151 207 14473090
193 72 603776340
10 268 79282371
91 39 402528873
69 37 79969733
289 86 102926753
177 38 140648276
32 287 971983658
114 2 625551922
20 147 732540018
48 49 366712276
89 241 472038347
28 2 948765767
50 144 433957605
23 212 449154293
207 252 521715078
211 128 788753116
39 159 147189354
196 272 134670508
217 43 785147154
86 143 239673602
162 231 187031694
60 11 629179195
226 60 37623638
182 82 266706701
174 288 706992052
4 199 138930032
119 237 537013590
24 184 351830514
231 152 398249708
284 238 47518250
137 151 19141933
282 262 64380743
76 240 115033402
65 121 573628784
17 47 372652971
221 50 320065421
252 220 703998057
141 295 53983592
106 226 290541244
114 261 998727381
15 150 250286983
147 131 664742044
289 207 43374683
191 23 672658856
174 40 1748854
196 12 552359755
117 263 113244674
25 155 389142020
117 261 957173245
60 126 160034558
292 140 384883207
74 287 671267237
169 27 500882195
204 217 763868070
111 90 726931561
64 38 949581072
170 154 570746634
195 178 979958188
214 294 381562600
211 105 173809577
168 96 551701017
26 221 239411555
14 90 448805581
209 45 147432850
230 155 56405791
290 270 400893728
61 139 500962081
146 33 765641611
85 246 396399556
37 156 683777161
113 75 479018156
81 100 884925877
35 114 418758718
68 74 123891362
17 3 378015368
107 44 182879589
235 156 238327427
267 1 215152611
177 137 797464456
133 173 499985264
245 38 482749590
100 118 130640642
228 153 114925655
197 220 494035880
210 288 179323034
77 94 897718677
17 80 303836584
43 47 115907036
153 275 166404572
261 107 541924497
276 51 563760034
65 203 636128551
6 182 998441603
112 79 804537474
43 40 201849013
276 169 541749307
4 185 930164786
187 228 720573884
122 132 826101859
246 144 495664617
242 119 413039320
275 184 57244122
177 241 870753955
232 53 419811185
205 147 680823525
270 123 884322693
76 178 213188277
13 117 758264056
49 290 882186288
7 235 87452131
123 228 726563202
42 254 429752737
215 131 327661377
22 62 240247481
206 18 661546928
130 287 623399102
274 114 876039031
251 179 870786947
258 227 428582589
45 233 10797823
28 107 716906203
181 201 405635056
217 167 418145638
245 188 900363199
26 94 214374269
5 275 709511507
158 249 927524221
188 251 356126251
87 208 10858777
275 5 422856361
149 84 235267267
251 264 713647167
59 180 767756534
296 124 120865673
47 201 487753066
167 205 106791293
273 62 157270341
245 2 557411191
95 140 65477898
223 114 268689454
283 14 401981637
150 17 44434000
268 75 478315631
253 122 31287907
126 220 943598307
143 86 581826464
135 59 569371477
75 55 782272378
17 150 796348817
167 72 40183382
20 107 524573896
257 8 818942912
208 275 181441838
39 280 30216311
45 105 265629531
251 247 954572116
166 134 659071926
143 260 306653181
172 277 105958482
41 195 67846605
22 214 615173911
69 222 835724018
132 130 295660445
269 220 762739724
280 264 210343880
210 266 126225978
277 184 617177311
103 26 692984571
35 197 763575299
116 289 894427393
72 11 206746658
135 131 249998380
152 263 773649261
248 283 403498580
23 262 23350595
202 223 576803612
132 252 645684095
194 54 799363520
164 88 525146969
214 255 619383257
106 78 974772119
264 212 115887450
95 64 714188512
55 63 803633494
286 86 414438708
180 39 812233682
143 170 951590533
238 116 344097538
109 31 296407877
177 245 914480031
286 102 971193309
156 65 81721620
105 211 934305335
68 265 677121250
14 2 72909087
273 233 332012725
154 76 285690847
287 13 551120762
224 173 673803392
53 102 269830388
135 87 381112790
243 294 66913606
15 99 577231217
201 218 538231233
202 231 353412235
288 203 898641167
113 109 603237994
211 95 260370458
124 70 521918431
15 174 765545232
255 9 463150470
244 3 589506263
49 17 113016413
65 270 747869431
98 171 2731513
184 211 439525016
202 23 575516324
296 285 362295970
153 108 143961491
183 174 216920765
66 128 348170173
35 71 361419375
298 120 190906344
110 236 623452765
192 33 336179887
205 268 401996797
120 170 5432571
195 165 432178055
116 69 85870362
106 4 492829236
22 69 922885063
194 156 609666986
121 205 915055905
116 14 121315740
80 206 766677725
266 162 57070444
63 281 38618713
233 227 19593229
88 42 260364450
101 199 430334453
288 221 81173
3 166 580238728
88 38 612829732
44 153 210870598
235 232 122230755
211 250 349641716
155 12 185144848
267 296 56772826
48 135 474305267
197 288 139252717
49 275 563503237
73 277 652776055
201 64 915974192
284 107 396520345
133 42 570383628
187 252 921227577
154 106 703565340
153 125 70313136
78 172 158681722
44 68 202025109
261 168 545688884
149 240 965074460
203 192 922365176
47 228 332616934
291 60 169661827
270 299 52693931
147 204 38783688
86 57 166549812
73 134 160618235
247 178 576320702
55 190 401540721
190 90 931326761
2 293 303466604
229 91 130789983
262 133 771651143
89 102 905829893
219 248 30451596
206 86 183177452
18 210 420780286
52 208 70081715
206 15 270334456
226 204 585041745
238 257 519495989
194 185 989671379
76 147 244604611
70 235 854679313
62 205 593639412
10 110 165050249
261 179 491741311
98 283 732394318
112 240 941550732
67 165 517415788
164 155 425063944
252 100 291893081
131 175 745487427
193 245 660541513
57 58 89749269
221 67 366861678
169 80 215977609
79 177 92682591
249 41 278330030
80 159 174460646
167 22 564917552
263 26 753167351
243 208 870000026
121 100 392099422
285 209 225295431
53 129 547523298
282 49 99509529
90 180 597001705
180 128 667630597
261 259 876697956
207 126 514278229
110 140 99867406
61 134 770620513
238 254 476174865
59 290 71209773
41 42 1881001
38 23 138271501
166 113 267089880
223 44 973246807
19 5 50809366
26 263 17193343
107 72 149979034
212 132 888543167
225 69 683405872
141 179 195108661
213 220 365917154
165 9 710176676
165 227 148897540
45 149 922245984
103 219 13584740
68 297 744858102
262 103 386016325
295 66 985194057
161 42 969940377
32 182 732354708
244 94 497732479
197 10 666113339
225 175 484490465
64 271 254898265
299 73 644967336
290 141 531395632
243 154 133494086
268 149 698613751
176 9 849891493
204 93 63502174
111 36 263171920
41 285 450781729
280 209 617119455
196 24 176758625
13 75 955462398
48 116 856556490
131 59 897234243
16 26 79991043
18 201 588337352
62 104 663228096
288 267 647255583
7 59 906336967
87 90 855681627
42 286 644187103
18 50 46615729
67 97 76552244
8 227 331371102
103 294 49604979
45 63 363931579
296 125 801840335
143 112 95685953
26 170 743200911
244 8 263014901
123 101 992134738
77 119 185458687
105 237 340470435
300 245 136049261
202 47 263238306
180 91 568134968
111 139 605663444
145 281 439325907
197 58 184810628
59 2 292899336
259 176 85744188
248 252 35071106
234 56 506407895
68 55 651278339
180 8 924465737
37 240 553444779
257 50 126552817
300 194 12050650
207 142 857193859
34 200 568319412
221 211 853625287
209 158 209814938
66 144 536020445
160 263 56277700
250 143 659506859
86 231 690280198
65 187 365045647
233 187 338159892
134 145 705308885
145 230 209693537
156 151 114328747
43 59 116381956
232 176 548795499
177 36 604556162
228 285 272229556
38 123 815053986
36 239 653680773
134 223 246289711
126 109 32206707
10 253 343726036
198 160 326263386
244 254 918079296
200 238 154244872
298 114 393684359
111 93 287676095
66 130 760685817
252 165 71191007
76 51 345744482
138 176 596396890
44 237 385374794
179 135 280997605
165 130 284374259
12 29 310352396
283 79 894952461
41 189 94452153
188 7 273391034
104 258 269532951
63 85 300439901
244 222 556788128
285 265 891370164
278 143 218912250
234 59 801226780
92 71 607212060
239 105 185663590
199 198 141137531
3 85 745863437
289 240 667411646
139 54 411979282
91 297 373339703
218 281 288732319
33 10 796850461
35 296 781506572
166 87 308263594
25 78 531366398
67 276 549532047
297 31 945403931
285 19 37216923
282 209 43645676
63 51 162951025
117 268 139013505
135 52 914756967
47 86 918662662
18 251 287621200
111 28 331984977
61 94 799222805
207 142 783786835
190 178 264100805
164 159 509697665
139 273 821017315
163 89 607364234
220 275 760108585
38 21 203195323
151 91 737851225
102 201 971288352
79 13 794202997
135 272 347732690
169 161 230257219
25 76 109188229
89 214 396505001
255 129 170579941
88 100 867629015
24 137 989535388
46 39 465289278
123 140 455670630
226 218 344562195
123 52 828979666
264 272 559359678
283 48 572919153
211 188 913303766
164 142 448497246
204 229 464996745
271 253 730075581
110 50 867429119
287 172 17194911
168 98 806325228
62 272 591591932
279 235 156781855
56 269 765995803
208 232 781447790
26 95 24155132
271 50 953998412
16 72 331086216
248 181 358613866
219 219 479465289
29 87 812412486
108 200 709207509
291 179 665066696
146 234 910247264
100 194 258970147
241 219 402707641
224 241 69588743
136 8 274726114
51 8 860171495
68 226 143730513
257 6 433590151
294 113 221796251
3 156 42361181
50 1 749611914
65 152 474016659
12 92 276362829
52 68 605147670
194 203 630400629
160 5 229680936
254 125 975450413
18 133 32387618
169 126 911850483
219 180 57947290
199 281 922427190
164 46 681351393
23 57 263651336
151 160 545998503
272 106 334907657
153 265 108948662
288 218 784284438
153 235 135347570
270 155 679583247
4 73 126198979
193 23 140261459
134 239 484534304
278 13 417987660
214 215 48361872
216 187 740212977
173 39 620783441
186 78 402761110
23 230 229876496
44 252 535719751
190 7 394603475
268 252 848888850
27 137 648187788
182 115 119033300
42 28 390304566
113 295 214632904
41 167 74935294
181 104 200892672
42 178 272988153
189 221 471093004
139 163 264606763
266 182 6444014
115 260 324064650
254 142 898820064
105 235 846877943
170 99 861720438
174 139 130771556
19 71 762979960
190 164 395146437
43 52 15134910
198 243 302528624
60 208 531010205
173 74 545873817
175 79 126621058
290 235 248788644
133 156 108222094
22 81 592618032
77 100 880308954
236 289 521539617
25 83 451219220
34 33 352551162
257 92 325171621
113 17 217969446
229 243 531648776
238 232 385242910
233 116 21572766
26 137 507787598
9 266 213789997
62 201 45505338
30 277 275921772
50 62 376132304
63 70 610743696
284 183 691232664
81 163 89147506
257 153 408340989
118 137 643174705
135 163 360401793
233 223 838277458
181 285 692298011
118 66 170126239
190 115 434380701
293 230 640106370
240 213 170829804
203 45 719908467
160 53 971512471
49 171 321914107
105 5 731851821
49 289 793943644
207 170 241014880
69 287 594605145
207 228 158450012
107 273 285100641
129 264 152245005
32 219 977852549
150 78 146088402
120 178 42195472
279 282 392779228
299 31 853110917
242 289 342013238
273 109 52475176
18 15 260418504
229 174 47008228
69 54 170471691
173 85 174557909
73 235 148414387
274 106 352898464
97 84 283701198
277 83 448708028
145 76 243745468
182 49 508595176
257 118 265899742
260 46 97523515
287 166 201121920
278 38 189975705
186 110 341542391
224 136 774818096
140 232 664233280
37 260 594156114
264 104 358530241
283 285 198370541
58 242 708282158
199 253 899231455
266 292 203802720
85 21 626757309
41 258 145947771
231 182 907462506
227 21 658529689
58 109 791928549
23 124 13286352
63 106 664616337
256 163 650910030
265 61 380069582
20 78 751619573
291 163 936031693
300 203 107863851
170 186 268046784
175 112 769478956
215 221 895861564
163 243 948418987
215 5 170896692
3 12 71889854
84 277 769814566
65 296 214710696
90 286 902667458
134 37 581209612
136 206 739363197
71 132 4462660
26 47 40741280
89 261 294871522
27 227 977899979
18 229 288197190
223 12 786561666
241 129 224741213
36 270 806538551
45 103 158710987
8 291 279722645
157 61 224519676
116 87 356664474
48 227 615569235
169 254 867036661
99 23 628199442
289 246 549967605
206 238 12410733
171 25 324697454
121 69 717826757
159 76 857211547
103 284 10898607
179 100 800883245
52 147 270510672
238 67 73232577
299 166 527429299
40 206 410023396
196 111 490829433
181 281 837074457
134 153 203942277
242 12 172642505
288 114 335054688
147 44 548157839
143 148 176885
14 85 543532404
190 83 451091669
141 174 716084574
36 70 977589136
169 250 460346569
77 135 970895421
106 77 520463032
210 64 241288398
49 262 505374841
288 105 521903188
124 170 906442673
27 112 378546307
147 252 713897181
172 287 167495602
8 207 751752303
228 36 791364737
248 141 856676013
32 102 657414029
229 202 56993742
169 241 3782046
257 65 325838668
181 143 243879831
187 42 432818482
119 213 7710720
120 272 459385979
174 199 624918714
11 199 413283906
223 230 997124059
3 210 711493860
45 78 957067501
242 86 586538217
9 266 143438411
239 205 78859752
172 23 813919517
144 195 326206840
22 68 76068291
287 130 34399289
92 53 426695570
102 107 641729179
261 151 37391308
113 93 135585146
81 153 990237011
244 144 537442267
147 15 786065390
263 158 461151036
155 231 609418803
297 217 727266133
37 8 671369037
6 161 99141543
236 174 920093746
243 286 138007690
88 119 78722042
251 62 838632985
69 208 703075352
158 223 679759861
245 129 80588844
48 125 677964660
32 161 590203920
120 166 814430680
14 153 914655153
59 147 700461191
300 287 758387009
42 289 936903722
278 57 314871081
281 267 706208603
142 211 142155831
285 10 551297407
96 93 115516267
215 212 966540684
195 278 746099836
99 88 196617735
289 88 748646821
49 129 97456809
170 158 780489965
3 139 288844383
5 32 378638394
188 68 216839855
246 163 678198548
113 130 139116211
248 24 698734388
184 174 129663176
70 215 569910263
190 263 950714043
298 185 110707500
214 187 605482338
97 243 967314769
242 182 129309988
96 128 64399951
43 292 67821280
254 239 954004655
193 174 637605228
168 243 671600542
282 132 666893957
224 181 707872841
76 147 814440979
65 295 840290621
86 236 485126655
173 83 595213782
123 178 991100973
254 183 491845263
108 75 991030137
188 295 537789679
181 276 733287063
137 252 822462743
29 79 143355741
107 143 279777735
180 228 462883470
134 101 762029153
267 275 855413330
91 229 882152212
153 88 393496538
141 275 666593132
20 208 123868608
134 44 421069711
128 73 816387589
269 231 620337283
103 162 947717211
173 47 632870063
77 13 740195789
158 103 337515669
121 8 378834357
158 148 206789783
190 219 492982490
249 52 756822786
11 180 706183510
151 200 8021992
133 2 502628854
95 226 527647100
209 2 678290513
298 211 650692767
66 83 936699126
274 241 527339726
209 182 960404244
298 182 674212448
235 244 491227079
244 94 554803878
236 278 144720579
89 125 428893357
288 33 316835010
252 82 516475221
71 200 614998903
196 173 5902595
273 133 355779428
269 131 788498009
16 117 282677104
46 61 949671597
275 48 967367827
205 136 430966651
61 175 678370835
271 179 597259817
143 1 230181968
97 248 103455292
292 221 276385925
119 189 94472707
180 256 314538423
183 53 642766583
32 27 939695530
210 231 707954117
160 44 475189444
246 66 772208374
62 208 249703674
129 4 696890821
121 47 493625893
297 166 747796781
3 97 691164988
125 31 962441240
60 62 968945766
289 23 560431849
158 182 165792844
253 128 249347409
226 241 180087116
251 122 278043571
223 294 696603018
116 290 644061235
248 292 908916231
36 168 478877813
175 227 451101227
93 268 645470649
293 177 345469083
236 129 229467362
244 106 894725302
211 56 276457575
181 278 625603120
198 145 218547861
184 93 149764504
266 180 733791472
79 106 465911698
5 250 138337065
253 242 164054393
135 229 313220421
248 224 63076226
250 134 515841833
176 67 368408063
96 264 114400807
56 200 206649551
60 165 483802930
283 243 760818536
80 247 859158485
197 252 191770979
241 138 71932507
62 86 454023183
39 87 813097416
124 14 132231482
186 109 108028398
144 217 237065749
247 28 575743413
228 10 455455556
15 141 179819754
300 89 394306657
30 82 591868995
288 143 707006832
170 233 781929118
238 56 798126131
71 293 381200992
220 189 749701560
268 187 53392339
181 114 26064800
88 129 133630640
293 180 71975981
150 209 5155214
144 248 541356056
27 118 153720140
296 107 653056596
226 177 965322540
69 149 204918780
128 116 578494866
266 48 422370080
217 187 202395660
9 180 925213739
189 29 487627999
202 224 961570946
109 250 653582115
248 245 376758921
195 222 968365550
135 43 536430398
66 222 170535565
132 240 446424465
63 156 819552651
122 164 322256230
60 104 201358210
258 57 196211233
155 217 718854834
170 165 551218130
42 111 343943604
91 297 478232246
40 63 408818319
105 194 484061458
21 256 435059166
71 77 542925729
53 188 437186185
62 197 417963041
295 51 731645058
280 220 531952374
210 14 324457936
113 104 221967933
110 196 134433847
28 300 935317840
238 20 604539047
3 142 491976775
231 194 375361114
67 256 889803710
208 2 849391860
17 281 760224032
42 190 999059145
177 54 386779100
61 163 459814295
7 191 241216646
198 128 177410617
44 182 87948859
70 112 120304
283 231 262766811
144 138 72099612
4 206 999489893
187 247 448672134
83 175 911073588
134 236 569959202
29 242 129114592
26 140 630150271
95 235 655609052
5 5 600933016
108 39 903308346
219 183 833214435
82 238 974812692
226 176 860055490
260 258 813400764
99 143 761849151
100 223 134801793
44 249 425125584
166 43 237359570
170 99 63480526
37 206 278849565
134 176 478303099
68 258 658716636
11 183 137863263
200 194 62285772
15 44 671279614
118 196 277175437
162 239 973706237
45 156 938282631
214 77 111369829
140 113 345604486
156 246 51237062
54 65 5399871
241 75 355066453
3 26 106457999
74 93 318131742
287 210 412563237
175 71 371383427
11 115 824742583
293 80 133282459
21 271 750452424
7 126 727044469
220 231 453822086
90 171 53081612
194 225 384878538
192 298 967646330
234 37 415750491
170 263 11476461
97 274 884982527
231 18 273628258
141 91 388377829
164 97 213113506
185 68 226138389
270 157 86169111
181 50 931068936
170 294 675639985
251 227 138645521
241 96 154810036
53 244 140290709
279 226 443435578
37 67 470581768
117 282 419850116
22 166 342477683
210 187 96380691
73 120 36625593
108 41 269670386
192 292 113646812
65 284 833634459
200 37 801016755
60 15 840536280
289 103 937991846
257 219 548868580
72 293 547694597
7 254 240808336
97 26 828775055
41 185 254022347
226 77 779163838
89 193 377499074
100 144 355471810
54 255 303097276
285 243 494003731
283 199 316569001
262 23 983906593
158 29 427187599
293 125 880064776
299 166 273607061
46 143 135970789
135 284 458317833
208 83 542941876
69 188 87682682
245 172 830943124
27 154 95821323
27 167 7200097
72 25 202524425
70 69 630691349
197 120 33359166
157 165 827681909
297 51 832339092
29 11 733481526
256 79 479609613
137 75 616292336
261 101 81521542
35 180 424165808
131 251 44436084
255 72 330624353
255 268 816538372
173 177 756200488
233 225 781290890
224 254 416792300
101 261 723209231
113 98 3638957
100 110 899568858
241 196 285116989
249 78 439157239
32 84 346426262
236 38 34472481
207 262 776902957
146 194 267237534
188 117 258761339
187 269 146932599
69 133 871950348
26 233 264757709
83 173 421176004
123 121 53438033
61 205 659035516
122 140 573692506
202 99 830768167
211 296 110460761
144 183 97625729
134 70 525744598
32 138 726943330
80 215 170030614
40 297 231495287
144 171 40535859
76 231 789072063
144 104 512760955
249 58 175624553
15 20 238896048
27 215 483866331
156 48 179844052
5 79 50038441
286 210 98088456
200 2 76079304
286 145 269127975
296 272 968908057
211 115 521845813
265 63 109897370
169 130 67514741
16 156 956902755
98 63 741855454
249 119 716789084
42 105 606170346
297 4 674756947
52 41 196241243
226 88 371544914
135 298 564736181
147 262 496991195
268 130 999078124
160 198 886490432
266 295 256853846
119 296 635912965
102 37 455643821
47 85 33560676
45 188 601158816
187 166 904006803
53 300 583693053
33 198 300462166
127 165 82455048
103 24 168567745
286 289 747699291
231 159 147177386
47 260 122073174
267 59 770475110
242 155 20978850
9 42 290196015
164 94 399551014
16 126 723406011
181 4 224174727
228 106 969371902
224 143 768416642
215 126 363164400
252 172 322920611
78 191 253855621
39 184 830726376
188 245 102290469
202 108 440092814
267 175 408869591
229 107 505611994
55 87 434430852
8 62 81816594
249 28 409655771
100 280 201344995
211 109 912528085
183 199 281798420
10 139 57798464
178 92 849567723
243 59 240799249
133 287 531955208
27 94 952974294
130 153 229973307
75 102 405618835
146 253 332120966
140 163 131552874
76 98 131938724
247 107 649224662
63 37 826123054
37 279 914701264
186 164 638365302
245 242 73806247
38 71 190396000
296 197 756551201
230 94 840468953
195 233 765069868
20 60 636725917
44 59 286163475
257 121 815673011
262 157 370380042
25 94 506637805
179 38 582574646
125 127 885137768
224 123 496143764
176 52 677764758
81 299 631345742
148 18 121931154
116 113 431319412
190 122 322341684
53 83 792049340
194 160 638790686
250 38 689488223
247 214 454665302
14 138 459262524
29 13 813931427
138 93 998276625
180 292 996367343
85 107 645175007
48 297 741407928
131 101 963705511
122 294 931801722
207 295 431545511
82 241 536743124
83 6 437790561
258 34 596271726
184 172 139218
109 103 972011962
103 187 296099520
261 234 258565368
189 116 527598868
251 237 326096413
172 144 160695807
182 225 319004399
157 59 833643604
218 16 53273538
95 199 360691661
64 59 387243715
25 213 254860853
145 174 247378838
12 62 687139353
32 64 218708089
44 235 333392084
51 168 868163208
49 76 982719466
105 293 136323381
194 139 995422732
154 203 705777790
20 227 968788603
72 123 282146528
109 187 682226789
261 218 690283952
101 261 238119738
85 63 757279657
44 164 784506832
62 268 610108177
94 161 830355415
25 66 297904117
67 85 837282596
21 156 892074018
148 16 425876456
88 276 261256073
91 128 429341986
28 212 238313648
184 256 859691811
167 17 979636430
143 110 651421042
258 187 88253659
26 253 824861643
21 25 821138550
191 172 324463217
298 259 169458644
271 49 427349272
256 128 431527183
55 63 755188290
18 229 381052058
247 124 297958220
141 133 501329506
99 158 401976410
142 231 968687534
143 173 336125757
160 170 186517867
255 192 62664167
126 199 55200746
209 254 68890908
50 271 593274188
208 269 385942411
227 109 129767343
184 208 975169453
93 101 759431335
78 295 227143359
286 206 804181980
152 161 751803272
170 286 204381922
15 246 695198875
274 296 641494997
161 255 22906718
172 181 490855078
66 64 133593737
170 208 775984337
256 37 796714484
266 74 815214689
146 277 705976301
269 146 43832239
290 212 260309684
17 185 815629631
65 45 238327785
82 268 678878717
260 86 638611932
96 7 372020191
85 263 847791027
120 228 107082900
8 125 188930028
161 93 450963873
299 135 653417884
82 151 865182968
265 215 532049665
49 49 187444032
118 60 666166117
249 207 795901724
40 291 188598538
218 110 71399917
170 170 101004194
97 30 29214638
222 80 60413172
205 161 594831374
125 177 273964241
141 226 120718489
72 43 478465548
141 43 480799154
216 82 756219997
253 52 101442558
21 221 331681527
214 69 857945908
252 290 871551587
123 247 485324600
249 123 514894576
289 263 51105653
77 34 920320195
276 226 318699190
81 141 60713771
177 145 404220374
135 166 751269194
13 79 995822963
221 30 441361904
207 205 888787550
158 153 908315572
234 193 31995634
286 269 299788120
133 296 377859145
22 76 914626786
44 253 951205930
118 139 558996495
163 151 691519026
277 123 525471807
81 82 121268011
130 239 778771715
54 172 919430807
187 210 516480127
158 42 48385222
3 63 700977950
288 158 377961954
169 275 180779792
164 190 146145694
41 166 279489217
247 298 304878298
110 180 707637536
176 233 2661508
135 171 93572217
61 29 753206210
35 31 447746324
136 70 90422681
189 238 937972008
80 153 741663497
173 193 202352814
89 140 908885512
138 1 455081843
74 176 44224675
233 10 265858697
1 123 567255677
110 209 326274759
33 44 457542728
165 232 617298218
272 63 512021370
20 287 538263915
286 128 368981306
249 265 977957906
91 38 996481781
217 22 49016443
213 22 799525665
42 183 1427373
200 267 208215868
128 132 92820399
97 155 541053461
166 227 699060747
232 212 846331474
137 160 140260291
42 250 583452028
175 218 736117250
69 182 544344523
85 223 908823706
9 123 129817472
276 2 150264855
174 98 55621510
186 15 292583636
184 247 63504047
10 135 982300958
100 229 651539859
227 155 967961776
128 223 49941757
51 7 464735480
208 15 391134054
279 290 434163855
234 215 916155804
95 100 349131270
130 283 271354168
128 292 51805803
37 91 520960431
195 70 527816185
22 249 121389507
278 51 806238765
209 258 731274979
262 289 809746720
68 274 281958034
271 68 393995085
241 249 992402267
208 128 481060111
62 164 147712553
144 110 428327974
28 131 59023623
186 160 436660373
102 69 322578283
280 82 994078471
251 150 453942144
84 172 610307163
120 112 903240811
139 72 953796190
149 185 891757905
53 29 221182166
27 108 57514396
249 294 8245407
273 147 685594327
255 179 480695209
277 129 532744610
220 265 905381981
34 84 800254945
96 222 488717668
285 122 22575952
89 175 775306580
106 253 127242088
253 253 52288333
260 225 209200431
86 232 476737009
46 208 517161138
155 180 317463554
188 265 566606637
32 61 814541711
299 45 689812532
202 186 45164358
134 291 456408810
173 244 835085862
257 255 470372239
187 92 684846222
296 138 472586281
285 44 140050912
238 231 297547277
274 14 700832537
36 12 156219233
220 266 702948918
277 99 267236461
39 271 906596256
52 227 629273710
290 113 973379501
263 108 272125190
144 92 58255386
255 81 384635716
31 107 756553830
167 142 662727393
100 61 125732358
269 90 625908008
181 128 437980078
36 179 171785956
197 221 331493369
150 183 98872028
291 26 991083072
176 33 325590052
292 63 521515958
173 282 245918852
117 133 336094912
27 153 542241201
34 34 173282880
64 121 211789459
19 18 833165879
87 219 574774713
67 209 56685891
138 85 418950323
41 128 959115285
51 300 83046018
202 116 94445402
113 194 696262355
166 228 8249688
45 291 642036360
155 61 374379729
185 200 31175647
98 266 737065656
88 155 402821492
110 247 560562519
246 297 819358918
116 198 546970785
117 63 869130479
271 280 264262358
210 76 170346500
270 231 759168860
98 115 67255511
197 264 488445776
204 51 571371782
295 212 789107229
213 158 515684425
182 273 849538575
18 141 126764589
48 112 889603668
5 21 163855043
56 42 13824525
168 192 420161640
178 88 662673803
154 43 798046906
35 37 392714917
215 1 110825826
92 182 35425650
166 199 260959791
54 247 336206954
221 3 269416826
215 59 702625768
140 226 715246211
231 103 485937450
233 8 604281492
90 95 473099828
107 9 505471328
84 100 373271261
34 17 770954059
176 70 125199257
129 42 847752860
154 9 813994070
273 148 930575395
283 78 969785049
184 62 567552457
75 152 282103
54 10 352048511
281 145 696085163
193 230 29414279
252 105 331316801
60 285 638880042
171 191 820991750
40 163 891476449
186 198 270495778
135 81 620723540
143 208 445239343
245 261 136758104
107 294 806105648
69 186 193740330
100 189 855589234
200 249 685408371
93 119 247581861
243 211 949768175
43 96 507213524
221 282 405855357
212 176 249975164
54 172 217705476
9 279 962001269
108 99 708650155
137 198 81122543
23 97 57134043
193 190 484437514
5 184 177027024
279 226 770510671
203 146 234673505
259 109 137067980
274 162 330492552
249 222 19512082
270 30 47695380
124 166 296973078
218 188 98661974
13 132 944158463
226 136 359486998
101 167 531091324
71 69 434499921
75 79 690436330
7 104 596656243
58 52 142434117
139 21 281359246
18 196 912204663
95 166 890559603
21 178 901832434
135 155 898637722
133 255 978227288
108 25 500331008
228 152 18287886
209 158 339622141
104 267 124490192
220 157 892442365
117 174 352128812
179 21 437188429
181 93 204755258
67 227 139266812
140 59 122782818
27 166 73297595
34 146 225484646
171 106 421444655
111 209 139153821
154 180 250640577
270 296 803600302
34 175 95006074
262 107 223519866
120 225 985816493
183 64 593899303
201 142 578859621
295 227 227713718
240 97 230897923
146 259 890101184
266 165 495241263
294 186 32710111
195 271 709679685
169 233 974258643
234 104 875763068
278 286 17863383
81 238 526270525
101 232 753831851
18 223 571351600
92 68 318451910
75 85 972139326
290 78 277372564
200 25 586280434
36 245 188567718
278 178 436473321
197 208 174296759
232 288 672304496
56 140 856310480
158 209 99283002
109 300 527699422
71 127 280713558
196 168 756449636
259 67 316057012
293 154 349509056
62 183 80325633
183 80 51872292
93 11 300499279
240 118 110098918
19 27 560901278
73 188 31287930
246 258 411360056
203 153 901391623
290 164 534092741
101 208 19143094
156 269 35834028
141 151 754895907
32 295 751741169
211 235 552640338
280 253 763941617
10 25 956996604
39 22 302773561
194 225 625928165
268 214 351316628
160 15 917735735
205 170 366269556
132 62 280875058
191 94 688365353
11 56 113561287
249 87 265289691
17 96 242833568
220 134 426408689
132 79 96728613
196 98 862759327
176 257 893074193
62 213 684665914
217 45 170376476
275 287 254594521
27 297 385302976
65 245 230149814
55 13 645003610
122 232 366184995
211 63 805054026
275 11 863002323
201 186 779155332
245 247 425172496
159 164 131855140
186 138 64164578
6 216 268809275
181 280 3462271
246 34 32065184
55 208 311614615
102 118 849916830
227 92 420383640
201 45 79364377
184 41 892078423
80 199 77311686
71 136 768455575
49 141 653875442
23 73 994616221
293 19 761000307
276 125 195861266
243 278 20575083
272 204 889419426
63 157 665153622
39 92 93368215
13 223 6212765
151 294 426580101
125 94 609064741
119 168 644002366
91 212 56510084
97 240 49140560
62 182 135562438
196 205 973346093
174 19 278010201
247 109 828710093
61 121 903134615
126 271 485655260
26 148 787920253
118 266 783771572
283 56 771638784
218 205 488619775
30 18 393812808
67 266 189651064
111 191 296518182
12 137 646294890
4 250 131059610
270 75 533156733
230 152 768525480
34 21 343557645
6 56 105385800
241 25 520042956
115 54 78357674
222 172 505937739
37 283 544718929
118 46 712371217
59 49 249746466
120 70 15573792
152 299 436433295
31 33 121389716
227 90 566961771
179 82 682175895
34 196 368689001
259 169 909547172
149 205 130612854
177 74 14928951
146 132 833656499
11 3 47479169
55 155 142052219
249 237 905295903
164 216 120981792
186 94 118297725
233 179 828314420
33 138 202393740
4 286 577670396
10 215 250662569
60 60 572697852
211 122 674835855
131 176 90233309
101 125 292448397
104 40 772522412
247 278 340873857
172 210 517545688
43 294 380895577
135 49 289377614
130 110 787710728
251 222 293298839
202 132 55888413
156 14 238536888
16 114 982710264
165 269 409798256
228 268 86762633
85 191 400811994
172 233 868118987
200 67 250747135
213 249 531825645
193 199 726283466
231 100 520293449
143 8 813851114
283 23 749008679
246 239 83578400
1 167 938542067
85 251 284713757
78 174 802924241
64 73 695567260
151 285 540313208
47 177 292857358
164 160 820864857
112 54 356720616
177 36 138141591
55 34 310092529
254 34 497612195
120 171 41574445
228 248 164557670
269 64 394941094
180 266 22102331
287 12 833752107
96 175 680738318
252 38 913916672
220 214 624340407
210 20 647236140
138 274 392402126
233 145 946600996
29 125 563161095
51 145 110201410
144 24 838469075
274 62 984822438
33 157 275544964
250 160 230930101
221 79 369861666
280 288 588831986
71 178 971419459
248 110 161198855
243 190 590367579
290 240 914366223
151 84 681278398
278 57 578900959
115 141 605123967
179 91 728295927
31 63 10170157
97 94 736371897
182 165 216993674
292 112 802164035
298 107 533457424
77 148 280464216
51 298 733092799
101 275 618478207
159 90 770372548
178 20 722030490
4 50 534852352
12 198 538211246
8 79 231859662
233 122 155683373
267 120 961316079
243 248 64435226
158 298 427758576
208 98 37238850
66 9 582731191
13 186 487264210
154 241 686800712
6 4 698686009
3 12 111752088
164 296 454967461
188 263 184498280
19 257 595744827
296 114 455589677
271 21 445311226
221 86 996326786
63 151 713760323
173 4 178424115
136 61 400488319
244 115 116324830
183 30 100476377
244 218 597557939
175 236 698575995
2 231 683994760
230 254 286907032
7 226 125791018
93 288 528568320
167 160 364753075
182 47 21713988
200 291 37662302
281 173 349490384
57 168 407848901
148 43 731602988
142 96 385187870
54 77 796362123
285 83 854880948
54 227 143475536
25 94 1926447
300 275 117034394
139 174 40001736
92 206 30064208
75 262 99738328
275 109 581006022
214 3 69612117
84 56 578695345
206 92 848534227
6 146 433004606
41 170 340834099
39 221 455479525
32 59 324912850
67 151 917975255
27 277 187659468
206 4 879007077
127 217 248143131
195 300 126546038
39 258 801122829
17 263 102697226
222 55 559837548
272 93 537296868
296 177 761821879
245 295 271074881
151 73 414546257
19 278 452601260
47 104 116842877
77 50 644975328
266 140 980844385
246 157 684363699
72 130 899008805
119 102 626706150
138 149 984490126
216 146 717395172
248 296 2969145
205 14 793466722
164 112 522410278
92 188 111928279
20 205 288199719
256 151 752275175
207 222 642191956
211 92 446267809
60 281 619982258
137 249 193280855
209 196 379106150
105 100 70150316
278 16 145420427
7 107 705575967
86 126 877162971
4 82 313820621
130 288 970762494
85 250 407826137
194 10 162308418
203 198 848547566
57 158 590134813
258 14 96583713
173 292 378044580
252 298 846327586
218 83 998924412
88 86 521712145
161 215 99054484
154 300 629960233
43 245 593651894
160 147 827135944
277 255 47807553
289 212 258635867
153 85 105603958
32 36 963638455
70 253 797183990
233 92 41923927
177 4 450133442
212 158 369037193
196 252 244902989
190 111 845196735
185 87 68231989
37 127 145631252
203 32 442512136
60 115 661844123
267 184 656686827
8 116 156719571
134 44 475762974
175 255 437095883
19 203 448544434
107 92 672417044
93 28 662293982
33 64 8310061
185 19 807048992
172 78 141588058
195 96 153222142
221 155 398424709
91 289 546391553
17 215 401209859
99 234 592839861
133 92 567449804
28 185 4691983
62 269 247341247
222 205 259066165
165 77 145470694
222 271 722709642
215 243 787966996
24 86 383166684
176 102 810958499
86 252 292895984
199 84 73882127
154 112 146597311
137 225 989338932
183 146 42705536
299 62 601725612
192 283 180759634
285 198 436494429
181 221 673133214
116 148 71471667
214 285 216089318
49 183 408046954
276 37 319761617
138 173 466043641
21 107 855203086
57 105 999321647
220 48 39987381
54 33 130422430
234 213 816535150
147 28 202266149
265 294 836308934
282 94 16536068
187 121 310397356
203 259 870068428
143 279 500439586
280 87 755544290
178 7 338402290
59 112 266690522
188 45 33408686
290 243 21723465
290 207 895109710
275 240 946463404
143 127 102183024
98 29 361382234
278 224 713399965
263 203 200941751
105 81 130765909
294 191 831115720
267 130 591001964
152 119 936074206
168 109 790320464
178 83 517313704
33 277 230133582
8 75 543509010
294 104 628516333
258 118 192874988
60 222 383390268
169 267 945082258
88 233 8373387
104 136 242315158
61 4 849173718
225 233 517774352
80 17 264653129
61 24 252723755
122 69 204571010
55 26 768118127
242 86 403942101
261 254 597928867
170 93 321801652
208 196 608969139
117 257 481154794
134 233 833468326
286 12 169922194
166 124 887666718
120 245 905633186
229 299 937221564
207 292 183373601
107 4 922338854
26 173 542782098
177 133 930672594
267 249 579633602
61 83 279985586
138 120 696525897
232 285 764420820
101 156 27179364
38 136 965834215
1 42 773260358
101 201 685364414
206 226 647228638
104 154 519742770
249 120 250254671
102 180 982905353
187 18 793018224
35 249 92730060
6 101 134764615
221 138 976209250
135 139 237698443
145 291 470657943
210 197 125532968
147 52 229157873
269 300 685469093
39 153 828137772
243 39 195664941
266 73 105456441
25 78 297695341
291 298 530531179
40 185 593701869
234 81 818064659
29 290 978474755
48 188 322746958
221 156 76521157
213 194 229496361
136 136 504109099
129 101 154434323
69 177 944892852
162 167 755180402
40 258 403647538
160 244 663554618
218 272 925298759
225 19 983592246
282 239 210694202
91 203 856859295
51 91 610025583
102 219 410694935
224 287 351597412
228 148 272530330
229 239 297186588
166 98 368297331
235 68 956520502
45 292 892421772
290 25 552642663
143 167 622652265
190 218 635621055
72 71 787213973
106 46 35403812
69 273 677885911
199 253 97707802
286 170 36054999
68 104 868541218
121 200 721124861
192 190 916552886
6 32 88895504
271 221 910100021
77 44 294340943
102 150 691019889
113 218 897546061
75 116 374132566
276 153 819394235
27 272 601918391
144 92 647003790
5 36 938242679
242 41 391361963
45 63 863220935
118 140 963845179
260 293 103929628
200 157 340104397
113 231 92383465
278 207 510469769
12 233 962660641
202 128 110509284
44 184 993921119
74 177 18055160
136 274 510596374
223 91 254649465
1 102 889944757
280 54 304402413
228 166 28424696
292 143 454686702
13 206 176792486
253 160 63283265
36 203 982767549
155 276 556830925
66 164 874368898
91 86 697997840
256 138 322058694
112 117 437571347
177 96 794598212
172 88 619788206
73 100 880019211
10 104 29725970
74 139 715912272
74 45 581853500
199 162 166395263
48 253 37791200
40 208 307370137
185 71 931578053
31 247 955552048
94 170 471675587
299 294 990418438
161 3 474441241
131 129 886769632
54 202 221324728
253 152 496161690
67 200 926909594
266 291 915701553
2 175 204998675
206 205 99203374
206 50 626740343
292 100 94812637
282 260 532729091
74 90 151256619
5 196 785679121
33 200 845343872
274 267 57136123
167 232 119053713
71 286 205671687
45 191 607077743
18 96 117870092
161 140 210353291
49 173 764546551
239 246 662692192
258 251 473218839
230 35 925463639
53 8 38338205
128 226 702150088
140 296 224269425
79 92 683757916
221 110 593716663
113 22 425821254
155 70 23006478
157 8 7197224
1 17 970195826
39 298 133327012
277 51 140236119
233 178 475381796
173 69 201949243
97 147 524937134
264 120 396065195
279 284 589557416
132 138 52742785
210 47 170866745
285 47 242669561
10 85 758863059
121 114 417307461
291 98 275138890
138 270 303927410
32 119 856828357
265 82 98468528
60 60 441685311
227 244 949348348
112 205 91036894
56 189 381959492
68 250 590302277
78 122 199077942
138 164 394108339
179 1 730059909
289 32 136234779
297 48 591358160
124 159 246695772
234 86 528068867
233 249 605967571
279 56 192621811
70 123 258227412
298 201 83595033
39 90 513993496
178 21 877320948
38 9 375526631
16 57 533547678
127 180 452481989
298 165 16854274
216 149 836956374
286 127 378622329
48 249 589554403
59 246 228615655
243 37 713113545
238 266 23219665
37 3 462861425
167 70 888867181
97 196 252221812
185 246 142094276
110 213 65381976
283 251 408089103
263 298 109724203
65 109 55556848
120 51 2214036
16 41 638771401
232 77 400321555
208 296 423099276
240 92 298462724
151 276 125624021
278 85 432652033
253 119 678030683
107 81 54381781
209 197 524965441
9 68 468343991
144 83 103543631
297 66 160401660
203 273 161928355
179 212 494187746
102 62 462178173
22 91 82753909
154 96 192871327
289 202 876185459
121 111 869734355
61 171 107166375
51 14 596562357
134 62 918691023
45 265 388930147
251 143 43630559
196 296 840046772
168 17 920273063
276 222 54724110
254 210 946456311
12 30 410226573
18 142 501591743
92 245 75282209
1 130 770069370
275 174 838791134
221 124 557063128
131 71 223348075
103 290 110753643
217 17 651931865
126 270 229946126
236 33 899178208
261 102 184593549
103 246 407052493
11 246 522615022
281 272 544199147
266 244 781216870
146 75 285404992
20 177 813908981
263 145 301999097
179 270 795063018
4 257 169286202
263 217 294403004
12 72 130096149
56 82 125444346
230 114 51654969
276 80 445141812
198 277 54568138
189 296 14948014
170 10 656619910
218 188 329275231
236 244 979370288
37 206 722164356
292 269 59249179
192 25 360874261
89 254 102141674
257 281 974358905
121 178 387105433
58 67 858696629
224 288 57435190
233 205 930220278
264 192 412030721
3 281 254561078
10 272 789888547
89 216 130098323
1 4 945289076
26 13 337209008
183 185 382042286
15 242 70226604
195 217 215670943
85 202 120374399
162 165 579399991
234 219 467066623
211 280 225260946
157 120 836595461
179 120 131547217
206 146 309254829
266 80 519892813
151 94 818029306
206 289 218612323
248 125 230778124
246 38 183801940
188 271 909570410
110 233 130247889
56 90 610116261
216 20 5017080
132 278 974641077
112 243 345863508
276 145 800757102
82 50 755567542
156 297 267730018
79 294 414948455
270 182 461769925
79 291 515271857
219 46 365342798
179 14 142081070
11 197 643292099
39 61 206184893
147 36 212801737
100 117 438401938
93 272 246140086
210 102 756390579
64 71 401069760
240 201 499760603
48 172 425207700
246 50 14006513
267 112 102736962
265 203 148137522
257 101 522617357
145 252 896722126
82 44 489064149
67 5 530421551
97 120 909628973
257 111 683740474
159 158 688036645
210 155 532633746
275 121 75065210
236 137 142488464
9 145 228250664
65 289 838141615
42 122 580245210
291 240 722291466
93 37 826712485
265 45 60310895
90 255 790874904
86 164 531230959
132 138 128492831
93 125 225952620
256 133 177278864
271 250 900306005
185 291 980919626
246 281 370292518
63 125 119782554
247 90 335492198
293 231 517182052
248 17 90059815
6 200 773164705
289 292 816717329
108 299 221371562
123 269 362261111
127 205 136108101
5 202 884493034
122 264 137837458
27 210 658286699
224 254 129581230
127 201 944790398
193 259 784031597
97 299 427402740
178 106 17392290
39 228 929734558
201 107 707603862
53 111 783761763
238 284 880499726
248 10 677046587
98 285 86229592
127 111 898923644
276 55 498876054
24 152 14579652
63 81 524503409
152 119 205926189
261 71 959153995
274 123 470139157
136 61 256657840
13 8 143525301
151 105 613717385
294 284 36932495
38 11 60779501
91 35 900874052
195 149 931482532
103 53 373976502
291 13 590617072
37 287 422545047
193 174 901737107
32 239 723579766
232 141 546359722
168 135 352174557
214 224 85814668
15 66 236344354
18 260 231166354
50 63 235156606
3 105 883082371
27 142 882547509
173 34 869830134
131 118 577946324
148 101 683942665
269 269 979081451
178 234 509769974
97 248 627400639
102 266 199069451
255 67 44247113
161 69 926408869
183 147 99676010
191 19 739220396
176 201 101699865
100 48 330639717
216 69 39757337
166 298 118501571
91 94 627651918
81 195 320598783
31 201 981341049
95 61 836371570
264 295 328823768
25 185 28726339
172 61 690332739
136 212 889739087
253 127 878337807
89 292 155787104
211 134 512934349
229 214 186123895
211 245 406522095
12 39 261801908
233 2 635045702
300 79 261317339
138 250 10446951
229 138 460380862
67 142 147578088
273 282 903636431
228 193 238325864
276 121 631563377
270 83 134934773
164 146 940170812
171 130 678713065
173 182 450237543
163 71 698997345
213 299 674175982
174 65 411445875
261 37 245531656
143 264 147451248
106 291 597372920
34 260 915895455
207 176 84359900
170 46 496686882
134 270 776667463
229 132 805544333
273 44 273650232
206 269 923240596
280 229 485169585
35 123 115224300
35 280 326339091
206 14 157154202
212 272 161675377
64 141 601704523
45 274 817320044
207 202 217322928
191 226 959643771
122 131 62212492
170 110 115058120
6 197 431882495
105 283 545978774
247 240 941426687
49 152 458193710
25 215 331417950
99 11 944845176
143 217 748712929
70 107 442018555
92 281 403970737
83 202 193498999
55 207 56134995
149 63 696879029
274 10 713104020
113 110 20705423
222 134 704043137
172 233 964836747
199 127 579753715
127 248 354338374
33 39 414757306
70 174 684251107
268 280 500505713
114 180 831261775
294 153 855374736
113 265 877482445
136 187 59260279
124 110 707445463
123 8 639358041
89 186 219804588
162 219 113461578
267 40 382541503
25 59 142102482
237 172 676543361
264 217 384359266
51 29 354460530
196 216 750073568
226 40 50099977
240 214 904417636
80 2 61739474
219 216 964084044
96 234 15422083
199 259 114285293
32 247 611775964
45 262 762322180
210 13 279027960
91 260 182598728
159 237 177077619
87 176 79817732
75 7 175605485
248 225 966262900
143 72 719063634
77 22 970775144
69 54 221903142
232 150 303709404
63 59 776601368
274 149 665545127
101 59 734833663
19 146 544428790
202 220 881172196
87 219 817384820
186 61 171560943
271 137 621209365
14 257 13465270
56 240 24872019
111 2 39788877
178 27 117709077
256 128 156189836
270 198 57847481
159 100 432132352
106 186 488267570
277 123 895369882
219 94 668861370
183 159 923027326
252 266 122160065
170 76 881098118
146 5 478869444
23 12 950589123
10 281 620818421
90 191 274407772
141 296 381929957
162 272 614680579
243 191 544239624
264 125 288865883
189 77 922978848
105 298 602804276
22 196 104943532
17 218 94941744
140 227 12665276
212 68 402542919
83 260 145746866
191 121 912178290
69 115 873398132
145 78 650615756
27 18 109812784
226 122 423344882
253 143 483517277
285 159 408039046
80 50 353100024
207 261 229064043
277 95 615547102
95 285 853333122
184 106 542824688
215 250 647850465
122 28 796470482
158 253 110844803
139 258 324587897
67 294 916569207
264 125 837377857
87 31 412864969
29 60 64921964
282 154 880511500
55 37 621797805
242 3 538053206
258 176 65627233
239 33 832531438
93 223 441570095
141 289 850203088
47 252 5888512
55 90 773807994
76 170 409020805
191 151 204757458
290 205 778228946
247 146 2833400
152 103 529186576
137 93 319617608
74 237 649987731
20 129 856330571
259 176 346685175
22 282 474151564
115 109 172826486
72 299 353224336
129 41 426227293
27 287 82143690
226 190 968823993
1 26 440287737
109 151 607379726
191 170 794687854
13 180 771297681
87 201 227103415
251 68 574970023
88 139 732335822
23 19 284745014
215 45 1479052
5 271 420591141
249 271 312741219
37 131 510460721
62 73 455319743
268 86 850037722
48 172 553019523
162 174 43105842
85 261 24284780
58 36 406346498
71 2 967519943
122 58 563154865
114 6 17405135
184 95 207437418
105 208 930723090
247 175 748625427
268 223 155313251
242 136 624938124
283 272 35359237
214 81 887284572
112 151 311974125
106 24 686538883
70 190 684835540
56 73 747151834
225 177 185900194
167 175 90735768
193 195 937988942
143 136 102246778
19 171 863512001
207 84 101604082
78 247 953784384
54 104 421531960
36 225 925437949
76 33 630759921
261 257 900474950
54 175 337386424
74 68 644048418
15 262 225996806
144 32 126337428
245 238 516838711
178 67 361396210
261 121 775013513
172 156 173361838
220 283 426362670
93 244 593969778
142 49 606906253
117 122 66313872
287 189 274989533
292 32 562904065
219 28 965416702
281 257 74844721
290 218 498129541
103 141 774326396
192 61 293303531
13 153 97180074
90 46 929405274
42 162 28198548
113 200 331548836
198 191 794219267
14 161 984754547
15 142 152242403
187 183 102983572
127 37 258510013
275 228 396776025
105 292 148541529
230 82 414281474
103 175 236414987
150 288 258990487
85 237 560521129
104 250 414827990
202 16 43782483
204 203 956264465
228 29 632320154
40 3 392795033
264 159 516568125
92 88 597609206
17 191 95340880
155 92 76077019
141 229 667323507
122 32 579468056
211 285 335476424
245 188 305160626
161 115 691682906
114 206 269369661
47 221 331524419
271 64 827843607
28 132 540248849
259 287 644422340
230 179 176945620
136 300 79521603
44 210 189421187
267 206 658886775
144 67 295934641
49 180 359074799
9 278 392566919
128 300 249985235
86 27 493094866
234 38 210827152
225 267 514688931
145 154 965201330
147 249 829708692
134 215 4509849
60 110 593352915
100 159 81074395
150 219 565502024
69 98 858171224
103 235 261723902
20 168 871500939
172 93 468612057
254 289 867864411
35 135 206275111
78 20 114287878
27 79 749579687
41 231 656349797
287 80 103967868
211 200 571441965
186 54 591648400
187 74 704836019
226 297 555427163
282 250 320367451
244 284 931694838
155 62 726314157
32 88 68144888
70 180 253121670
267 167 787802949
134 129 622304701
150 14 301579454
49 200 23754779
220 177 147141475
182 159 38944824
185 154 369398860
22 60 115695921
230 143 987378560
217 213 577799691
238 179 115517357
287 64 723582637
39 213 555134050
92 14 576928202
271 233 807949678
145 166 569326888
21 50 728924242
180 123 198049553
152 53 385957996
263 21 894745608
253 259 233278538
162 297 653008301
198 35 577893213
300 178 304614378
1 148 832975110
230 45 275951628
18 117 248878677
11 296 388483800
63 199 273597504
258 161 119848324
117 165 32874282
154 26 505511030
254 276 455030564
19 27 888045042
96 79 828309241
158 8 422964637
85 77 710956053
61 87 914198700
212 202 148388498
115 211 105936710
91 28 512126675
24 181 187508452
254 187 3148327
269 205 71729405
162 300 117663535
203 209 96384043
91 293 134766871
96 106 109219910
95 69 70309063
45 184 551475973
154 26 299982600
128 49 401623833
180 2 656891619
258 271 496195523
115 132 76666274
49 86 231278983
43 229 88501627
114 24 44696532
75 170 193380201
237 214 808150136
9 68 8854661
161 247 680884409
193 178 182266763
111 136 968032285
285 250 778742368
158 50 295222606
292 93 940437634
119 206 130376209
50 280 926720678
102 268 182892244
37 276 152311263
49 136 347104409
110 28 807296487
172 190 388552174
8 174 162600875
275 84 247106124
80 75 590968316
113 245 181470673
273 47 127833104
251 148 500364671
194 237 703057699
256 285 35894786
16 94 47983414
254 17 953764255
27 24 396916481
153 299 454106364
277 130 61645590
244 295 455519435
169 267 532940781
72 217 339806180
295 162 831749416
193 117 870141501
278 185 840899546
143 138 73773963
250 165 389313386
230 69 418776536
293 45 604869666
234 41 740546760
120 209 956184026
300 32 31018495
132 26 295426056
147 270 901717973
199 300 902031357
45 142 103662694
259 143 747680510
144 72 996685679
132 116 950300675
197 50 52010167
256 169 483284827
33 221 371957759
27 52 923426336
183 250 988231906
207 149 307301957
115 245 76103550
108 203 100917293
70 98 778659664
100 229 415953380
226 125 926960381
145 132 767200101
271 165 322129673
129 191 79038924
117 73 427226326
74 279 531800674
30 93 938694218
179 253 574197272
171 74 975106869
235 225 412715898
166 150 344410374
198 46 658220706
98 17 162847270
271 197 889308560
246 13 985546985
171 138 353280515
296 167 894540508
65 98 270538712
36 268 228955637
157 254 766476961
154 171 538436062
27 68 596843108
84 166 424982924
253 188 99845972
65 133 839825885
1 56 43219974
215 51 459781141
274 168 870645638
285 203 376730757
121 59 756696163
233 264 426495233
195 43 18121053
202 126 593741018
277 131 33033857
248 195 710005789
284 195 609432196
158 161 410597399
198 135 904711966
87 119 518489520
295 292 227036931
157 224 443070094
242 170 216032088
94 71 499110914
163 99 12702896
119 47 941083890
259 30 827349936
155 239 24781548
153 188 575402882
18 274 454785353
189 21 39368244
119 229 800661219
13 170 277100341
52 15 213012363
165 177 885896562
160 295 248115260
101 254 139494341
288 160 603253780
36 12 951691067
217 81 907968193
21 269 848815913
64 88 235963093
135 152 790872263
75 203 89213529
189 120 19695206
50 31 320383852
9 184 848768905
50 171 919315264
29 258 942620327
247 175 970879707
139 195 227615628
103 11 87348667
296 197 845665270
110 23 718597524
238 211 57772695
295 13 23377326
47 21 261528009
103 122 452091031
267 202 767331589
245 149 635168915
4 39 510388361
31 142 284874523
249 189 759288619
18 50 915763693
93 287 114795756
288 282 242281368
213 80 546335788
73 182 18969710
103 200 115953263
91 145 83944811
57 148 535945250
218 230 173286843
140 230 231932683
11 299 502755032
203 91 74967418
58 78 673297751
225 42 765613530
165 114 53200012
226 217 160405163
188 59 324816607
51 116 74863106
200 33 638160287
294 224 102056816
276 234 164734314
7 189 544790305
76 298 152513834
179 275 158765876
60 139 677590789
123 116 13595957
86 3 81596616
192 53 221794383
250 4 92061267
236 49 977271790
204 24 341747276
117 82 248735064
173 158 665547261
7 88 834465235
182 147 154341125
170 270 644144640
127 107 272345395
194 50 122888199
76 299 584234655
42 287 829671603
283 190 91131727
158 58 576402760
221 231 507935769
34 289 411544856
120 222 757876255
45 91 600129976
136 269 98711182
282 214 430952831
181 289 524234382
187 82 164199768
189 65 157938509
267 222 817668566
127 195 393212948
195 280 184569136
103 99 203019357
209 195 126154400
284 83 967570220
165 64 808863434
147 296 724344774
128 182 806075508
147 123 31327424
55 89 889331445
21 267 186371691
268 214 735479070
256 68 76151521
112 276 362730167
163 259 239359649
183 175 683418065
168 21 965277260
193 201 374204594
300 47 887355316
275 102 300893856
120 174 191222975
262 193 213762088
84 148 485088755
4 12 763079230
170 226 500379840
171 160 943185414
235 79 227481486
46 272 24986086
91 23 204931685
258 298 72740438
214 169 446080911
188 182 423198755
127 265 336146755
133 20 240460618
114 242 262294743
53 112 74252055
166 98 632679633
51 195 366954956
189 286 83153531
73 243 960086428
110 208 444634148
72 147 870652029
226 25 678651846
280 157 92268765
97 270 326749306
192 22 473969469
146 239 364830966
178 42 669643761
234 230 615128798
64 2 88641392
243 163 391075400
42 234 418686498
22 159 532720423
267 139 70782279
232 287 648467649
189 178 618672722
258 23 72066561
175 253 88647002
287 186 693400131
84 1 943773984
176 295 59992646
227 36 340653379
124 57 61471289
46 24 853560427
177 7 514930466
225 247 602843443
98 256 896584118
158 131 176315770
11 117 661509707
41 253 582803107
176 128 605315101
121 54 26196188
51 229 863582044
140 275 501157219
118 203 31190477
83 127 780431124
278 276 75364979
195 134 133339361
116 144 771481678
222 237 162469782
80 164 837396009
232 37 744884814
119 87 303622694
62 278 193813720
81 96 338756522
157 230 239435100
232 207 514522176
211 153 88600661
71 20 50317556
100 241 93072992
81 72 718190008
241 3 280628544
206 121 826074682
100 235 563483360
19 15 51447707
141 223 952381836
140 155 574161895
167 117 813371999
27 239 846327919
83 39 187055711
126 171 418358483
33 164 998067685
28 69 952379506
110 168 997392340
221 239 634263406
127 131 894183180
14 270 557582786
160 137 699827202
159 215 159288493
229 297 2415631
239 123 949227453
21 155 984603616
106 183 705945285
63 44 269391504
254 264 16239642
211 90 137762572
90 155 873395394
228 15 737660282
129 225 819157896
21 153 20722145
3 91 582909667
208 112 76426821
223 269 486934855
59 83 787992098
115 88 248114613
108 298 66233754
232 139 47247709
25 66 470351075
58 247 296399499
5 19 76753603
249 22 293436393
15 281 69839056
288 255 404029276
194 14 248386558
144 128 305335945
56 235 61657194
110 166 559017133
70 242 207514898
44 51 559494044
242 108 774243063
44 56 706693936
288 123 158590468
44 162 262019922
171 107 575443935
29 250 73286714
25 58 771787901
19 167 661226418
151 236 467514012
100 279 928310962
244 272 420324221
158 67 259243229
145 106 27977651
112 201 360503364
33 72 891238870
20 152 113208972
133 176 422011929
285 194 736397847
3 96 103614434
14 196 141496412
127 191 703992335
48 100 15339453
128 244 368974158
30 107 687251859
93 191 226718182
14 210 383243333
237 95 314679608
165 131 935200554
63 133 951306949
196 198 275546396
59 77 467412938
193 176 301149637
197 3 188483132
7 32 288003890
265 176 9215481
46 189 632594542
30 126 231427788
137 42 577503119
242 105 184563303
143 300 667606001
238 59 512491229
276 3 434510504
164 252 397939758
48 258 578240289
37 222 40948164
217 19 529818604
59 48 158060581
98 236 200202375
216 178 540125479
219 20 986477030
171 9 680753440
199 36 179463395
154 200 497946346
111 247 857692803
99 283 798470976
14 252 546999046
169 62 486520345
202 159 931714480
276 75 522814709
154 45 211127980
135 215 124717041
175 113 878478476
269 266 478594627
66 128 113548625
68 278 71344360
43 291 361197311
140 211 320734724
284 112 476351682
115 139 110584008
124 44 555478652
255 179 183674318
95 105 802629530
271 125 404403847
149 190 534420674
274 257 623436651
133 51 564916293
243 190 741194556
218 225 310332019
299 39 472531058
259 214 620433501
210 169 740516379
180 15 218565835
209 37 529012559
8 186 22319248
233 159 408695056
136 291 634094606
28 285 950549647
235 202 992064171
254 252 542869010
111 262 978295223
11 224 361987143
142 103 966145458
76 63 374281346
135 70 359956731
134 3 741752941
90 138 738497983
147 217 563905519
94 152 538710272
16 157 139263924
225 267 33699537
100 29 72463060
194 170 291745162
3 298 346691725
149 184 641706594
231 17 416243148
172 158 293738037
154 5 691623906
225 150 351095309
196 217 582484265
171 194 858321831
108 293 504074211
267 238 407741433
229 241 787889330
253 141 878563165
98 71 849565833
298 294 109592391
34 200 997770147
91 124 464648748
299 71 502292364
63 242 506086357
145 49 306842301
256 67 119063691
288 47 56379631
69 299 50620523
85 149 609226745
117 146 473951239
59 231 88324690
57 22 311219913
256 72 386379883
20 135 305584876
28 31 250018076
81 286 292142543
71 25 576219789
53 145 448941540
175 229 404530740
119 98 6714185
109 156 106778967
298 213 543832640
62 220 668970512
145 239 64676846
272 19 146822528
148 99 861932714
90 169 175297890
130 221 22291035
221 147 986508015
160 17 64998312
296 126 72387020
63 175 6444284
254 237 184335203
165 133 108352142
262 104 842130512
90 251 987479910
255 92 368496730
144 274 41560602
230 194 57292048
297 54 729950516
108 49 680970893
127 163 998677868
110 117 699324056
13 33 169289340
206 295 714158595
169 84 583949898
230 90 70805789
159 233 308495114
112 215 40926708
211 211 377664013
26 70 325421213
19 249 990977276
238 110 623197544
145 122 38536176
236 79 6702722
130 247 822003357
27 228 198887146
68 86 165168331
81 249 595654297
40 159 476853059
52 185 873762928
165 255 563803628
192 244 848386738
87 140 764363811
14 75 272603342
236 204 215235840
44 283 432257568
190 102 144681605
72 182 394068554
168 274 90226812
226 25 815623248
105 241 251228754
233 184 395721197
222 270 653457336
32 284 46242862
273 271 583203666
213 14 405838700
132 255 732437401
136 26 724011234
89 245 421486907
201 170 55044784
300 27 97589724
54 11 97648060
50 232 973384629
238 15 320884664
199 288 294334534
116 252 420770300
15 83 46562754
67 218 41912932
1 59 149958776
259 11 847553346
242 10 566008624
218 63 164095534
77 165 195233517
205 154 571270031
121 104 417324770
254 220 96117221
153 286 744937655
59 53 655951325
290 53 75743135
165 11 242023545
262 5 822932154
85 222 69697717
270 50 83074133
86 6 664002386
217 126 711241689
86 80 660512060
259 284 65135846
265 94 510066798
241 83 571832502
275 300 819403512
19 261 12857316
73 98 102299989
241 67 332863238
25 153 530448044
262 121 15939069
250 206 936187200
262 216 711962736
207 233 242344781
256 173 864213564
57 148 285076915
220 218 647455475
88 42 74906924
176 282 26494091
66 58 402483195
261 19 921627915
281 21 853769372
133 282 147541140
268 188 547880872
300 195 563256244
63 251 121926743
229 222 613399561
4 9 713123202
227 237 343311736
269 54 587039293
163 14 960824612
177 294 28425732
201 126 302871065
140 145 144263752
11 145 472735998
106 259 155087600
49 188 863238421
261 243 315078482
214 221 760391418
201 190 89589523
194 52 128088136
257 281 449375381
40 233 137122107
104 72 460840103
107 134 810357799
56 239 49888758
255 39 169542597
75 51 964258439
256 265 213975911
125 165 240156400
47 110 150315804
34 118 866082036
15 157 241224468
173 12 275800591
175 170 665174924
126 225 825120062
35 179 582595453
131 254 698484303
221 261 738426167
231 86 750765484
183 184 470025193
186 218 562062611
273 232 907819819
240 104 957651531
82 30 413370552
5 207 42680177
218 241 853184355
170 123 560637860
173 43 480119173
191 26 372019710
74 208 325928993
119 145 174967862
281 169 663478993
299 160 486133548
81 241 103771630
33 245 326751036
261 162 57476877
67 84 170524451
127 256 925119494
251 198 92786971
160 24 61166930
252 142 833091526
66 174 274642794
58 224 479561553
258 5 723648393
239 89 524594589
74 101 855003850
202 167 2504333
153 45 665580340
198 295 435174390
20 154 209535613
49 158 163721906
274 223 859795879
119 32 58093702
123 41 568783258
67 279 805235098
255 53 810129398
56 6 289166865
241 158 655501709
80 107 241769456
221 126 714957109
33 226 958542718
90 251 294977792
20 69 387741324
174 191 427999564
31 9 519524143
81 263 841582447
178 19 451651352
194 259 372771662
203 90 382579220
258 11 721344646
218 95 7783923
88 185 369955874
179 204 935019642
2 77 887569485
218 160 951253793
112 240 503183508
58 117 545846126
61 11 639295036
274 265 596594225
294 274 557950787
191 243 880383982
13 30 580132066
86 209 222023621
280 262 11635998
116 231 222785157
208 42 660706196
67 151 988044864
192 264 493968026
79 237 833977390
4 230 954875115
42 120 719101958
123 133 790233339
140 218 610730699
61 197 420851713
58 12 648595943
266 272 518520237
113 90 872207039
76 282 161307702
102 112 611110239
143 115 456710220
210 209 566935940
219 31 654604024
257 223 237153993
256 283 102121842
268 92 137077053
262 57 850822476
50 221 894025266
289 296 665047899
242 149 803185410
132 44 757548377
252 253 86087585
191 171 521703367
66 179 644527789
158 134 529100823
199 153 334542114
4 167 988669522
131 216 152189242
48 256 665662490
246 198 23057290
8 29 58351033
236 32 431451537
72 274 8944407
290 39 138612038
131 197 873636071
253 147 192417276
167 150 891035242
240 281 193042909
182 80 118130965
223 78 532639814
112 85 47679694
45 72 119960826
281 195 168935499
140 184 849207738
177 14 250447886
99 267 622261432
226 185 806758134
219 176 654760466
128 109 912810045
44 31 98471122
209 143 867445458
154 239 977281429
79 271 71615675
30 162 967118859
267 90 13351472
204 189 591930690
287 166 37398626
220 85 338424802
185 264 499714810
282 59 39447493
103 267 275647435
113 120 971698373
193 251 411568195
168 280 751684957
26 298 983177046
249 201 832196886
191 187 491161752
16 159 556139588
69 95 367656951
76 231
123 209
227 231
95 157
181 98
48 287
154 175
83 27
24 231
180 29
266 276
215 122
189 17
256 125
219 258
188 106
66 47
29 10
218 44
142 123
161 150
76 189
268 15
245 159
239 43
19 176
297 204
273 285
109 238
195 228
34 79
177 134
195 151
195 205
79 164
13 36
276 240
6 88
298 243
286 250
178 236
192 56
92 226
163 164
91 200
30 109
242 176
27 207
163 188
51 273
8 242
233 115
203 35
278 238
239 252
240 15
70 168
94 131
294 161
112 8
169 136
12 141
99 162
50 90
114 262
255 100
215 121
155 187
176 169
172 184
198 114
282 111
241 19
231 127
186 286
122 94
287 54
216 185
26 85
46 17
168 139
11 52
238 134
2 217
153 113
279 226
36 102
121 12
190 29
14 103
197 75
181 187
123 235
19 148
164 200
38 117
168 31
165 100
17 106
270 218
143 169
270 248
11 231
259 142
297 200
275 24
263 245
179 207
54 137
37 197
65 269
51 126
278 233
38 267
185 46
214 59
59 79
61 235
129 69
269 71
95 125
121 295
253 109
297 299
247 6
26 85
263 12
244 76
43 240
285 33
143 279
109 250
184 201
22 170
240 64
240 42
36 86
246 60
110 40
45 243
27 57
120 122
197 289
228 63
147 239
269 264
213 289
242 78
299 149
212 263
4 290
76 152
263 91
130 21
15 73
181 226
47 94
82 300
114 295
234 62
25 12
300 254
31 290
138 293
255 81
71 101
4 10
152 146
218 267
91 281
258 285
78 271
22 56
51 211
272 135
198 36
289 49
38 197
242 72
152 227
27 196
258 222
119 31
49 109
142 37
21 139
161 151
207 150
60 182
68 9
44 84
184 265
213 84
155 273
199 154
102 59
280 277
7 111
219 99
187 55
245 60
211 259
108 105
38 169
177 219
2 157
173 272
55 185
157 138
43 262
20 107
84 144
254 51
201 142
249 225
36 87
97 193
50 298
166 204
175 139
296 94
65 176
113 168
57 172
185 21
128 100
243 256
6 211
104 249
225 207
45 52
245 260
258 142
97 46
184 123
269 271
199 231
151 85
8 11
31 207
6 192
147 210
172 1
1 205
111 276
27 225
184 207
48 23
68 141
16 145
167 4
234 284
68 65
127 136
43 128
19 210
119 48
100 218
122 291
18 100
76 284
242 44
119 260
152 290
186 238
241 219
202 52
117 227
62 22
149 243
152 156
204 219
136 23
65 55
155 9
44 82
177 282
241 286
27 295
233 145
63 212
263 225
203 17
38 131
126 265
120 238
208 29
51 75
182 96
156 115
248 88
69 200
237 125
171 10
206 263
226 103
80 268
284 240
71 282
298 73
