300 5000 300
189 4 117514124
122 299 621062358
254 191 899759263
119 36 185980742
238 71 801900569
108 73 616058577
155 102 383030423
217 89 604887278
213 110 112032543
238 80 588432489
18 268 93890492
193 141 666873391
250 147 479924133
165 265 918646868
106 254 42283490
74 62 376933262
103 268 951766064
125 184 410477852
254 149 854525961
297 138 195058692
237 155 15988759
129 47 680144452
71 49 917874798
255 213 548703214
174 70 738708068
163 144 517113781
224 298 412529400
87 174 410534936
91 128 185997436
203 176 903578073
95 112 926161528
5 292 76294626
56 114 122523374
5 68 669639738
219 241 51108108
138 103 921345403
118 27 748926552
117 165 64365625
104 255 177582604
239 210 348093679
212 4 869364043
91 8 982767834
68 116 60211148
94 120 434134467
31 38 170668308
90 175 17128862
44 44 645416688
47 213 564846905
172 16 333381011
175 7 658061320
106 218 733946523
148 60 282058083
233 127 130024098
132 220 900752069
99 3 290428859
58 144 37762533
119 188 217415929
259 234 389402093
263 157 111739608
273 84 127974966
193 189 784137183
167 88 416453194
201 20 396184921
50 204 403404792
19 2 255236194
77 111 707819938
61 229 535017777
141 187 485756262
133 201 476917371
193 174 833567354
258 118 756316242
293 284 967044429
86 237 301036100
58 286 818502403
250 4 806094156
143 132 286996018
232 245 573304147
260 85 867984285
274 270 883366986
144 162 952833259
97 119 439477128
290 163 224728763
270 249 443162599
21 6 77319085
224 7 880466640
231 202 143034124
49 133 902784068
147 145 82165104
183 118 218062973
68 261 274733634
178 109 232668405
105 150 876004467
68 119 473711367
266 139 421974025
202 114 124197231
142 97 540649884
265 197 526635569
84 95 469688413
287 277 560597382
160 45 423763494
245 222 892754102
149 79 281434503
268 198 851816421
86 215 462485011
210 117 931942677
93 10 66283573
228 26 857536421
196 109 26489015
8 95 293641991
41 6 394878687
34 251 283032361
187 99 397580139
189 118 815767136
61 204 980755950
72 165 822382018
300 257 368595627
24 237 614947252
244 132 316737312
10 192 851098207
300 232 141125612
139 266 314069514
199 204 897565613
37 93 177683782
124 205 923102685
125 28 260829050
243 27 167576458
121 50 183994794
25 45 836719626
36 54 300472069
194 106 430816800
58 244 356550017
171 194 970425821
135 230 406395065
217 105 516274169
201 281 615064497
102 275 487225075
12 96 199039477
105 172 608044121
82 207 445760727
250 153 5831284
102 210 683134479
218 80 760702672
290 267 488632353
206 183 682690657
27 135 28666237
123 289 201457464
49 300 864627259
25 104 43188282
98 238 496328788
224 239 632696040
259 40 445932001
237 10 397589833
108 51 237751499
12 257 996617133
268 283 597289419
256 157 300597407
219 205 126633906
29 282 111910062
10 79 945661851
250 2 75844989
41 260 785792629
42 248 137087490
174 107 247639040
24 118 376358696
56 137 744553330
274 92 114771086
233 63 679269743
190 143 784572424
3 205 891239602
53 154 297548355
94 194 9329966
174 287 709718913
263 160 11934219
102 183 257124588
250 290 275464324
79 16 948136015
117 300 181629829
111 189 988056672
86 244 115637528
87 48 355668481
193 141 898394626
258 14 337231613
22 28 922285624
192 130 891308159
179 79 93432700
2 209 273432315
268 25 436937114
49 135 563097355
272 220 763823098
99 58 837292545
131 2 859350686
56 11 320822851
20 32 506280179
144 275 515878060
202 205 873458838
1 258 28608546
168 278 948614623
33 26 312746809
87 49 905577529
84 147 175895438
181 277 568732540
118 84 945935150
68 104 869738534
98 247 204593260
257 200 207623917
246 252 301778474
144 171 140225651
66 204 757111628
226 290 140493076
254 126 258523874
144 6 466872502
35 175 663933586
236 242 39455089
221 92 368238987
181 48 689077086
97 46 800434789
22 189 123228060
225 6 946910363
204 231 687095404
232 237 107606281
105 132 45735538
7 166 213350212
44 101 783789506
132 22 263333597
218 254 20376896
255 50 928378241
295 123 720978881
154 47 346793438
268 251 118568721
124 182 794398609
104 38 550178540
194 96 659673757
105 139 68819409
62 22 647354030
58 239 157419935
206 245 101608336
98 240 634214059
179 145 747979105
68 113 905047807
240 236 245913240
48 91 29099278
39 284 573994773
195 141 397049664
204 202 685202685
285 12 659209176
20 217 8146220
155 14 237481311
113 244 617926156
170 64 801423820
176 3 475069707
168 51 746470097
145 141 366393233
269 36 548189325
232 291 75647878
217 275 212102489
244 294 682962757
163 201 416606923
126 13 134013866
233 234 739526081
152 162 646679584
58 29 354905686
106 173 414382926
190 141 337301413
114 125 339964203
292 93 922241678
232 36 94070123
89 250 104541523
11 75 587869936
228 59 997067169
261 210 89697382
244 19 406641110
81 177 829513982
58 66 637343475
71 232 227179251
73 275 431707643
50 206 762654178
73 294 80681427
295 56 475787054
282 36 565897212
203 296 4952074
284 291 415504992
94 71 101575120
127 128 724522986
53 250 390086969
103 23 468882243
245 124 25527648
174 248 595502294
1 295 742896749
254 276 159273936
17 230 879127231
290 266 254168921
282 111 491821043
201 237 6466523
238 42 135406772
206 144 218605994
200 141 30822218
48 14 518641917
241 66 81573911
241 71 12520839
277 88 161066220
59 77 764391085
80 110 81652895
222 63 794881984
244 300 541421825
216 258 400968020
261 157 805228212
130 256 516856578
247 248 616534543
109 189 285081866
247 217 383363053
67 275 621362881
203 106 562069991
98 80 12092205
33 23 990919804
257 290 446188813
128 3 994265122
140 132 660676377
217 130 893441225
111 239 287972765
76 237 3544933
180 55 66768607
61 258 436845413
103 107 605596392
207 139 579488066
62 95 493927208
227 274 420036162
248 165 388637145
276 133 918372075
252 244 795847565
116 71 33584453
248 3 940132608
107 115 984915817
71 217 397070623
62 175 823995361
179 236 659628207
38 162 157453532
199 161 270183197
244 137 367190129
170 88 65008872
86 256 353753995
238 255 764272197
197 113 770442711
165 183 786851879
187 244 973075553
99 175 25066240
157 212 536496402
189 111 59180214
85 106 548761350
113 27 456230090
137 112 69559197
283 101 392293603
131 298 491201916
93 214 655645898
271 101 343738294
23 251 134967168
62 108 228292431
15 48 191233893
129 184 412428698
130 296 515281624
271 184 148156587
67 218 492121688
170 48 192342237
85 140 233734050
234 110 13367750
27 184 912787753
294 298 739105912
277 12 649775759
69 192 767496842
267 22 459459289
242 292 643188325
29 111 672437942
216 32 163996690
152 168 740823629
1 101 42286991
3 128 41462326
7 173 910899523
118 149 892127687
28 218 44327030
121 236 63742551
209 177 964153395
285 257 815118757
227 224 156415888
268 127 331763055
96 180 996806155
138 234 347799834
64 240 519711259
286 109 888316507
24 136 349882176
254 256 316836963
256 216 304462492
2 201 460915348
158 179 130833572
97 146 359075750
151 293 674343229
58 131 795036462
143 246 633943201
101 283 782685709
260 7 743556096
87 260 284051203
150 267 863630319
141 269 830514471
88 126 857141601
11 223 107508398
113 125 322438490
41 234 249251572
203 77 76893617
55 177 421296852
16 188 469556258
111 275 971031569
214 124 989465335
284 264 341527303
6 103 694852581
258 166 205857055
55 278 206303779
144 70 398031613
168 272 128840389
136 79 770957717
87 94 65216457
96 256 508982431
64 221 271608954
51 256 510074869
253 261 832779171
33 218 928104488
139 272 302610217
18 168 630639587
182 35 559745410
122 222 723870888
290 9 610734433
46 104 963892141
76 220 67395213
229 270 784873969
149 222 651875581
172 7 525541651
59 145 513380574
276 214 937830841
262 95 753176727
23 268 36311849
111 258 61049409
95 3 296945664
87 79 715032183
300 59 157290652
168 208 817764726
48 79 391306984
250 189 83774480
124 164 101470994
216 177 547460840
95 200 550584408
195 62 734315765
3 208 163871367
266 295 200749997
149 294 264044256
52 213 568861715
177 12 95465193
112 262 329508233
192 85 16051997
185 52 343285125
24 146 18436676
183 40 617893889
247 42 752391197
66 60 90853443
262 260 848159488
217 11 809183300
131 240 330833163
175 51 233618024
160 242 735951160
8 178 775663412
32 254 958447857
60 136 173132697
148 135 333283690
196 200 883330149
238 161 390820608
77 78 865562071
76 260 125319262
191 187 708882812
214 46 405059906
126 53 315321535
37 136 134612188
93 195 118548976
241 95 148931310
131 290 242146909
79 280 598945769
39 56 335888498
61 184 21836810
22 74 752255896
33 39 561686693
90 164 466181197
25 200 661540884
264 45 166202431
39 285 598059725
248 167 562020314
56 298 1453993
25 88 617036601
122 148 365435084
231 169 282515309
278 253 749378947
122 43 354493511
70 119 726038762
154 82 969946206
184 121 964381243
8 120 42627561
173 176 88015310
18 252 491365097
218 125 970755344
53 108 651505312
261 85 95014165
207 259 558858159
69 28 358358829
131 181 775612010
288 116 634199382
182 175 83052254
295 48 659284829
104 117 519391932
1 86 294229356
44 138 858150263
8 98 815926900
224 56 581762310
234 177 769321337
62 59 745177570
23 46 675533437
157 280 305932312
110 274 903427211
238 77 469472127
121 129 473620012
76 225 133822301
191 232 27561598
142 207 461765905
51 140 938412381
39 253 36056139
260 275 577159737
297 131 378620768
260 240 630550441
270 229 125996769
148 49 503808498
111 177 587257322
211 119 880364905
160 260 478145411
164 62 644489702
97 100 885240254
87 112 828525428
175 108 813577311
242 119 70931802
34 88 259873731
203 287 604827731
252 97 547506807
225 7 651093925
129 166 584032336
291 81 75567997
292 177 600054949
297 16 902670760
224 190 511465219
86 184 732370637
188 217 321330576
218 171 747817162
100 174 337966758
107 98 78118016
283 226 143316181
119 268 700359861
67 259 540177790
115 255 551342457
26 231 311013598
44 68 197811981
180 255 547320750
155 224 633020320
168 24 663751894
225 182 79289143
40 216 54964269
72 86 478988088
185 153 290817599
174 19 228209405
282 45 119688935
279 88 336382555
160 20 391673009
61 226 102983085
80 94 370107808
25 70 298103041
68 162 685546356
88 233 968986442
75 169 76507646
125 94 755648564
130 75 761596308
116 54 458332448
170 265 578227619
179 25 590096044
163 156 946787589
222 233 133752659
162 300 934141972
69 139 638755356
10 265 800469025
155 90 811977118
19 219 224622093
278 34 201933898
77 256 89208162
195 134 138798338
291 48 131208393
179 21 435222925
189 234 130131076
112 2 123413466
268 12 41541831
292 218 27850120
161 288 163064090
53 18 566872675
102 94 575658430
63 41 433610715
100 31 243712614
45 261 376071934
169 202 981308067
97 13 597483721
162 32 341068984
192 75 288571501
63 236 48156189
204 40 86452058
79 142 156758851
208 204 542336891
275 56 685798573
88 100 681415134
222 20 220488287
40 116 532127299
212 30 960120231
95 221 157452457
196 36 231068392
36 239 110622832
193 69 850566025
195 29 687589780
238 3 760492435
10 90 905515086
95 63 705364306
81 155 995203873
80 66 45930902
162 161 751603575
18 108 140072010
162 143 79433000
45 87 136559221
69 281 34592749
100 218 912177003
187 280 160508244
72 74 155658407
29 155 583968261
102 286 42921526
255 199 726103538
29 268 69569445
190 129 826508139
42 225 83371677
14 45 144402558
262 145 109486727
16 31 664422758
159 102 638109432
117 183 956067738
177 284 150424975
55 290 181301373
144 19 58665740
289 260 866102821
27 1 566751797
204 14 158662342
113 27 34456938
291 94 102111668
201 253 972174321
184 69 350009203
21 298 83336538
195 104 218087228
19 247 358381198
110 235 644290457
30 14 7764358
279 269 290394823
220 133 526774602
57 175 629080695
276 75 757821347
296 258 773687668
251 30 408131565
188 224 409107268
167 242 502718314
164 52 611050501
121 133 708095614
130 111 582258034
204 82 525423966
5 190 204629192
200 165 579263767
98 213 844986176
117 163 105347806
81 102 363289981
200 269 947597723
266 184 474485826
266 56 810057110
31 237 521063373
64 141 766166954
281 197 284857496
72 148 474213960
290 246 11443372
166 62 99071286
71 195 967917888
3 146 541103108
177 111 177008143
102 76 667407099
264 106 725097035
236 221 640472775
41 201 792825272
36 273 811235219
196 262 306040316
19 179 50928230
57 1 306546876
196 4 482003521
55 180 932532832
97 282 121701659
195 297 905089265
230 232 422502737
156 272 494333338
279 8 30242962
250 255 609495375
165 25 77076754
246 81 390851254
221 28 914108857
42 82 299479989
25 179 168934122
83 73 185044718
299 54 868875149
136 262 839108720
173 240 233119279
286 189 525120785
60 106 726556610
65 51 641530742
19 24 90477422
27 65 761983403
215 141 685573181
136 223 381170206
105 222 573871511
253 57 904149872
125 281 17346912
3 266 429730552
240 77 447341109
149 142 121106812
242 212 757574535
63 290 691264151
18 257 854708491
98 144 369609213
55 249 993571934
66 201 1615742
89 77 35557622
52 80 830673239
204 71 996457968
264 271 609988561
75 212 62116272
209 27 824499013
159 44 491584069
1 193 84821913
14 248 641773613
299 65 178797965
93 205 387520042
166 257 353575473
205 160 602085043
124 123 712121713
184 250 177732576
207 158 236878702
271 69 356576197
240 69 369881890
104 134 362998689
268 133 909798105
32 277 914430009
173 142 246757665
145 98 189027976
187 221 188582051
251 156 366526700
227 114 332952809
228 85 926608177
25 76 854717646
66 179 191923131
106 146 79280215
210 177 370920991
270 102 954919433
235 246 514465130
162 185 898532403
212 135 864593458
263 61 32313624
172 41 521159208
148 117 527746983
245 182 136898861
176 39 695421158
290 248 529595486
133 217 26941887
65 203 393552185
146 65 231511421
148 28 400424955
58 291 783058068
81 214 763773108
188 113 404178976
122 58 221641209
234 285 431674847
191 26 944077994
128 158 378313362
167 274 128622265
203 120 89065381
123 19 595708408
177 76 720110750
96 208 942708863
55 147 42627276
130 268 727099985
138 201 188050121
184 143 652241546
229 271 195627956
243 189 920612429
159 91 46692800
139 213 619885119
198 141 209815546
248 237 996281354
262 291 205474452
37 121 660109120
221 10 202116920
193 194 379435363
139 174 574176285
46 116 813281573
226 274 342819763
226 164 246818627
296 62 73186767
193 61 310014955
298 22 868559946
250 111 858033418
169 83 500076579
288 276 373847924
2 114 275941798
286 211 289704265
210 136 691241239
172 113 127167154
98 108 488157715
217 1 51872727
271 298 55988349
68 299 248164559
37 167 355501341
16 207 566048816
239 208 384564881
88 246 6677491
53 207 58031779
43 79 732804191
196 228 355912551
163 196 137172403
189 219 925381452
237 286 926014151
147 75 799179617
88 90 452027475
55 80 411476735
188 168 104220032
230 272 343538938
108 14 324769568
151 209 294730548
53 71 326608643
255 12 582935161
206 248 784786399
208 95 790195773
77 234 99239862
151 40 790799293
185 227 288299512
216 157 881444783
154 264 113992696
273 166 965626757
20 218 924504679
263 172 42499190
175 130 228114990
73 89 729516636
97 165 902205469
210 16 17263008
103 252 311770487
214 220 939889043
49 125 664683158
196 97 218957024
4 117 811139541
183 131 430919465
124 5 3678246
65 130 455430034
100 226 290387151
120 136 108060718
180 290 319927469
166 255 882723788
60 3 139988612
217 199 269007861
292 202 859479377
233 136 943044507
149 12 102638411
246 76 828080192
79 228 57049270
129 99 888785505
246 278 671637246
67 195 988871300
106 254 574448803
270 223 247395153
230 214 120820754
6 198 824262990
264 46 105253753
226 291 486875328
18 122 256193407
87 2 462897106
43 300 976765783
288 66 814602630
239 223 63780335
193 192 388982057
45 173 861681171
99 230 145533568
40 193 523975066
292 119 683908
71 188 31090129
78 26 758097231
183 68 142282282
17 107 798540047
98 97 19659721
133 290 240597213
89 34 435393085
259 184 463526715
79 223 120558959
244 266 656611877
151 89 457314716
180 166 874684041
262 100 502538060
43 116 12514018
241 214 393483215
61 46 72410804
125 186 149208289
10 145 892180073
176 223 830621847
234 218 69787365
163 68 96551953
278 299 167109018
119 12 596872017
130 54 215123084
248 46 836464849
162 159 524677646
65 283 668743532
53 44 130343676
277 219 760044350
124 205 81820619
288 67 391323686
240 96 277192737
109 266 645008648
77 96 489570054
160 43 609416999
261 256 876725557
106 20 384609292
137 124 715944935
64 153 39291906
265 28 622692810
83 15 975275876
21 6 259388523
257 166 644682089
204 242 486210984
257 101 649005578
108 113 674032733
116 219 486219604
107 107 234774479
142 171 811877431
147 187 900666658
108 270 570929524
135 290 66701629
257 298 112641046
45 201 600587087
280 210 450695540
257 17 499431252
189 184 271471870
244 291 288077277
123 184 532107499
153 82 763606885
263 241 64396054
86 75 530831395
267 31 587589292
12 128 732194745
299 107 601701454
138 116 510559122
141 4 188009657
11 300 166145999
39 122 13429434
237 274 916635515
21 236 56006107
127 74 701784381
273 40 965875212
117 51 197993391
161 101 179317197
166 290 263884912
239 131 125729268
195 141 251069867
194 231 874681188
127 167 660957013
194 239 510564001
200 117 994431674
281 90 884294365
144 206 440276767
134 118 262965968
282 283 655573857
194 221 117531687
213 115 772827679
179 60 909539109
18 187 912289827
182 80 692170366
34 279 18609482
207 11 274954923
223 154 48795980
290 287 72327397
209 269 652283331
65 214 299222903
104 126 201155770
34 56 524227929
195 73 134385167
273 6 95746646
238 40 169351177
72 298 204466787
46 221 19485041
226 262 664915679
274 170 320075899
57 286 248850612
111 141 282001789
280 227 818082944
261 121 436807968
127 93 799133874
125 83 268141013
101 206 690777410
87 251 803853782
227 228 195130543
158 254 980090012
56 62 519338750
168 172 77892090
156 204 133610416
252 164 448549188
119 42 82481881
292 166 285127915
256 266 75096772
218 53 874827022
99 31 290663702
294 188 394934207
57 244 839921868
106 163 777365939
296 70 113454894
163 21 667383957
151 192 131087351
283 183 895279016
249 191 981826482
120 108 447712886
293 258 312423268
94 251 388356956
200 8 700622551
119 113 645554313
210 160 210186734
203 23 507570055
60 225 679544946
10 259 525245280
177 207 165328422
10 26 438055429
195 18 852312787
215 112 455747389
70 63 375932896
272 234 837240761
284 143 65046720
117 45 897993894
23 156 784631470
120 165 807441328
152 94 104067734
73 103 749607459
102 50 323920229
140 264 265153392
128 85 968241154
176 56 978138087
36 91 72210129
107 259 216428526
253 282 225660881
74 153 83510898
102 4 685257591
87 77 865243793
46 230 776215094
126 121 25562057
17 300 559190693
22 175 372690848
209 262 816649538
289 121 101253497
166 125 586589130
147 198 952201382
44 51 428368238
34 138 475385414
178 235 88857395
72 60 268580615
280 76 322818814
273 97 627504889
72 57 724912302
262 98 827571422
110 263 391025198
291 109 494872396
24 152 651587046
61 237 965236883
174 115 37945717
20 238 46150128
234 269 549970803
148 293 222681600
288 65 894936956
89 78 343979705
63 187 81205668
160 177 37308428
207 200 590766180
253 13 131869216
187 238 378377682
56 258 106506671
283 191 341818240
38 38 496019432
137 25 941801096
44 114 53361825
49 228 226922411
68 87 606621039
195 294 144659091
174 298 269404803
142 236 308759940
275 291 351581897
46 26 666451288
85 63 576186925
116 251 413326402
264 294 50265667
188 94 167092494
51 161 154832080
89 56 213389525
79 281 141835522
81 174 610439658
73 149 509664000
269 246 885658677
56 82 288394491
233 249 940553041
134 264 442103987
200 152 284510680
193 254 254011493
24 94 682882148
149 173 719437880
270 5 643031554
79 77 537073554
231 98 508070551
107 153 45324432
98 137 497370980
90 270 658527644
76 221 582156247
156 113 347695552
200 137 709250245
247 285 663995769
78 6 481336926
31 137 470033654
236 67 981667851
86 225 535207156
69 22 706838492
1 112 909888262
144 239 47138482
242 146 285681647
293 45 780349835
189 43 744532571
258 121 172581728
83 203 674936964
36 191 613778630
139 28 727281755
94 97 303840828
185 97 284008891
298 292 109889930
32 285 771027327
230 29 816399872
264 217 486438766
86 174 795549186
213 8 944311741
177 96 617283631
258 234 27568110
264 79 515456906
292 15 135870054
234 13 547335197
115 96 332008581
142 77 690102109
265 40 183382378
130 125 770812451
168 89 491278311
108 265 109780906
290 223 313020791
199 186 783688769
257 229 81139683
110 163 967778147
59 277 343258994
239 170 493263870
200 134 50658961
77 16 907460485
179 183 941282874
289 42 827063090
246 83 178579764
136 33 723114650
104 289 322057630
139 151 554384892
185 209 87535421
79 199 840020190
100 98 333271776
161 226 53728943
97 157 944424525
70 145 507219318
112 143 359396952
75 278 676009184
276 134 825029273
106 272 647359975
149 208 985303783
169 38 728418333
111 138 714289383
238 298 126299308
80 94 292809616
104 216 65913
273 27 210365455
224 101 236729032
259 77 715361765
231 234 579919688
157 82 945664596
291 251 8371833
24 113 261305270
206 50 755123867
65 129 102320813
133 284 391662628
45 8 302728754
99 231 866615306
130 241 806436934
47 224 444251267
234 80 39475901
81 71 974613551
214 146 499749815
235 51 243123764
254 167 110980692
66 299 752777827
93 43 823218134
146 193 534214916
103 23 561777356
137 121 583451079
155 54 246596059
255 187 241548781
57 100 444211226
271 86 421389128
286 39 151898146
129 104 76031545
255 196 898887939
88 93 978316432
255 196 403562406
11 84 889987626
289 238 870028131
99 245 141864869
279 1 8836968
4 24 142315106
131 9 592390444
177 138 313900148
273 92 551023195
163 232 753971988
246 186 494394535
103 248 578727770
80 237 451222959
111 35 151356003
131 66 358773156
199 69 720707879
156 252 332800287
99 180 11063776
146 152 803243468
193 66 90106551
280 64 553351588
66 166 754755936
235 246 130287024
145 108 74024558
248 238 385066375
103 188 950074644
33 43 747987547
219 142 225670526
295 39 164187829
214 231 314943746
116 262 656254709
203 79 444199475
238 65 273798372
261 210 162563179
71 209 104875116
245 63 814603856
240 95 729031798
238 65 145582091
63 111 378154882
143 24 125257012
289 139 698409526
197 94 592006956
23 83 532260721
94 44 675426482
24 166 320343890
192 162 678302452
247 154 322526398
96 91 733299662
87 206 774202373
220 100 100994348
283 88 951265787
8 37 435917332
216 59 604672214
136 205 440333809
69 228 16926674
158 119 424549888
61 117 613278093
58 213 331098835
119 51 803682640
43 270 900250040
291 252 935744779
129 12 713905215
60 227 383963526
73 114 219718082
234 182 531215709
207 39 980880580
146 151 530800196
238 260 615039060
225 130 526662910
64 173 348859331
55 163 354368983
186 43 946634094
52 102 570177972
277 226 904744985
158 159 478277966
19 118 463637156
298 15 391641358
145 5 732300617
205 229 71430946
66 292 35751070
197 99 21222632
31 284 389176826
176 35 17981927
247 64 69859205
183 273 132626115
248 291 223209332
155 40 471191447
212 237 489850551
228 193 610285479
125 258 488695222
195 206 877846172
178 288 713483107
204 163 562027594
82 161 807443157
186 43 374480581
253 290 89322872
84 196 490399663
282 107 108511151
132 86 706180043
262 263 515101953
136 157 31619858
107 34 167651798
166 289 164799160
259 71 298272621
167 8 472817163
47 260 19227105
270 96 401139600
285 77 862712359
235 261 136245996
78 274 293171458
230 161 369239814
39 268 90706400
136 185 994231688
148 143 802830310
268 9 586361470
182 107 477451281
138 77 551825428
238 61 280675357
248 47 6367969
43 124 339188742
101 105 472865603
14 144 285244722
65 31 489809206
105 230 501103000
266 197 126569260
135 131 740688566
68 268 137816494
95 257 955836354
3 204 8292001
171 247 1363476
13 99 597636381
67 164 533763276
88 229 977395958
45 33 93333588
144 50 32365136
3 237 119824118
20 4 522421286
114 150 198845294
19 153 306775798
271 23 687491496
47 87 781647494
279 153 810999957
106 292 866255285
263 88 646677869
102 283 955098019
138 37 82909907
55 57 802532110
292 222 223339111
186 240 773489915
35 211 459352490
130 9 620115576
23 287 433677481
131 92 185282924
116 106 217257464
236 208 178187746
106 97 47159383
212 151 417377291
73 195 574141612
136 80 178321403
50 114 385692313
39 243 902650521
167 17 179348759
199 147 749550302
222 14 590651108
85 2 501017467
283 159 660498163
217 71 41433665
207 195 166245259
170 30 233778238
72 80 255841103
237 170 67408997
109 88 450129413
268 286 920035012
21 208 343381077
128 44 366845478
246 26 650558937
108 294 277431359
173 252 49994853
131 121 896621235
221 245 738284066
123 181 34335835
20 41 109924823
232 8 251244860
95 29 938546167
272 208 946635263
201 206 601183540
237 13 801866734
147 185 818578485
252 68 77976758
86 288 905866602
103 110 392973034
289 181 441946574
263 165 84652334
223 259 70640614
141 230 990562521
103 183 50468226
143 171 910855891
228 18 760642827
212 21 766074294
69 106 865961233
222 260 463628395
255 248 626484775
29 211 657176139
162 133 475737498
75 273 278066279
247 128 431007961
25 22 437637832
115 249 427903601
193 212 451800121
39 33 258464978
171 254 586182237
165 209 321804084
40 289 280288046
130 150 7846278
127 276 574003
158 222 205106482
70 298 222627255
101 164 2486703
253 57 920812366
73 95 350548298
50 265 50077452
286 182 264889212
222 273 584413800
67 102 945819901
97 281 567231776
151 190 144244649
32 259 727326747
286 112 79850310
240 64 814974518
157 189 846257312
55 238 744692629
258 276 973908862
121 197 160390786
272 263 108798187
272 111 852417619
299 261 669315360
247 44 137983019
245 81 253607482
107 72 591575997
76 229 603688685
88 35 548410523
168 44 864440098
181 216 726097846
166 187 561155460
4 210 229975571
175 208 438164883
234 206 538313527
4 203 458081459
237 61 347439031
234 136 832231311
118 275 263006597
292 142 689842340
141 74 82660455
186 239 878391093
246 243 170337802
168 117 230765061
50 102 351401166
28 106 964605568
87 42 2744928
269 27 133310116
79 145 350042090
275 188 102666184
266 29 365091257
172 214 297708096
264 211 714347590
17 130 467427358
277 180 226262759
194 207 833869516
262 45 543855110
141 13 947795536
156 91 501895832
198 117 754566520
81 134 422764048
37 5 85102613
232 20 302737676
173 36 305644805
230 64 531988884
141 258 225116143
156 271 990591687
265 163 880887252
153 71 875717794
184 268 90606263
103 48 215394996
102 84 185260801
15 68 731111120
242 292 875800108
246 222 997576471
130 62 300357728
24 269 601265798
262 234 755561961
213 138 896556331
59 21 226807350
21 176 143948497
116 277 718103732
216 43 246981151
88 284 444928343
47 230 779372664
17 111 181609577
297 186 632992245
194 147 529892130
6 112 820104767
188 170 858042340
37 242 545755015
285 57 11039543
17 25 338998538
167 164 979853321
9 210 944281402
124 278 764271664
52 274 517456601
249 220 194427900
78 277 676072811
97 165 543141832
188 253 33724873
102 238 215733281
96 6 274427857
133 224 940919720
206 285 943525329
259 160 132337507
175 212 660230332
275 160 275953251
274 289 440100928
136 85 901746044
167 24 35179596
191 125 689382785
24 273 582459342
180 105 108874066
200 10 566071650
180 21 585941109
138 195 202608372
122 169 196549331
272 143 802688820
151 278 693647956
194 197 727469080
242 139 302423556
278 214 429550928
20 94 300366085
37 45 42205994
38 276 9417466
146 166 261239460
218 287 167644929
200 10 775578123
171 161 761111852
279 106 519904300
58 99 85680339
65 129 231722304
45 148 674908997
129 236 913709193
274 273 39131869
140 170 741063586
199 139 974701972
127 39 573549333
1 261 125190245
153 239 531370751
252 48 384819501
242 113 522402929
198 157 379096728
194 37 63774963
39 10 995025635
159 149 463822557
144 100 967741395
167 278 408364185
199 279 588379746
144 183 53952384
246 186 385067532
146 180 736665096
175 77 538296004
154 270 90326340
17 60 139994801
203 218 991686150
259 61 464188901
206 279 20115278
190 178 140076108
135 73 732666890
71 70 170308276
2 215 391196955
149 141 627055231
152 295 405308452
191 63 639665812
291 265 74291881
292 276 745217542
144 181 37210172
222 70 966270049
29 257 215136473
19 27 462663842
246 80 946188009
52 228 188111901
182 79 715015895
85 21 148224009
48 63 777729174
229 107 624903001
222 250 952454181
193 223 873779602
94 252 977259010
66 22 316844788
160 19 277604467
168 70 301235846
68 3 73518576
15 87 684778996
23 187 980044611
48 115 98485217
48 36 209322418
280 228 480155141
34 21 903575844
95 139 212251417
183 298 576490135
49 217 240005304
195 36 682368506
222 102 161404544
218 125 316779230
80 224 75300796
48 24 329670431
265 55 822131011
157 88 518952583
300 183 635271621
268 117 338784670
202 165 575679738
205 111 681552374
262 33 76451175
158 2 908600151
187 81 808244827
83 180 547771850
65 144 784668104
275 53 245229544
10 104 906715178
130 72 85969794
52 273 913114210
189 230 689384273
114 243 488298557
141 100 994636058
43 39 893474090
169 121 135814221
70 237 78462516
26 264 54090468
69 273 818790272
98 154 437329695
191 205 781166167
252 146 647854048
124 259 867245491
80 151 453261390
89 194 575197328
230 114 308354100
250 184 982402137
166 209 124505152
185 29 548583024
8 178 594940077
202 68 602360982
121 71 999041827
268 195 319051337
58 26 638840688
300 167 572042733
279 96 74385946
79 98 398674881
167 263 329577641
218 199 112323769
293 207 211177498
169 108 7075917
2 228 265649588
228 196 676282782
217 5 432306759
56 4 675841225
88 35 5392973
285 113 704259870
66 31 703420784
106 300 56966182
227 292 436202688
224 160 130976348
41 162 69936975
228 141 605971322
61 109 753808527
219 164 671742682
244 3 934971116
116 288 704364280
137 53 814840662
120 158 538389061
53 136 128625204
141 60 475456464
88 152 738792877
14 131 65159917
136 191 331157978
14 161 470595041
247 156 760546544
215 23 127914783
294 159 266341935
208 278 210438344
68 83 72527780
24 223 916304091
87 62 748843194
115 75 983278324
283 262 924966
260 27 381573526
101 274 653581582
296 188 822342104
178 233 592114963
164 140 518837292
7 260 659475274
38 283 302747948
180 121 579631661
225 235 560063388
48 217 850014449
113 177 908326076
39 29 259257301
172 76 985262888
275 5 495739820
289 168 458045112
281 226 558051471
106 16 629416805
206 195 295081225
66 172 146353959
53 219 953427627
54 84 194943855
81 174 341497683
81 45 858668358
20 19 874370662
139 8 507462881
202 40 115867007
172 197 477143522
228 102 360112868
52 220 513618239
162 272 773454310
241 77 288029693
195 209 291434266
178 289 437249610
287 8 400334180
101 199 920286587
81 100 73493178
39 24 666912875
12 251 708326328
180 55 924848847
270 268 729060171
279 208 970974747
123 103 116467708
88 32 867247296
149 18 766125456
229 170 308842006
67 3 953442057
297 41 110493432
71 53 556896583
50 284 145281789
197 253 169486656
119 284 435455164
65 106 138131166
24 246 471528697
220 146 146832466
227 74 38413136
184 193 358766290
240 189 518726230
72 11 552985534
206 60 969140717
94 8 133326370
249 126 524029505
12 243 724247110
229 266 582962507
177 237 684908953
143 215 282936978
30 98 297333170
219 90 506623410
200 161 725204220
234 118 366434632
2 263 355163491
23 211 567934617
27 275 533271811
189 255 662610076
295 132 380745765
247 274 601287979
25 55 485595077
46 25 839625466
256 224 773872578
227 209 697749347
10 211 904021209
101 233 414691171
69 260 812698045
279 200 941205700
206 194 124259183
70 193 803658256
149 269 427881462
77 14 650662386
94 21 843243609
271 300 263643370
69 9 175969680
77 109 271097964
47 177 220541375
44 207 601063374
295 113 995626468
77 182 794172312
184 82 574605180
45 158 339290945
282 251 594853018
90 273 66495617
211 41 973169725
190 169 522555186
154 268 282586614
128 63 786535821
54 57 402045585
173 185 804828966
184 120 153723000
215 164 229290057
259 145 428704660
128 286 673323032
244 197 365927225
121 138 410538445
158 43 369331512
71 171 760037174
243 224 376377482
227 96 342611618
145 31 462397837
144 245 16133952
52 255 801965996
211 83 220686634
95 26 683422882
19 198 366144419
215 55 392465562
27 126 982927684
252 120 738594159
286 99 507607806
203 243 84140936
240 138 895315080
191 189 132937534
39 152 244377668
172 246 591098394
5 16 703818491
223 230 105093146
236 256 930025323
119 260 817667194
29 245 317547992
34 147 939529386
121 138 984818023
100 29 387736664
86 119 724473615
205 42 373384612
298 46 847880527
41 20 411016156
138 256 284639364
112 126 81303675
205 207 324870219
149 240 62983317
34 61 905524455
109 212 721143935
124 49 164324105
290 254 603235246
101 3 573816591
227 95 147245262
34 232 10954117
149 95 705419895
223 52 116720401
241 200 604979792
210 285 254339004
16 145 812629468
150 268 265305068
206 9 4227121
251 109 178043076
93 87 638055070
254 121 194388954
123 21 777070048
117 244 56281899
69 184 202088850
12 145 154020287
68 160 896894231
35 61 523480051
102 266 758251359
175 216 974592768
2 8 725417506
171 262 569225378
76 84 643172099
76 252 28561342
126 72 902779677
76 135 328810422
62 202 64694381
244 236 536608194
94 90 203843259
253 264 374667527
272 17 770381234
129 187 243262347
107 15 804264982
105 90 11325385
98 215 981163956
274 42 23793191
47 155 393552092
280 99 755586480
273 244 522685069
231 248 404107684
209 271 577897400
143 100 534625638
141 206 321197704
223 62 862167293
7 159 771365360
215 184 250880753
205 231 454733760
148 210 279818610
27 234 249615353
47 216 974891701
82 125 135273123
81 19 751144422
71 159 96763679
74 133 962786640
219 192 82807350
30 158 507089134
234 62 416958764
293 261 582143325
202 40 686734658
107 138 787092373
207 220 257883997
81 52 722007115
3 122 275240426
181 248 721848910
121 218 73157953
270 299 310331510
55 232 309679123
18 225 464752884
294 178 236171975
151 284 294105112
224 242 895176331
172 23 469799383
139 25 405116256
264 205 22324655
25 77 36108224
278 99 217832322
87 153 670894054
10 223 850027178
245 216 887566655
219 119 33127839
30 42 114118780
61 265 118328954
195 103 91870078
202 118 836538535
157 143 315120963
80 120 757908361
2 206 377022566
155 267 589422340
284 211 124734655
290 129 227243225
280 159 126491366
212 271 490428483
165 165 336028985
195 66 643566003
129 274 134888445
191 106 735670616
104 107 51211321
221 13 96222388
260 48 187973050
266 89 857602579
91 121 104248789
8 32 970571659
190 248 631403275
227 142 491859892
81 22 574266166
77 265 767246671
192 68 288633729
264 288 809321393
3 299 31853192
253 264 843795780
31 106 983309700
71 166 417030083
29 55 410769531
203 33 761430824
194 113 453036146
211 189 653222810
33 132 972415529
13 96 787636868
5 150 688309166
96 102 504199781
276 184 462551939
27 254 689857004
110 34 529059810
192 288 316189343
115 234 399844307
112 144 62396796
73 229 597066479
101 241 202548326
168 246 827581076
285 93 512654129
118 120 115370065
56 147 887461318
159 8 357048604
120 199 450502491
62 65 512199224
169 177 116404968
216 249 587915448
146 50 510331688
172 269 398007785
47 6 282796930
75 123 155978549
39 230 705895047
9 140 497060154
12 259 645276104
54 73 59457369
278 293 45156445
97 208 960628845
144 105 925773746
183 276 580744367
220 22 613849872
49 149 234322746
297 239 52198575
196 299 462367066
49 62 288855324
205 116 552885396
73 145 654301588
169 241 508017047
213 136 711098252
111 18 318609879
277 237 305616653
200 285 37289053
245 34 776480791
271 229 968202242
188 29 116985655
11 233 820817170
259 5 149445066
198 225 514241606
45 190 60671293
48 300 594033111
26 28 69883899
130 227 918504236
82 223 148389021
273 245 612916949
266 132 366697229
20 194 349973262
242 152 327235118
7 102 196155595
13 198 64847184
257 245 564116335
167 22 422191062
118 152 957953940
53 233 405727714
73 257 817710958
73 222 361303441
101 294 325360486
114 235 262767490
132 241 680342391
178 5 938618588
61 262 601210684
295 180 134212205
8 297 548272508
247 101 28164293
212 225 202884701
69 297 40635975
161 150 658403768
146 263 729521602
35 146 255950894
77 23 751933251
264 135 278139964
147 129 428604143
104 188 978242392
263 186 993042592
107 97 326426469
208 217 886278265
282 77 596844266
49 275 103065029
102 61 289724726
95 138 500462601
197 101 800125835
260 300 605347116
255 155 338317503
246 169 809507289
89 276 277160537
157 183 706471854
274 164 163777382
239 264 121921256
219 65 696187317
97 211 419434306
297 108 377764458
31 67 24904809
298 21 495067563
101 18 41557932
141 107 545056559
277 15 503415441
82 288 662303256
264 279 827607419
119 197 581365883
87 45 32045893
192 41 784097052
150 124 263142971
158 121 897787791
73 273 223822961
156 165 529258367
214 142 845553181
206 275 911502021
61 238 471432799
231 57 333443247
113 195 787258092
257 139 185856284
261 288 329363659
31 197 970610980
173 21 5464804
33 176 390916069
51 141 256641662
32 98 309113436
104 158 712108774
102 88 440065282
100 252 41686628
143 261 83890766
227 221 944442153
237 3 353278302
68 175 952950422
172 208 490049150
192 258 509631042
53 41 515111540
240 144 21310249
65 297 3318237
246 149 600050440
74 291 843552752
39 269 517922224
44 258 886301826
297 25 698995701
270 196 32343160
171 87 415602569
213 191 694327110
52 183 485051505
100 247 259208554
288 245 202757854
180 18 102957496
31 108 145663765
155 203 217789374
32 251 584912598
84 221 105014594
43 91 874044132
12 3 148642875
73 106 237924257
29 206 706513403
282 245 846991947
135 124 701046516
31 207 352567876
247 61 598514530
172 144 792164781
69 228 738985401
214 270 634058243
198 33 134497998
72 157 755416203
180 186 370639460
234 167 983486005
181 54 46522628
248 136 108334786
175 134 129295646
5 5 405772442
85 125 931728169
137 39 444538690
31 236 507290223
228 59 519342579
231 238 965747264
190 171 958229183
146 103 699546188
226 103 292655775
211 277 735738060
9 33 246582416
250 169 410101440
118 5 183826078
7 88 146833165
281 15 595249223
112 245 619514860
127 187 631176183
61 32 624708785
48 257 6191887
274 168 980709716
33 176 294260448
200 177 591525217
140 46 464005773
117 52 545760360
82 85 971286975
156 248 348518171
116 74 48093409
50 135 200982341
34 234 411256649
173 260 82218416
40 44 900712343
187 244 272510871
255 83 276825816
80 251 210712220
291 84 581460304
217 240 613445351
88 107 124930976
196 156 221630010
88 241 160637696
237 165 382093455
4 204 474251698
299 143 683694841
169 149 420524323
85 228 721082574
104 219 732202757
259 135 49134096
61 274 143907802
236 170 500216409
246 257 890252350
241 245 25240214
195 249 885889718
244 247 471494012
185 167 521061960
259 251 351115688
232 106 212448258
41 64 223830292
88 124 438812666
242 112 905488787
250 57 824840995
251 49 608125940
65 295 42594740
134 238 28959738
45 174 839731804
156 133 604253107
143 116 533235864
100 208 208140380
244 48 94928355
61 289 318530766
47 290 100577622
41 293 306739322
32 57 466592968
23 242 54390258
260 38 753826031
116 193 837940963
274 88 732850331
237 239 318240538
16 234 348278385
271 294 819388025
36 40 231785867
210 133 475724259
183 216 428959767
151 239 977382108
108 250 297517997
290 117 57913041
253 90 462199280
135 27 870308619
172 94 63620404
9 116 775914598
133 204 617712689
299 113 413855673
209 47 772469489
175 197 441181579
134 56 448951680
130 46 635511597
123 50 457630786
202 184 301061464
272 107 373944010
276 115 918690425
273 300 106347828
113 50 890010192
86 259 576416839
26 185 484677087
204 19 669181195
135 200 31238840
131 22 966340041
269 276 354818776
132 247 514915582
141 274 499941549
18 298 129284700
45 111 634730901
289 196 492004411
227 221 130064996
165 176 231327466
159 10 240793465
250 193 921408739
142 161 882856214
217 292 700477212
151 185 437892138
199 202 18499235
50 298 912527545
250 286 386349092
161 264 212433364
8 181 684478291
173 91 251435553
289 41 548816745
127 234 886769005
292 151 418870148
156 1 666547832
293 251 253525185
127 52 286150035
124 1 801916220
67 213 934789636
231 272 316931016
73 144 470037906
225 133 277865498
269 11 706753832
225 3 964038034
173 158 564633686
56 202 8482336
141 80 129901387
275 255 563621739
146 22 801647804
33 4 974044575
48 76 164655871
206 53 761758803
103 21 244311165
286 298 790136467
71 170 657260976
156 225 283576829
243 117 835066909
81 91 929291463
272 289 952599584
75 21 822457339
149 121 370826667
171 26 849143119
273 180 658739791
138 218 686385688
56 288 350950957
184 144 24016134
212 138 106590050
72 219 884822741
135 190 718179481
270 16 836417201
109 216 114015973
75 87 315980998
145 111 277726830
235 300 853490947
75 56 859827734
31 291 713887229
264 254 276668119
14 26 825555437
206 160 481719978
86 181 46809545
38 289 642352360
111 115 285520646
260 11 590589557
289 298 801870256
235 72 562015563
221 102 380802805
101 118 689292459
119 131 175067784
107 88 619936595
36 225 976498475
280 14 919727116
140 176 820449182
137 136 527807793
193 176 553059090
1 111 582588761
215 83 819864114
120 235 436384931
30 106 391257613
213 212 421821252
7 300 393738976
33 279 848460690
48 118 900002365
282 7 716861352
174 251 724248128
115 251 628169990
127 218 140971024
240 89 976538458
223 118 264056763
35 30 681597727
39 88 710881326
214 120 398717104
155 220 239973774
272 201 520171980
223 126 682417630
102 240 381097333
91 118 30743002
214 57 159641090
24 31 309600407
186 118 655688736
12 156 522875375
189 121 35142446
293 276 112217065
18 299 279581117
49 273 212526042
30 75 169143633
262 217 732022650
163 131 573543559
152 154 130091289
258 91 497956158
145 155 393926713
119 43 916774634
265 87 767476961
81 156 698552411
98 204 574345983
291 234 824138509
124 247 223583626
125 110 766168708
235 13 428432213
76 23 474430903
33 219 290795209
198 38 883373752
131 54 208432690
143 186 653429446
205 283 443568701
187 26 408751734
48 149 635108581
73 25 153382242
32 260 123213806
144 35 1687328
98 119 149524247
207 16 89599936
110 198 857056841
99 40 564112026
296 296 342862961
97 183 405835686
182 282 774690186
214 54 181449110
55 137 52172369
261 280 221983955
240 77 336323674
86 283 641634589
73 92 907207687
113 243 753036278
91 238 877672774
51 86 707979508
88 268 68094989
273 181 34119194
234 288 224737182
155 248 363348461
109 239 481932989
234 25 18769624
75 97 857232115
113 262 763302209
242 52 537892999
15 154 624573184
74 293 137127203
114 265 710663636
259 250 498564723
240 104 476560622
252 265 646338660
41 250 9939436
164 24 656962885
130 136 444465846
39 130 641593049
289 144 738691102
272 270 846628394
27 135 740095110
262 146 453056711
236 85 37685567
209 89 715965631
68 129 381769632
56 44 971699456
140 173 950511843
237 263 71243072
85 251 64082268
138 275 489525289
183 53 268183475
244 14 434176020
254 1 64756457
120 209 523273245
2 28 144175725
134 83 93717168
41 274 934162392
135 210 428813607
59 46 115563809
178 183 618986183
266 65 781240635
240 8 312990800
112 14 712801400
68 133 162265760
112 135 455206188
36 268 454078470
3 60 668361844
246 194 395038505
152 252 423185151
61 129 344009233
295 94 709171850
282 86 258768109
281 197 445854722
33 16 308117255
292 127 266554041
279 162 997902008
101 216 31409667
196 213 170105212
200 65 632715364
250 177 188355092
235 171 179066038
284 152 873031675
92 185 704428023
266 269 738011538
220 260 497055464
60 291 978251877
219 143 275317944
137 38 322416056
248 289 548359820
11 239 921229396
255 225 912527319
44 208 303494222
218 51 407120906
40 16 641241474
229 287 168121686
192 46 442967728
120 16 919858070
263 204 119670907
18 152 142477447
190 214 853913785
237 220 8054561
155 263 756522568
277 232 915634971
34 271 78730138
60 251 553925325
45 142 460290922
72 13 795728938
293 275 149198093
251 45 133254544
197 234 938162710
134 170 752277681
294 77 902149144
114 105 965841475
284 138 647782698
221 197 685984348
145 293 430018242
219 116 858136254
256 108 98172681
248 110 620027225
144 7 677092410
5 140 190597631
137 185 73070207
232 298 480520711
259 281 672586401
256 254 290508749
255 150 502409442
148 68 456288909
54 75 219488869
234 75 764196578
210 270 85405836
119 26 37030427
249 162 627124912
208 94 464728209
218 52 317991642
170 59 265645347
19 13 9098296
212 161 861157764
220 214 322585390
88 199 837546564
66 108 244328533
101 278 333610358
28 278 857669720
191 185 423688465
299 155 144991716
192 24 374394874
38 94 650398638
86 5 403021250
149 225 342915315
90 64 568253513
54 129 404095772
286 282 527534501
296 61 276650979
167 251 429548115
131 1 614230269
198 193 208316545
271 282 649799338
160 67 146120795
210 267 448537119
224 57 481569882
189 110 9415663
260 147 117480296
113 194 990277856
191 60 107449606
205 242 638756458
126 139 49673702
122 161 605846684
211 21 168890050
5 230 452477917
23 205 779195673
157 93 839106234
119 105 24021780
114 217 225101726
221 159 594983085
278 115 114903379
35 240 224821617
37 113 4165378
72 24 955849650
121 28 630379331
189 51 370669735
13 259 450007080
246 129 419970784
78 294 513128052
103 214 153613510
239 243 623491624
17 277 389509016
234 65 659982228
63 136 937226951
264 9 219880331
94 197 103963133
180 210 923561591
59 155 540607719
94 284 72581812
45 86 362278077
154 25 517146119
130 93 28458747
97 78 93373312
124 140 22769199
227 155 133020107
57 248 729120304
41 128 295298165
231 238 965627219
1 32 174194655
64 76 588553140
40 282 361234816
10 111 754626709
256 259 846066786
19 134 492236778
270 60 648986332
176 168 799211132
31 260 313580911
95 190 642102748
66 190 57263779
20 253 72192055
111 44 545533788
279 105 248264250
239 113 422408808
224 183 580466041
153 152 512179253
237 80 437428772
268 162 460177732
178 9 503987721
77 74 814499163
256 145 464293867
262 7 815649911
249 285 90746115
150 223 170557579
257 199 295941262
197 103 342182713
249 39 147334744
221 58 588001306
204 287 811996914
24 64 637465139
138 71 238600635
205 84 203956541
67 84 599800378
33 233 180758852
112 189 792898750
73 85 486005905
237 86 56550295
181 58 303743053
286 261 246197791
99 36 820984554
89 174 642916176
223 130 931668359
63 196 85291242
292 280 352049074
144 91 6867014
245 163 925178399
149 152 176711536
144 32 346378845
196 17 41841705
286 167 324636892
192 255 156747217
219 177 2466546
278 291 382477493
171 283 387526173
245 178 40686515
258 122 932867078
108 271 963799629
95 114 280818912
139 61 766893528
195 98 791569446
287 41 139795452
55 260 50172180
253 289 726656170
97 159 474080504
169 103 620687681
84 113 811892803
213 272 386218125
193 67 695181238
204 205 600074250
283 100 642062247
228 138 199678840
179 244 210807499
58 196 312149287
279 293 588995445
235 213 245911400
67 296 289764164
269 260 645732135
245 152 343043201
282 107 580592558
183 141 400221909
130 68 126568146
221 298 473927541
219 107 739733937
257 138 864013881
153 72 381777193
152 138 186226741
15 159 62745952
202 103 122618104
102 137 204211162
259 71 221902303
19 252 819777322
216 172 137631672
57 90 373121178
145 98 957934715
225 251 218669138
269 102 776012128
9 169 294372838
61 70 159969392
16 223 67983028
129 182 176037051
31 252 421161002
105 168 855550074
176 224 542528115
53 68 794244413
120 44 52210763
9 12 414854916
36 73 319424684
273 133 116684905
117 200 297162428
44 28 293966161
146 111 507318012
148 215 916302479
21 142 994847102
35 246 187718521
199 117 506414264
261 126 37744228
177 213 115418800
12 238 802183932
217 54 778206783
44 149 395182162
104 295 875012372
167 142 742507438
46 214 135299031
199 300 573991977
172 199 721553693
135 211 796653318
162 139 280335683
261 151 761940920
244 119 253954773
178 162 676876621
140 17 59259867
263 183 117232808
1 280 411378221
231 231 484224221
159 102 130015219
152 236 105994681
21 150 121984820
103 162 349926670
122 158 759021488
246 35 646431701
219 174 306123469
185 137 245414803
293 189 233124535
65 171 264099765
137 30 378575366
107 181 82965601
288 253 120047402
7 56 900206864
176 229 930660621
215 227 989615455
167 145 324769881
187 29 958619917
89 73 338705705
23 138 600326275
187 274 169989956
204 133 64217736
157 120 489728341
258 126 21824748
273 53 422447876
145 19 650585202
52 185 235629698
132 71 531808527
48 211 213903551
204 234 988260288
230 172 896652014
286 76 69093946
273 232 464097117
213 241 498613642
260 214 80119246
288 110 115119064
189 161 102561148
39 292 53601670
165 91 361139080
115 294 110814265
255 276 714210637
120 261 254936264
117 233 815956747
233 198 517319487
226 157 964264052
271 144 87451062
34 85 729012322
33 123 66234066
102 39 57736208
81 205 42224454
46 211 472541429
234 30 518677089
197 198 949881873
195 182 403367770
81 107 753475879
285 129 422654074
246 162 61487558
119 246 610638732
36 47 601916122
44 128 396706927
97 173 688304137
125 158 225876119
165 54 78516816
137 248 415356050
59 80 29974756
137 116 560041237
110 61 415641850
220 232 551854096
203 267 22279642
225 10 40573921
203 106 12518493
91 282 62389402
9 146 887573855
177 283 861577654
226 93 501720286
133 229 772265801
221 90 613181614
171 9 605996397
66 264 964427863
59 240 451244925
180 142 256155682
172 232 851701564
74 293 461592361
80 221 183193595
86 146 272389387
223 30 482655615
175 251 89162705
240 173 5914565
236 238 696066280
251 296 909017619
275 175 893991860
208 99 44325844
123 224 733379336
184 55 744701856
278 192 493649453
165 114 862713234
31 289 411934436
287 228 556954908
4 216 849628745
283 166 17268293
254 192 247931119
13 99 554135717
108 274 703304192
195 157 730494047
202 186 54831990
54 102 473005604
40 133 314829744
275 119 193486023
83 174 714970838
179 209 548744755
271 162 293536346
42 226 910533997
158 34 251439270
2 228 630360878
148 130 377976063
237 235 619190565
192 274 689176349
187 1 677096119
110 135 441380793
299 13 530613001
54 36 853810362
51 77 9997439
147 286 338467372
268 287 130148552
245 186 129742833
160 175 683416019
176 118 653881345
24 5 453073245
42 166 490462979
286 164 468195643
138 269 551023178
151 72 691909406
90 270 592473692
61 238 661052930
64 234 775624816
196 93 696054042
67 20 42829859
211 43 983298363
107 137 415978280
85 122 203324096
127 12 894080564
257 162 339333087
214 251 744582957
105 12 66302146
87 127 82335179
202 23 875690824
295 89 65559643
153 51 193634338
68 157 84494674
147 293 884554147
142 171 124425758
158 127 510436220
244 41 52582970
52 197 941849733
97 283 160901412
76 236 134448134
251 230 103454974
93 135 721803276
30 202 590049932
155 100 903690624
102 294 130920994
111 203 675280573
230 198 228678765
52 250 236105613
236 98 506097696
247 173 371828883
32 175 824320513
257 268 463951499
284 49 421503852
115 204 112955851
290 57 446664296
36 167 316709750
260 149 209908948
276 252 575877549
188 239 628401346
83 238 302331871
18 21 473359945
182 30 59561564
180 13 402054713
131 180 290366768
233 221 609051876
81 8 482535794
130 267 273771094
77 242 35340745
77 182 266643536
123 16 276064525
93 33 198051845
237 214 841093174
101 93 779508139
65 223 750830318
232 208 216299390
259 288 454319998
152 117 992689064
246 246 765118058
42 22 7712591
129 144 374054006
153 288 88487539
198 277 827850052
23 77 908609397
213 193 899753071
230 176 766753278
220 134 661307017
269 37 47607686
284 282 135564231
241 76 206086904
131 204 35060700
89 57 924817487
27 6 201233563
230 80 923870491
226 293 494782983
249 274 56854158
178 245 71652243
95 213 169196680
180 197 475774913
262 189 26727688
65 72 941214892
64 160 347817400
51 238 444587057
65 167 72617036
156 145 863931828
190 93 274394454
100 22 815271598
142 116 793399611
273 47 906500259
86 8 67175247
273 73 988169870
116 136 191021781
67 186 764218518
23 3 240642837
111 158 676387781
190 47 676239125
243 198 6950146
241 40 182344214
203 12 397512660
61 149 640536068
159 174 117501340
81 41 715985527
161 108 508289765
179 182 548163967
115 292 759478624
247 182 342049422
223 124 352730520
220 116 715690511
33 18 600126074
245 130 481812123
164 41 92509048
155 121 520915388
281 281 967364895
45 211 581477329
163 77 730837020
86 23 836924853
160 297 321618929
131 217 190844
141 1 371072914
214 245 488249043
188 160 123927183
35 14 118793555
223 295 811353588
269 91 965825798
197 254 527885727
169 91 321404801
73 2 875138498
101 132 48553314
245 272 729026166
158 238 461553363
252 177 739187322
87 212 531945736
93 186 408330482
80 154 876631324
30 103 485012229
56 23 992951820
156 95 300048573
5 196 54000305
70 192 675530228
136 101 912248065
198 104 950998642
171 190 884291005
106 283 380524190
139 114 112095795
263 143 660483149
143 250 756523271
62 158 942173718
87 162 686537065
191 232 989804156
18 67 928080608
135 16 137099111
128 186 445819553
84 44 120519135
173 182 530100500
219 196 935356743
68 39 421722644
290 152 605570301
7 238 214554563
23 180 2261446
230 250 992684412
237 136 204925879
100 263 525656816
152 98 486822959
238 270 201787493
137 240 547181740
231 7 8017930
275 49 577247882
175 107 259952871
289 130 110133203
34 59 950802752
197 296 399242287
75 95 258966801
243 298 414267298
101 235 98184319
245 123 422813658
285 54 901154817
114 80 289731065
147 254 383232471
170 295 868196100
72 28 439458811
223 277 172584858
261 103 57189704
261 45 539092901
110 198 591329935
228 142 596517657
37 178 342529162
205 44 398570741
69 190 222729047
92 59 29558641
243 130 673837320
153 104 148249496
110 64 510237399
213 76 137974195
13 185 665766492
99 164 434486
8 253 836643563
269 157 34928006
10 226 25052048
56 17 214452206
148 259 418294388
267 164 734864991
63 273 415922655
13 238 572950530
7 250 472732267
251 101 360935830
36 108 365407582
298 76 387302339
4 137 568867516
251 192 293335584
8 91 281418994
195 58 972576557
238 172 391909482
292 236 744091119
173 242 420730720
239 192 13158220
221 227 970407627
102 277 487524455
192 32 110563091
207 282 914768935
290 41 929700625
136 288 681711834
92 225 466535705
73 216 499442340
43 140 918405934
263 79 389192977
282 51 59721604
161 152 324184432
167 96 512476763
9 54 502166996
95 96 507707336
272 231 799908523
205 22 113635547
62 147 717327414
101 189 36451006
186 151 838705884
163 185 42576934
118 97 13471737
49 263 991208984
11 271 692139838
6 118 114632585
93 89 835073515
168 293 531071888
166 54 742020834
132 207 917044175
237 92 624356277
172 6 877115361
157 123 203278109
45 223 385336271
29 233 91401994
118 290 236244211
2 135 602079899
116 54 723137243
55 219 65951949
89 50 129966355
115 38 538619098
291 209 828586804
104 65 912107426
12 110 965881749
235 190 502386533
128 7 23788775
190 8 37795809
288 175 49348862
182 229 24599832
130 69 680876134
284 183 54628771
34 226 837079980
37 29 775839396
214 92 31862405
14 26 153907046
99 205 129080452
173 94 777047911
133 133 80366585
146 15 275141066
77 144 103392186
162 180 629647769
233 213 35813146
264 1 493970974
59 214 912432065
16 280 529049043
161 78 582707547
65 250 162168141
275 134 722027073
112 279 837937939
229 107 723336335
114 269 360704966
234 253 288662930
279 216 335797030
52 26 119247395
269 93 604895774
263 6 161403
109 122 623800352
49 96 71157485
174 259 244098015
64 239 167221774
98 53 668888542
63 286 361276146
292 265 228948213
273 68 47744138
168 88 407075383
93 50 608332640
96 159 780596361
99 259 553430808
236 184 7202567
50 248 122085405
23 45 1471509
16 160 275008647
261 203 125993611
173 176 605946430
163 95 627299170
297 187 866584519
136 34 611542729
148 133 24341940
255 68 827009223
73 169 562515222
130 244 101679919
238 11 805208278
136 24 814279580
298 248 464690855
228 162 728205849
49 158 62236688
167 45 614428421
248 192 713614105
39 199 430951224
13 271 10537793
235 152 324628288
253 142 42111250
130 277 671746473
261 275 294998521
216 254 812127882
16 2 482726292
55 220 915126388
76 167 889924532
32 205 960551530
56 218 839242652
300 204 500599656
187 156 93577697
136 37 745701773
161 297 287998199
81 212 473897052
214 280 783213853
257 34 935049473
45 161 393462991
128 193 182796348
109 248 130058765
60 299 355314520
267 237 402694475
263 72 782439611
288 284 161345859
286 64 151587723
238 30 333887402
242 38 475514287
114 82 338380448
205 209 341132692
252 69 62205891
268 181 364654189
239 147 425622225
13 110 287221248
175 149 621197732
33 186 575066547
155 175 960955576
8 117 966623814
195 230 507197647
294 186 472601608
285 189 675903576
275 208 808862556
263 146 224594555
187 210 164160916
234 136 225779764
17 169 549965649
164 75 610615624
91 83 43459892
56 29 78515221
103 22 666793659
162 58 138575199
289 32 476434959
297 294 35687456
151 232 219027166
166 217 513926401
81 234 81731021
129 149 74028748
104 239 972190630
195 295 809280010
268 149 71160983
278 62 98966240
176 50 954901671
86 98 856137816
142 248 228296899
107 165 506083815
259 245 15729000
280 74 479782648
127 229 564233039
108 124 235703985
169 143 1393133
251 120 891451146
90 47 729265247
260 133 176214345
227 274 309409344
125 132 440494809
239 90 647766853
91 121 333707478
90 299 108932307
28 106 869417582
12 26 693678524
196 276 953541495
141 65 935065341
240 76 819717725
84 2 938153398
227 126 66948581
235 117 14996971
240 207 569062291
17 296 803173290
23 24 542036947
256 87 594933273
31 283 33023248
225 175 807789465
218 114 21617240
42 249 383160742
192 176 120716867
172 162 445402135
294 153 667912841
237 170 825580689
126 244 630122364
224 252 317241850
48 282 593364984
148 207 497426559
12 176 463724524
3 269 815956873
244 160 716049300
63 84 604496613
297 129 129065666
190 65 475980287
130 190 901656430
93 166 980544381
194 213 258839015
278 112 985049121
288 123 504305448
111 126 931293016
183 121 909197928
182 235 504968763
147 284 733602491
212 225 16677756
198 54 9884197
179 146 107775114
112 39 52767427
26 68 287949790
198 55 63562613
297 166 958772190
12 48 356739262
239 282 230697049
53 180 173531332
244 91 558187656
199 40 62763061
147 270 612347206
261 133 81730996
39 210 211763064
228 159 352386318
292 155 967325283
233 167 725053183
47 157 341619316
95 210 421520295
126 205 946338137
133 155 392053128
193 1 660321697
150 13 289237282
145 51 832606191
260 31 980510250
78 22 237254904
112 255 386649522
246 53 485375679
113 147 743434840
107 272 41913144
295 156 250004698
222 48 230110050
171 249 237487963
252 93 177422213
242 105 190378943
143 234 192437117
147 45 142368923
120 43 249429975
198 155 744317321
289 14 653078644
232 60 533901599
81 282 302065598
231 204 569917846
93 155 271705690
5 148 619192194
300 291 817280027
16 189 685810824
38 8 802354118
112 258 508529224
84 246 78372789
27 230 458222949
177 10 40132830
74 240 41973185
271 32 195432239
12 89 38148886
106 140 403149728
184 155 527689668
59 244 945901876
276 107 700711085
152 190 830519430
40 216 82272759
288 144 558492121
269 217 784254860
153 239 702081644
191 250 489394684
129 107 189089275
108 291 141086181
276 101 487754324
203 129 183556382
87 280 267776971
268 19 98527438
79 7 209709381
199 275 755904749
10 180 307031387
205 70 987311336
240 250 120969495
114 110 820253185
194 85 181038637
269 39 300647265
150 177 540124644
220 196 977843563
9 274 72026969
189 224 567840395
89 286 654740674
175 242 380676396
263 182 636312797
157 295 824799606
93 241 326342842
129 209 86844380
294 59 659531656
189 30 727440452
51 39 225359877
271 279 711782053
218 120 970961838
43 46 262529931
238 8 370848312
187 216 190038959
192 60 8671699
34 241 19533559
265 286 553664569
21 174 878841699
24 225 798625089
52 247 522724119
4 164 807043538
293 207 811131084
224 196 374814443
87 82 619063111
245 26 364130270
95 59 643570910
206 23 758032295
74 95 100155421
24 170 942751145
64 222 767911843
83 225 290961559
272 270 19157317
207 245 333175512
202 31 574361646
112 28 714998971
133 122 81430329
43 79 465532803
289 153 526838050
109 176 992786519
205 240 941254440
300 74 936540217
258 97 802122038
174 56 948013482
285 257 597579212
282 68 793374539
252 200 396587513
32 294 426751691
187 35 290047995
136 195 12801771
254 100 951187162
46 99 627928287
114 108 702585035
151 281 986288490
184 17 706369446
247 299 334407365
286 250 234532517
250 282 902832162
292 168 97338596
187 55 623239943
9 8 570770994
122 105 560359944
8 270 882968351
94 172 557753531
184 55 770407347
281 2 95291445
198 39 99921147
14 40 865726780
227 31 710757499
175 217 161851353
17 277 64311212
10 98 211907869
153 157 541181538
155 251 706770610
137 186 656688564
83 218 693547317
80 115 758205055
78 128 952281994
57 107 555046177
7 281 4029245
259 297 164549322
22 58 840309919
190 262 511755676
28 116 733987978
37 4 640778963
152 138 643530780
269 217 76650795
175 46 27187874
121 154 250490532
97 160 991381012
41 170 578131960
14 192 728998017
33 81 709371830
260 160 549705397
137 248 660268600
251 100 663985138
282 120 508662806
76 46 294222752
102 218 738908105
285 66 405992717
97 159 604811586
256 172 252192277
225 204 412559010
154 163 774576969
3 51 897533117
102 1 290632368
39 283 794905687
297 110 726107184
248 263 184002502
104 248 576154167
120 44 906591425
6 51 192379949
134 27 568796952
43 233 105147167
164 235 682902217
180 36 647873770
47 127 791076252
85 123 746709513
168 122 689445076
221 225 574806175
40 97 541657470
264 154 20647272
164 287 740773599
216 82 263924631
234 245 139805765
2 124 881201952
71 222 152098330
174 6 461157704
87 225 102602825
14 146 520374502
188 237 267949098
157 200 802654551
228 116 229199489
78 31 107626570
108 16 917545466
124 17 703972941
228 88 757541362
209 261 578189119
13 99 892023396
237 112 883046693
190 51 979929529
187 207 941779680
89 187 960977095
30 16 458835077
51 124 540500792
17 299 741392809
157 278 709384896
271 187 940586008
141 199 329189307
236 187 269672570
280 77 484325621
208 15 367322279
140 156 86793465
134 185 88545481
211 235 636502956
54 3 722988006
162 212 229202584
109 182 12277722
17 74 828338420
75 62 337536558
244 41 207730286
164 1 559385053
43 140 195155408
159 25 49273544
291 235 376849678
298 289 800461981
4 202 24083392
39 11 657771625
260 79 132232150
131 153 486972011
188 148 457554252
126 12 876424752
78 106 537879543
237 16 550379367
280 59 225275654
257 56 103069194
289 111 925152795
232 149 105944057
108 160 733512635
58 290 989564187
68 230 996287635
171 55 238008598
274 184 82049355
216 120 615203370
183 151 631048828
136 159 766088684
181 200 448343646
75 131 54499947
32 291 596835306
66 48 756204496
5 167 575176777
91 90 408966083
240 63 816957466
194 31 699339037
163 213 105384339
191 100 559426697
26 280 566960796
271 106 4586379
117 137 530075069
175 255 128175368
222 11 433342934
198 153 608164723
280 92 381581838
297 285 438957468
185 199 183187332
223 141 987030731
119 166 658589562
215 189 123016619
193 57 781223256
161 231 924271162
280 152 689208172
213 101 777354624
288 80 279235467
125 76 571867351
292 12 975486349
123 234 121141290
105 53 627437207
118 19 942717747
236 263 121482856
243 175 908051486
204 154 616177190
227 66 968520390
102 105 226563522
68 229 207264049
70 272 462477361
271 146 97587794
12 2 524538398
270 119 310289968
117 107 606912530
72 101 796997504
9 5 8720257
150 283 527940075
92 137 962821679
113 204 547463260
13 26 868305931
173 296 813569729
19 7 517769030
268 276 344526101
236 144 416857559
217 215 515986659
21 276 418700915
277 125 814208498
103 216 37413086
282 80 810001089
141 93 113905266
23 17 219579261
103 87 805713419
133 55 499744947
85 42 244391590
143 258 13652557
1 30 715579332
268 59 671381808
165 161 997064024
250 142 476738555
290 34 612636747
56 109 424785016
168 211 158254802
287 95 42617208
133 179 388162201
174 73 949285959
182 74 80535040
113 41 85596998
273 257 344928259
48 258 821350500
202 299 767359686
201 106 198745394
216 274 781593704
17 12 886189999
277 196 709576729
277 69 816095102
287 251 574248127
27 115 402736719
124 87 115769375
82 134 455791884
234 88 232805334
119 288 708198640
164 203 954067413
119 271 481157776
169 247 84181971
98 224 712564291
99 262 379957293
277 288 801940308
195 164 354927846
121 245 35983932
4 230 321847119
237 48 677670506
28 263 380755460
92 82 736840430
167 250 641058977
137 47 334089652
280 197 765218413
72 173 867496653
31 67 874005016
77 187 129671760
60 242 13396442
130 231 734989689
135 10 50745952
94 102 594775285
75 268 400751334
3 157 883283533
154 188 5950629
19 259 48033454
171 290 559752372
238 118 509393111
249 229 205263904
190 58 27653734
231 244 242310296
234 89 98268297
18 163 781718216
103 166 376842024
235 71 596204011
16 89 819761470
269 11 554487411
92 300 155309680
102 249 658212208
106 138 90074817
91 68 276051660
86 53 449414548
234 70 347003910
50 173 314911427
73 107 834710398
284 174 376651938
205 194 955716349
167 286 3457700
246 87 944515048
5 244 497317538
121 35 396854857
180 172 546389310
79 106 540696179
88 155 485559503
15 279 411746462
64 14 177724035
201 218 684042029
101 136 342969166
1 133 958865852
148 137 294545048
237 9 672627782
94 240 40457053
3 18 348817510
33 158 674394664
236 224 99063243
297 287 71543608
283 239 706564526
111 40 116162461
28 40 308163446
32 239 88263334
279 176 546536943
260 269 664068634
164 23 37756604
226 55 14604761
89 42 762040884
283 38 967291722
191 21 154492860
68 183 131876999
80 211 755418190
225 242 969631481
259 272 271834408
53 231 58881828
86 146 877163050
189 71 119890604
201 212 125140346
136 246 304658735
57 188 836169807
269 255 256231942
219 87 55297952
209 63 749782745
241 73 781715016
148 125 676238898
75 263 326327795
24 203 80799218
79 104 466564181
176 239 582685926
63 48 205740766
269 16 189776872
162 234 503473058
265 194 160025473
9 186 542664745
76 33 50444170
125 159 52465084
72 234 881451386
89 65 257040541
69 240 941273432
46 54 901441779
211 75 997071146
83 236 360038531
92 201 745762125
164 261 828906110
9 37 881304895
30 213 109323953
65 284 242642687
2 72 253668051
43 192 120056742
126 290 146467496
204 200 874102822
101 34 854161957
231 126 699491909
7 41 307359070
269 101 164511158
263 130 947187070
167 194 686747306
253 196 611474729
155 290 40449873
297 115 556358662
244 70 217458213
17 222 361009047
25 152 195516924
234 159 28490964
155 179 107628617
112 141 778341346
33 59 650643292
238 12 605985839
19 218 753925880
291 266 35736846
252 209 352860515
164 277 407400736
162 2 559396039
285 235 554608549
201 89 74460727
217 252 852773819
114 284 998871778
257 274 607913641
47 292 933567458
126 282 948406324
71 285 651414084
137 148 916693561
72 10 450923062
211 46 806110848
11 298 289615988
238 214 65949639
108 80 787331574
285 36 140509099
225 83 884440590
135 260 764608623
258 31 337371859
93 167 115155807
153 291 16518568
266 253 236977065
13 263 805022263
200 252 680799128
90 60 495165359
264 44 46247895
162 21 497581629
104 155 750576088
78 164 693484470
37 256 826650937
195 109 115025279
114 126 412970831
78 139 127612493
92 90 185927345
72 180 440689204
130 143 743286199
276 56 849115619
256 159 396777625
196 289 334678540
165 25 461716096
53 219 399616556
231 84 599302981
61 213 719402571
206 5 197014961
250 128 950606140
105 9 620024034
3 285 345777741
274 292 12307852
150 187 236739340
190 104 356444064
237 156 191610534
92 139 758757317
124 199 147377829
295 104 15010685
7 105 894971364
198 261 429908873
283 264 371103809
123 289 68654152
174 138 420619639
213 79 825517442
276 15 962514849
61 106 94120787
229 282 485822438
10 28 265232293
146 34 618277698
110 231 690680558
134 213 225727073
142 87 72532861
245 261 332908251
183 173 489015429
276 201 855086844
225 13 683255401
63 242 425340434
100 251 948228161
293 148 153966246
42 257 140644476
51 142 85835940
24 35 335318379
36 280 196366939
238 162 610753663
219 190 82406263
214 166 360484328
14 228 498712469
200 80 202017571
60 124 485410318
6 217 96378427
233 267 464830768
125 42 814387503
103 130 66219134
93 67 935912595
255 37 659050736
70 250 493115701
197 16 237260981
17 215 377309012
87 274 325975735
56 31 406571551
34 264 162293369
102 140 966351911
256 294 596312740
89 86 237600458
135 40 379230495
71 161 728806044
223 109 822098859
55 125 84449373
266 263 316602099
300 71 820006929
2 104 440341044
271 257 115956735
33 212 329656028
172 52 130322213
181 239 981225305
227 61 964771565
171 283 146478026
181 38 320024450
106 55 244977465
56 107 554231035
36 108 196679938
280 130 489671295
114 162 100108958
294 85 94212062
206 18 407893200
262 244 552719460
127 166 21806542
204 47 757448131
53 204 136953238
217 11 633781244
203 46 359536403
241 77 623995733
287 243 98543846
244 236 379493483
5 141 704445100
56 103 305145543
115 281 762917209
209 184 752375307
91 288 210485562
28 257 453850072
71 159 7508469
274 151 459285446
58 137 777654088
3 133 292270423
137 189 985973015
236 245 839987169
279 59 671600801
239 267 627291936
297 58 27085024
10 85 820990232
281 208 858205890
49 181 40444641
246 290 709894129
33 44 114146961
107 181 199931550
22 116 375141094
90 146 45011404
243 136 378832671
278 132 691602080
53 141 267756516
84 173 741077223
26 274 323616955
118 219 639371444
46 4 639400888
159 110 703198768
160 131 535210183
53 273 145613381
56 215 444809216
78 244 37689348
157 297 839772040
73 132 304907365
247 209 440603790
2 26 853630408
45 124 26674011
132 34 104521373
151 193 368112803
234 245 214984527
214 52 611704641
81 130 890597785
80 38 931265333
220 162 702181164
36 109 766583873
125 110 17434450
184 206 164627025
247 90 322308558
119 240 542926950
173 225 54139646
200 190 48441698
192 271 609698479
128 50 576995716
60 21 70606278
176 108 684123738
200 232 36132347
249 168 323552604
174 166 480752693
131 284 63447733
33 208 459364257
178 107 814115647
75 299 425027469
153 126 477272718
21 238 368172491
50 113 550117798
187 12 316228782
185 12 520135849
88 185 893545714
133 68 540979749
65 100 830550756
273 277 829759615
71 104 150310965
139 256 682802590
9 28 63532527
199 129 847198291
196 15 947867402
177 251 88007014
77 91 432244150
142 223 302887369
190 39 390347268
198 11 453796197
64 82 689159500
228 272 558652007
269 280 639269435
248 178 706650763
38 126 444919730
192 2 742725032
57 131 71102922
106 272 615838796
27 214 440380386
294 163 4091949
290 226 121089130
141 153 773948453
248 121 734909933
134 68 77178762
148 158 498356387
177 49 167187941
261 105 603809271
134 262 406798794
230 288 264619907
167 34 712856069
115 75 433783246
196 216 872679698
249 215 269897071
33 48 688967890
294 195 977090447
133 124 934648495
273 84 354681751
295 217 669434365
288 198 181793704
247 65 282107037
67 179 129203264
113 75 707209179
62 23 132325845
132 107 338789992
74 100 590801438
120 284 480763561
267 8 456434096
269 2 736399613
233 42 494047962
237 40 464726826
25 106 357560857
188 218 441122831
18 32 194393905
62 215 352284011
153 288 844488262
243 108 169363046
103 126 346612653
99 94 832562707
63 79 34012000
224 15 215580439
202 91 942640444
58 279 501491614
40 296 764813645
96 58 855019959
206 262 461078447
219 204 412595906
164 59 496737183
169 209 68184028
175 271 796370806
274 246 715607572
112 199 108001363
107 8 102755441
20 47 112111688
264 142 415879597
175 99 352849159
21 18 218854514
78 233 642142872
260 101 931664680
287 27 676335902
145 300 370204500
16 163 477997298
278 270 62307858
270 41 859226304
10 5 620695598
106 231 698999748
216 251 86110665
230 80 508940450
1 91 609069050
33 129 924091877
34 273 488020928
33 289 516436643
283 18 99463112
240 40 296141004
295 101 166251260
192 206 417330190
292 174 362972592
108 103 415774371
157 155 924989061
59 187 958800690
287 221 166096414
214 5 557451102
108 287 798415172
271 278 139227711
175 273 249549463
134 216 987710968
24 207 116626793
215 67 297602395
238 223 877813350
50 281 641440688
291 267 412303960
205 233 560607665
106 40 269381803
129 11 748417881
191 237 561974905
53 70 478232120
173 93 901221979
165 60 917055145
260 297 34672067
261 98 568174500
200 89 441654318
60 293 995648802
276 150 746594594
178 279 646471156
110 169 991419492
14 274 947690861
186 146 785131806
264 62 866714917
160 21 608214565
278 33 787136162
77 285 214796750
247 44 57292742
100 19 577107944
293 248 867624822
248 58 625620142
191 123 100643367
204 8 427889112
9 23 429016874
277 182 401629046
241 212 76055331
2 40 93736415
204 286 866976258
97 86 661415228
140 130 893918775
213 78 17937484
207 20 742929907
173 223 252160866
37 283 594335989
210 259 391543122
207 251 678454333
237 5 875760473
3 208 277632210
112 56 879718347
239 248 428613477
66 160 423305106
249 118 855212725
255 291 377059900
21 27 921462082
161 288 60166893
182 194 548872543
167 183 27231547
191 237 562557006
252 49 212141662
99 39 405609809
127 104 863102620
232 53 210240238
108 7 400182380
207 79 8301806
41 239 21164445
133 173 987882990
175 91 837029124
274 281 662339261
279 232 35822361
40 82 766377299
100 208 452955555
72 191 408461907
109 51 80858965
188 9 869791244
45 49 74627434
241 233 86910658
30 108 585095248
106 81 149974380
66 111 59180264
178 203 192431245
28 2 683373505
282 73 102795795
288 233 863459897
105 172 637393006
300 216 51089906
133 208 312201139
191 238 822115598
90 43 608064830
270 160 232605840
133 37 760396642
77 64 449563396
33 98 163208720
180 137 111572853
76 241 399870876
33 240 183888244
39 125 337305751
29 67 848006388
126 156 258051982
107 177 229781793
146 9 946501829
140 138 732138445
187 170 39647194
6 49 424973630
110 125 821493071
86 209 804029462
29 247 447210238
231 27 837946056
19 204 561332164
252 10 767342940
45 156 515158649
225 47 849726886
221 233 306937507
14 238 137069956
244 100 908616832
166 237 258971140
79 17 91739139
117 247 719121965
24 17 815751569
87 269 989692778
27 65 326067785
27 289 585273231
164 262 69388863
170 275 794139753
277 270 723615104
208 135 405169440
100 214 875207356
238 82 323550954
154 105 745690271
274 244 104709991
104 22 777875555
88 48 416721495
171 263 753386256
185 184 827517031
189 161 916603800
292 68 694655987
83 167 113186700
190 156 176955233
244 62 871391289
14 35 757827032
104 138 308638105
10 278 186466804
204 200 93556366
60 84 189360650
242 25 610949610
93 16 119456429
79 151 973852248
30 40 118392555
114 283 272199316
3 48 103540451
186 203 307141440
91 212 356553717
94 116 542083216
112 227 785635152
261 220 881349276
22 12 405357043
202 143 762827893
249 224 681485533
204 38 337397267
219 92 476253367
21 277 350247469
261 119 442287833
229 265 316579600
45 76 726509026
48 88 57142197
23 109 520050208
65 62 367438102
10 11 859976226
242 266 27136163
260 184 445341906
26 257 19904134
47 217 59460953
279 145 602995517
78 241 596580544
155 288 377060331
151 62 260417191
210 127 366107552
112 136 520500014
237 129 989470779
151 140 897735515
156 166 348834671
189 264 502426039
93 242 862546983
261 71 528829776
204 225 581876863
286 127 608070225
176 36 12766903
180 147 558794790
193 135 927639418
224 37 14247109
138 244 737322174
60 185 4661137
198 277 258551830
232 238 963057500
207 193 549719876
222 179 75681154
246 106 208475190
200 285 20572788
289 230 371950175
258 153 289743511
66 290 71811055
92 49 590573291
80 246 52974819
10 229 62011156
61 136 771811901
89 57 854404679
242 54 127755736
183 5 252939921
271 293 455489950
245 2 724876602
7 67 811351743
13 210 63750043
203 290 131981188
122 51 288657568
29 163 505059903
129 251 920614111
159 245 143390416
295 127 186155720
167 97 607704812
268 93 40709813
169 100 499417832
163 164 721151041
205 67 415603282
244 240 988810032
211 20 108861495
66 149 177993897
276 59 419372041
292 105 893987468
11 23 474929316
75 290 681631409
139 210 508869960
22 72 28456023
63 276 683479241
196 271 526914432
28 182 620772752
74 247 589382452
70 274 139664562
11 17 546858467
78 28 768936789
45 154 113905831
53 292 454125840
264 14 453464912
39 128 28189439
231 23 310280610
63 102 440912343
214 175 72628189
17 245 683591314
178 7 712159431
144 136 197004610
185 180 745831663
215 233 104383106
154 248 919560419
217 286 470063698
8 269 318979873
17 31 307635326
259 296 692375201
199 12 356226097
164 189 866043703
94 85 968331838
103 21 138019817
265 235 909255401
223 140 643424901
141 109 368984338
291 116 621929306
215 184 929174236
240 142 616524583
192 92 568330094
88 7 629288035
42 101 493740519
131 255 635657039
100 272 168943425
52 194 547725516
252 86 225468224
190 76 82877339
147 290 135266174
135 282 118514367
117 173 957766458
163 13 41646465
97 54 82313817
167 237 424256771
205 36 665823342
281 139 911396635
196 91 933053421
272 32 53373748
162 178 591337490
236 64 854579971
202 181 387992743
12 43 400318255
128 139 610116561
44 57 985719497
266 261 370179584
160 293 672752222
246 188 389378664
66 211 36526895
66 73 941158925
55 8 32448988
77 209 779438020
219 272 897939762
126 99 722274952
86 142 746184108
34 160 457840620
17 19 26187912
138 264 851467852
102 82 11665014
148 147 737140386
124 253 15676493
164 29 818304054
83 299 102789525
97 124 615812076
300 261 587169169
260 294 293633928
231 10 106062398
195 200 83334862
46 53 863537443
159 200 352560241
97 76 141740745
41 239 233142573
246 73 719791171
123 221 854521147
98 273 394932707
266 232 31778053
46 162 430204062
143 56 967995661
204 153 34531513
98 64 518854865
190 212 214640992
234 252 154338882
6 198 117386554
129 20 559272827
127 117 202272651
33 134 940053782
285 179 788005895
299 22 772316903
211 277 596971007
176 127 273633222
40 16 539443933
83 250 115112337
64 7 966426134
169 187 901207553
195 13 387785021
245 98 13327706
278 82 218953185
225 132 815756558
279 43 34556334
237 218 296439012
259 9 248932128
243 143 738809129
179 206 146696235
64 74 749933674
216 21 698009886
288 17 90890283
194 47 960352917
30 271 589118200
187 1 92665442
72 237 63075211
84 247 19202371
163 242 28204265
191 120 539387070
277 184 375170044
250 151 947342364
288 191 310693032
122 136 552759478
90 165 166580300
190 51 924472400
83 174 128439489
246 257 199598435
168 171 382425876
233 61 792034148
254 90 394849383
297 91 92079133
112 130 829057475
244 252 914079410
121 93 418614474
73 34 10935576
272 169 725599050
160 114 711560258
47 33 70267681
122 17 835497741
121 271 564012082
3 19 300711673
88 131 448639102
62 126 951201005
224 298 768750298
197 70 195437883
25 42 471412851
26 253 364783116
283 299 894751049
163 173 794553617
156 293 898545187
237 296 139444858
161 135 759562288
215 196 627139565
219 119 589903462
68 68 519466984
251 92 487786177
1 117 623300529
217 151 830641180
217 66 639717652
285 273 547596796
24 261 96611643
81 122 231357677
20 36 780892373
84 6 364327843
197 126 400278562
80 76 47163753
56 128 588131521
37 96 734742124
16 64 704746889
219 49 38676261
114 72 153058673
57 204 643573094
133 223 516407681
157 6 722763439
52 202 31390664
13 282 490243591
118 89 718218718
90 125 785131866
213 192 733217729
153 110 62062629
65 276 670211752
238 32 697109955
283 216 754835877
64 125 470529082
254 176 139125736
217 240 575060117
7 57 971151105
276 147 803215582
93 111 49378373
222 264 54389835
202 28 513330410
254 17 375328093
208 300 19224208
137 115 783460184
18 68 179847511
205 284 608664751
21 42 969592007
278 69 555793505
111 162 102011368
83 135 460476131
217 36 227413110
26 41 703364627
270 1 236936478
78 137 492019992
113 206 43894959
24 111 776468394
174 183 179983887
132 160 972660155
289 270 792145416
256 105 76690102
238 73 183324138
247 99 487291978
25 68 685703578
102 197 385911166
293 62 205927472
3 85 137394582
296 10 460405316
82 141 293594428
289 181 292693849
4 136 507081953
258 73 843664926
195 72 815773176
224 96 798734795
254 250 664290344
119 242 48416357
190 297 425927641
123 292 110521650
239 126 924306742
18 114 275592775
66 169 561358410
219 126 799628835
196 72 365300806
23 296 666771653
269 249 88461502
164 67 974906696
120 9 370002192
160 183 902732735
261 173 900565860
255 190 41194425
129 256 116763846
190 226 351447871
76 173 633603343
281 195 303038590
86 215 192940838
87 79 394253956
82 250 260389064
125 162 633773447
212 122 974812419
71 128 429616761
148 8 585847616
93 250 508135993
215 25 187630465
57 58 145136911
246 143 31906477
135 229 659713155
91 63 782006005
106 239 824712666
4 150 750871139
23 273 337304519
35 120 859605578
250 264 879132727
194 178 900547504
258 287 436634361
20 284 6681303
296 119 551666183
103 261 46495697
107 66 861172036
24 70 603460637
114 144 321411009
84 178 761250280
62 179 187225943
40 124 803302221
43 81 95598807
155 152 219670642
109 147 663425860
44 249 378667472
40 107 920751838
27 130 481001459
164 296 34228754
24 79 10050483
4 192 846830613
298 232 52705136
170 26 667820868
28 233 837314719
170 41 593093165
181 84 299902066
153 176 887231072
242 202 884825554
100 117 43556649
205 193 405761579
187 196 978529571
151 245 346026054
186 115 408798531
53 142 603481363
123 11 789272204
39 192 222869939
204 96 98253914
176 37 981628868
81 188 476455436
229 92 904144628
259 30 878463075
181 180 439153072
86 65 537000486
17 169 825153179
179 43 670765442
134 81 589779485
225 285 960862780
190 212 557283516
57 292 712559503
145 272 313435846
124 230 517446675
51 163 23938954
222 248 738134170
259 264 327853190
137 195 630410732
130 80 91416312
14 4 10771996
293 194 128225207
60 2 181117850
14 146 360490221
59 22 924620251
133 72 409586565
138 45 456382512
207 3 178839328
196 191 180438374
227 21 250451853
91 34 464266057
238 79 772651250
297 138 9752651
46 204 504542049
67 262 161164070
69 147 563114493
233 284 297030037
96 191 604943891
223 138 459492881
48 117 236475153
201 207 820637487
57 196 730391717
106 192 670505006
208 290 206053209
156 56 502988523
125 176 226241269
269 160 104783104
105 255 24231846
47 230 312440684
128 277 304853052
280 177 240368910
218 233 982276605
286 90 363834049
192 298 713642738
300 205 244709245
174 82 881653820
142 50 886579379
146 207 715868433
91 253 253393014
226 132 974558791
177 112 982333967
86 81 593500952
243 67 580710993
291 10 101200390
28 61 217060247
172 235 384421928
243 128 18916277
121 273 270089683
5 116 742886036
119 93 749314567
209 270 525850430
227 107 745647463
230 49 139097381
23 39 376705190
164 118 517040450
210 41 63091684
89 283 93616512
266 103 713398036
100 160 94151751
187 278 105867396
54 238 495848965
135 216 62014423
297 198 81607672
277 272 623495462
18 187 548804180
68 97 954759420
51 237 575531355
214 202 445183009
50 2 132099168
52 188 742189197
147 293 250011886
263 180 637901202
186 228 56907151
157 257 382708022
270 274 421536908
149 41 390454056
121 144 673881393
127 109 143251546
235 158 68654199
203 262 45491739
251 160 823078731
237 123 484814662
190 60 71314290
40 268 574191346
161 237 222667371
168 138 828750112
24 10 13080307
168 136 16758115
213 70 405697925
12 24 274051486
50 275 580202545
80 263 672516419
94 152 760491178
283 191 778250845
180 51 349290882
50 270 874931819
13 293 14965780
119 160 639891415
86 125 47408084
210 136 74647660
47 185 611282986
291 16 907325948
162 109 453194099
39 143 158310941
184 22 700351791
17 124 58402612
287 136 65368405
266 7 952679616
80 92 11071440
15 53 161714427
26 99 745067611
11 141 289242427
258 2 131569887
108 41 490847930
148 276 793784251
290 44 115562574
102 30 137449362
258 47 20008568
25 126 485031011
217 192 85698263
243 218 801094513
154 280 358905953
132 238 136681707
218 97 42396599
147 297 854301474
150 286 479236269
275 87 87100098
236 96 250407796
255 121 51501721
117 37 947855364
31 31 161600033
43 184 304018713
248 67 134953702
154 285 107599098
152 131 232782194
177 32 63371132
245 7 952735818
94 294 376310066
289 1 581740786
61 117 137648474
76 200 353231204
9 294 826072940
221 241 845416106
122 146 542830590
119 297 261680673
165 225 795750604
196 221 965635662
65 14 56268856
30 54 645207808
167 166 364967176
40 242 153761575
296 250 665201869
135 170 110710361
92 43 774452407
34 213 551340955
106 77 148193832
261 24 191730952
123 89 621568766
30 170 393147771
289 37 705453337
64 128 358857178
39 175 367475679
59 61 182811200
71 153 939817442
177 186 598609854
84 43 244486983
215 3 88303606
266 177 787828246
83 258 719370968
254 246 464672556
42 10 13897835
19 100 720278010
297 210 262402370
248 280 338203374
189 209 637995259
94 44 128491401
76 10 457958756
134 27 592032984
31 110 586982942
98 115 793049139
5 156 722682400
40 226 382160651
249 274 436685760
270 221 702000792
144 109 100041800
202 254 739698795
55 30 64132904
262 215 117591430
45 297 374159491
138 147 374468505
229 151 529004512
28 190 344108337
279 138 39772010
190 108 651323082
81 3 266062642
232 256 335116896
126 62 102972825
81 23 215483091
11 120 607959587
153 9 852289633
58 237 265662136
169 265 156942225
258 295 951440615
19 184 911559674
1 17 375502776
142 248 833781531
289 126 119920045
165 258 986844367
255 20 584136538
94 173 498779499
78 230 671306035
213 150 529431251
238 159 455315797
204 178 33129081
277 230 522420949
104 123 170716848
186 112 717715573
30 276 932582731
249 283 932909750
38 76 92856122
136 205 639406703
223 118 101566005
273 107 823442363
70 10 549840492
102 38 932083473
202 193 236233948
249 78 944892459
174 108 718580886
4 108 772782320
205 145 715456347
279 281 251408952
33 203 498818621
289 227 762111227
52 48 697760088
95 201 217324877
120 102 696308369
267 51 673524798
277 224 416377857
262 279 764228264
34 235 153728909
180 213 83659289
283 298 930358143
203 286 370740369
281 89 712638117
120 236 841696817
296 55 132853771
116 21 51793121
14 297 21263144
70 10 678879274
286 43 105034908
294 275 97618873
34 257 148554222
28 160 506890607
196 192 553619448
164 12 986064883
33 7 588826737
3 175 450655309
75 188 663926705
18 9 504770866
43 294 40937409
250 39 545431735
174 124 564630091
95 151 302383802
54 99 520804094
101 262 770167405
83 46 120314963
171 48 267555137
279 174 737929076
135 191 95298285
300 285 808923730
260 287 32534321
194 160 849789344
137 255 896079647
290 8 689629245
283 160 648108958
39 242 465731956
154 164 422835655
90 194 423729529
18 28 342193071
254 79 857105556
235 91 926018242
255 36 646550001
151 172 19771407
197 214 552573066
93 248 798574425
2 287 596356718
257 192 534746681
12 33 916915974
292 50 259307653
162 3 66692584
17 238 380008174
210 244 597202509
211 94 135422033
269 42 297050546
35 186 455408493
259 188 233179631
229 196 750678922
9 259 127977855
35 250 103005504
139 112 476092859
22 128 56163648
295 38 875752191
4 300 489680537
236 20 794028330
133 54 478424816
225 65 896011655
56 293 660004450
77 53 45755209
183 139 329509810
39 278 148428621
197 299 64649901
96 46 4191890
238 101 466120941
174 88 470208460
256 220 569027514
223 144 266185230
77 199 453005622
178 28 221784426
238 210 636921265
248 300 810240142
68 196 660949992
120 43 569058989
209 281 279253289
101 206 779471276
261 161 219279847
174 83 349054791
255 211 107008441
276 89 243819720
101 26 34950130
117 25 140954229
110 93 37924877
102 264 634542071
242 225 954041651
131 25 43653209
158 285 844888721
105 210 688689356
164 247
287 266
106 191
44 107
188 132
208 160
270 268
296 300
16 123
64 119
169 240
264 194
104 229
150 249
210 208
206 257
222 74
264 192
50 80
263 7
219 289
9 170
222 188
10 56
174 237
176 73
19 95
23 139
139 122
81 224
180 49
174 286
229 154
233 137
196 31
19 195
64 114
53 79
135 285
221 62
186 8
102 148
39 204
77 125
48 229
277 209
194 280
133 150
39 175
205 65
11 286
151 275
54 74
111 203
264 188
247 83
231 149
105 49
173 21
249 181
90 272
3 278
179 35
261 135
251 217
254 217
192 261
87 104
6 297
236 197
31 21
170 182
230 13
33 26
258 154
178 282
259 99
186 180
67 137
106 146
63 17
30 59
163 6
2 116
64 220
241 289
222 94
107 162
187 152
57 191
224 144
243 286
166 182
71 128
25 232
300 228
38 87
144 29
196 252
172 197
185 259
105 112
273 107
10 263
153 211
106 118
104 77
10 48
227 21
4 132
59 4
142 3
84 97
48 286
182 279
290 219
82 119
277 94
108 106
16 38
155 260
88 122
221 10
82 98
281 200
203 85
140 40
188 96
81 223
253 235
206 15
133 242
87 39
145 161
198 194
206 212
33 104
166 293
142 6
205 247
32 123
214 159
254 171
145 101
87 87
101 97
39 44
83 285
145 125
19 279
190 94
249 224
268 275
280 114
61 110
284 236
146 144
14 197
49 151
237 158
6 187
231 37
73 44
221 65
95 269
62 239
214 36
10 11
176 181
42 41
28 236
79 25
273 173
24 144
53 73
260 12
49 59
154 190
6 173
142 74
64 100
135 203
265 29
262 197
237 193
128 55
132 17
241 259
154 104
177 264
276 259
17 136
77 76
248 222
48 82
233 141
96 163
192 67
15 60
4 205
259 252
20 132
142 90
246 260
276 47
5 122
9 3
78 73
295 137
270 77
218 94
256 202
20 65
124 147
51 35
38 180
11 62
151 57
68 204
250 96
269 43
45 7
79 29
165 174
251 125
218 134
87 220
284 174
20 107
193 159
38 123
184 230
38 100
55 86
182 105
148 57
63 202
231 244
118 141
266 95
281 120
39 183
56 67
225 74
284 128
2 117
98 74
225 237
22 187
44 280
88 255
157 243
186 150
290 87
233 3
122 7
242 265
84 212
37 49
176 8
177 73
146 229
165 274
213 122
153 187
141 256
198 240
89 297
135 135
138 131
189 120
84 11
223 130
179 167
175 11
83 106
35 103
128 280
102 199
137 40
47 6
246 30
78 296
131 86
268 265
84 20
30 157
286 167
86 4
67 216
22 12
114 149
129 56
6 241
281 282
287 195
224 79
75 284
70 53
17 205
