300 5000 300
201 140 428315304
65 73 377578170
63 43 311250552
255 68 513336080
86 11 742563830
244 249 680678925
142 52 98023983
21 228 522409774
64 253 797240906
124 61 175473297
125 261 17832937
28 77 962697961
98 139 177834903
101 94 643138722
180 231 308685285
109 174 84635385
85 67 11124836
167 88 33546615
192 203 351477267
97 78 696242927
246 203 21640739
234 230 27249615
294 79 428183854
148 231 967403347
69 110 17255429
53 270 700790503
38 54 966703821
125 272 758064760
140 163 186710215
106 260 202990892
185 257 345039746
223 190 188655728
38 183 111417006
43 30 129606837
141 150 756561298
169 203 882327868
123 292 40101821
144 116 180423493
55 255 825702655
169 61 625696566
61 245 755878522
206 219 86597811
85 8 433068745
43 50 973126226
231 242 349908976
228 111 724618630
195 285 329374221
268 128 27816936
260 235 706009743
166 103 10397203
84 215 194771299
257 173 428256417
20 257 590618525
264 299 962557826
42 229 511477668
217 157 107149830
98 103 450364814
218 70 360342794
205 81 595148528
199 299 194008582
253 82 507397497
251 38 732871369
220 109 59085925
196 73 449974524
221 166 887660352
240 134 981221060
69 231 760468163
235 200 970536184
280 156 939332265
207 55 50108115
288 7 223527596
36 10 773018285
204 229 785177994
29 124 545591818
204 96 27385983
7 36 432985816
267 156 339526298
81 90 223865297
16 69 818852452
32 27 683013858
46 67 974230365
141 102 444822326
78 58 818013454
71 138 241971329
188 41 826737424
222 99 788822111
37 117 382858867
186 249 764245208
182 265 293323929
85 296 565243555
43 42 479045373
59 234 837094175
84 11 77294032
89 81 111247221
269 20 683895561
244 241 92964811
255 29 614643328
173 214 714431976
180 147 362866940
8 232 204313188
215 26 583846129
187 136 282542414
13 271 368387625
196 59 331592457
216 79 717748729
28 22 554242421
239 28 126575702
266 200 921758515
241 80 721205214
233 139 491251897
220 53 914912422
300 292 523966209
13 4 58202879
89 252 40668589
246 167 713334667
226 247 607971240
146 185 660884068
147 202 107448367
114 194 564425698
227 126 472623637
23 97 102318441
196 96 80039132
256 161 947912588
234 249 635749191
74 246 402279809
240 171 783916355
231 17 873623639
198 215 138561340
65 28 145677786
114 6 552807211
250 80 121811860
243 27 731505155
226 282 221978567
265 215 256587016
255 288 871955661
164 279 638349584
70 210 257494852
109 159 855967166
100 223 60557746
37 89 739955451
48 90 237928531
207 32 321905757
213 258 515853339
80 274 730490505
247 229 6485845
59 144 57174023
42 213 195558984
93 73 230008443
111 225 120487117
156 261 431420705
206 60 487949195
36 18 392391026
245 231 929818035
135 62 48142809
239 8 235630889
83 118 42045732
258 160 103820044
41 4 999610169
283 114 15461093
200 269 2083305
204 175 659767665
298 262 962842382
176 258 495328964
10 92 479205977
170 83 171060436
258 165 295364354
189 122 490467313
85 215 866380516
105 197 131587482
49 96 641613250
253 52 988929624
269 101 116497838
3 276 493707295
18 38 341444039
95 207 537682221
230 217 88907685
183 157 757327159
47 293 885983273
215 97 557400821
196 197 39550569
145 150 763853220
21 170 70774320
210 172 205221248
4 242 244495685
242 36 941773143
14 17 680168159
251 200 206759168
9 298 772849860
33 212 83083109
5 107 152920005
73 4 984443854
192 24 794971376
112 233 694828599
111 288 31860840
95 282 137790427
89 295 331161444
248 245 907338243
15 5 61820840
126 89 513506104
34 94 688948810
139 166 934794913
144 58 92490388
19 221 278533072
118 31 986630260
209 177 410742341
36 265 88551535
179 264 813998232
273 278 491893236
64 156 713252525
67 189 35476918
229 27 350633335
93 223 717542292
281 241 764527164
204 110 991776494
63 71 201335022
255 106 629943187
142 36 662801850
273 60 506670180
160 123 934398035
136 242 29068523
205 222 796118002
140 14 72506676
131 46 948173216
147 250 675495278
192 64 286333700
114 19 65962557
300 160 345543292
149 184 737446851
80 43 156010425
114 179 114740118
89 83 302584739
142 222 506855553
117 105 525075650
84 3 930745399
213 194 268044115
112 7 242681433
168 58 500757944
259 259 3755527
161 38 96083769
238 204 196027899
255 292 339064834
194 185 23311555
198 1 523859411
247 84 752719213
298 49 406700159
112 160 982104565
296 28 666424675
39 38 417429633
265 251 446822322
285 188 836484425
236 142 320517168
269 87 695038552
275 284 32555252
138 231 986273188
250 280 84203988
60 91 907648647
125 86 227602426
51 176 537092264
183 140 131114066
156 176 460645553
281 111 345459546
148 131 88140785
252 106 343028468
3 243 340230950
242 244 10493629
229 4 474376971
128 180 974562408
53 230 11807883
68 164 442385274
33 19 362378350
185 51 672847712
283 251 860341843
167 202 800688648
86 256 722780242
236 250 526819485
116 178 324539240
139 57 245527719
246 110 661242300
281 177 136596263
154 262 823444634
255 198 558271836
167 180 809078686
209 98 123420087
108 184 386367643
1 171 436710892
85 38 358653821
225 176 59845078
295 174 620403439
295 154 577421167
209 59 62012328
194 14 239855178
230 232 751376557
267 192 242266307
154 51 350520190
48 51 121401860
191 135 270437649
211 111 566971825
40 158 543115850
30 204 358161255
249 164 454493313
128 58 899523078
205 39 513581909
214 57 9528000
20 262 40566350
9 9 181993552
220 199 108112739
220 162 143463149
44 253 91121558
93 35 907297561
99 283 286136477
112 110 198566586
241 15 55376076
250 280 665643632
201 299 5305694
203 59 313246254
254 30 26176205
192 249 502749366
293 293 360359870
2 137 366894804
215 236 952291686
291 99 31079196
176 91 695628862
151 92 697317241
182 293 130926991
227 247 494461949
281 252 614356678
285 196 761048826
202 240 354026570
71 293 83889407
275 207 13831294
212 249 598345544
207 124 736955234
20 26 795758626
112 260 636800070
202 186 153162268
50 218 526838771
279 202 13425966
105 155 313936057
274 226 666974250
32 252 684870808
77 163 801245857
272 122 67182332
258 141 685539958
283 5 174478717
104 258 391820654
223 8 798295672
293 38 272596325
11 142 317471980
19 168 293282505
268 199 419439056
228 28 648233318
84 299 863260839
115 256 612666832
172 290 446284888
240 145 642525645
194 67 548367404
65 112 778166842
241 122 92972783
220 140 551844502
124 160 386155053
31 87 462252080
101 222 83513830
291 88 986895538
22 260 820672179
161 251 74160176
206 144 48005442
9 260 826595805
202 253 570840878
237 172 447193070
138 48 122626629
290 78 987045067
221 178 841694240
151 221 901240127
140 294 703739038
118 155 423669689
293 60 305369084
287 120 147132896
91 22 221557448
121 258 846114719
290 95 19119918
70 85 454979396
288 57 359475525
127 207 595869145
105 46 629343439
43 216 906183293
283 208 921430704
66 246 370936723
213 89 885384544
260 209 262779653
231 198 349933848
248 267 238034884
95 6 389334840
120 132 739863899
116 236 276517596
106 30 819968111
250 12 296891971
153 78 755294616
228 290 874288204
23 2 224713612
76 284 106280261
275 231 789098427
258 78 817762232
49 249 33965915
47 64 338949603
143 222 436452332
205 171 602660144
175 76 142942121
91 3 909463862
94 25 123782815
58 152 632013698
218 126 305792781
97 83 600099458
280 184 726925606
295 230 134656721
297 124 452636242
80 29 292080165
123 203 721902840
295 45 965557342
209 191 613460918
123 248 75876870
73 217 407771747
5 13 142147730
262 45 78405065
219 39 398858594
291 87 85058618
233 166 809489598
149 41 16527152
88 35 461465897
81 243 871110387
150 118 322690586
71 242 69970402
118 246 607080967
299 259 751784511
63 229 390563301
56 219 9850587
225 203 751131404
174 51 217065896
26 138 698079831
222 270 661186125
8 120 230167594
145 190 37037935
146 7 92622632
212 5 144504790
74 119 477159070
274 227 520209489
12 151 283841343
268 77 355102094
263 102 160927283
45 23 666874253
70 82 191436624
15 226 957974913
202 123 79293572
33 87 845023976
175 160 38603895
296 134 58891921
284 197 843463023
227 164 54323151
272 127 2966752
206 171 855892426
58 292 484210559
81 7 210611736
46 208 105066359
17 292 627171745
44 218 381228756
190 214 52767989
262 249 61705438
237 227 454139801
287 198 299653327
139 104 1358550
64 213 367925241
175 46 482037347
210 91 85765506
68 159 271732350
64 202 184442667
220 92 6088232
260 53 404362181
197 289 515622207
298 276 694970405
276 166 808366760
125 281 670169172
266 155 176846969
164 65 581342359
270 184 667981617
119 248 134305071
237 219 166400262
269 178 380708166
249 127 768175455
155 176 88157982
11 203 491106147
22 28 685428727
194 45 7852634
162 208 963956898
273 229 363840581
241 99 687191780
111 36 462722898
124 56 448234628
190 56 705432406
296 262 835939681
77 273 844442483
75 294 732299362
53 239 14919206
186 153 26855714
83 177 558907094
216 117 177772993
295 280 772928780
45 103 497946335
272 292 609704190
129 287 623824551
161 115 87794175
43 189 809979821
57 242 313067011
62 179 921386363
27 262 773829291
221 177 685861060
265 223 791786739
44 267 963039293
230 290 727810537
171 118 706792275
73 278 988142490
248 73 768000030
168 129 731793623
130 242 887375902
193 269 51220115
235 241 587166843
94 257 182407865
284 52 4698784
277 281 649757873
65 151 675533891
139 223 622999220
80 222 484079992
262 141 696108272
136 271 421486914
189 215 392104334
203 149 166867626
145 295 923549782
62 278 140112285
245 6 609468765
117 70 498872467
159 261 432147941
179 92 349605715
22 53 208709255
294 189 27558277
259 77 875022791
244 280 229964792
169 176 925728986
102 289 459134815
86 233 940705221
102 102 803283442
268 260 753661754
160 190 779982646
274 212 502762498
281 257 358827638
257 215 383037615
148 158 331645246
239 78 791817373
76 179 945961862
190 16 798777494
62 117 852538495
56 136 635295107
9 47 917530196
54 21 35840107
204 53 391365815
241 9 700561529
107 208 913080638
4 198 343274415
77 273 619725345
138 215 30029360
183 276 36171576
30 31 842057163
136 92 27317710
183 197 794075282
142 152 351039134
56 145 578283894
237 251 498316002
274 255 46132951
141 83 442431024
185 272 851377738
297 154 66194665
224 235 890165248
287 122 76951239
96 5 111567987
29 198 644261639
262 253 886376183
7 189 73465585
208 215 537175091
59 107 69322073
234 291 468384744
23 287 385656950
87 211 526193536
286 249 672773258
276 96 447959014
163 124 887590911
253 137 235551115
187 143 192401156
71 103 523738022
14 213 572836128
286 146 959420818
282 220 418554157
183 58 986407719
18 44 505038667
27 19 854281062
40 233 680726537
2 237 482897873
269 123 544111667
124 246 510167569
297 11 132231233
224 296 217330
193 29 818019949
149 211 504350107
119 229 801889402
37 255 787589072
298 47 425533457
186 100 359984193
158 68 182350168
77 243 966096965
45 239 248399675
278 162 951096722
107 55 542572851
208 255 113517713
14 74 485092141
267 110 887618448
238 160 916539294
194 45 16994645
139 255 719502913
258 31 921497955
22 127 146717794
148 156 967998555
269 15 49793761
171 222 958141216
284 287 384481341
76 5 833852802
123 242 13053013
268 188 750292158
213 78 86017164
225 35 711823346
231 56 137878272
124 255 201445880
231 223 50227146
143 94 649725667
258 129 61840605
250 204 235945009
104 27 812144302
116 46 215971941
173 258 807412118
288 234 621331352
133 165 476342959
157 288 620846613
88 270 858455388
33 113 731742133
251 122 354224561
155 124 63511164
115 227 599736742
16 42 879440588
157 215 772133697
74 254 144802631
78 87 771461695
188 295 651345034
253 82 604967556
240 166 829606668
72 116 840952641
84 270 170970464
299 84 506029290
293 151 859182132
32 7 833237498
28 133 366728903
258 262 318963341
104 149 680335435
290 101 357323768
145 92 547639133
164 215 753523548
56 298 889333969
20 49 191015404
261 41 470712155
244 72 944396161
193 99 124512245
96 109 779875406
136 264 91861307
223 5 681316559
90 201 406696551
175 64 852259765
74 120 224747115
243 191 587669763
246 151 245797155
152 147 226053526
13 39 5605276
109 134 729255036
167 270 20980852
73 192 532127756
183 33 720179657
33 259 267259572
150 33 14320143
16 27 132331833
178 24 832356636
184 176 973576682
209 240 241745820
136 48 3592954
172 214 430597775
223 38 203095718
278 221 530926902
286 5 961730461
58 206 101546293
300 221 544741071
133 150 777297494
220 33 122444069
101 293 377093308
72 129 518273808
177 300 325860973
251 274 891716111
20 251 602188483
122 289 863974639
182 46 529334345
26 45 528047417
248 229 595267267
141 148 681823751
262 248 161254044
269 20 891679772
76 196 454872323
201 199 19296196
63 218 969595498
145 91 25949886
35 24 308135283
79 101 125439128
148 48 315225956
14 241 709852404
16 202 135411503
259 222 833649074
82 50 660674422
256 250 47085320
103 12 901010189
253 156 753375932
90 242 713396655
273 21 440167708
200 220 773397455
107 233 47932447
162 300 681184048
165 259 755278270
290 92 788488919
11 48 106676968
282 150 454074879
223 154 285387486
254 244 464589427
60 216 373531399
267 167 540260818
274 273 412561302
220 135 672256602
68 51 333117112
189 40 139338955
7 51 693278102
74 84 571779804
204 6 744439557
241 259 89723600
167 71 768283567
218 37 53042233
187 62 111741906
89 282 359267692
42 101 78514742
5 289 808164833
59 295 356376035
213 120 622750019
216 75 360813324
124 15 176458235
276 233 783081405
94 202 473366893
27 89 20712155
284 229 325565988
127 22 69112440
20 26 154113428
252 136 74090574
287 48 935720845
105 15 45595471
280 139 836585585
166 166 330829669
70 259 49342771
115 37 237418411
221 20 307617891
60 146 932197812
299 217 149307989
226 169 245771024
251 207 767381372
95 63 138435186
65 42 955888376
101 260 161980893
121 81 672479952
43 195 97976840
53 167 845180760
43 226 830908457
106 224 133674674
194 201 414160594
118 203 28742252
89 297 747653314
126 113 636739807
2 265 872459966
94 86 90411547
197 128 616477793
37 233 471370860
248 27 685689437
56 133 476029613
81 78 996504813
26 195 26238316
177 35 500950964
90 161 466238229
97 214 758685693
114 59 561639378
160 8 629474758
153 96 347093890
64 43 874631016
200 150 996800300
64 231 10393378
129 256 13697624
96 133 921578059
59 274 577502571
239 122 84843184
32 236 310613494
261 147 74777101
18 51 180343548
59 114 767460890
75 66 77102992
26 129 537911822
3 9 121597029
227 104 4384513
237 163 933927587
107 101 251998760
242 184 126025295
187 145 351451442
140 162 544754992
187 221 29823158
277 47 492345375
20 72 408351255
241 127 626861964
221 105 26632167
34 41 961129181
172 199 896591234
131 140 591704017
78 26 313139613
119 217 985340075
262 104 512948347
271 132 770595445
45 151 755081668
300 91 329316746
263 63 654481950
81 96 357188042
62 19 14937592
247 202 860057431
263 279 760710109
228 149 791672725
2 110 133288828
100 81 258052011
296 177 538032561
263 176 216175003
109 190 414076366
110 271 136121161
152 84 873786032
143 30 174037033
26 44 15415811
286 271 454406511
162 24 183247772
142 175 84279104
252 170 649845881
213 133 140815708
15 293 331534198
232 102 953666220
245 5 115824603
276 200 419633284
260 225 456796279
170 262 687936850
32 175 655944125
3 16 21250100
107 20 406966569
87 232 420691553
294 298 539225445
143 230 269566547
262 174 821419251
216 201 62237502
251 160 147046026
30 81 246620339
131 112 300116814
255 114 145856981
6 272 189376500
175 58 968707931
279 104 405058981
24 246 59989662
170 260 922137487
72 227 865288487
174 178 768512398
251 259 794708678
42 89 103316541
255 95 25067406
287 101 644240378
287 27 463197687
269 5 622755042
249 28 454446640
262 249 911938699
148 73 668604877
286 298 291562106
283 248 237606664
112 41 899708104
104 47 81294199
210 34 508647751
39 20 588735329
277 288 889732133
19 289 655896313
58 250 156794413
108 98 66362037
84 135 594320334
290 170 592748034
205 281 308265474
209 85 893505821
59 46 346842406
61 84 152619025
89 112 984576312
173 130 100289600
37 239 412264902
202 46 137606999
138 182 551669785
72 223 717932954
5 127 136137887
30 87 57084771
102 197 63390068
207 9 946777803
31 97 22962014
195 22 914697744
46 110 928947982
147 11 830167780
97 149 434445661
234 220 885860083
187 276 274534061
173 5 500175700
295 107 644079196
214 65 919925005
216 96 916448453
30 42 375898026
25 139 954170036
258 38 513091598
289 186 413992046
149 119 956224417
283 6 880020392
296 230 198678149
95 277 805703507
142 190 47938871
198 106 930519618
103 187 290538411
28 263 228284850
115 272 8540187
213 261 473944124
210 161 471133743
127 144 423074700
70 139 465904881
70 285 656709057
176 126 911393647
99 24 29252804
116 126 180732190
227 205 985562252
228 72 77723675
266 36 582351535
189 245 638924196
283 123 133301739
82 245 45050929
215 14 874347465
271 242 265270542
217 40 137745165
20 207 965768842
61 185 125239599
64 112 570327470
39 77 666640405
273 18 680686801
68 300 716174724
58 134 210673620
238 48 657828933
154 18 420893226
196 287 842772665
12 58 411535924
6 171 712688708
204 234 827032220
225 272 468139348
281 297 109954217
281 116 371094217
156 226 232183102
275 215 454093049
160 69 398565818
285 264 976995056
202 27 218633566
25 32 304213536
32 287 71813569
203 211 451673693
203 243 173629089
219 224 729120304
287 131 103965429
188 106 48248096
136 17 731283064
206 1 123373579
13 254 362264805
178 278 266241937
213 62 813060923
182 16 425565586
174 218 770396328
214 189 380756303
69 175 972820234
150 63 609778091
145 250 949458807
208 207 265271959
286 220 399990213
90 97 617665842
278 10 778471203
153 243 266987571
238 168 846321588
17 81 183976528
72 201 946013903
257 50 69649517
299 194 156460066
57 153 310044073
115 190 507396592
179 280 967151188
221 9 846037749
75 161 363353491
245 150 823288458
85 219 251988090
112 42 378572691
14 298 12040392
30 296 495606586
48 52 118103390
272 218 297871680
63 97 249692611
2 69 239808119
3 143 786311832
193 88 314769333
3 224 595576951
244 35 714523692
34 101 496946141
226 182 700106036
63 281 831011239
52 252 302417357
231 14 219347305
141 68 346950573
112 70 316214715
243 14 246643654
275 68 984558977
278 12 566453564
21 97 938341316
62 22 169871749
149 136 417504930
288 188 843801281
96 170 808673747
300 63 131789866
272 174 806671035
138 168 754219800
92 194 945208268
20 223 484140879
35 244 602106675
202 57 311146049
251 205 106865584
280 244 959885023
260 91 168076045
58 90 128614907
223 113 786342432
157 251 927570451
209 94 14551944
276 165 200412919
106 252 494644362
32 153 99225118
280 103 566777574
116 82 728312970
190 94 886248660
186 151 112448302
244 74 901346114
227 282 274189516
77 190 625105809
173 217 496203026
191 22 601418377
204 54 731609529
273 85 56648232
246 252 994039413
267 194 92617058
27 79 456022209
228 23 68561082
293 249 589421063
9 78 625338305
169 250 269004721
194 192 709593895
170 95 549212500
299 67 99006584
282 64 23390788
46 31 429733781
204 109 191144311
212 88 583720933
45 80 951355134
107 88 369101011
163 257 556543212
84 150 861578303
130 72 631366997
229 122 670167115
164 103 692239878
51 148 130930960
183 103 19972668
94 14 176846007
78 58 797864387
11 217 9733674
73 79 142592382
84 214 840127184
286 43 703756455
34 271 170122428
200 187 590840630
78 237 517499529
89 172 42716184
209 265 917480097
115 42 767901407
101 105 183401175
227 177 789317705
60 13 854655719
43 50 794041813
149 84 304172136
76 283 336569622
157 112 914625058
86 253 25621281
169 161 303153545
17 275 888491839
275 128 880474943
201 106 353236571
206 165 10803583
176 208 419786985
188 108 359037420
223 184 351238354
196 92 88629666
54 177 259691370
186 97 179363430
231 166 729524556
121 192 855522783
63 93 124640840
285 50 974438405
220 225 950075364
204 164 755308171
23 139 412775606
176 34 513318298
193 139 426952126
214 25 196393275
43 7 591638192
199 127 380588283
233 189 451677427
73 225 741706976
129 144 957849000
92 99 599178016
214 173 264833454
272 101 143901287
69 45 856039278
146 259 721836002
72 53 749477708
163 3 827456234
198 236 688762874
24 60 539150550
200 240 389422846
51 31 659366744
66 296 413052369
271 267 296685369
210 87 103928113
287 285 946988323
140 56 152713076
299 271 303143278
284 168 106318065
209 191 686878276
58 142 19262315
103 193 906061897
299 10 102585193
67 33 726640511
287 242 291546150
251 280 76770586
174 171 426190741
201 169 636477511
178 152 88219178
195 60 85609521
270 169 517839162
285 272 47789806
133 22 274639468
277 88 463221600
140 74 609953841
89 24 275908172
74 249 330404242
166 149 375436110
229 27 943492713
158 273 723336924
278 242 254119292
292 278 777779015
197 163 953682836
216 139 47399475
215 278 503097948
207 118 982255424
178 243 579343872
19 109 152109073
28 37 151177951
292 246 535384923
15 224 991608264
259 267 244142994
173 215 346534656
161 131 106401146
235 45 397866624
83 252 70026293
58 129 494618036
281 148 950348944
53 227 778729232
203 271 67978077
25 285 756221352
141 295 213814570
234 168 636031185
241 28 150027015
86 14 71540011
261 96 158007662
254 205 390370843
189 186 246517442
284 238 101883568
167 141 457510990
295 165 331703927
99 57 831098021
168 42 585988640
152 282 550058619
266 120 770707433
177 80 603549380
90 33 30839885
132 273 484439170
73 256 116456307
293 122 930585599
234 169 609695616
160 267 997910972
81 134 191891014
220 286 390686747
191 3 848182966
123 231 814762646
202 73 212968430
238 204 684902003
107 29 885945010
266 73 594826684
16 6 732041452
231 166 906327018
255 298 331497951
268 217 496101788
14 159 697649191
232 281 712712873
229 235 846784145
258 172 342750201
12 31 594612129
22 48 261802553
257 63 96799758
8 46 136340375
25 300 359006072
227 267 203301841
115 32 219286299
57 263 177666880
229 191 534509314
226 201 173169837
126 212 725571267
106 285 13202614
158 241 966649477
215 300 48123822
190 24 108052973
161 3 633295239
153 117 572086422
252 225 67576785
31 205 492078027
96 130 58558579
32 255 599404091
299 60 558108627
64 269 824466168
192 184 835550867
65 125 497689743
237 37 142380745
127 190 118242013
49 141 975439089
285 223 574168493
111 70 466247075
190 101 141908681
232 151 48281793
258 215 447168961
277 106 287886296
296 223 854257820
90 159 210322309
186 286 706865250
150 34 563172942
38 18 956912264
182 180 127625233
156 121 248481685
137 104 45052888
229 114 678025102
41 142 671596859
37 137 73891981
208 278 845479792
116 163 767139177
265 12 115989262
58 101 959606831
73 35 642586262
157 242 223486135
42 78 301710538
129 58 140400803
182 99 711506745
92 135 555611933
225 42 170406111
216 210 403302725
244 226 372543789
5 284 53568389
187 56 578094075
248 213 707335217
182 6 435716846
272 186 959004404
174 67 429399554
218 210 282272240
203 134 224396633
113 49 318611394
237 44 419265420
125 100 794564355
166 286 401420462
292 286 219975326
8 219 498710631
154 190 135195616
109 116 659971734
214 33 744635844
153 287 168112629
237 99 70849178
231 88 630050073
202 264 256671873
156 181 615354110
217 173 496166695
243 232 975112114
25 85 206417255
293 245 477966570
78 158 353783155
73 62 389478941
202 51 607976392
131 281 560061879
103 234 323311894
227 89 98778475
37 57 169588399
183 51 390560530
248 128 49928067
203 120 106695411
24 249 695294821
178 22 97998534
71 223 539203184
62 105 190036516
192 207 469763949
285 134 25466189
11 222 406047346
209 104 536515448
39 52 63064775
5 6 825923646
267 29 485063795
87 259 490153768
21 29 156789842
4 142 408337546
20 85 874846952
268 121 518022637
57 132 100702358
254 40 824085514
201 130 810767865
28 134 972199370
273 101 638862950
219 239 312025408
186 259 86198388
127 15 569358281
172 86 321566965
176 53 518652686
64 161 111910269
174 166 565895408
87 119 976201338
103 146 392756123
124 170 922255175
173 141 259993314
233 26 356485424
72 205 898418338
53 128 928344923
117 55 916029128
54 119 886937140
122 44 99632658
282 182 238114776
271 36 70480973
145 159 422654894
120 83 779700334
85 67 484287412
8 139 840689616
246 191 962277195
20 59 871380750
147 165 791055620
187 38 674520515
144 19 493344596
271 289 763328431
295 134 309187741
188 5 769785475
222 89 457147042
33 96 162503532
100 93 750180522
46 113 99294032
295 259 875980396
166 197 44666234
132 92 23763304
227 114 789472945
109 108 587067630
201 296 338802534
76 217 9703674
69 1 251223769
200 152 666813862
273 197 37335226
104 244 573784284
152 161 720647233
237 293 872524024
40 271 972562138
236 80 91242545
265 280 503736492
50 107 137227960
223 175 476004360
192 126 65788011
5 98 721372460
230 254 461622103
165 105 782625263
297 93 211418807
273 184 388830978
62 120 930706557
258 136 851265988
150 186 920294747
9 108 594939873
221 51 37704899
283 107 851286696
242 36 987495649
196 253 174828505
11 249 457951497
117 273 713144281
194 34 582396152
102 44 800258387
42 193 558049872
88 253 717990632
112 225 678788082
210 208 812288789
158 201 155827976
58 97 283189928
63 159 767538229
211 275 481396901
243 169 102360787
94 22 721672430
81 63 695584674
4 202 161325478
87 14 594899203
169 223 767126562
109 132 546863662
136 190 100765310
64 4 211456768
44 214 90356843
244 209 978812863
282 2 660047736
63 134 132811099
36 190 874946752
66 276 776361865
20 196 579794040
181 4 136529971
294 140 139098012
204 255 909810315
23 298 611651081
117 293 957764589
131 275 383063342
167 89 687805728
17 177 430041617
68 242 32794344
185 261 322335640
276 193 963470643
198 186 817060034
62 141 166293740
176 164 778709989
8 280 135705682
48 163 44674308
142 29 79804648
69 97 84165024
237 216 71597265
80 152 342033277
119 127 810083269
214 77 875127255
199 138 342963247
139 65 720015310
179 73 654189342
212 172 124298204
271 13 642905984
119 133 195340132
142 69 804031047
107 149 950373299
83 19 66677277
4 232 289472953
58 131 610374690
56 21 791709155
166 199 297643779
59 111 85943150
114 81 244703315
249 199 609213647
180 41 462032116
26 199 688469416
76 281 758344834
253 284 487645366
205 93 398463748
295 201 804577368
201 66 337212566
179 176 984591376
28 41 496420809
242 289 247472807
41 220 26945099
156 297 53918597
223 73 670426578
256 77 391585013
273 281 92521158
120 27 116198258
287 227 35147975
105 157 356076002
32 185 203280542
40 178 924700282
299 270 863159001
297 177 527720449
194 99 16241573
123 55 395399649
35 79 954667630
144 199 9452908
101 237 498948287
227 93 720797543
228 125 613460179
269 216 421639509
102 214 754549178
154 211 926737655
203 104 626674353
75 226 465220459
24 12 930021338
5 156 272057088
64 8 295905076
50 235 338777869
193 162 237783193
271 183 341858208
31 36 898475722
9 190 787097184
163 92 209124839
167 218 834985264
278 241 613812527
167 297 933095082
254 61 466580242
29 110 544383276
249 54 227612889
241 77 719549623
201 107 944893759
74 115 619320648
157 29 123067091
95 248 619858308
10 225 357610301
236 91 143507049
70 96 134485109
211 176 534525471
38 125 211909324
78 117 632613200
1 17 70792959
259 90 575965073
158 298 632416254
200 92 14304501
107 153 39366625
59 141 342656667
8 210 196231714
68 172 43480489
238 261 75697213
214 38 235697782
213 38 160307698
71 48 305551740
96 257 606010737
149 156 123325881
201 15 692482433
177 125 779809273
243 184 170917834
156 252 479872005
296 189 956087765
261 102 679694355
42 67 517725044
191 189 267589944
130 36 548609700
67 184 188884108
147 136 808271474
79 12 764382098
204 6 53239382
237 213 661844785
194 209 272207425
58 221 96236627
64 262 324094645
108 152 174058085
251 34 222092021
102 100 100612704
109 298 381473692
234 128 399008903
184 31 53424061
17 268 835918173
101 161 495004433
125 270 106380053
3 34 758259166
299 193 610949470
184 195 970002703
104 296 293945954
259 157 853588751
250 90 193929878
5 273 94778609
65 289 579569128
37 141 128173440
270 266 549195661
174 20 522330146
40 19 565301938
109 202 798217332
263 5 622202380
216 263 373624836
166 265 565788877
295 269 110560250
155 33 618727390
34 69 899618731
73 90 77958048
134 264 249981967
31 55 592301485
69 215 131491038
52 177 384609942
83 144 9819957
218 9 536078421
195 55 67426941
196 210 952256873
237 243 731519093
119 68 47701683
18 253 712217398
185 283 483325404
121 103 119458818
259 207 295653046
152 289 453337689
8 207 298617849
180 153 25423403
20 100 433565664
192 88 102613759
237 207 160741126
71 224 9659778
168 160 24216212
123 281 917196015
240 291 44365573
285 142 322894561
173 150 978924167
173 29 283275971
175 101 346510222
139 292 787354310
97 280 210459668
174 50 841267991
203 217 487310303
214 39 35855383
80 30 175943325
152 66 587151366
213 290 131815815
231 162 51047796
154 37 412274248
175 227 315235691
284 75 343967571
51 248 398687920
94 150 44130489
48 115 911104327
230 195 676617309
206 98 931289774
271 62 980975764
238 45 124293125
285 198 239181613
132 72 906690539
22 108 81950013
192 210 925701160
112 55 152636461
300 102 934455776
278 83 893387822
38 288 73798171
112 259 946065033
227 248 46661629
151 232 953831226
164 63 719116749
154 136 129872508
167 80 544041818
178 243 360441724
91 294 361349826
66 23 140170560
39 61 167814548
161 172 736465858
45 98 977940305
273 300 795802036
98 215 454841650
99 69 270294837
206 235 733612816
223 164 95999858
99 254 401586451
24 71 413993274
83 161 809837634
182 22 372925657
239 66 84233106
295 91 68053105
230 188 268599972
31 286 887531540
268 244 711830526
35 166 667198089
293 264 611303395
295 39 626085865
268 174 162482378
53 55 589258399
61 46 410028016
166 40 818936506
23 270 622331446
94 52 539329583
285 71 699803426
110 106 500311144
150 98 301294459
144 92 316619550
261 112 833940623
238 216 873588577
288 277 24545622
103 194 117268414
61 268 95042635
258 113 265226286
192 97 750630557
70 258 137384614
113 108 816455611
223 3 746979054
72 15 342948217
94 252 266717085
223 239 38694961
96 94 300664006
9 206 120677326
243 215 914818538
281 106 275651887
89 175 62491544
2 39 647568303
64 262 789669206
217 85 819912820
286 231 900781524
270 153 621533714
282 300 244713759
239 61 589258164
164 55 982531078
202 35 816378436
88 123 938087310
283 176 405517901
286 239 814931962
43 208 40498098
114 193 211124228
137 214 52915280
203 247 147965932
61 185 908511892
125 49 134628498
154 2 386509333
41 141 972334007
103 123 176970783
203 160 669391621
16 202 49091928
213 68 511536272
41 204 323441737
72 106 523503283
103 219 264901268
246 43 520829368
144 248 353589769
128 41 891350709
234 143 49120083
268 45 621949843
241 60 104541896
120 272 316809063
192 12 12049219
228 136 811796076
263 238 960763394
130 236 900725688
149 131 466730388
117 258 475155928
277 243 716605970
11 211 596598414
153 151 635097925
1 270 20086248
163 213 110171260
33 193 368333647
9 155 237506636
254 36 478718471
242 184 79114001
229 52 277718910
8 28 46867205
177 38 711013315
142 243 497097917
166 243 454212938
213 157 946411003
24 242 297133847
270 250 29884753
206 255 409564988
128 196 662036623
181 176 288373074
190 183 884957753
194 59 500910742
160 252 758181884
28 117 466345778
218 30 942211487
20 105 197828228
66 75 897508429
18 32 2015483
57 159 264591431
279 91 299450306
4 33 286780741
56 278 90672351
197 138 160239903
33 217 130581319
162 134 874299200
148 205 501564805
127 270 233228131
55 39 306795814
290 95 200986324
120 125 847430015
177 128 376362147
117 235 834649924
168 184 785823013
170 268 579495682
288 129 817364515
240 29 3389572
244 207 877155641
126 14 26096532
39 3 7260878
162 122 335201655
128 298 298291934
74 167 781489469
50 34 990737704
214 203 831702171
295 242 475761351
262 181 865126731
133 176 197626538
25 53 223285551
256 91 944119253
86 5 477235426
40 132 122084375
173 258 165446841
293 59 697995174
296 272 732485628
18 19 546983170
221 280 720819702
151 164 903043678
40 188 31915930
242 196 414232273
94 33 250979029
171 72 537069860
298 296 206415969
238 289 241150927
264 36 279614099
191 106 753817517
112 78 333642048
214 280 22477263
243 20 844962450
24 261 384743197
248 107 796564029
176 29 268142952
288 26 97771900
56 16 66940340
183 279 18902327
33 221 785360032
149 85 399623861
48 50 21787841
110 44 554511212
111 67 221079524
8 67 965612030
288 242 822893211
92 229 62491088
191 37 849852503
30 219 588005333
256 251 9435206
40 151 661125290
200 250 116411639
40 59 130854282
3 169 588885500
227 228 904737566
8 268 181905860
118 111 104943888
6 1 437816676
260 82 864126094
193 37 221035296
98 76 262361798
87 28 321747647
177 119 421670105
258 122 112124326
157 48 777853505
175 107 67938024
134 225 250520834
73 282 423373834
49 241 505953715
294 185 517162804
242 282 242361131
39 120 81172558
86 296 907901277
242 253 129574850
267 162 114756449
272 88 681574455
295 221 505438431
181 45 648839464
14 93 109113705
281 139 31815541
284 80 868831123
114 118 986318442
24 255 500689138
52 197 395313842
201 163 259078055
201 186 996719342
7 233 642659914
38 113 154360011
153 178 117119955
157 210 247582193
150 193 471814724
72 59 199662994
113 82 752874648
202 133 405636144
296 85 122588159
250 285 681584196
44 291 150562280
109 80 927526892
219 233 993400922
174 141 1621731
18 290 321868476
242 113 343985934
35 226 854179367
82 179 760350051
78 174 44589187
288 176 969136871
83 271 773116613
163 79 961966845
106 50 184527029
227 275 549910869
10 292 794966611
285 233 936009023
70 19 811872900
236 153 923247379
286 230 370479004
172 217 412645831
94 51 46467201
58 213 619635732
154 19 433995081
182 297 459181555
51 6 942777346
13 42 209113531
35 111 605336749
35 46 736838001
265 83 861769782
120 6 102720250
151 151 141273601
203 209 127992113
34 62 695435383
266 244 984487980
120 46 701804337
18 58 169252931
200 144 878303341
100 230 388167639
101 246 606679521
134 66 283460879
84 268 535132229
84 170 987326537
296 256 307043351
31 221 826293346
62 93 94987391
98 162 613124800
280 61 316714595
221 160 165113325
259 12 786601070
131 146 404173187
9 229 430475506
38 64 59458876
26 111 468308083
128 141 385985503
173 202 976705395
15 52 35761456
266 31 624783568
61 251 496592128
137 261 93057839
106 92 128466836
245 152 853023016
50 241 407999979
77 267 773906190
59 146 498693382
14 19 714333184
60 85 680178987
268 51 860451017
235 163 838485320
114 299 2449532
5 156 959023175
40 152 991667127
108 202 340546319
238 30 140470937
127 141 551000683
261 206 250945253
244 265 335292037
82 284 122198539
250 219 75863001
69 84 66431451
253 88 27988607
227 180 69740358
105 287 622162211
224 224 597229393
60 103 610733633
94 63 753693138
146 58 855329654
283 139 951404638
273 88 519218008
126 209 55361891
276 213 357926831
34 191 702863310
244 296 648227048
106 271 602018023
298 82 190658777
82 176 912842691
71 73 335419300
25 107 138567590
14 80 35254930
221 257 863966638
263 284 184701302
93 18 251449392
102 13 908394387
201 170 201115309
276 220 417566743
204 1 108749370
195 124 525608442
294 200 855952349
284 213 74495980
113 185 257102336
202 147 322719219
203 240 151851588
94 93 814239800
33 46 489595122
293 21 70114241
35 224 871563493
4 170 647636016
46 164 106177815
246 199 51109879
225 63 149133863
160 264 308128010
78 218 886019149
66 63 290703293
117 95 317891138
38 140 422117058
230 174 499072534
123 178 609083903
190 275 87570466
157 220 778132516
35 144 10992278
150 55 355149093
59 132 142787910
259 249 477874473
251 66 121319519
41 155 274238358
98 85 206714084
131 207 174979713
86 96 704643687
203 4 356691058
219 39 353101453
48 240 950977207
141 298 325553890
150 8 776166739
274 10 822088256
193 50 100397210
2 200 533724194
285 82 846149052
197 167 685307800
135 70 9894603
44 40 723535693
96 87 975364932
254 227 926026681
296 77 314056440
286 102 577641150
41 46 739704651
250 48 369847650
296 84 819659032
299 33 550739050
98 167 798141819
201 211 45032558
145 58 154919897
277 64 777920223
209 59 761854151
149 44 584596153
98 84 72498450
200 85 794766697
150 132 515664033
233 131 705137465
234 280 920347031
253 180 223016493
62 77 113730951
258 53 101016666
133 261 805394824
83 161 708064867
187 10 483631402
37 210 232491638
285 111 340886122
17 95 802447552
81 28 7516431
64 32 965987363
8 146 253912391
10 155 141623743
75 287 112697155
198 122 481189068
116 8 972224277
169 44 30540138
7 81 173467948
28 97 925699442
231 230 690490022
113 45 413465153
227 52 844690098
117 62 139084753
111 188 927085691
118 86 118030712
285 253 1548672
213 122 945105315
51 180 153532747
298 259 584945944
92 189 502031425
265 53 972619869
117 32 72244120
167 148 619667833
71 11 863391321
13 180 461325758
25 216 121536010
96 128 32686183
262 230 574751562
209 280 941134620
4 71 786799260
28 87 971778265
148 203 462058996
267 121 364070195
252 243 671951957
124 256 498401436
133 280 29640403
94 127 532860431
177 140 743634360
190 48 835430139
162 103 586463561
73 130 687224647
37 277 403694902
84 296 433080774
31 299 914467017
287 174 627455672
175 6 542593803
277 99 661430081
207 27 929069820
119 217 351562120
9 130 513852922
22 202 917973652
68 291 241576880
121 74 556906727
295 104 483631025
163 91 590173798
234 265 190377155
88 241 553260754
68 200 269059832
239 70 60009600
158 78 719761029
180 99 887629731
83 219 240426673
14 91 535178146
241 137 693503402
217 299 534838044
15 284 410099860
221 123 348929252
174 242 884186651
206 181 317055472
205 90 777933150
86 269 410832300
168 103 902977570
240 117 658063861
137 109 961688297
138 25 580834248
281 91 290441031
140 12 338135154
292 237 385346695
94 194 213661827
266 151 322126317
267 236 77109437
118 155 396584840
188 94 227162108
100 230 125747968
148 68 723457092
195 100 168012335
278 240 797274498
183 283 17020686
277 128 243794380
4 145 242637882
120 163 28279517
256 281 45898071
247 220 535920216
106 71 181007745
73 218 379696764
117 165 814308964
251 194 747460555
148 76 528080789
33 52 40356316
164 107 306375313
145 278 104070927
113 286 991759107
235 284 429966478
150 90 76756900
47 162 41302318
10 278 461986034
73 280 776732727
179 179 28710254
267 264 898232605
235 127 156510664
99 24 273154393
125 188 472756878
184 123 856935662
161 24 505369203
261 70 838772764
30 132 138152494
15 256 719004373
193 135 83635604
146 153 544034167
202 87 49027145
65 185 988736068
258 10 96473156
187 193 270652830
100 105 194678953
102 117 754591975
18 146 477572306
211 212 30445261
135 104 13187747
238 249 101364200
56 151 40363638
1 267 284045023
268 276 641511984
175 163 104523628
204 14 103046432
257 116 566353649
183 185 388263946
188 95 30763358
200 281 975617313
99 271 399019714
98 26 51719516
235 26 90227382
9 46 640214058
92 220 26952772
119 124 107379185
3 132 239378852
251 14 261724536
148 201 165085082
257 152 668464863
170 250 560532185
135 99 680288510
250 86 781793688
31 94 1267433
140 186 287699252
111 56 911741975
148 58 920590906
299 60 68838019
35 260 686571971
216 216 656754375
130 137 140056624
14 271 795391975
276 220 958091360
263 3 764716153
47 142 709294690
298 5 896350598
125 204 428930307
82 202 873387467
53 288 175535078
275 256 661103793
49 85 863259982
125 151 328507004
51 126 108564376
10 140 293659478
114 238 229039071
156 287 941655927
253 163 538889230
159 245 112634184
177 49 72098971
154 75 287401378
99 124 721973563
180 300 493896765
35 50 430943142
110 111 167422733
187 224 704602970
210 131 182699456
236 83 365970519
218 294 27523415
153 222 88712515
75 128 236109789
253 226 126469612
215 157 457397663
131 191 171769564
172 53 80193026
104 239 94867850
273 200 335154132
180 188 139853415
198 105 495445060
264 257 275316533
78 31 802486560
267 283 443091637
30 249 60391745
145 79 130377536
8 2 319162440
34 105 215373230
35 129 900565330
166 9 168911017
132 258 411815873
143 274 889397729
76 51 231304611
187 69 872421546
224 99 387238446
168 295 269652077
55 54 950605578
294 87 450038035
224 173 620036063
105 91 348331823
121 274 895833
293 169 605251506
173 296 102627708
135 182 876617877
80 105 758724327
26 25 58861073
102 79 96281326
231 125 951178113
165 48 275968337
280 152 553289779
154 24 922995853
286 68 438080673
143 240 668828068
51 126 270240949
79 206 537927306
257 283 679762530
129 136 678640508
54 66 706240032
118 283 977934331
55 262 394288734
185 115 124214257
289 153 432043124
261 295 59689415
228 97 238457741
129 175 693285998
134 183 958896280
163 11 9973367
22 117 944606484
6 234 65350018
36 40 139723679
22 277 73608346
278 265 867899850
54 226 127849696
68 205 956085593
260 33 934258119
57 166 821091602
188 80 527963464
206 154 151155032
290 159 789328066
107 246 275999957
238 267 311944133
235 297 672672798
84 50 648782975
279 169 56586379
23 129 18840312
242 237 925988429
95 125 457793261
10 30 145411666
42 71 842567324
59 178 84743621
115 167 413712940
200 101 953689536
249 236 989232885
223 266 285065105
153 289 374611233
64 282 656189970
245 128 941213946
257 137 239656527
122 178 496124198
197 288 775966975
217 103 923941241
8 54 866171693
43 2 618041828
179 276 12434045
184 128 300401233
68 244 121234214
189 188 1057293
134 196 762801230
161 69 262653759
258 265 289942947
284 233 120668749
176 241 624324354
168 35 768549855
147 214 907160930
91 149 96743957
76 216 61171952
41 105 21400639
134 290 845288686
63 150 973215054
221 159 100263418
67 194 16210103
67 121 282251695
172 40 852077729
278 186 419953794
7 29 418428642
216 104 927146210
67 196 602296466
158 29 385093355
195 143 367709757
249 116 46269867
18 234 49257013
72 53 300612433
66 224 519024173
95 202 175050410
88 260 428608838
282 227 285133393
143 46 865858289
108 203 24357169
62 149 670914912
270 97 920701627
89 167 63660260
101 238 72975912
233 56 425489288
105 150 37233889
215 289 520403348
104 22 824257975
97 164 9969720
37 271 951455574
57 85 346520574
168 106 315863423
146 194 812263889
58 294 556964778
21 227 979701433
208 31 785067934
48 297 393018075
148 101 74496848
122 249 904134112
193 37 189259034
218 93 462448618
91 13 796445324
165 210 90035369
53 267 687443063
283 40 741797189
267 299 624638271
153 47 511016720
79 246 977025020
26 119 865345620
137 11 189320456
271 280 825823048
240 122 150801012
15 287 232439622
284 91 986915488
246 125 44753579
186 144 126410478
208 296 974152776
227 74 108383821
98 99 58394291
217 288 129121201
124 10 682085532
124 249 211291505
135 264 32602543
56 247 810798886
296 244 102845310
274 129 445992305
3 36 920275100
130 15 476260825
202 112 335929976
92 81 255933015
44 204 573012624
27 27 602133772
132 162 844774487
26 217 538453785
11 212 370614728
173 238 788087208
177 292 415509496
229 122 763898310
105 75 662795021
132 167 830061601
146 262 307534857
169 289 68521483
193 172 116338844
179 249 535942913
164 260 314249176
143 184 348527565
251 112 765188557
198 92 243417630
107 197 891598604
179 80 620642122
32 226 559669384
88 94 95798624
170 38 440321347
166 217 625840095
130 132 315670106
57 26 612656689
222 28 667824853
78 225 548933344
107 31 437275692
262 262 668781872
284 293 351901249
19 80 207130094
42 1 689118532
288 218 495157400
234 47 163700483
140 104 65362508
280 25 840747036
232 154 757879912
28 12 728143095
19 273 266847956
142 256 56572448
190 274 257367779
84 67 85239079
67 106 214074249
266 40 474783495
48 179 739165050
155 158 503230126
42 142 532167279
206 169 921910490
100 187 416574715
7 81 931769370
154 22 584712896
184 105 471203914
214 223 179047420
162 188 39116211
209 235 662047689
58 142 218047598
284 235 522424439
114 140 976627907
256 239 870450046
70 297 725189078
191 202 40229899
38 85 875218956
252 51 919274778
23 212 667554766
133 172 136275752
121 230 390800245
70 265 271875280
161 130 242413471
119 85 178041562
264 206 198123858
293 149 211749160
292 186 476285244
199 189 782003894
276 211 342979358
293 43 633995129
245 215 246732610
141 285 684421926
220 197 479230356
191 15 258101092
152 31 437608850
161 23 949522998
20 66 83589135
264 264 458494824
9 292 105803834
18 284 64632377
199 280 702060843
8 121 383620479
134 92 484252075
141 34 833099890
284 237 153130320
33 98 22048794
230 117 627568860
65 132 697425823
140 141 3410814
73 158 65594950
101 56 20253981
44 116 405671801
74 1 51272745
249 193 494437578
138 176 765724215
109 209 63256512
102 190 598783628
161 6 701107160
236 145 4747352
1 270 852683561
50 70 731427269
131 165 887711084
83 239 710989636
127 187 827976928
205 76 349290403
271 184 565055263
82 285 572278153
61 198 159580910
172 133 80425655
123 185 145648924
284 235 272399445
4 117 310221710
139 199 347768900
274 78 16776738
1 34 150345113
255 4 606637048
118 85 555184984
222 145 623557781
31 17 214213965
37 191 330564350
260 226 890720236
5 229 62419252
266 67 956365902
165 92 623832931
2 92 706741564
266 99 823332367
113 268 36861851
296 189 651146348
129 271 367293016
93 8 42565558
294 267 677131184
129 23 854933512
132 288 168716331
86 204 476952922
168 205 460136566
232 170 320074016
298 34 769304183
201 30 85137923
300 210 574639793
167 2 170751800
224 48 871639219
207 228 97185141
171 112 862643981
201 249 515784636
74 116 220867493
91 47 128237662
206 97 402081248
288 49 40034177
10 48 75719638
55 214 18318891
54 137 50912638
124 96 916737466
217 266 383245329
297 218 554285777
84 43 906208092
76 134 145753839
290 39 801288087
237 79 57156335
265 140 269537634
202 194 953208647
192 300 855767635
230 123 654345782
247 39 203876599
75 87 673076416
203 171 96447211
94 246 229092844
84 235 96120034
170 223 466832964
56 187 573853204
289 88 696853249
187 32 154068548
274 13 669654671
155 259 45829461
54 85 292720548
221 287 778628918
131 132 724422063
226 268 963370350
60 189 45038672
23 245 861977559
178 285 342422998
227 172 652177529
26 197 694670141
248 51 239154651
209 156 668876387
256 129 538121125
173 259 753096957
87 237 17106776
288 296 426405964
60 70 890667208
70 300 384460845
219 278 8479168
48 3 471006164
240 3 278903966
143 211 783532822
129 166 215518202
154 90 113758260
62 228 117411248
237 216 765048143
300 275 81050965
60 96 786756564
104 14 284050893
71 113 21969795
286 53 80233349
251 195 947121959
124 75 620388876
125 280 26146665
137 41 446366445
84 29 139385860
27 29 855276286
143 140 456015281
258 295 136542194
50 117 254067259
196 102 798227911
45 52 565727857
103 176 225443483
131 300 462979563
247 136 883949403
291 220 210492484
250 298 163982064
287 192 487601703
67 149 270844949
213 198 817158265
223 145 450064166
233 189 300982969
241 44 300931144
23 174 370459596
85 120 770810231
240 163 324427002
123 112 796358051
86 151 267654342
240 269 230105142
88 181 115244991
104 103 797560036
169 87 209799976
37 79 446570419
133 154 833292944
228 238 396114216
210 229 581400678
164 103 381054541
114 240 650352091
8 231 697824960
49 18 512531692
40 173 348539547
175 41 4076433
250 130 602419264
121 14 663978817
164 293 504251006
131 202 7185235
208 65 88306689
149 231 59081081
239 238 407110111
50 286 255755081
42 77 422174253
188 251 208948146
172 253 64543375
235 125 847440140
203 288 223065332
109 119 667261885
295 78 504456802
283 226 531008132
263 217 719602921
174 266 447829958
206 7 830934235
58 246 518992137
3 118 869287289
129 104 33422813
268 7 844691653
151 115 699208023
236 109 30888952
137 143 515756278
20 158 361711146
140 83 561545811
49 288 332824670
283 45 24087267
220 48 786893684
160 228 781212240
225 196 965989046
29 98 550507812
3 33 541953772
54 221 881149966
31 292 774661123
28 131 334630057
239 180 111779144
260 214 233315341
226 185 55670440
62 45 495904167
1 21 253973014
298 49 552942312
161 51 60073944
132 104 984857417
49 187 5784508
124 214 694974491
280 204 500257322
124 163 252567235
64 141 323412720
103 202 434597416
121 254 619544136
35 251 575460884
46 111 706588386
141 294 191299241
209 94 545349727
217 217 835483693
107 197 770730596
280 72 388947811
14 187 861706251
285 41 680932304
300 161 775321857
35 247 963380307
170 292 500648169
55 185 929079214
96 93 129823407
74 9 730058224
266 167 916930072
114 146 949701743
176 212 766721281
78 196 718626421
181 196 6354033
289 282 31360780
295 204 199105323
215 258 569661607
180 105 980403400
186 231 289631560
161 248 339804227
32 113 336211424
26 288 678904035
258 65 543811131
178 297 218046478
63 285 321154211
142 31 428595214
264 297 99474224
23 176 672574128
122 62 250793710
281 274 964583958
59 58 289708170
283 83 467630510
117 41 360057226
199 270 647920623
228 84 811575259
239 225 961885090
152 241 157047338
75 263 621108514
155 136 188924727
164 168 590554200
121 227 595443357
243 261 5810292
52 129 735859932
277 28 61767753
251 255 137371437
262 245 846548113
251 97 388403105
40 223 332598019
253 77 659536254
279 293 363882074
279 165 80407000
35 107 702871512
226 210 205146940
209 239 836077119
214 189 813708526
250 150 459195370
14 152 53649218
19 192 844027941
37 196 207938369
243 175 543657861
16 205 668286726
67 291 724049484
78 269 326060294
269 177 686892732
188 142 306983772
165 91 997908674
34 157 574068877
104 175 192511720
96 211 474345716
164 205 608495590
277 220 38031894
254 38 210914336
37 115 427920504
82 136 129943033
13 23 378749674
237 187 164228217
10 272 332926773
38 75 273248447
258 222 170307609
73 86 683640514
114 114 29645585
59 67 288729823
294 103 16281089
198 185 417446324
30 249 180818998
3 237 120107636
119 298 547023960
143 36 515217186
289 293 721231608
150 117 225521945
163 230 571746058
199 40 280707024
273 33 928970678
162 230 842597314
237 11 560996015
35 66 391150551
122 236 36002301
181 79 364587436
67 67 274450380
226 268 239936848
170 182 17026077
227 81 53815368
102 53 3670000
79 214 999543182
293 203 171377944
259 237 45407609
109 110 638376745
9 291 135728475
296 109 105678541
27 34 128599961
174 203 183100542
2 129 151342222
169 230 27087527
69 60 121584840
2 104 262345894
245 62 72640630
254 223 82642092
250 231 281825182
24 279 890439790
216 5 482233875
76 179 577696677
118 180 453606957
291 49 390671738
217 169 170378049
109 170 782806853
202 114 641470514
284 67 990035936
175 68 864505419
56 91 481982749
97 59 264401953
171 134 156732583
199 3 323484363
107 294 523505363
244 210 907949231
244 18 328875500
296 220 957662113
162 203 692233032
249 77 23481351
267 184 382102842
67 32 431325100
120 254 299748085
102 152 317955988
16 10 489807381
278 5 842389790
160 248 349804408
159 244 126913479
24 105 393841281
7 53 938262609
57 72 42002644
250 138 595501175
149 9 933508428
234 163 486237431
73 178 707295140
153 208 839869644
142 67 54338991
201 278 133510034
179 53 423885990
111 59 915502795
119 167 325382218
62 117 135507007
36 17 610279116
15 250 611463830
145 74 610029159
284 226 129480466
179 68 782799685
270 20 898862314
55 199 435330466
297 9 789469876
291 180 132245542
108 241 698276658
114 29 771404675
181 43 651377676
110 188 656151650
21 223 128050327
138 102 56947146
74 123 645162866
287 229 19610964
4 225 279165424
79 267 509572503
73 74 605351196
130 240 309486324
256 172 260519018
84 34 92170357
285 54 511735480
111 191 64116733
57 265 951136755
22 3 11338283
237 7 521123660
212 137 543479326
15 209 256303852
162 39 942587891
285 46 770159614
202 181 645450147
59 165 883521352
190 276 613853695
174 32 471763211
228 105 356112213
262 41 407263871
273 252 562171708
199 18 805597616
250 179 688334606
292 215 981787352
205 169 42366232
204 279 378739249
255 168 413924024
1 93 909900407
11 20 659314911
76 33 386811203
146 58 371554706
53 256 975634276
169 257 804401106
126 248 19857873
129 204 30007241
13 107 779535919
61 114 632695738
84 166 653603430
242 177 645912101
204 252 473476385
206 149 657419942
263 202 593738449
38 122 686219405
96 247 729967052
68 76 200173708
208 140 37256814
78 200 682286779
167 35 896600945
48 276 4478873
248 179 362032776
284 136 376526524
78 150 610131825
126 240 573478998
131 35 102386297
134 102 31157424
41 61 254674963
107 190 151678162
37 56 988607396
133 103 527879423
105 102 428809153
132 137 930724140
256 214 405179089
32 92 680324628
230 222 413078214
126 107 918265015
149 200 783441327
11 58 935626716
124 94 860033271
219 279 915297125
93 135 894814026
197 267 977093063
136 222 672070528
276 253 720968519
56 234 662522792
169 59 79216751
136 207 318707750
162 269 123285307
130 92 27752552
100 62 781226782
277 154 535670517
254 102 358149235
68 237 920156756
96 265 389373960
214 20 486763494
58 188 167228004
8 75 756892211
157 237 67980131
115 66 547137223
218 217 888003584
52 245 470974990
268 199 724860591
202 266 432900880
109 61 274944
20 27 959823763
165 84 577141902
69 143 770494377
231 299 175838865
61 165 728802082
283 134 141933650
267 185 330530695
156 204 41923593
198 157 105721758
177 265 46512071
172 37 585263049
134 201 384497484
88 269 523432126
116 199 173291076
132 12 309875992
213 294 960939425
262 12 760224510
256 219 95918113
200 117 178685822
110 45 76168038
132 217 30255074
180 102 232743127
115 189 145827495
192 56 83949446
267 187 115089109
258 99 81351002
134 61 575771414
195 68 69325332
160 268 139389700
281 77 366349045
118 208 602994661
292 139 661666662
118 253 972023303
264 144 304558958
61 162 687628845
169 171 702551395
23 4 638743907
136 199 826737075
219 58 13487194
171 38 304716022
167 155 746935629
27 198 482958119
40 67 44764623
294 31 955787266
252 143 946866179
148 64 622844649
142 86 649694804
1 273 935124802
175 243 132601811
120 165 568295300
141 31 318373307
121 109 413090904
239 149 937707571
61 142 890567153
78 145 208135447
256 44 5501562
56 186 511500147
211 238 859451671
213 112 118681466
75 283 428579230
275 175 8010361
81 295 312485869
136 285 856188769
258 45 611142363
162 174 881905607
209 181 61140051
70 236 851397088
69 146 891420625
91 110 860464088
56 237 624531022
186 263 635821096
46 95 493786290
66 230 533901074
235 240 800930070
49 101 250660543
255 61 682475023
257 183 571734510
196 251 568133807
72 41 459314069
111 97 230393457
132 34 597150919
79 79 730476113
268 196 43459942
193 130 31359033
162 178 879707834
56 185 501674494
130 193 902760576
139 141 446982578
98 212 993792171
218 75 661870819
274 258 879797752
292 37 508099682
156 56 859262477
249 249 641991259
282 162 467428388
115 218 69995824
60 47 510833617
188 238 198887909
265 87 173062972
187 4 146339246
205 29 595764104
256 72 9674992
189 227 29341847
266 175 41182095
224 156 698642157
163 270 104898926
287 30 942427424
3 217 635478513
211 233 752185999
82 120 456896654
80 76 127487582
35 84 66142405
26 272 298304531
72 237 572466606
67 212 919987661
275 75 73091883
152 61 680937412
75 115 203833880
288 77 88763864
38 210 477003183
144 289 735455359
277 23 743918142
182 100 10491213
12 172 246953402
17 290 95295965
230 264 170430939
112 115 247386851
23 241 984480965
254 228 433117541
117 18 766359551
152 161 983062591
262 137 678990766
103 70 863819065
267 82 566889336
120 150 681900025
185 79 760009640
23 190 53600754
26 264 62649847
90 269 865086374
283 86 623161743
85 237 88739903
175 198 946857492
40 52 263656913
57 70 632409994
192 190 183132396
69 126 130779074
260 200 253474616
266 225 379640079
212 15 418142048
85 297 457744385
80 81 122933921
234 7 706715070
277 99 953005973
90 155 872297842
283 98 416576783
130 166 828622408
4 178 131382008
119 143 424758784
249 54 988200998
296 190 812375246
232 269 663641078
104 203 377577437
173 179 780658735
97 268 589220389
91 3 75184438
273 132 67934556
33 187 179996733
292 5 317488075
227 6 543058428
125 53 574310517
122 285 34406086
252 88 864601388
88 13 716786618
74 161 2102338
162 251 352958540
99 276 657520323
254 60 194050410
286 103 68539766
212 29 660628471
139 153 93491276
256 27 119839860
93 30 420157199
132 169 848642011
49 242 63332972
286 103 789044274
225 253 589836349
100 259 999364308
109 296 1526510
226 208 21081739
49 98 898747343
224 53 299414921
83 145 886725550
81 276 890773018
144 77 92216059
67 62 932791413
292 39 487683518
141 138 824826928
100 298 124218375
162 275 850829582
252 23 105268032
246 246 904295184
19 28 839866181
68 161 776582408
38 56 283746836
248 174 658429098
13 165 811136788
82 57 546873877
109 157 59690774
183 70 123159948
217 21 250426223
48 18 829948168
283 36 686598348
115 156 240533960
275 245 340397015
210 244 754553188
259 256 124563104
46 89 187746761
22 249 795984817
47 132 508352838
47 100 493416210
69 199 502438627
88 233 539867715
135 48 639912670
94 22 250895566
160 283 612516109
99 242 362598417
203 39 988826005
63 113 168542154
131 159 25965237
268 257 264441188
177 77 136721686
155 165 252134618
169 51 303062517
90 197 66087790
255 56 824957273
64 155 90616414
180 109 379234704
136 171 532653316
289 1 315595727
77 20 851221883
264 196 94990712
101 102 24334028
119 271 178366530
235 112 945105826
125 67 369981634
49 182 207547140
214 113 582365448
117 248 682183318
133 289 8018270
59 65 215706789
293 81 651181436
56 181 816880837
283 51 105189059
13 286 156018771
290 162 220265537
23 210 762961818
262 175 146706030
9 291 212840529
278 175 129907469
247 233 71355734
287 278 859175566
222 33 925055946
11 68 78680549
69 80 65562834
239 69 509339647
175 144 382451908
44 105 628032382
25 166 477832124
6 143 611988099
274 142 198612383
59 180 88926860
224 102 82954945
22 164 352514312
170 232 75971491
55 171 903465011
153 97 204976506
160 193 483020411
93 217 24994876
16 222 365599570
166 248 512852763
249 6 682461243
8 282 378122796
152 3 416718259
63 224 903436690
105 278 994296860
268 182 614597009
273 93 674782601
135 185 26592369
162 252 30350491
84 118 373513490
146 66 422404395
88 125 741231476
183 29 107567030
193 143 747575253
83 300 431851682
194 19 669735963
102 43 696196355
254 178 991781591
23 91 34323795
65 174 583294712
54 20 542339429
48 159 384805
76 94 40385785
157 286 162340328
110 120 147252627
143 14 603620397
58 167 31387439
64 121 618606868
255 143 390273559
149 207 417019784
212 260 359181955
92 59 899221314
96 186 120293359
181 43 586599996
160 204 201577916
138 98 664556681
134 155 737616947
172 219 800574019
192 225 27503913
250 125 448757119
285 36 142879830
40 127 532276441
5 274 358178426
63 206 433185520
158 65 652356623
125 202 5092473
105 87 456096327
4 11 259113597
22 202 405925873
235 203 78340597
105 187 564685184
287 226 407299062
227 230 606567036
104 44 55391241
24 254 768628358
198 78 41014659
170 235 33719598
297 290 73097908
145 63 630272809
218 49 948034211
166 154 443401897
150 140 328074175
11 118 648756004
198 221 83289800
291 244 513242853
148 142 992709430
258 11 891278916
155 59 94051905
62 204 254118768
170 173 398983416
232 38 829919321
129 187 689806312
55 250 510920829
158 147 356474002
57 137 954618645
261 36 515260438
243 294 190975501
158 200 290376511
63 262 72577066
82 183 943503038
149 115 834011376
70 295 161303614
181 49 480162463
162 258 102187662
63 67 230254098
259 27 338022834
49 269 319024879
149 179 354463478
111 293 517436539
277 74 143249574
14 222 474904088
141 43 513351034
155 276 881631882
169 137 786051691
30 251 604867557
80 261 556355036
113 9 780707204
243 209 874235682
220 20 930992374
159 48 57612399
32 61 653079173
71 254 547312015
104 160 135149942
237 28 74997430
79 110 723328480
236 189 592310793
223 53 344688453
126 295 23953314
260 214 67965533
85 124 106851232
36 207 526564392
208 29 718665445
174 184 844458004
116 172 236620884
245 251 144825393
77 238 504358333
169 160 653242537
21 37 57986531
134 48 778086496
18 185 330978972
249 220 859913530
293 127 839794259
289 52 489004894
145 167 836660966
28 112 521330516
72 240 397453
56 108 682733164
92 180 496528500
174 14 21051848
221 83 39811932
92 32 462937503
274 76 90991381
184 64 323801932
277 208 296519099
242 287 936656662
209 58 967543101
113 113 981489208
176 256 28216139
28 181 574128152
227 102 97256187
10 245 146902418
12 218 659696645
192 153 649271608
123 130 517634368
273 123 648889454
234 84 40378612
186 196 901492876
245 124 885474784
184 151 50310864
135 129 26603965
273 138 850365762
142 201 528993431
86 144 754797584
146 266 16783113
113 291 856643687
66 276 943193470
129 162 129346266
57 106 802867941
240 41 607770643
55 228 417622571
272 200 977268360
133 42 897129160
263 127 120712703
298 272 971820920
162 84 599489262
149 202 87858038
270 82 109503051
287 138 793397156
127 129 872789197
169 184 921807324
91 207 37707723
150 39 72425516
161 53 980624643
15 103 116609414
187 264 850530550
48 164 831277503
237 134 99228884
287 120 260910274
195 247 349280102
143 167 119681937
18 258 598719743
92 159 489275633
208 72 320343038
150 138 846719540
115 24 790220955
216 124 154974619
218 112 736690352
54 99 369747123
27 45 4496521
180 187 248709188
217 204 225040397
211 295 910758507
244 202 55509030
133 103 780004668
124 218 761099043
78 185 598281418
248 103 379409830
251 208 66503680
74 234 452960124
194 113 116601062
181 81 126717465
229 292 78566111
136 287 339539813
165 119 595295915
84 294 814960184
27 123 849063169
144 71 381398723
125 21 511195730
256 146 499364463
79 40 400217727
140 272 480921108
156 201 192710699
167 88 877378485
131 4 707783855
145 140 383162700
181 166 841219622
49 61 89445592
71 238 569563665
300 193 798804610
214 24 634181301
240 163 471886573
99 71 241993525
197 237 855260664
33 67 367197019
39 263 557807258
38 143 40706775
160 243 561660636
103 13 57627725
119 64 890079017
281 29 217007340
181 21 155013755
105 119 830815725
229 16 175495713
244 100 528593531
263 139 485405093
120 228 565923288
195 87 766694930
82 242 321635095
206 112 889423158
222 92 526972639
14 25 929468559
20 129 430348377
44 110 74839144
108 53 740319344
238 67 839605534
82 239 903344061
69 185 625270900
51 266 94831641
45 223 439139004
154 196 751964896
292 209 225039672
150 228 625217200
179 23 752040061
222 130 608252566
117 119 561051732
202 253 20761170
163 21 28087654
262 71 997208171
54 115 133234093
257 269 178760789
4 12 203311949
75 214 509384977
27 92 485344651
139 65 454170333
4 234 944455551
288 135 146638103
157 297 626641276
263 10 151159998
85 115 41829365
78 124 40588885
18 179 674411196
166 254 725281209
294 32 476063652
145 170 149081317
177 174 189686250
79 161 437483984
234 69 648334933
161 83 594993642
158 220 77324457
74 49 386982732
258 66 423417010
206 283 264183315
66 277 534498846
18 121 691436368
86 49 490732093
35 179 345954105
170 112 130379925
2 24 872097208
196 182 125863179
204 7 319879227
35 17 485422492
44 222 678321274
59 39 260476902
156 56 12201322
123 193 945213922
67 227 151453901
171 149 482592064
96 150 565269688
155 97 403163121
133 300 38101727
159 86 363190743
2 182 905357716
75 292 389883855
229 147 145349162
202 22 320834955
224 140 958543833
176 11 495959781
239 106 433934083
26 12 219976731
46 144 78895831
125 2 955223168
167 55 567343049
235 181 31955140
289 109 736074639
202 11 371137912
8 234 427877051
41 109 104762513
273 47 827141518
55 125 24660329
286 222 823182124
268 46 690069777
87 265 963262131
88 199 173596812
79 239 581550720
217 140 51841530
180 148 382199515
283 240 724078575
95 212 560070774
65 19 455445798
293 4 665883119
169 23 82000817
45 161 214473281
28 248 821174579
139 27 144504917
110 295 182329808
92 175 402967855
58 157 469995594
133 251 879372806
6 15 917549924
55 60 804503679
25 280 471646253
41 24 874200813
21 103 284543113
199 241 882111939
67 103 108014633
75 194 185905459
229 251 691145115
75 83 433528818
132 140 240198084
207 194 988329595
37 219 501105474
189 259 321111850
253 32 411610852
265 230 798715645
55 297 63976947
88 71 111752640
46 51 29274942
213 177 688106077
82 8 648316816
265 266 70385662
12 2 620195732
37 242 379747842
86 195 563515273
290 211 992672603
134 266 516757451
132 105 465583273
23 202 94634275
164 166 873906052
140 247 387804111
8 264 553878377
121 275 29148878
152 11 137778220
193 149 606483566
266 138 719808028
20 23 359863545
122 154 634664749
46 176 435149803
20 91 599947468
223 283 415102915
186 290 973330578
114 162 115476404
291 13 342645866
162 257 975950814
279 274 132034803
59 45 757097125
103 166 767631078
252 263 980422005
106 283 572228496
73 257 83672978
39 142 15588619
268 255 290877432
171 298 824702444
137 211 554360552
2 242 338334326
5 300 874329070
29 102 531618588
259 105 775786150
63 210 553982384
10 35 592629693
239 73 279532186
209 41 21084593
40 263 846435790
235 99 450913052
87 153 440999945
264 157 683988144
185 185 244773898
272 195 758021954
74 10 658882116
209 19 547301850
1 10 543416774
287 218 768041114
279 10 41683977
20 244 706991227
23 82 739913679
268 97 125002487
263 282 914322072
112 5 285568918
66 130 514132327
281 39 24757146
282 91 458665407
55 129 126413024
221 159 876426485
49 178 680891881
27 253 94169762
158 272 12143511
144 234 604109492
15 46 106718996
185 111 148274526
11 143 135274816
208 176 807833206
114 230 297998235
290 202 626854493
174 250 493354123
106 277 200926527
120 134 338055298
230 277 441244931
21 44 460302028
168 280 300732190
93 290 621417532
108 198 674692607
214 63 3974189
200 52 377303390
44 278 541396892
118 83 203245920
144 254 102764153
141 183 69986781
72 203 19235876
151 71 88596707
41 215 87168897
124 75 597258646
31 40 225015008
271 239 801883712
60 282 204291241
203 152 113129475
22 295 475084529
26 136 302299911
59 259 51401466
186 109 829108188
293 149 783694602
89 25 902951876
186 55 994713215
293 77 209493205
204 188 174146339
196 91 234543090
271 112 591609984
299 138 435918671
209 248 356197729
126 133 517781890
113 125 368886990
67 265 383446914
94 150 88670620
161 195 488532296
217 98 812851684
255 46 603025674
196 16 914816537
80 14 850988426
202 274 334044473
231 100 88253258
120 264 497178782
261 82 205538999
75 176 105559848
294 88 127289042
290 4 72610292
173 259 145814837
198 206 460032152
86 285 342863117
112 239 244091290
136 169 920150841
293 40 200149957
275 300 867783238
273 126 531035265
172 120 184619252
266 161 890544756
157 85 675474466
145 282 773951471
96 67 630102108
112 230 679845046
153 66 131894366
294 58 504031957
150 84 165144808
139 108 498679834
4 32 593307653
7 297 790076913
14 153 901839297
279 297 384136830
202 144 151786048
161 7 55775378
58 159 135181995
123 204 625742804
279 105 24636588
238 296 242435047
271 299 532181678
175 57 873681874
187 71 192062278
35 49 633137726
216 2 656940369
164 214 311366027
93 271 135473286
139 145 606962041
242 175 73465898
181 113 402768093
280 83 978420243
57 258 985041599
183 196 165693269
212 283 48366070
238 198 259527823
158 113 429280637
85 257 89985907
222 95 226054352
14 89 341517926
211 21 601521438
155 300 357261073
97 109 349528130
148 43 73432225
216 254 135845359
137 243 215871657
60 101 22846221
196 237 760028078
54 158 267631924
5 223 318884212
183 186 643454233
172 40 336293384
244 189 77066992
273 36 444489634
250 3 483139940
260 192 973639282
116 251 277960734
137 198 854953970
114 251 545124979
289 8 955435802
201 242 11868687
185 113 117191726
168 57 954857866
12 81 657392353
145 82 243004808
36 42 760061299
118 209 320606001
51 45 501403198
221 210 97471500
51 199 334865259
52 151 555102400
290 87 212220713
268 254 515997621
133 265 963444901
86 162 185543835
145 197 465623428
43 66 19555336
243 117 722702133
92 89 335091894
191 139 124356544
50 243 409380294
201 232 538650080
113 199 848459286
133 84 415874902
286 221 685386563
272 65 845166912
299 107 16338877
286 101 329379545
18 192 786726533
12 134 638537524
255 235 840248318
101 136 403727601
32 300 298683452
217 185 479973735
119 170 310023507
233 193 326804871
244 191 995411829
73 228 783934029
17 246 898807372
102 9 584987005
77 263 29854540
294 115 641028727
194 147 778213926
45 63 809924110
31 233 552120531
237 166 190347023
259 161 42743365
87 233 128864893
67 2 23930090
238 103 210514498
295 179 812974660
286 172 945723575
112 117 147411321
289 214 119013535
299 244 423888768
229 233 452456285
104 191 197366645
168 278 379991430
212 96 477193831
201 86 128216733
198 80 824114011
210 117 257650334
36 280 980036950
8 268 142473663
42 18 77450559
61 299 242474791
245 102 816867581
42 21 648557110
71 233 373993758
101 185 39468543
285 83 935001174
47 44 90446190
280 79 851865021
81 138 144955240
96 179 779640958
106 292 160559056
296 288 330572909
128 29 479909529
290 99 442466513
247 251 242173950
289 235 237029984
214 281 92525627
255 12 459417157
275 93 485115894
14 240 141151724
123 45 851413415
178 40 920873603
86 219 546898931
67 208 961997182
31 206 790845832
180 194 866694319
163 159 13656651
189 113 489383163
97 139 126427155
90 205 624811346
14 27 356953590
228 205 270361381
182 42 34418651
113 160 445166159
246 191 581630364
29 70 483279810
47 285 85115668
98 173 182616833
160 22 775131971
66 111 860132675
263 124 69776254
152 104 859589058
184 285 117693051
134 149 471481411
44 146 68453353
108 175 445750122
169 273 545434406
88 70 460031831
172 281 648959552
43 98 449849814
169 60 151337990
22 263 604837493
131 146 436254629
34 32 192488330
44 75 835535775
296 234 861275501
69 102 283885474
127 242 969538695
57 113 407618328
60 207 724551525
173 76 250182337
162 149 341464351
6 32 268758949
187 65 66484780
216 160 32324354
142 207 452940740
295 275 106581041
68 101 488426334
14 209 76060747
241 20 349648953
18 245 21839980
154 158 162410081
4 216 630948312
104 102 397664076
183 69 786555135
89 262 866074841
228 256 934489667
220 75 537234020
154 89 134339728
252 29 932315400
256 98 675978144
36 251 221698653
16 7 321798068
27 162 265047369
154 45 96451237
140 185 356578151
32 112 201670906
198 83 620647681
217 288 435563521
197 291 201520401
248 247 495586199
243 282 420459601
95 49 317604959
163 127 455781221
83 32 901473165
72 171 244554201
22 202 232932364
227 151 825705046
259 120 216331286
79 68 628355476
280 15 116459274
30 9 997449955
30 103 991286655
89 265 23884981
9 48 50458064
25 119 152528334
225 192 753719687
288 118 936005438
185 129 941652309
122 259 52483676
298 238 905847642
171 267 30238702
78 49 942322804
84 137 668930721
217 197 475109820
80 221 309827690
114 197 529662481
152 184 188801450
41 120 907892278
49 242 975014837
176 291 591689526
69 213 253502545
270 290 380913493
274 126 291527329
46 42 293641625
165 121 141245897
154 286 226377993
34 138 781970276
83 178 191276847
13 279 965596288
149 154 438316778
274 275 725897591
170 244 678305032
62 269 139342109
90 14 280377450
66 178 856901823
262 83 21443560
54 116 675205997
81 251 311743627
228 263 20192405
15 163 558068710
145 188 831220184
187 58 722401880
270 119 321420248
179 261 2238714
128 78 534934391
2 40 934367674
162 145 730201041
210 226 111235943
136 205 985364657
92 271 180118371
254 167 434670259
89 53 707555568
168 23 527171438
268 253 37561550
81 132 532367528
71 134 5351619
196 295 830375463
189 204 494442040
183 92 336311844
140 235 26613867
10 188 151148533
120 277 288329786
287 196 821495360
25 163 37471012
74 243 69150543
253 66 773435776
171 13 24286622
234 201 496909078
273 136 503046769
269 275 767924803
235 36 702128243
67 156 136877271
4 194 794573766
263 270 849154329
174 96 155374023
269 48 248167240
196 219 61901653
118 204 31811005
295 176 269131240
15 196 611743366
269 130 387249402
111 249 735352309
281 252 511091302
99 215 94154172
79 140 374618819
1 160 179820066
41 56 220142236
145 225 473444439
149 271 286685067
41 37 996175962
206 5 481047344
159 168 39931392
267 200 813674243
21 298 476287609
44 76 65242501
162 129 649689460
79 221 708096967
215 65 412235291
253 265 111529861
219 5 14060149
81 263 182718254
176 121 24665121
167 140 529294372
161 160 786147070
122 203 201926597
222 116 79490625
233 194 372039097
300 108 436440961
42 61 9539926
55 31 212983582
103 163 805998944
156 38 880868117
128 256 320427056
52 117 340799767
273 238 36140421
269 211 781067836
146 195 607918429
242 194 589350789
155 288 346293001
32 42 165430131
213 196 895454494
109 104 869929783
177 283 276271039
32 34 633185207
98 6 416959896
118 275 692837606
5 172 815540500
85 165 493165546
273 19 137948033
273 50 566450526
56 15 940216821
249 175 146997876
283 51 358942459
221 134 957861292
79 283 582417798
174 152 287054924
231 156 3779647
183 240 252114711
28 213 321017430
212 237 925060431
189 292 277227297
61 292 183516971
37 275 229830273
295 247 884077906
38 26 339575988
35 199 632464939
110 182 396328946
56 64 386570086
167 91 897571850
48 54 423110886
278 242 981133678
275 54 172127421
197 90 160989195
170 136 929022742
275 174 961929619
115 260 824153369
105 70 61047950
251 125 340670213
36 43 8702055
137 90 55607860
174 68 47838153
151 94 778126107
224 290 245985948
218 211 957843784
211 186 724077257
229 52 979620516
250 156 864044837
99 106 528613514
64 193 225441256
118 29 128061846
278 203 14052065
130 105 160639210
88 28 751340251
136 298 15985462
19 208 691169099
127 189 116467150
194 190 776860905
31 288 921195663
96 103 83525155
151 273 866453936
48 2 693092890
64 183 397092046
225 271 150578826
76 106 114542423
189 176 923038282
187 54 537996022
236 247 783569011
192 29 573321551
6 176 100440205
13 27 521110677
100 126 743457178
89 242 815317861
286 166 514818831
263 293 940462388
185 181 50092315
119 67 567785868
292 54 178196266
55 298 892851995
157 3 945399270
61 15 561279348
238 114 721070426
115 254 438824567
227 292 580213684
257 254 44061677
196 191 698870357
10 9 88325176
177 52 328893281
43 106 197435578
289 14 320180433
110 75 928136647
10 12 445307213
35 178 564785018
53 105 683662109
236 113 805033663
112 9 895958453
221 70 731991113
148 247 851127664
128 41 741969822
106 81 977839135
190 190 511692161
288 199 12123224
200 285 222589502
118 37 663441558
78 25 996981870
240 188 868705530
44 108 328704852
156 7 92249350
72 135 337535290
145 292 662447370
231 181 864901211
92 168 506176162
15 120 307342646
116 289 412257935
125 66 548619359
247 58 613004946
76 101 156801406
79 257 268333912
28 28 276495746
17 224 83755189
138 154 305259969
149 245 426695789
162 260 40853508
107 127 565034496
141 252 535417213
251 198 904518970
197 25 420814571
2 104 668811479
113 131 499637358
111 200 507778381
99 37 523590034
268 237 58764479
108 98 125424938
15 257 651193616
262 149 594479367
274 100 509813116
96 48 413384041
266 49 338929696
144 213 673666726
153 23 312679477
33 174 65898966
66 193 798226402
96 300 720870652
85 14 141174360
201 27 471395460
19 300 260153311
35 95 120452858
127 112 61611858
22 7 351964223
99 159 268005697
76 243 893491470
141 61 386197862
194 156 25337013
45 241 146729726
256 141 725475904
16 211 591960056
226 245 503217502
236 71 880062814
293 144 96340172
15 243 799170583
164 18 496332425
133 158 563932085
47 51 60734041
259 148 817195933
237 103 631995025
240 170 952127035
295 148 139921432
197 83 756245902
262 127 845062846
85 194 80038988
67 57 626370157
44 189 844922614
80 235 91471816
272 246 86888415
104 182 119830418
128 121 219242339
115 168 940244786
46 116 108323320
99 129 932573447
244 213 469992092
83 32 283552248
291 75 971778088
56 206 920867475
172 178 156157420
186 281 676894001
55 161 61069473
146 275 48127540
83 20 846318407
103 170 483188535
1 166 760110800
92 300 623739431
291 291 275439557
78 46 279143262
204 217 548100939
223 155 752024872
175 261 670393732
300 106 960367258
239 189 909350529
98 43 126105798
84 43 308212263
283 186 388225263
265 176 992514953
21 5 671036650
35 209 662745819
225 183 54530873
96 110 523771285
179 109 584676691
236 99 735040931
116 196 230670973
114 280 709172967
28 14 788022652
190 279 455804979
94 51 684298035
96 85 394369295
14 10 742176178
138 105 109645387
222 36 410362747
164 271 839939445
294 87 97210241
218 252 370396372
184 279 567092285
87 221 16070115
217 66 140253066
52 161 71300750
146 226 62346811
175 63 12899768
13 37 445869703
259 200 174140225
4 246 107061863
296 163 370740414
19 47 978420845
55 185 318328417
70 102 382978082
135 153 548439195
284 50 624941220
195 277 519531383
262 289 608497319
116 300 329032070
240 55 563660215
203 102 395569078
116 120 386447976
112 174 176835912
28 295 370021513
62 129 355335517
256 165 527147219
75 111 627632795
9 124 618953983
279 239 763989882
149 178 902679936
263 132 984750737
292 300 233115008
67 111 214865034
79 191 946070928
243 252 419502109
12 207 706459325
130 33 16773035
224 42 68375710
58 20 454620700
192 220 349648229
79 183 860520161
68 226 210493260
175 45 230504722
260 175 386366612
40 117 913573363
248 128 213080521
124 9 57312954
110 284 670834747
219 42 662143218
18 285 360270438
98 63 181392972
258 130 521079897
117 57 618295541
191 16 649875815
102 55 838358584
265 54 539079363
85 177 279185372
290 286 538825755
236 256 789470848
254 25 795110532
243 123 310941095
166 80 26745976
262 249 323123832
155 139 267456048
221 292 510846254
104 256 620280208
167 93 7249936
290 82 688528474
96 70 732491529
244 75 298792506
127 17 32046928
21 182 497807659
97 195 54051607
228 101 636316197
127 22 778451689
81 177 246547796
140 95 253685040
75 84 4660022
100 232 727856543
29 175 380385117
86 1 27548885
213 74 850740818
171 170 223557164
130 149 764293465
278 28 975341886
118 108 400093714
214 299 872595609
205 73 377065644
226 173 452329575
120 253 887858249
36 90 183794902
72 2 798564275
289 224 611428696
153 105 945511996
169 83 68270223
206 252 343065982
119 217 390179480
127 122 69377005
271 99 69187029
97 219 122101081
98 6 84460722
99 78 430763823
225 118 216367098
272 22 642805803
167 190 51428837
142 147 220687888
223 266 249647105
3 144 391991526
207 166 504897524
35 263 316221642
167 60 58865348
88 210 612893877
62 134 829048046
259 105 78368668
261 23 830181909
97 164 59829656
185 139 19921973
189 141 730538116
66 99 273776434
289 133 396933796
131 51 545417507
30 138 50506116
58 251 415796601
255 209 252717657
122 222 506781279
283 18 951290395
290 254 76794633
14 194 125989825
181 259 315736623
214 248 715222055
209 130 4096257
67 211 709270894
82 20 819058844
282 274 549827204
38 148 691865425
169 182 149118695
215 171 289758548
47 236 68464794
71 116 172196252
193 30 810883151
199 290 300747132
255 57 700653542
200 190 181045313
95 172 865937787
198 261 538732334
223 181 882127215
17 95 808468437
116 193 190194324
109 263 905326639
113 207 80158168
63 157 816655410
195 111 955203166
288 62 103856607
101 156 120863278
187 54 816489891
172 28 697517723
38 96 862720818
126 211 93926510
149 72 517124625
287 184 448051783
207 246 601930040
168 192 982855650
185 180 5132212
91 32 340334919
221 218 833258272
11 141 733316751
85 178 484596346
254 55 81888309
16 203 741141080
40 241 339583615
74 199 983066360
213 66 529885504
215 250 975661883
278 41 58989866
196 261 88258183
220 23 12264575
270 107 860619904
168 61 294308958
276 76 356042412
207 167 98630552
21 240 307264251
132 153 798598916
135 119 232870418
69 96 8902658
34 291 952591618
268 210 585459892
94 232 899992498
97 99 316459310
206 126 928786837
217 32 106616055
169 104 445482395
71 235 252348599
38 122 510070317
255 242 76296112
212 28 143877254
181 295 546072016
224 141 16197147
22 237 891365345
283 195 105981270
72 111 253702353
26 31 821595856
220 101 497760842
70 191 812082815
38 145 740223657
101 109 46205936
155 41 113255130
170 265 363701222
168 38 100615059
264 72 28371005
185 143 945462415
137 169 655552546
244 140 318421998
37 210 732669688
252 247 983682385
160 48 80362745
95 202 975302385
76 123 106477549
198 42 78913438
8 5 356553010
12 189 720699452
178 77 130485172
23 20 178876212
73 56 970737521
12 59 868655767
96 270 653959766
40 64 618010419
77 140 159396093
77 89 294313934
115 148 766645638
276 159 534888826
279 36 705262202
151 111 951877973
162 235 772496981
82 246 979202039
300 94 17249509
266 133 932845324
236 261 839244615
29 38 100148603
162 152 373721402
300 179 130784960
77 157 874350748
231 7 259971310
103 168 606068644
135 1 350345141
174 53 623966834
234 70 359812819
109 5 533185479
124 33 103078716
278 195 922319
280 246 583269297
191 74 275851806
190 4 504122312
51 159 151989732
146 293 190191584
187 218 487383636
20 151 550042005
38 12 996177110
17 187 985185042
84 164 663896088
3 195 798955885
151 138 925253259
156 79 600566762
220 130 629290720
203 275 783922113
186 213 896179330
222 233 835828233
26 22 388230496
187 90 540114382
81 174 96661197
168 228 579075992
5 130 675692781
163 38 408345959
76 257 742039540
148 159 282842167
160 44 381098979
141 17 660776811
25 43 186721185
220 229 787084874
53 9 269979299
50 229 783810426
241 233 469396608
73 147 897556945
231 222 277446453
23 69 908538511
89 280 686057406
67 173 97386775
30 249 987535917
14 221 910230997
87 273 850657058
86 22 325226538
63 14 132895322
170 86 51433020
66 69 828890041
218 91 652106162
280 179 305003493
138 297 536277717
12 26 181757066
280 39 482188386
176 178 977686058
185 15 617427632
174 129 127972745
95 51 37530531
266 116 459479651
7 34 430826941
220 65 939447271
164 202 513923267
281 213 520064445
98 192 292075635
83 120 617041712
92 56 469974678
123 230 782168607
220 76 875536457
102 42 647635172
52 100 228427557
144 71 526452122
114 234 80282623
132 266 839822188
176 63 940090379
11 145 848867250
74 289 564293506
152 163 116628387
110 82 638767214
66 235 182143007
189 286 575645806
46 181 28930828
19 294 141968862
193 178 156070327
280 53 252992290
11 115 767439486
212 241 677097974
117 144 304428089
55 253 72369870
69 18 428519257
175 258 127323194
133 55 452124975
160 73 194888220
173 18 869536197
100 49 848649702
141 111 424304368
26 23 213541908
252 191 538853351
40 246 34923655
261 66 872256572
117 292 108552682
11 176 267206836
137 36 727187509
256 260 126326378
253 59 599412926
54 251 791570237
73 277 551665559
281 280 149025101
83 19 995244546
138 31 286640163
261 148 352838607
42 210 769485682
178 46 418028569
138 1 440436129
115 5 992778687
140 110 33081238
276 183 328783266
186 215 556982745
287 297 874624115
84 134 354077245
299 147 276377744
205 188 768848805
286 65 283615402
155 254 15565755
35 68 834236059
273 208 440792369
162 235 112055403
27 173 209050717
223 211 123148013
137 46 741787299
134 44 937225145
29 248 818014232
134 286 503877749
35 192 722003202
289 226 451233322
248 198 438464681
68 60 327783867
70 138 670856439
286 113 321740201
250 249 423163347
48 134 114282390
44 163 600452290
176 296 798642375
176 82 831913918
129 71 288186695
150 70 12755744
130 189 38702303
97 10 252358693
287 295 358191305
88 296 83340605
286 44 781883839
175 87 435231453
64 14 107199548
290 241 638952581
159 70 341023603
253 271 47648672
297 153 757169212
151 1 876607921
143 287 467531867
299 126 653089063
104 111 27583158
94 38 675722944
246 153 973071710
145 195 570990850
177 53 896516271
280 6 548364942
203 2 817517894
15 152 31758994
187 47 714461032
54 97 187364210
216 252 873631872
173 45 887546409
268 42 534592814
77 238 760897108
179 167 250889560
101 146 145273217
242 48 751771118
287 114 666634622
32 1 142222420
116 54 536725816
25 21 786001768
148 245 524450464
9 212 187303358
22 41 734276347
229 271 804322013
240 71 738463958
257 13 289383558
26 51 214250023
299 135 537154923
18 250 430662828
186 26 547862800
5 173 63821644
168 181 359295008
177 254 554838248
124 234 926474918
288 174 223237640
246 130 140975004
55 207 349721255
277 206 586268089
252 223 417592890
279 108 178543515
131 164 447784539
174 32 112862372
181 260 708369825
280 135 847720359
49 123 781803532
189 68 508408913
92 174 779307619
98 202 113650624
238 153 506176699
27 184 493611658
141 14 714473622
232 239 545729405
203 172 27198716
127 151 40641551
285 252 242896273
68 192 224943192
32 283 276165865
203 133 463330666
278 70 176108871
276 97 992646954
186 289 165840419
259 220 906994557
115 122 427920728
230 249 135973531
180 285 957627882
252 53 968637773
143 136 309978207
207 38 331370439
225 16 471598909
95 43 772857
200 228 244919445
18 238 504339565
74 52 891895586
54 282 115957334
184 161 729277871
17 113 661144375
41 255 272482110
99 214 47631400
238 190 247726515
198 36 83976857
254 235 902510437
298 252 270317226
262 25 880610278
100 130 613104659
185 65 360958271
255 81 662034683
129 173 446309790
191 272 989949455
290 261 756284344
156 210 773939679
64 163 35562413
252 212 559509316
78 226 400258592
255 25 838247322
165 209 861965386
235 216 281557019
170 96 65659991
59 286 229285214
265 27 251286774
60 182 308296283
190 246 401086597
202 197 922060809
269 274 228074834
60 280 63540610
281 144 691899118
19 131 399977285
137 300 143886781
127 110 901142418
141 74 866859245
166 133 993796478
101 22 365930975
197 275 885773172
205 243 528672997
190 54 175240729
199 87 586064672
169 105 827135802
53 241 413005153
33 119 937466162
103 11 95500987
199 177 790877619
176 29 355084792
151 225 823684918
74 182 756187312
22 71 552850566
250 270 904438352
74 138 525432408
27 242 992357048
280 27 928421318
41 129 857877729
228 27 737045757
298 254 874221685
142 104 523008461
259 229 752950542
71 251 644639113
288 252 114131134
291 25 853325723
98 52 262200164
197 31 337157590
166 123 979340418
94 102 760640596
2 100 822338250
238 241 382880705
99 251 328041134
192 73 891525236
56 60 396057387
189 102 132734964
211 251 76177415
227 147 344422597
268 13 22420319
138 158 58187921
33 212 95119372
182 201 635783112
187 51 61413114
172 243 423163987
159 298 126402646
45 239 633116500
8 149 763705250
74 127 215558649
170 95 64581661
89 232 726201070
161 16 937462633
32 198 572588034
195 136 7102084
8 59 846471678
194 217 882819576
192 13 935309614
291 21 857267514
92 146 763409793
40 16 138377687
52 156 519060670
222 16 813582985
106 99 696799234
191 293 551590121
27 300 558513131
104 194 756577147
231 137 99388612
296 179 14649784
262 270 431054429
54 10 693025144
292 61 528014951
213 34 141695418
97 140 629185916
283 30 478785908
55 56 604424860
186 212 576750405
284 142 374681541
95 138 483851119
278 99 667964388
7 152 142579997
102 195 677312310
53 107 145846043
70 255 190676534
238 289 531875464
45 44 734093971
256 281 791287382
60 264 438791624
52 111 316949013
170 88 430510711
10 146 247919214
158 300 907552208
67 104 633503066
62 225 386838420
195 162 569390209
110 259 585264904
81 214 140459284
262 274 696583199
37 25 500508909
249 247 419402549
11 8 884318546
224 165 588282045
83 284 911824348
100 45 996640873
20 291 324433886
280 101 521472944
283 181 44699258
18 194 323379583
16 283 879679107
177 283 754998005
125 294 764784312
22 269 904134377
219 104 555393212
218 203 11890508
90 274 464302798
228 253 297021898
271 287 96658130
228 4 654498876
262 72 409335758
269 248 530634140
25 124 301421085
37 197 117099454
265 115 590254157
176 33 206904611
183 174 501372885
180 101 895565537
30 72 679780176
111 51 141959731
86 13 978687402
95 33 395504801
35 57 959298124
19 145 111934973
24 109 736664687
132 36 450344319
143 270 102131093
127 202 868975245
231 115
90 168
219 41
179 121
274 283
67 273
7 75
50 123
20 78
153 222
209 128
216 285
127 279
223 185
86 5
119 268
135 68
161 261
81 105
139 39
63 106
180 205
80 122
199 230
203 99
278 103
87 111
142 193
130 265
269 64
83 267
35 88
48 270
74 247
37 180
285 265
169 99
220 217
198 248
46 170
273 100
263 24
268 59
76 104
167 97
64 44
183 250
219 150
96 282
213 44
60 132
230 250
166 229
176 202
71 63
162 274
49 43
154 124
279 16
113 229
24 146
147 176
25 207
240 117
212 172
55 153
102 272
200 284
237 19
81 127
152 8
102 294
170 200
216 255
235 148
45 80
255 259
217 243
59 31
254 156
8 271
294 8
43 161
179 245
123 280
287 11
5 275
226 88
95 226
125 193
272 81
91 170
112 278
60 7
215 223
245 13
20 222
135 238
234 63
42 13
24 56
82 80
219 80
5 8
252 13
146 181
50 224
253 236
243 214
188 13
25 157
130 132
121 97
211 264
29 54
161 252
83 52
131 243
250 1
66 187
67 201
176 211
146 169
134 129
193 140
296 21
204 269
65 178
193 76
129 275
278 221
24 289
231 60
113 154
92 232
185 178
88 211
79 112
292 285
125 264
284 184
153 172
49 239
14 269
296 294
214 142
182 273
85 238
143 165
148 197
126 235
145 84
196 265
249 275
238 187
71 125
297 273
211 275
295 97
90 224
117 290
15 56
293 50
266 99
47 187
121 114
197 172
188 17
43 92
31 136
13 280
252 153
179 9
157 214
189 173
163 299
54 5
107 177
27 98
284 72
185 73
296 157
173 134
277 183
70 216
247 7
211 82
142 251
164 89
262 299
49 53
109 124
52 102
199 267
39 78
202 234
90 275
160 197
131 263
230 137
195 200
282 228
178 106
194 123
173 42
146 155
30 273
74 6
273 133
210 24
258 11
37 163
59 99
113 197
33 241
141 42
22 227
84 174
48 199
292 278
184 273
245 137
143 214
98 19
94 167
229 8
170 103
202 265
213 281
273 14
108 297
276 113
286 129
79 59
36 86
58 71
259 272
237 2
20 101
19 34
93 166
268 247
212 15
47 169
235 124
121 19
132 94
274 96
206 169
254 52
122 294
265 11
13 81
233 201
234 84
249 252
198 79
93 269
137 161
37 139
157 123
216 209
56 288
209 241
293 261
254 162
225 166
246 270
170 289
72 231
234 156
234 21
289 183
44 26
164 177
52 132
40 72
60 19
260 147
107 20
233 252
117 113
82 157
145 115
97 4
211 269
41 30
212 196
221 81
9 7
138 136
207 60
131 229
75 18
89 90
93 234
98 22
230 261
127 231
286 127
