300 5000 300
136 67 107515636
59 32 3157762
49 147 28633379
193 110 455326600
77 74 639083941
226 224 870629843
67 90 890617275
250 109 92469433
163 200 290076564
156 271 11109380
117 106 661432298
105 216 905287329
166 264 701755675
196 209 215974636
295 285 548543610
235 263 515944985
130 29 377926974
204 278 935855083
288 192 907220134
251 48 213958857
282 216 115176862
79 72 226641730
259 237 158529445
286 185 313489453
121 179 847965690
30 166 267109904
215 295 897920732
240 250 523899361
74 237 516617205
108 240 387490704
164 273 19989219
77 104 79177443
206 62 10664079
103 47 253147915
155 220 704406494
296 249 561072811
99 215 988744005
282 155 435586406
143 280 141553094
247 87 396720633
202 2 917231106
72 131 217033161
14 88 496381422
245 190 14580621
59 97 135089040
52 92 258966640
14 191 49642055
270 172 590074961
175 14 816120440
69 12 487514979
253 265 965701080
58 37 923404662
70 50 882234750
92 294 705753491
264 53 854933987
3 156 30258279
42 170 498836269
48 139 11105040
208 66 943480306
100 134 812579269
78 86 5892634
109 196 248442322
271 265 914373071
272 108 719381665
162 71 769132369
201 125 915515324
279 219 424636045
299 266 285238536
190 226 932909201
147 25 361717486
168 102 968384023
153 262 522656270
174 232 241567387
244 255 621498794
60 169 382063817
228 69 658351493
4 47 856812111
300 97 732120429
135 286 874351406
87 133 99625482
224 300 42941283
147 152 80065296
68 77 576853128
254 20 973088582
248 80 974525150
116 59 288613170
108 114 93094568
71 114 739321964
51 300 90916750
256 139 796391934
289 62 668326785
71 260 565130288
218 28 735244764
245 281 945559635
279 280 915456566
180 147 266584277
150 7 914458090
217 129 136230403
133 179 922172455
34 186 352677093
67 174 494494506
203 296 463492366
242 213 487359645
57 210 102631025
191 240 488354357
209 119 26593455
285 20 523183461
174 289 539969189
229 121 809071067
35 154 909873204
227 272 89484729
232 226 390846924
249 167 599057789
293 223 438454098
70 165 587157137
178 73 872208407
132 57 729704727
93 283 105257015
233 263 590703587
200 297 424444840
155 223 107905411
284 206 14444788
107 207 4160554
247 251 369846528
244 72 204545992
232 249 128748217
91 133 704004773
217 225 402322807
83 157 507416369
121 108 793974265
260 15 467189939
122 298 21557897
209 156 920570503
214 103 504103753
141 98 727305025
232 82 931045025
200 172 289400857
173 140 178072333
231 274 137028642
200 94 827857201
164 105 160431215
103 226 76751764
299 186 115149420
153 99 579714674
205 291 56385271
81 274 689867404
258 174 647336775
214 98 216047166
199 28 648739239
40 227 388632932
92 143 712689436
107 297 581330513
170 47 9000950
141 199 999861300
214 155 923758090
137 288 690270016
140 245 723112589
67 210 283839638
132 108 69741265
223 199 293266544
54 291 895873386
42 149 197268082
6 70 219008528
156 211 881665226
207 176 394374632
249 64 631925419
264 256 377878963
204 22 774152473
241 205 851334632
5 127 893937731
100 233 434851673
285 26 634507673
166 31 717141142
145 238 502934204
22 145 571601532
54 93 979528395
72 56 269098550
87 11 940165123
11 251 208775280
42 7 871151906
24 107 873476990
48 91 75923615
220 9 912338646
214 205 96755735
169 227 924003479
300 32 22872671
195 155 936149678
96 241 239463440
19 3 511620890
198 97 379912349
255 120 432571655
297 220 270504897
11 139 90980157
108 104 113005962
143 273 923280240
73 272 916177623
96 218 871107177
173 14 870980570
65 84 542466624
154 33 884383620
2 39 495701992
8 35 811273411
157 98 318121901
13 257 733388605
126 151 412524077
217 224 779646200
91 19 961767018
68 243 933017783
89 7 633563618
164 161 272179802
284 214 572534592
275 274 408104979
237 130 854814576
37 194 382551084
241 72 383037535
169 288 632793758
69 79 7208776
238 198 294948618
172 38 735476725
241 201 692930337
42 184 547221802
233 210 583439127
263 146 72087208
90 183 104146202
174 175 497654773
108 44 28409512
265 164 612588042
192 101 121297539
9 272 983067628
185 264 35332229
273 5 867507664
27 289 975295926
53 252 169970423
261 41 917136705
62 266 507732432
286 73 649248975
249 89 826365238
291 280 853364590
281 41 663264813
9 225 742145876
289 250 214703932
204 276 800957220
81 28 614043423
104 288 508777116
60 101 867709381
191 138 926394106
117 87 465108694
154 77 196094626
95 109 561784166
7 117 2686742
182 157 211732691
165 113 588660166
85 193 716908294
59 296 521080633
126 56 105323386
159 246 967291323
264 63 840426661
209 268 484801089
134 115 874228498
99 121 844292866
41 55 282842775
231 219 57385887
149 55 995734479
42 166 120375327
26 291 348445134
163 149 187676331
86 164 139834245
198 73 31284113
87 258 272939579
136 57 970516399
1 149 423709505
75 131 994706476
13 279 336980882
92 72 64576147
270 98 391302090
203 12 184868090
133 149 371668254
178 47 121843978
242 185 778973535
120 20 757357443
170 20 59682443
27 95 45164874
102 159 7497604
35 2 811072576
82 271 682003125
171 225 725612636
160 58 761708785
65 287 483234583
94 280 522474767
29 151 606174186
123 72 578625705
118 98 575188451
243 251 653248310
46 286 661056111
273 119 571503534
49 289 880519358
85 200 628296267
21 17 102152153
55 110 890920184
221 190 562507234
106 13 792462406
62 130 857011555
165 72 898344806
74 169 958475743
36 142 249464161
269 242 15128501
179 78 440336852
145 98 896757468
150 152 358750678
133 124 457806367
19 229 803798331
276 43 456409012
30 207 313319635
87 280 382027804
181 67 178638797
41 88 385155738
293 266 579707616
145 162 376519565
12 11 258826169
41 196 749102192
260 266 306038173
190 241 508259815
2 22 783471921
236 161 637439152
91 41 583733970
139 134 341343557
77 126 495819974
144 22 822943136
60 86 129897898
128 126 455088093
72 85 66053658
296 27 607773350
210 80 937258724
82 67 952854584
285 158 318069376
254 48 282367261
63 124 8360387
136 19 493934660
71 79 930814845
121 258 382784323
13 29 307649459
223 76 509208585
124 285 148903416
47 118 835020883
182 154 654621492
110 108 786344039
170 222 467860615
108 57 278878833
68 180 300950963
164 300 940386821
86 64 651321301
145 38 739792577
281 162 566576813
197 260 915145931
179 194 127971784
70 3 788788343
60 224 91455516
174 32 826760573
59 151 375195704
21 14 14142455
241 100 51205270
242 296 552437808
70 276 978129769
182 172 970572580
164 102 630104473
300 223 979827527
294 283 449592651
210 156 752792934
234 214 530846684
137 287 419601449
143 227 96808848
212 220 427667395
19 41 216352971
39 223 316801694
19 138 711518096
243 137 907640018
222 131 691511500
72 92 383509508
57 25 262512873
140 213 629472559
40 55 277291738
40 266 857291709
34 37 109265050
4 75 452304924
198 145 801557261
245 140 137510198
162 61 953984780
114 184 342436523
273 240 277109647
45 131 838232559
156 170 892464065
245 209 638493082
253 295 628757418
54 50 546419545
77 299 362052041
238 243 558275732
287 157 114918144
218 270 481571927
240 242 116062718
38 38 549237200
48 245 200696822
112 189 19766782
193 142 434114476
63 195 512609226
59 24 572052724
199 261 323963067
283 299 528496623
126 216 729681244
153 207 311026437
222 244 535045074
122 291 736242419
243 154 44426559
24 98 611856500
152 160 105346347
277 270 124684670
100 221 323945082
218 203 840637780
140 28 333780247
135 232 293292653
71 206 701317348
97 27 396086890
15 21 270065343
173 96 814262140
225 247 509951052
223 223 903551621
192 75 62148593
173 292 838984995
204 184 54011675
150 18 336284206
2 89 506898011
201 237 115090289
90 251 361557861
184 175 413551157
23 151 410217355
126 73 11649330
199 16 789899804
191 240 921448195
86 143 639823830
60 292 969675248
17 45 927061588
180 297 47027924
68 86 918333026
29 269 585403452
137 44 512612055
191 221 952788827
220 119 588167495
75 62 37660434
222 199 994421777
251 10 644748120
50 26 281932117
289 257 607291113
164 77 869428351
41 157 338409171
93 293 828495714
99 235 407188087
125 207 125521557
271 281 45644718
5 202 859058916
233 205 472292177
204 254 369112355
220 243 908933811
285 106 59363187
187 147 181958343
57 291 542786787
23 89 699549522
209 265 368928580
265 236 635791060
83 292 979134214
150 276 186265518
227 179 79376571
133 151 290561665
243 187 866848723
182 73 579087121
224 129 12680311
11 151 385273051
84 111 649654167
63 76 393991154
74 210 655944445
39 111 134968520
156 89 328327851
279 221 517954553
95 216 311139739
17 97 282344463
137 20 64945191
299 82 44986694
1 217 629657056
268 31 91961483
221 105 477544692
218 143 203014655
189 51 35630843
91 81 49538316
143 175 301154531
133 192 702359027
195 80 287626498
138 131 747227380
283 131 338260248
238 150 724620979
21 123 247133335
64 92 32415177
218 280 824281079
161 123 849591259
76 265 251423734
206 98 749143577
184 44 69321556
181 181 782187038
12 163 420496721
60 153 633904770
138 173 521435044
72 236 886515635
200 206 569147767
131 66 897659289
89 193 242521105
274 150 62356602
50 85 197059298
258 265 6541678
295 277 93339493
267 88 234593445
37 225 522265017
32 48 138931604
67 299 435091509
133 129 298891926
73 270 779871170
277 243 179183771
31 293 199188755
128 2 127512620
105 48 416415448
297 15 551641135
41 51 110327011
9 82 487090058
265 200 271894508
73 84 583988737
51 156 977996706
220 133 557858500
291 163 220201344
145 42 886863145
16 146 192547293
163 195 557750507
97 287 468893909
7 48 447412542
16 12 232338394
24 136 540302877
212 186 121481633
69 158 70912117
168 200 598434579
12 96 606141020
208 112 100573117
100 26 175070363
58 175 211709850
118 233 437789297
260 249 992240308
53 24 15187095
281 287 100488881
13 55 733049538
229 274 92052837
59 37 229203884
230 245 566982595
247 96 79353473
209 154 612924947
210 23 130540379
258 282 971806179
17 86 408616854
212 119 24961140
292 131 503868446
281 112 550680920
169 222 90632608
152 152 305553952
299 150 93024948
171 110 863312453
217 20 85310375
247 277 58947609
226 294 16562546
279 205 350974416
71 248 331148499
216 228 27996910
87 148 597503283
295 299 940775934
146 297 715937035
145 219 393024245
49 135 888780116
276 82 640993944
236 59 494422389
33 37 464252545
249 107 650973292
47 75 492666871
8 161 81386118
242 155 498851269
276 53 312044917
262 249 600320536
6 298 829119422
173 25 128981955
17 260 471714313
205 44 118449702
102 292 94149260
193 90 902681434
16 149 947243495
285 91 170984401
5 118 26941753
22 79 165689554
9 137 745507551
130 9 261771527
85 77 68396386
149 34 592010081
250 135 478554325
210 79 59177614
243 94 919425915
189 131 951769805
42 135 654534274
246 208 38623652
99 216 54611240
1 98 738760801
227 234 732066277
164 82 233982762
145 84 3730096
169 293 397314275
34 287 759918520
48 176 172928950
204 217 987713185
229 214 221348844
33 13 769123760
272 13 17706409
272 240 243562394
101 103 65889675
262 247 160687010
10 167 64554602
136 253 385206589
55 52 922402816
105 256 847127684
41 236 38839297
184 268 663227209
295 240 170831674
255 263 118391513
148 115 131852167
175 129 98191014
284 138 53511432
86 273 204474684
226 79 323023036
241 235 213442643
276 27 530267778
172 263 17154798
133 257 23682237
106 264 846159951
70 111 216654218
136 285 369147798
201 21 307370787
133 158 281153811
68 83 50415389
3 75 640600824
297 50 891939650
227 273 25780712
124 157 663764121
12 14 823596284
214 83 601355946
231 219 62932783
128 119 369013803
214 3 436669960
76 71 651107842
265 125 639762968
140 174 397246669
41 100 962398241
205 223 555993950
25 234 643832763
160 147 196822546
157 130 199331816
139 9 897035234
141 275 900993289
300 50 563164311
293 14 59087687
60 153 602206060
228 246 575303559
121 150 848051333
170 174 444131618
284 85 62220717
129 241 918972846
244 80 236052154
230 220 320829428
270 272 454458478
80 264 539871043
66 76 217667948
226 3 232305193
236 175 462079842
169 96 423272367
86 80 939479051
254 208 317088543
199 204 766517274
205 185 656779046
132 154 424543817
161 233 425952132
204 50 448250607
151 275 888685910
43 263 267205336
84 131 434770132
102 268 887729411
204 274 675422070
246 172 144663573
172 76 750038209
17 260 687506562
185 120 225265646
16 23 569886796
223 225 176092422
184 19 619186084
19 154 599735466
250 255 561872186
12 158 567816959
282 156 389058982
206 27 409134058
15 43 653904317
28 227 430344588
26 294 425809563
21 216 857967187
94 99 664155358
130 170 601421211
295 119 798069818
232 183 193580227
142 164 105040982
224 69 4002060
133 135 842209802
249 163 601757080
288 240 856079674
50 260 905944541
89 105 640037592
146 234 325564161
108 281 249810731
25 212 300506713
152 106 5590528
185 29 657209397
245 161 562950583
98 161 557804297
178 148 719552536
3 250 470598447
95 38 987034452
286 183 740562985
98 42 35952217
29 67 730041629
193 270 948197234
221 154 79478014
17 98 533018026
51 196 962721586
248 125 503965985
83 179 730044434
282 273 203956823
233 259 884825805
169 56 931621647
86 136 142414165
266 29 858267234
251 249 889254539
264 17 386861789
189 119 45815136
26 66 467871660
62 201 66660090
48 182 43092262
70 166 742238472
27 34 489662880
25 119 535176215
89 84 884317895
174 34 690162095
112 49 462434563
252 289 764085882
287 66 5436699
146 128 53523199
235 175 83976532
49 296 231314797
120 22 88617331
299 46 544352701
66 134 328562537
212 59 241960422
7 223 364024371
169 174 80288759
150 161 58507877
249 58 97615004
299 45 485203630
231 93 572714225
27 264 97488947
209 15 843665792
210 80 806175278
46 291 695800988
267 49 549281110
289 218 458510136
300 119 764270496
76 119 491982905
279 118 3274749
108 100 46270993
284 126 510693757
130 35 738722271
74 296 118049102
203 41 680475792
90 59 821197141
252 48 2647710
287 47 136397028
234 122 932914499
238 152 593206968
39 11 201250967
231 294 840877644
87 176 600704330
257 1 25083725
258 203 295094717
2 44 800181376
94 295 756884423
103 33 950525321
282 266 587095594
32 256 764210245
199 294 672105607
217 224 30979552
61 63 938321027
290 71 942828527
267 81 850677329
283 82 62701125
58 227 423148319
232 81 95561752
204 114 696728269
297 146 718630776
293 96 164544021
299 13 80738997
51 73 977909459
277 114 447294029
256 132 606941809
136 115 989844942
60 224 417200568
279 208 744172748
282 111 959674862
2 108 849137759
30 152 153252054
50 151 925785066
46 253 860130790
104 281 556993556
285 236 41457087
245 72 461132453
287 183 616201029
6 213 263547236
106 246 58729098
267 248 883809505
77 29 60547757
230 78 261049459
148 124 663777811
189 279 59570191
96 263 243771479
135 208 67059002
287 246 592133884
167 251 94660797
202 56 375234194
100 74 278065993
156 150 374303321
64 132 828490199
174 31 721365622
236 219 883355400
279 67 614269915
257 201 668534622
110 239 741027167
93 106 101464469
41 59 641502925
287 210 25850098
179 118 103643748
100 181 733168631
98 107 987693461
271 42 432381731
122 20 624226997
236 276 457202697
9 137 97473988
27 230 456209193
296 22 354504603
20 8 146056613
169 187 419707430
168 38 88521162
298 135 413547268
158 157 911079910
41 278 345721981
237 266 108728609
86 274 119675145
173 53 970695474
65 48 313999448
67 67 672304907
31 287 323677845
112 155 642421582
74 152 309542668
193 62 46406724
54 102 441401854
235 38 256281619
143 123 864613344
187 295 7424196
213 111 786178643
260 230 694895961
118 260 759426248
163 124 935929602
244 197 810091005
212 89 517087566
87 195 194333719
240 129 761023757
110 271 231909431
254 209 851948378
201 121 77349788
144 132 967650969
256 250 816392181
55 164 895797204
8 107 146903552
113 70 130742140
30 209 168458286
49 148 48224914
157 258 583803336
87 263 42352345
116 163 99600117
256 58 217029749
24 14 771978850
156 120 235608913
59 128 102857871
210 292 683268393
202 21 23247201
87 121 416712500
153 277 119945909
188 116 997560771
132 283 909497634
249 238 346967843
249 14 152351008
198 169 937589728
62 228 343646307
32 189 328095398
176 90 113057270
176 229 40349291
76 81 576027919
36 20 952002586
207 204 20221669
292 204 710551306
134 152 843158819
42 101 86952740
121 162 632697567
27 245 184845907
224 173 21623549
245 100 311488777
87 227 807699209
258 263 241541828
243 169 507885331
211 160 706329834
169 45 906421437
139 138 27622637
278 258 10575050
96 284 958136547
103 259 406091871
251 204 525171870
79 290 584605397
287 247 704338359
266 242 881931527
97 204 731915238
182 124 601257334
119 263 789792472
207 292 87626729
209 88 838406413
207 242 75259623
77 192 206210926
98 270 829158668
294 8 520130766
152 273 231129807
230 121 834893811
219 3 894490434
253 173 105594848
176 131 702643440
4 91 23366479
168 49 400093520
291 177 706964463
68 275 255468084
135 268 853303591
201 172 594529163
259 153 839546484
221 72 147201738
7 76 423916362
54 251 697312992
145 6 535515735
23 174 44144783
194 216 481808360
256 283 226194686
39 170 9392805
181 70 535741076
296 80 244720081
179 1 15728704
168 7 450024279
29 60 42431981
72 257 28062186
206 31 950354011
141 225 884567078
200 232 36912313
285 23 236548382
89 203 3606051
117 198 126764182
297 128 735883882
300 47 430488288
130 75 168688600
210 199 653128256
47 104 759690086
110 244 740983962
139 195 451457994
151 231 999096616
32 72 89719770
34 240 317856620
116 288 523053647
197 39 557545294
37 168 845247920
236 129 83474518
143 227 660257174
80 88 619740669
242 227 296249716
87 77 63462646
254 161 635804969
23 194 549017760
94 9 195304747
241 258 442910985
186 294 594377104
205 281 839618732
175 175 764247111
248 6 466099898
68 247 534776876
83 85 154674005
81 38 562339665
149 113 613896258
261 206 288624319
7 198 322407728
144 135 145734773
147 92 927294053
31 266 877762879
141 265 904314984
90 32 600450683
266 115 417627967
270 195 59976157
186 95 617215021
243 55 407201178
113 114 952988276
240 257 369670662
112 155 797463553
16 237 24874170
146 77 859643334
230 219 774028066
12 236 916794432
230 257 351405078
186 142 713664972
58 136 257624579
136 249 178588644
163 240 66951800
24 104 74640206
277 119 188756243
246 265 26063371
232 246 52661489
249 257 508360176
80 238 842800732
157 176 470839173
80 233 858888109
110 68 148088209
253 230 808330848
104 6 837867151
110 282 16507522
104 279 222014838
174 262 358704083
215 210 27025939
190 289 202157428
174 197 239042003
246 277 607411036
206 86 714465703
166 39 218226985
66 142 635849190
16 3 617312223
189 106 187490253
26 280 206026615
108 246 299465724
198 187 237118365
226 60 517873261
128 58 707911737
15 15 769891075
218 181 29883565
154 246 554841006
95 13 124436309
69 202 779942066
21 279 694905297
287 87 774503842
111 36 232130581
275 13 205553540
87 193 870644597
124 207 938808212
50 176 410648944
14 29 241981289
119 175 975705101
279 243 480844254
297 264 126897233
293 250 125084471
287 112 354948258
167 138 18646023
158 225 502703415
207 100 267047821
218 149 878661297
213 162 408287177
101 32 491774652
53 63 598952294
259 111 769826709
143 103 210424511
165 141 220211422
222 7 888822160
44 165 586646336
110 71 169079335
31 40 111044935
179 252 737393996
107 104 160516579
158 208 504848993
204 166 550333303
264 8 991874806
274 224 161526398
96 198 733869605
107 241 472007021
42 103 246583243
128 133 848922834
62 63 689674737
209 169 10820240
87 79 345613499
132 34 469866065
234 297 68024224
191 271 265172448
289 118 268775345
145 224 97478937
165 17 253986639
59 196 857862623
292 257 787768185
280 217 157023206
71 3 457402336
69 134 287857869
233 120 123249217
209 10 468968187
56 298 102775256
152 194 60976231
240 58 930217447
79 168 437127294
153 211 135201650
238 190 171899918
295 260 2705973
130 29 132468806
50 13 669070777
266 221 899353987
153 28 689877536
260 231 774511030
291 171 477777839
37 1 46261207
83 153 33916669
84 142 425386259
2 136 936522918
274 17 912940146
131 66 529536711
108 32 1820483
146 236 594963911
233 195 135291393
214 185 15249163
253 274 193856563
211 108 528976216
79 191 660892657
137 192 599145445
207 165 948620561
4 296 849692227
114 155 278126010
197 300 702890097
59 284 226759743
151 198 58194828
114 150 684961853
128 112 691671760
295 242 66042550
252 131 832490494
148 37 141205210
8 40 124655505
286 206 9461211
295 102 842459962
43 212 166045646
286 62 607245643
165 227 496354144
69 55 732148707
28 49 496029648
229 52 65899578
74 199 230797766
84 207 903664358
140 244 614036063
51 291 216249716
64 33 305269227
9 18 16385988
203 234 69881867
298 2 954580721
204 81 904491469
104 62 285539473
133 135 991837471
199 218 677038729
108 110 190835473
170 212 663870063
137 275 651548947
15 36 528115517
254 238 204280950
120 236 70039804
40 191 964547484
61 294 658879245
133 127 838041932
155 77 790724401
84 184 494098510
256 105 810141821
170 293 433830648
116 7 678694283
184 260 4494720
134 80 612618807
137 171 235215250
272 231 515797343
169 115 77813721
200 270 152062149
200 53 789690632
62 60 162284288
134 229 633576480
181 96 213869138
263 32 67031898
35 165 115462977
93 53 18775799
42 24 976429130
37 192 978995144
157 143 18311313
106 95 771416365
289 156 134178476
29 289 65435004
60 222 774283952
98 236 936324483
95 22 608353899
223 115 860412003
221 208 657046278
202 244 509652322
246 153 256272064
10 10 540146258
75 50 707889765
250 78 569644406
106 138 559240827
109 235 60406014
143 81 225118336
93 3 518512950
95 275 28321457
224 177 122857553
245 174 27418605
109 183 599099466
118 257 775074415
283 259 570144093
240 116 322917682
66 276 542231616
179 170 150496
66 262 664653650
15 108 554516876
224 31 793652952
128 276 66089725
184 136 242654860
249 5 242248368
63 287 51565078
7 278 736039993
88 95 627506120
155 274 809771589
2 91 743706650
203 106 142239657
79 81 514933240
182 208 666407015
159 91 410482102
18 91 434788406
185 205 299732045
63 212 574957422
107 51 672221717
127 206 651930942
15 259 739203432
217 162 305068489
225 240 377847569
264 121 785430928
30 279 555237170
231 48 286365760
189 233 606407465
133 47 938022728
54 153 751612878
70 279 294442235
163 46 566661294
295 14 85440055
283 290 257811746
104 6 877429318
131 35 862898849
1 18 456875196
12 206 754123080
228 90 953691226
55 143 644135979
285 265 305479809
171 127 747494306
264 173 713886119
270 156 51927609
267 259 129068366
85 141 906682700
285 193 352801769
180 257 49697626
112 184 297102315
37 239 522489610
167 275 545564874
28 145 723291752
233 161 942357325
204 182 360346432
164 149 355106642
129 285 712068882
180 269 691503027
249 200 727258483
26 11 278259066
141 100 135043856
202 266 49225730
175 293 20279627
78 278 762350487
102 181 65911068
33 44 41289468
274 172 713398652
108 51 650170172
186 51 455962872
168 77 589932534
33 269 153254033
241 170 495096051
122 96 68422043
148 173 178275372
86 275 833509452
206 59 791084595
225 85 32585518
177 244 464694921
200 129 440214571
71 296 713874799
57 80 730261567
89 20 716897188
139 194 366830183
234 93 108385008
57 231 31402634
9 136 496229492
55 60 563004928
273 288 91281471
293 240 625078499
115 62 744170846
14 118 874301226
232 207 855546197
72 97 589647842
254 82 244369435
61 139 287094165
194 199 636249452
138 253 333124763
165 277 91118751
188 21 117950642
38 136 164550603
184 201 673367521
161 184 650171779
209 255 590059427
151 261 413968861
185 73 300175451
201 19 82188649
52 156 256125753
66 72 2055930
16 259 637190450
9 297 454260237
12 180 167140089
132 92 358607925
210 300 893044579
188 150 694829291
248 86 167314364
198 38 194418782
46 89 124888389
199 155 669211760
80 222 771186719
281 231 760924467
18 294 530079498
58 125 805469389
282 86 295156688
213 273 441305590
103 221 635769175
118 118 870674313
99 216 782270453
287 166 703682359
299 245 578545133
269 277 524809415
235 46 707025808
132 104 651078184
172 137 154621969
159 49 660232941
48 204 434396313
75 21 72254831
139 172 213546198
43 210 261879815
154 208 219311611
186 176 575548387
252 162 637366733
11 293 571906736
194 164 590292672
214 75 438085473
154 174 957598076
119 248 21177548
201 138 970726319
198 181 783649129
112 34 981674088
22 271 335987916
260 274 607515077
192 284 178851422
279 229 2949985
151 142 932516511
175 47 703823885
50 165 657673984
297 65 517257474
168 14 64844806
196 177 4118339
235 250 471172261
150 210 138299634
227 101 417558969
48 132 107512097
84 34 67813690
247 208 106180336
283 257 362041053
266 5 907650669
191 172 956555383
296 119 475667711
186 54 979266561
46 255 895416670
231 233 714001122
151 32 6926653
299 116 69518638
288 114 634829845
76 96 365491053
80 61 430163458
148 4 504606081
282 299 519951700
45 185 162907105
5 230 916943859
226 213 94609744
299 63 169723475
204 114 997751390
141 153 68759055
286 228 381537650
138 59 298793863
47 259 337785166
128 292 563356364
79 36 832142148
83 40 467831130
93 265 608722942
36 264 377409256
11 219 881402169
152 59 41031722
107 44 814994601
156 234 417848212
70 280 904726870
235 107 937218661
99 237 990991297
146 19 45311336
227 164 700628153
168 251 670942868
276 261 815698486
196 165 56929996
269 23 324434540
22 230 688735873
133 300 432513804
202 234 207858063
14 32 387236699
110 230 133556818
298 156 921311333
202 76 140077283
121 51 812094496
206 298 935114360
153 267 282928634
92 288 532042263
16 120 833765462
220 73 525883396
282 86 24268779
280 248 161063760
49 245 551583116
33 198 362098843
216 18 117503845
163 275 551716642
274 127 558285308
107 271 657237147
169 286 413904018
231 257 733012790
278 238 256814828
108 270 123785075
168 70 84267571
83 155 691406820
177 70 763629337
21 284 674182663
162 257 774964089
22 63 95440859
168 283 176865197
186 213 599234553
27 242 422923343
254 50 35168264
180 217 422042485
102 51 504857339
273 227 276206460
161 247 548184343
23 160 108421699
64 181 92363513
74 49 179535696
70 286 56220060
75 12 248300002
69 18 485077003
32 249 75098471
116 103 569947521
107 75 36755699
166 236 740510497
209 10 232928556
207 73 924811537
72 147 325912937
167 268 997620422
226 94 377979485
227 162 723804954
29 193 11398255
99 61 325026957
271 167 61130583
121 32 983338470
217 292 765833280
225 251 888611804
61 22 447114902
49 188 618207770
22 113 706157663
58 92 133887925
112 172 789083169
166 23 93785881
74 293 552853399
56 166 442492183
78 82 310886574
57 6 118974624
212 118 811636197
214 218 863374284
235 239 35441649
49 49 723621940
25 160 118024863
194 77 588716185
226 150 410676130
125 205 620660395
107 282 959179476
132 90 364194634
108 54 760517403
104 267 474060721
40 253 207477711
140 1 338747859
31 26 444192470
93 271 682693446
178 196 231794095
7 72 5141352
1 230 986073685
128 62 792940727
13 221 314354280
16 76 849945598
288 115 17922450
198 254 376958850
209 284 913459075
78 129 121538997
76 6 389951793
170 12 976583564
273 64 176442846
58 243 595383507
284 256 909929227
15 23 931716202
64 62 376635069
13 259 280127474
14 219 218331710
41 49 309272638
37 124 141666443
229 45 978705606
245 18 441050521
190 75 340397015
248 110 40939722
226 176 303196044
279 239 306259405
147 3 257607516
73 16 348504586
34 56 170626734
71 93 111700109
165 21 551002454
22 17 346191471
294 258 335857197
208 205 312940358
130 182 444311585
125 161 727400123
130 59 885161125
197 131 147069792
182 164 574068848
216 286 140213640
124 202 87972312
129 223 246444781
99 216 939557538
247 176 467726795
256 5 740881776
140 129 543255036
14 10 103997995
138 206 555754477
82 140 116856193
29 107 96575778
68 282 194128732
231 111 683187954
111 261 562353022
249 208 172020949
95 163 848098753
70 55 451331533
258 68 287978695
204 258 763131400
280 39 930326939
24 67 960192045
54 186 964426827
285 116 346550089
190 279 600236949
63 279 913860956
111 73 305395171
163 142 366634825
148 99 677496392
142 54 975657349
93 86 260703839
184 109 401672005
80 162 96324542
258 198 727601058
246 88 99495388
195 150 446532366
102 261 88955138
224 175 620161831
48 74 583407482
292 267 935206435
192 60 83829520
131 295 146132929
187 74 923725142
129 32 610734892
238 29 37833779
25 275 324923880
90 77 791509792
227 300 138206619
9 100 816345892
190 143 966422659
125 86 204084670
196 216 459658864
76 155 545853637
170 283 132128520
161 220 712517249
291 244 739773123
22 85 980273451
14 63 739413403
232 71 236344154
275 13 148562096
233 189 156757281
2 84 521633549
65 160 644862903
254 81 622769885
225 241 887988256
173 283 687497051
148 4 467828635
250 69 22970849
52 52 268052819
5 27 491514731
152 259 628563019
33 13 615543555
181 77 598589266
235 82 353941646
219 7 344851938
226 231 461670272
176 78 29320527
262 28 839312496
110 131 882369147
28 136 974836373
11 39 83136832
181 71 116387896
135 3 976699372
300 237 619990306
297 207 473356512
286 132 954347942
257 59 655254072
284 20 556348351
79 181 249560533
277 261 118718420
150 271 164900459
33 203 544863929
228 38 485275084
251 89 925964120
56 138 47249979
219 123 884604562
13 132 125524921
236 115 942872392
238 245 359617825
70 221 791297685
90 122 434459407
148 154 917666009
276 133 708977398
211 136 406982839
83 243 365623976
161 162 634785450
174 226 823621181
246 161 961451695
38 98 592622191
114 167 894469112
98 8 399377885
104 155 337968991
64 183 826630323
62 93 399610310
200 175 971866553
227 87 721788266
76 261 603723391
57 206 977958703
203 295 400842552
46 108 121935470
57 205 259955878
293 60 979804232
83 124 678860814
58 185 694917059
167 136 101420733
219 62 503170872
236 189 79739332
126 297 661683737
280 200 44392832
231 245 440000791
101 53 934772596
278 97 520716707
61 180 410466430
275 237 18031866
85 103 897879501
69 74 120666014
140 9 468660503
171 187 618000499
160 218 382654050
143 149 355243346
233 1 282753850
280 30 564563447
139 90 391157478
68 116 736649914
286 200 705683768
38 269 270125593
152 160 151763654
206 83 806837692
256 242 213306409
206 136 624528709
203 120 309923709
253 152 381963638
151 290 820452728
228 109 9284495
293 94 938343295
212 132 266598915
257 35 644705874
10 240 4919856
1 195 861440949
261 152 111178336
70 55 341616456
230 59 45076959
120 209 37243848
47 188 433616256
141 232 104742402
187 143 95985433
201 99 233044067
75 160 984578806
82 212 673622852
31 173 830313904
166 294 662411658
173 223 157702668
31 94 28234028
178 140 665163215
186 33 362689198
287 271 121463040
271 172 769159391
237 298 457541902
194 79 140931914
45 161 737668538
100 27 19764131
209 251 2175105
76 282 66865099
203 211 886803190
217 96 471273874
266 134 758620445
158 104 867958168
148 40 591476565
101 285 639128195
214 82 19837656
251 181 697299634
33 90 13130584
90 165 12407465
240 68 437406828
281 36 16712223
107 2 412615109
203 159 16068212
170 58 765148304
186 158 644434188
280 124 32581421
287 74 54871202
20 159 78747891
4 300 114430507
20 291 337636726
299 23 413529762
22 129 409831515
282 31 595488673
293 252 297209682
96 137 267503739
236 117 352335462
156 155 289373388
9 175 950897998
251 230 191600749
58 1 78346739
283 300 202971861
296 73 36749990
10 54 43334272
234 46 238166524
215 194 65239660
106 181 16198228
67 88 110879883
206 97 899100609
203 47 541474638
251 156 755442138
41 191 978409937
154 186 79606609
43 248 324163614
66 233 23116460
41 148 499162505
101 253 396735937
80 71 895901824
214 29 904047720
274 231 204954219
263 234 60535474
201 26 513460916
189 179 124743954
250 273 304216101
63 39 352398733
274 79 566501532
130 231 214028236
166 63 647314307
42 28 860765835
13 54 805280817
31 16 672460002
257 268 393166480
72 157 317855758
125 158 40826883
177 272 900381421
162 298 692234951
293 127 481627134
129 45 137272548
87 86 622567427
73 98 836612380
289 181 173398396
243 189 240883963
222 260 869995371
131 137 140339228
13 65 81111852
285 226 862913349
88 219 689938927
121 99 958924523
20 185 565771960
246 257 267045310
278 297 267698790
273 291 333300578
287 212 977311589
158 95 324475777
237 159 679009242
40 144 245827067
140 231 443947137
67 103 634881335
141 122 318460319
1 119 60482627
10 96 813712724
251 120 955643314
28 107 879440878
168 16 902961172
145 252 919547430
186 44 682097425
204 183 30329755
141 249 3420609
175 142 886126182
146 142 153530253
72 203 789728848
295 153 525669420
261 232 897203226
138 99 331874693
161 243 117506696
42 180 187727439
67 136 257966622
73 276 18163170
234 202 132274311
215 47 166072004
67 171 534085206
67 217 209045410
186 177 671736841
163 66 751987440
155 226 626789334
150 20 975151766
189 138 42901801
162 210 126502928
83 195 8320129
146 110 711846428
49 228 445048098
207 294 874154214
216 231 807324443
157 145 271483308
248 51 874624686
33 253 536296005
298 193 791111042
150 54 521915903
277 136 732131198
6 281 160399459
185 30 107734586
182 288 68898132
147 203 569559514
289 111 359438311
249 58 917892861
134 91 214946213
90 140 438325805
183 290 845998258
237 18 161159446
186 23 663567326
244 207 224326607
282 140 377522494
65 39 332200397
130 79 612613507
40 27 823265617
1 212 590946059
265 53 890806598
122 235 470781739
279 224 604858057
76 109 153872031
102 53 829670090
208 86 77300329
2 150 328466019
50 31 685458898
156 71 124794976
124 123 668582588
182 87 410666792
132 208 289642279
122 239 679941302
78 14 166211410
161 167 761368414
150 75 573146899
30 128 375477700
1 177 737920331
298 84 872429453
73 208 844381575
112 141 573755613
204 24 498877373
282 146 318261463
283 275 193067328
144 135 786862295
58 36 176489321
108 118 886954548
60 118 955491076
290 115 142196059
94 239 975367818
20 51 45952411
32 254 244756434
56 287 895077979
70 269 306807806
98 164 928785240
44 273 148229428
116 81 42440697
15 140 87368714
90 181 673505080
300 274 73128418
170 293 807337668
180 76 139315973
265 184 506189259
196 253 440415179
101 102 108205143
192 145 123443915
19 260 911794747
15 274 996218986
180 115 672186018
159 115 107092591
129 36 702869335
148 267 33271863
121 231 597177546
131 126 417880550
110 278 835931852
4 170 343226448
170 240 116253660
169 7 41968033
6 186 633409700
24 97 180258366
66 225 510398201
153 72 522297967
15 244 460714097
112 75 925757275
161 236 371718952
64 291 432417073
112 212 403564713
171 80 32635271
255 138 701964756
154 161 642607304
219 278 75174980
19 130 807005452
137 196 534963747
134 59 60206421
60 272 380697708
211 35 604642750
36 146 855485462
48 68 750053293
118 23 137081582
125 228 983723642
229 147 807137472
8 217 457676053
211 106 968611249
110 239 494669659
82 50 748699130
290 12 419147865
239 47 701758662
152 146 860268830
197 15 789162752
78 140 974366479
172 120 596138377
243 179 164876646
247 142 202879251
147 251 23376641
106 32 552126090
35 73 13362901
51 64 692020500
213 215 139147245
194 163 239894760
145 293 548744151
75 164 855786370
204 158 941229100
1 104 759561441
151 3 550779843
43 108 522574375
232 194 760675447
184 245 869725810
235 209 557727277
80 102 427249491
291 298 762857683
41 72 253308198
262 27 853222155
61 27 725308311
54 229 838177913
296 271 539016972
22 254 724008265
121 190 664816009
282 124 915715217
110 203 189491070
101 245 422789967
83 285 295011091
281 298 402292817
87 59 614544496
49 164 282129024
13 211 133455747
84 233 868134400
49 105 204560589
9 86 834754813
178 196 750380667
147 296 43849264
114 130 558872048
204 162 708784446
72 249 434815556
267 297 349043171
143 62 149730781
289 145 64485465
88 245 853982669
129 254 92980907
293 183 339207454
111 29 19911801
174 194 897951630
222 149 79151492
19 273 269249892
226 239 193555140
296 133 542761501
28 121 855885946
293 261 561969442
113 141 473311647
19 133 358144129
224 243 258474310
124 117 597092155
154 90 816492404
45 160 24000576
288 85 834161166
227 80 381619551
228 107 94798771
125 151 399382283
266 264 647414323
113 34 378682407
193 258 491050850
54 81 733401618
109 286 812090407
64 82 140934366
291 69 7265402
156 296 907610333
258 275 844216291
181 99 881568742
63 64 578683057
138 228 28540142
44 173 570347451
245 226 224016784
262 34 887499769
120 97 492464251
137 87 160676471
290 295 380658866
222 252 400205640
13 132 75202738
6 247 820135954
14 84 108316933
55 179 297889805
158 124 499845231
41 137 163791716
209 9 253705313
211 145 351135651
282 135 437727545
99 108 600133249
139 172 80635180
28 177 836164678
33 242 661619713
18 49 935682692
122 206 854437167
204 246 151284755
20 206 638315863
284 117 161497560
34 150 728095246
79 248 245719253
179 138 411102225
110 166 958329253
288 250 466083395
300 267 815421143
243 141 429206300
61 44 826422945
68 115 452119902
30 98 93728718
241 132 469474919
286 262 254984667
191 140 555496304
267 249 298728921
219 288 157334823
165 40 387114589
159 282 990990729
58 95 321324825
254 162 689392239
56 243 53930989
25 184 61044020
144 221 853491581
262 163 883923272
165 129 232974272
38 48 736809260
160 212 909564299
300 71 539438432
281 128 480868826
5 134 590172939
195 189 653150282
183 213 536331117
2 56 967810689
134 69 193308252
157 234 476442380
129 23 628058679
88 182 114240543
138 181 750409113
169 161 670803392
47 217 701846325
85 112 148174165
118 46 250999278
34 100 184829285
275 233 204648854
26 142 718470639
257 270 25023561
236 109 134158794
178 246 580474574
242 114 912510687
185 160 599075603
262 245 34594266
226 62 420481312
103 148 670297111
140 122 490049595
193 199 763662036
283 207 576625057
43 194 813231565
36 71 235562210
261 64 235571776
99 249 441612735
102 262 148890731
19 187 10556045
230 42 415456144
292 181 331401717
39 125 951701015
226 107 310345473
83 201 330361067
47 288 125988337
9 300 5185453
84 99 786239453
70 200 23513014
1 270 865180300
97 252 267273293
40 243 709588573
156 33 954324049
222 259 867434007
194 41 326458359
60 139 613039546
49 199 12684846
153 282 290421296
205 52 192808147
270 104 606956016
169 200 805862567
214 291 312341262
86 146 616441694
187 119 334342252
93 12 895184344
252 124 112199535
149 224 220950033
46 76 457007615
41 32 967017718
287 1 47354721
255 169 413607372
121 134 628715462
282 220 876597059
176 158 108953177
79 250 488645640
23 253 493519163
157 154 954594786
241 199 729574313
255 292 752180844
124 30 898443744
96 284 886059665
267 105 982301898
180 138 749275369
238 65 141304126
166 144 878338528
106 218 286836932
220 126 979838885
258 66 675061936
70 73 810411027
214 196 283727008
109 292 996933192
173 10 460924848
123 190 135526885
291 179 489697350
69 97 710294845
96 202 839987362
127 173 696007139
64 130 794271504
199 252 149337128
77 217 23189024
284 25 20730967
175 250 703053976
274 72 403906217
159 114 147368396
160 182 599942744
4 29 545242197
117 156 329302269
55 271 611750451
110 169 269644702
238 245 907682218
13 280 276823094
79 207 263126995
154 180 996379466
171 38 783404932
118 249 60474813
213 252 263476694
209 120 121698449
77 226 25044371
179 88 91027339
180 25 687607435
149 89 245995314
195 167 615640520
189 20 109984252
7 242 12037041
238 111 664012590
102 23 628722093
295 231 746152913
95 60 417344890
165 238 584053177
155 170 248131253
89 70 432768141
55 264 158694807
174 205 981481579
225 211 305034672
66 200 276722483
207 1 201520457
299 48 919638088
263 194 317926699
153 111 155620388
129 265 554880209
182 54 423388379
74 160 743000694
81 85 924327798
211 62 816265508
282 179 54735107
164 85 552727760
173 83 573720159
60 98 239410752
110 2 427360262
149 130 81112379
58 63 35758184
36 189 389809343
81 269 611422727
279 179 810582588
138 212 999325966
197 128 841665450
8 300 818839485
166 111 529517334
269 220 538527535
131 68 282439616
9 177 9384831
292 264 152131319
186 45 869373887
112 75 847626817
100 212 391924780
17 160 926473907
19 167 505311006
103 84 900590516
88 53 282755487
22 235 807426307
137 243 29483183
67 286 224830847
185 171 136469991
23 34 393761117
91 133 107937028
71 202 743798240
177 220 1556158
35 22 454930942
2 161 195849694
241 182 504189028
247 18 461061322
129 137 102224759
27 21 817488681
269 96 218275814
285 186 967685099
265 8 65042500
156 237 204529819
213 271 57502892
54 24 153479052
247 264 30985833
126 210 824979202
299 91 544843990
157 169 490195163
289 138 382922958
103 174 775686895
153 190 207895403
52 45 458538739
222 258 885444261
113 11 389202484
216 10 105085248
200 135 693035209
201 134 182535551
143 42 798417120
105 31 382182609
214 185 327593134
208 37 742585724
262 140 223474968
200 61 771817025
212 173 695059188
196 140 336534797
195 39 905465583
155 291 862912868
258 133 163617762
177 237 772552592
37 150 465542228
70 110 505239064
45 71 661718303
13 23 139509763
289 234 848632687
276 129 942566126
24 75 157328616
207 282 465383006
26 239 264089639
187 167 896160027
130 203 744517129
257 24 584847838
172 69 330080260
174 133 586236782
288 121 91278016
26 149 86922796
203 172 530772723
118 130 115863004
24 156 877245542
114 94 318370160
140 224 116386762
120 180 156437537
157 52 328591857
69 277 856324689
250 17 216485762
65 94 251617910
113 297 3288633
235 166 376963515
90 241 235555422
183 54 742682115
142 246 523412538
55 65 895805270
291 274 365099373
48 42 593013149
288 43 276605417
49 160 411992511
258 272 794256907
143 258 285759924
157 47 646851865
78 229 994138718
144 70 928813215
82 124 342876132
3 166 821175305
275 265 398823698
275 253 809541740
292 1 997123799
102 11 901009022
260 205 199453779
283 61 860837425
247 190 467438205
17 33 632593574
83 166 30239349
214 168 964296715
70 142 468390231
267 169 693811883
259 160 562080136
109 261 324812898
231 220 985298802
61 254 773017714
238 201 923525055
42 269 179502939
268 51 64363905
16 265 178945924
282 34 35832018
213 53 80551686
147 63 589710345
134 171 975300505
183 153 736611776
84 214 159404081
149 203 38012933
155 244 219093401
194 263 336491404
98 279 28050368
221 12 672494653
238 276 668647957
123 175 826052019
219 8 994346990
275 191 779574594
250 26 528672259
283 227 954993761
215 81 378493657
116 274 431765519
119 123 145048697
138 96 40188961
242 85 880543836
99 260 64957910
69 178 8027670
210 153 34566012
204 154 129871737
162 136 771995263
75 51 736977996
231 218 351806521
49 88 680844744
198 225 608071291
110 218 464285475
245 16 35071686
7 137 205107564
128 46 507242668
139 249 825572421
175 163 24533609
190 237 289622811
37 167 839933428
157 267 864473215
100 164 243808891
242 25 650435108
117 270 605516176
2 28 935104112
117 207 486062257
84 45 890481558
257 271 824517920
17 160 948197808
127 248 787498526
154 105 774185592
20 256 758340408
110 198 780151932
117 66 572680353
192 119 53399932
155 236 230338338
112 71 138061582
121 79 611474105
292 95 570054816
99 221 603298064
124 126 63010368
167 145 482552823
126 254 322513072
110 71 194660237
114 14 986582356
146 169 755903343
135 32 9865865
169 152 574042344
173 143 177999090
88 293 406326211
3 168 803989836
270 86 87979533
245 212 797071486
116 21 286733508
53 186 309965422
160 31 506904042
254 166 511095273
170 86 918053376
113 258 552296270
203 97 362021762
265 100 987244729
152 69 54667114
184 13 175145677
170 181 128832349
277 285 340923835
150 196 717336417
191 149 488408434
15 18 644717819
290 183 797738676
211 137 222558525
72 153 817442724
152 4 350434344
18 240 304086209
146 109 911389
295 137 488086473
81 39 604710168
197 281 959202168
231 296 561428337
101 37 985431019
229 248 114242007
153 71 501671159
176 275 656741015
19 44 814914754
227 189 625780214
67 235 376070902
191 15 375752240
158 264 984244621
77 246 565159668
14 46 36550756
184 274 950714155
191 178 522187978
101 53 738216952
15 124 211017247
220 102 410701835
233 169 23652122
135 59 685759236
126 269 671908651
98 45 765476096
117 110 316212094
173 294 121855319
279 236 404964297
156 88 835498101
59 155 911374724
5 74 641713078
140 59 174908198
261 245 999046556
148 70 276387376
299 220 113616473
146 36 72162182
91 208 842488227
10 187 538836614
158 94 515394854
58 153 576387608
134 157 241762333
63 48 137299243
160 60 786552887
67 208 270308209
243 258 572809828
267 155 111733763
100 246 776147123
279 7 516764061
92 216 855772554
97 25 383905906
204 210 164697715
189 272 756333462
231 131 34981622
218 198 538917781
26 192 87534238
105 158 3856144
167 257 751579241
241 287 305075199
201 79 69308314
255 175 732293039
212 131 57920448
26 71 540419972
188 1 649667102
161 270 942257451
41 47 842062042
230 151 167730051
273 70 991423660
66 10 8147446
164 211 609254376
178 217 310139303
268 128 687189833
267 154 687201003
238 93 447472055
92 253 902039525
194 45 173727971
188 274 835347222
38 298 851147391
249 115 997275600
95 279 643012262
70 208 791613578
272 227 679501806
56 193 323891011
210 183 481114655
65 26 186154359
241 219 977927903
111 106 649002228
184 196 203233477
26 144 392200892
178 238 520979670
239 60 363910829
217 83 800771055
74 191 594513499
136 100 285558133
290 216 523572058
148 156 955845429
102 19 424440286
29 202 97086681
5 280 817724625
96 157 447017914
217 147 594220925
245 115 716956608
199 188 59963850
150 75 605410949
282 64 358319017
192 263 515694872
20 64 956299190
5 144 367995544
238 149 601931323
14 296 360414831
27 213 433941977
204 209 466642692
111 160 138018779
260 9 329510306
260 290 964682869
176 233 787239884
300 252 70076547
141 9 19744143
236 246 281927091
258 259 953858986
188 37 409035850
17 240 11368511
208 102 709111670
38 113 949295178
243 73 869993519
264 300 994778752
247 51 132012655
45 192 853619163
287 127 961717660
129 137 274032770
267 76 237582407
16 92 151620198
26 299 880586400
247 89 336961212
176 31 978671936
147 46 164037588
298 292 408753038
204 89 521633829
119 127 575708208
278 256 320391144
148 274 968613819
106 41 806834563
3 119 449179713
54 65 886184401
166 241 299875284
153 87 654935229
140 136 591120473
178 91 31023913
158 209 141873339
265 239 910628546
208 138 291148519
279 243 544985460
193 297 683507878
105 51 268343794
106 216 396272034
189 120 494835172
69 260 706295607
241 137 867698698
253 294 685179958
144 259 267940696
289 218 742530033
160 248 199046727
19 192 936594624
48 297 540792826
141 154 496086193
227 94 633663012
98 162 117560871
157 155 209049159
6 107 577245353
63 250 502890363
111 291 306375332
295 150 808830432
122 220 817090223
297 19 780334419
222 159 289780124
114 137 940269917
177 235 91771731
148 143 482889685
6 148 144647691
210 262 923951793
124 72 731430535
256 67 5716084
139 240 849342955
161 236 93302673
232 209 858455383
155 74 541073120
224 250 488507406
154 149 259570200
238 207 869443847
180 168 560857360
124 292 896718732
58 299 177107050
193 137 748552689
247 49 252682976
71 280 230290736
54 187 324945809
225 110 875343910
82 263 146529559
81 252 52584617
279 131 318238084
138 255 151413027
121 64 5968425
170 257 395767413
210 255 285383862
237 78 160184893
172 183 309950631
232 107 822434640
242 240 494441354
152 20 956344105
268 298 57823288
3 187 722830694
30 8 682796857
106 229 648470565
19 191 469194772
280 127 90788501
24 299 519190783
255 282 507441
46 223 23245880
152 74 846976299
208 93 46175248
95 148 329183734
288 229 445236841
297 34 276474322
13 52 718932512
36 83 877810738
136 107 835916088
118 113 918194370
258 158 852505844
37 9 785380070
135 269 621918014
282 63 680357761
16 103 964628689
108 151 333215575
129 163 476853126
92 199 238474261
130 34 73231167
269 204 848623531
90 161 534569640
186 198 478027201
55 84 487856669
68 118 621881331
281 185 307964585
121 44 376386935
295 173 328135298
273 264 337437148
33 145 790048281
251 166 910192184
281 7 698376297
272 192 325330146
272 246 638030029
240 66 387683898
23 98 198442782
207 218 220576226
242 265 730558550
191 237 447322265
38 21 101194462
270 271 528091227
106 3 203755985
102 274 275661877
47 246 234221674
127 237 701353391
25 259 357414788
158 166 872067258
283 159 726010022
32 49 101128910
149 86 383381830
110 55 351032652
236 160 188554
172 13 717935527
248 59 834817124
74 238 986173661
264 262 646402819
4 119 975985536
261 154 498792394
234 237 247991394
143 85 855986979
124 194 670376486
75 181 601352097
80 53 199806462
6 52 86037020
282 125 308139209
142 89 696247870
12 92 6354841
48 104 606519994
293 37 79818230
287 231 726088167
117 106 941491560
54 180 811668693
203 259 835342845
64 16 993208596
35 49 372003973
244 190 968049661
165 254 696309504
205 53 428850759
150 97 39167095
32 83 185936477
298 252 400024382
209 57 884979813
1 259 640991323
197 22 238510790
145 57 512355339
217 52 301214980
129 216 251492533
184 173 44206237
42 22 325632134
288 53 196277968
216 102 512130719
249 63 648599576
161 115 59552986
83 64 239764708
72 208 832820816
162 176 294344167
142 56 25615334
74 291 180472806
111 84 217952928
244 123 922906632
263 38 21422086
182 286 454990848
209 146 887797962
194 280 7702625
253 103 660429784
68 265 217983411
286 106 648413166
120 231 205577608
125 93 613294791
152 88 615764513
36 51 398923250
21 284 67828087
68 192 802426132
229 137 801257763
206 90 597801066
89 157 409444082
200 143 832369087
117 14 675617669
25 138 278363362
15 42 818754649
180 77 345585851
29 97 518471334
216 216 838527025
299 144 70338614
114 101 748638103
279 190 411279011
212 141 352605505
198 9 598232918
218 33 328634056
279 100 614278197
180 279 230588325
130 59 493953821
116 26 564398236
240 77 329719531
253 190 797620332
107 220 481046773
118 131 597982265
22 28 796839973
240 297 135713858
47 276 375382357
195 207 836642687
119 88 65901745
191 203 836020323
126 195 96908199
8 147 502339488
291 6 502631607
163 123 507228637
279 196 201016016
52 187 259611412
209 233 813894539
217 127 682620045
203 297 63890133
299 187 328692487
173 64 463037781
71 72 389780980
210 62 857560185
216 277 130170759
104 255 707701854
71 58 40902741
283 18 310923825
273 234 132043304
118 188 734849500
102 187 465812587
40 59 741847150
121 182 745189073
100 91 273458687
84 59 807702763
242 214 650936269
47 285 599999179
287 19 938088996
212 291 893104430
15 160 6720869
166 13 639807355
152 53 185933266
254 173 889490447
178 272 957851089
164 107 41130447
178 100 204106213
147 146 942761697
277 185 221741015
72 148 854938705
153 214 230007517
122 79 558321229
28 283 21088681
293 288 81347653
191 165 981395476
232 29 578792334
30 258 3708985
42 104 963847283
38 132 352626319
104 204 628453566
161 108 628405031
77 229 234813861
5 257 913492643
286 1 963837582
190 244 278521399
118 175 131002779
203 204 181500836
88 246 80951840
222 35 134387671
240 139 279897326
157 299 410585234
287 75 385688614
247 79 992498470
242 116 974497123
275 58 368658666
173 227 985350540
151 129 570735895
87 268 623888240
178 241 792601975
100 180 151134465
226 36 701908063
211 74 527446637
124 73 38587767
46 14 256420135
20 40 262291392
185 213 742629718
276 63 128743798
270 149 424342618
262 78 593273458
288 178 988162638
152 155 942496425
14 65 84679851
2 240 797010423
120 37 698013488
54 56 751526627
45 292 88587591
14 267 135166454
164 289 777796754
281 2 97430332
38 41 80971209
27 192 713349415
104 257 552633831
254 10 984513070
228 129 559034659
267 183 545663014
45 279 18089506
36 45 814181024
141 208 504673464
94 188 565971417
125 277 790676857
85 4 182440600
251 159 590654356
181 164 100313817
103 143 44974046
61 109 386087880
126 205 533430358
183 240 934663902
259 80 571048661
22 226 14410900
191 102 858024077
47 187 795083532
147 189 768085690
254 70 566743105
71 172 135549847
16 284 877552107
195 109 544276511
104 44 76827003
58 2 610370034
218 23 922702359
18 265 963770661
146 12 667062499
277 210 745927287
18 163 752998856
222 233 377822979
20 300 179434314
226 246 850979523
88 102 968097166
190 159 197484619
176 128 191298993
34 197 368028058
46 42 518348669
244 70 677217778
31 87 287806092
238 60 745394725
69 79 652506776
182 56 690197422
156 196 96929723
173 85 659883933
191 12 950108712
284 46 129498609
41 91 761110402
161 87 640027624
138 117 534335962
81 106 10778522
205 174 909937852
133 56 109366060
254 211 153339655
228 84 971201991
112 26 173323103
175 9 534921700
135 49 19768442
137 209 294925828
12 98 106321144
273 179 764502302
46 135 942259575
250 267 524059982
209 272 360883045
115 251 273342280
105 114 458922305
159 289 108922114
258 123 443886114
200 11 982162975
227 22 253486824
123 295 693147402
176 92 604088489
50 41 933784155
84 1 929980879
80 115 837092029
159 272 20034243
15 130 281432583
180 140 898269305
146 91 336687516
20 17 89231189
43 191 985203583
297 66 445448627
85 168 674871467
191 3 340387220
21 82 890302834
102 292 853369357
296 58 550393539
178 238 516297078
182 83 623364768
249 154 166522436
38 248 104607579
172 296 349606144
98 80 401326763
117 23 931313065
136 43 5480798
21 196 44655889
178 191 212793347
216 68 471331636
145 250 264156870
164 198 573432023
199 287 357676622
177 159 457521718
273 256 329572149
235 72 907612071
252 259 826655066
49 280 923793161
138 157 71576952
36 124 403955371
171 20 114165020
140 183 96442470
14 133 440018908
135 62 277581566
252 34 759611774
201 20 560980997
223 271 22076456
40 20 885717335
53 209 857789343
256 244 488686018
226 166 147220789
198 5 604242071
119 70 583821355
26 204 485533516
144 208 364017401
217 108 620599773
113 82 186593695
20 174 67479966
206 226 307914474
300 181 825723269
217 158 239721634
205 107 666582790
127 225 679738759
182 3 636866163
49 146 848003070
2 114 642721629
274 278 781150262
268 298 89944035
34 255 197928812
59 255 176681544
28 223 430157602
213 180 777554708
103 6 167831685
61 239 41007439
275 40 822147184
96 41 828411749
76 66 915749426
138 85 811269375
124 118 253205282
36 229 246830136
179 256 985862658
232 220 470039989
40 22 451087847
176 135 365343937
14 161 698341776
49 257 519131468
197 84 448312785
74 221 819963070
1 45 554078639
182 132 958573967
69 10 711688674
126 242 53144394
167 33 502040267
213 208 885598701
249 273 398234914
77 21 35435622
296 217 292438805
281 42 950394726
50 42 804280122
288 275 52023805
207 43 165274614
80 221 131739207
225 87 876455939
92 299 272289198
144 299 507730070
57 75 257442090
278 123 202353358
283 103 110729652
260 152 941323993
33 191 504890720
237 149 343227262
150 281 147228982
109 205 239452220
47 296 218468470
245 140 302138021
114 248 188802647
56 226 250110169
213 260 934373371
164 271 914071674
209 3 743283717
280 239 380583465
41 140 390175945
75 248 825205550
246 47 40228897
116 291 920844688
88 156 865287836
134 263 761510313
3 228 901950924
273 143 237004394
199 51 275983548
15 82 218395838
31 123 82032229
276 249 146115577
177 194 844650875
125 61 744894617
213 148 207093224
300 34 488688787
64 36 644551014
87 8 785409556
132 258 705104759
179 272 908527340
216 3 591420914
144 30 901014462
72 206 781792908
46 82 452224720
114 294 214447920
38 293 257265153
224 108 830786588
37 194 721901947
44 25 844682905
102 255 794929528
242 170 100708930
7 66 709746111
21 137 594730268
228 235 648406650
299 48 791619943
270 85 594690688
222 60 819129195
261 148 219402741
60 192 32515717
116 293 534451672
143 286 796122793
225 45 47044958
35 65 138366447
155 44 62221781
4 42 268538280
198 12 111892817
137 285 80974176
132 298 672849724
124 57 525445367
192 224 491349511
163 66 331605849
108 42 637635293
65 129 162968657
211 283 541915200
43 286 79215993
223 235 989318956
239 72 382005593
14 255 88062490
289 78 534424298
155 269 565773921
118 184 977040886
66 291 426483180
58 107 918814208
166 18 901280590
265 112 874805327
209 34 483524713
165 272 469613084
157 38 209748690
198 78 70817919
295 233 85336488
15 50 345305123
152 167 794330265
83 224 479456871
90 89 391567740
131 105 592884652
209 13 204462237
222 229 633160609
57 137 517502998
147 34 677822775
65 80 492081659
4 146 451629160
126 50 888071126
42 132 291559201
13 222 972545689
104 104 30494845
7 13 692106310
244 286 946699038
204 42 881311327
201 188 731489312
275 253 31657292
34 256 52621889
245 134 918907638
271 227 762030422
271 291 648288095
112 95 331477598
108 101 391436962
117 96 459174547
107 299 856819789
233 251 794121376
196 226 194413580
239 11 143032888
128 255 837800773
117 277 73047499
238 300 180746290
84 111 404981236
282 270 338636988
243 87 186175784
242 193 285790934
230 177 302469085
157 72 914033010
37 11 317597072
276 190 112274078
48 6 38651507
98 296 535772206
87 79 281214568
274 112 305473437
262 107 300655123
45 48 918491367
178 277 40293495
14 185 545034467
23 273 21920629
146 248 671057518
276 47 116385475
82 145 119934922
187 283 477477601
154 257 78040164
90 218 608026870
165 14 379128617
131 243 100681545
26 257 566807030
44 31 824435002
72 229 869114702
41 204 686130548
67 285 53562744
89 171 152157579
189 76 534379935
152 165 243899504
274 29 466892069
90 212 636632211
287 289 760621719
68 32 900377250
69 155 78528578
122 247 259866133
222 13 778008717
165 101 21244887
143 41 123305562
129 245 389664178
32 218 120975859
52 59 88248322
263 45 479258710
233 112 691557841
234 233 452099047
163 106 579423493
295 27 42433005
111 192 961062506
149 86 517822298
262 267 85719842
292 50 125298359
50 102 720719170
71 116 120147466
132 48 890390278
172 282 413431662
170 144 705869967
62 191 158868446
266 1 120957137
23 202 301842674
121 215 383388640
214 206 462010890
225 7 4601491
294 77 352825358
159 260 562271505
188 131 90866238
201 300 17138134
20 113 600953324
165 79 472836876
253 153 506550029
126 25 825398344
18 291 671562349
259 215 18534256
1 260 954562384
158 170 958905444
62 58 575637626
52 10 256857978
185 29 581989990
260 193 445983020
87 145 662415925
116 23 896594649
111 92 939271739
259 50 768261905
166 50 251767964
202 207 362453734
197 20 843225843
74 71 107515952
251 7 713710381
293 18 673193925
164 157 106923722
188 272 316742444
289 82 391071435
79 92 791921584
84 10 228927085
99 211 349880591
232 159 274602662
226 232 241443185
178 235 120056643
210 279 511396361
134 142 593331917
7 82 872413340
150 70 174038973
136 148 169771164
171 283 583176873
255 82 221334835
245 65 43150493
7 43 329294177
243 272 336623863
185 181 647129541
145 66 559310582
13 73 588099263
152 274 482606584
176 110 182104284
240 280 454854266
64 235 257657199
99 231 952966816
43 289 384008958
271 231 510815929
133 168 899614461
273 12 223598478
7 77 737175350
121 280 314636576
5 156 642020885
88 147 68798916
205 210 971381402
104 60 552165285
171 155 85753225
280 125 961072056
8 10 3211123
20 34 723566786
97 92 567987314
299 213 556369694
174 269 567785601
210 56 919489847
225 12 47175656
227 167 877210568
263 37 600228722
287 16 250556998
294 75 164819259
168 94 137628693
54 243 433328584
119 241 492534548
112 114 945336816
64 23 826356023
110 299 590446435
118 277 200297953
185 239 903844690
158 226 642644657
7 219 927513784
166 87 658066529
58 192 57901371
93 62 716710011
41 174 801645376
8 289 102211998
31 99 244757849
117 268 495631625
69 204 259514964
110 113 474677441
219 119 102191111
102 284 145267097
130 93 885021240
153 238 36924502
115 278 9862927
191 37 224138467
40 67 894208265
188 235 477313384
13 4 145631687
128 165 204424599
168 83 904249118
178 184 262440853
27 66 416628498
118 218 800140635
271 84 758028164
49 274 235627900
116 66 911812219
32 253 377027553
216 17 684088208
54 144 736838873
253 63 30440555
22 293 344923391
126 19 485837556
23 188 216117125
157 211 252472108
72 259 249064234
272 126 308105499
42 158 674353751
294 125 548473320
54 178 337462815
226 182 515999678
180 203 38791370
122 29 903621340
77 103 848027179
53 12 908933389
61 83 948719248
146 106 44039573
244 147 941618982
294 193 266254506
165 246 16094184
180 171 100595317
9 102 718974320
130 224 691221100
269 52 433964154
99 105 894827765
88 217 684356448
87 62 890694453
211 5 278170352
245 50 371295344
50 267 706673989
85 146 21145159
2 154 50182112
173 283 286191887
124 3 215012039
177 101 757792395
242 240 167005063
141 78 839197924
145 289 787509180
296 285 686292581
39 34 84021447
79 171 170674944
289 172 462252749
1 96 997546231
287 219 237725785
77 95 178302238
271 88 580725329
133 280 393714307
108 125 366341447
139 172 440225731
272 263 734138016
70 41 264172486
14 30 983440809
162 82 610917304
45 68 542855774
281 145 360704021
18 167 959289808
99 52 580518640
205 159 262568616
103 50 283610087
285 21 867454749
200 90 573292942
38 155 569753471
46 69 612051152
202 113 986377871
275 145 907745667
195 215 133946934
255 13 537019437
294 269 103644747
261 71 473848396
47 55 186439316
148 6 30471658
289 43 324104012
211 141 382105480
214 42 54538644
284 16 579129289
3 263 986696003
188 269 857964115
124 14 291680635
270 274 949154305
166 20 828159911
133 219 662835468
190 259 864837111
102 169 122638351
81 82 899672844
225 118 886280011
213 120 295680225
167 7 87163293
133 182 693764206
67 151 230567931
123 68 128668203
285 201 108036121
152 90 594480980
114 243 10272600
216 24 967462134
59 300 304943803
22 264 77946922
246 130 977967480
139 262 542024913
96 28 21247615
27 202 889483983
29 186 38206035
1 37 792852724
180 151 35077119
32 66 589435642
265 177 68015993
67 198 344914756
40 143 259344285
71 33 374301398
35 181 128950377
149 207 324961878
31 287 643012163
165 287 745936699
141 219 203605301
59 250 138656319
52 266 303278947
44 84 731236844
299 175 423242938
83 297 466460523
232 31 554653803
108 179 918390709
185 262 391372147
147 126 376601533
197 18 26108903
98 76 645134152
168 127 758688469
114 170 966682952
9 220 904613578
98 54 697931474
220 285 593694256
222 92 908116835
182 276 88232248
128 174 614697473
113 71 837914291
15 220 792959818
219 139 69269697
87 252 882343566
91 12 134645238
268 109 380486291
194 29 846684476
149 2 662190167
35 184 4481595
182 63 664054568
207 175 91878490
249 242 491558661
66 160 1751399
62 246 778252002
280 88 552297313
117 56 452162974
7 1 91793154
234 201 25841655
253 288 877731890
247 169 38836005
166 127 33239179
156 75 444599372
168 193 213018031
267 6 802216329
68 37 178877216
233 153 100130623
206 212 116424375
259 197 968936376
65 149 270816163
55 95 110295983
159 261 102073310
189 168 789095136
161 35 964321280
43 53 844505086
171 173 17022822
139 105 616519727
161 62 23482090
236 72 84594386
263 136 314563135
277 242 570386281
159 152 516118393
220 93 96154312
108 5 949536347
187 47 635564951
24 270 227459423
198 108 982549779
276 20 352998992
265 7 578083863
202 21 388678751
236 297 662515544
169 156 585913896
61 127 897145688
173 234 40810292
71 173 82442090
21 248 971741059
196 145 592617118
174 120 45200890
266 136 445916748
180 90 763701069
282 77 121886365
26 245 483284972
273 6 949970199
12 230 16069884
55 300 793388956
144 72 831465204
255 267 147321448
224 193 62510120
213 210 600513307
13 89 845925396
81 123 965825873
145 148 383117369
169 120 908885574
267 183 196833855
50 237 491465854
6 80 133379226
261 86 202549744
60 10 829010836
31 274 70794197
190 286 800950986
85 118 965709008
109 263 227583807
78 183 172489278
103 149 550087460
58 250 106221348
63 7 70816679
140 267 268130865
236 27 995813726
223 109 299066151
120 298 771288537
105 83 881214654
264 243 750730868
22 72 863122150
199 227 20875050
10 36 387543100
57 150 609031606
235 290 369322125
251 277 963219751
276 199 10783659
27 18 112527157
115 174 966891991
20 137 392220385
240 210 771629709
41 160 14005535
291 221 21214422
242 277 432205871
199 264 85391812
123 214 183321988
125 242 407523587
236 20 828790804
44 186 100590978
286 257 41149466
170 196 730566428
230 237 488814787
216 279 571014708
237 272 83387536
160 170 96749951
71 293 26716465
11 169 426649858
97 104 743099929
252 147 747355214
281 132 25663070
199 54 181270718
78 283 77300306
64 199 587143236
23 187 98342607
259 46 72446376
261 169 731293020
125 179 38102289
34 27 708690544
262 30 3068591
127 63 445677474
249 261 428737579
18 38 871362262
23 153 345106112
110 228 18667198
116 238 29284096
43 198 609832264
15 75 648666394
155 108 700793720
98 122 152554101
240 300 252022163
266 300 892863723
44 17 510677912
157 91 594279517
168 200 714683244
118 15 807792981
165 110 970358678
80 124 81613152
173 30 420722612
44 127 878270633
244 119 759161484
207 84 236541884
181 179 196715252
193 36 864465543
161 255 679452342
4 124 592534609
84 288 528675070
113 67 219166745
165 239 554628274
128 34 96266552
160 278 847150170
295 184 105472953
78 116 5005184
282 60 712076419
224 220 276825473
117 223 570435897
25 58 474708136
146 223 746958103
90 139 740884893
63 266 9798579
215 177 1220556
184 171 672205691
289 1 915617706
272 282 94650866
42 205 803584685
14 73 609618760
162 150 320546069
298 295 906725291
252 85 154802281
196 199 780466946
174 113 367022622
129 49 526147145
71 89 641866045
77 112 615927278
194 153 460280034
230 218 706893006
189 132 800817155
10 181 270727550
52 132 188307286
233 79 255668284
78 253 569077097
152 133 680716597
96 204 843543385
92 32 767595348
69 225 312432552
2 154 754880469
59 95 222924052
214 104 486238732
115 207 144298963
100 139 495538694
283 269 992207446
31 120 193074830
127 267 917830185
63 58 82091216
110 178 485541492
61 231 931765698
282 289 30382592
33 202 806970947
265 16 20772405
79 167 121556544
24 150 594823012
221 180 660110783
251 7 991050649
287 121 82025006
55 231 253993835
46 43 262204465
295 76 666066253
38 109 118912707
184 125 38955022
289 255 172049541
284 279 216315490
247 199 298379021
29 201 246440379
77 188 756559300
234 242 448847482
20 39 783221124
284 34 72109752
236 71 980888360
142 7 553344736
116 47 933777842
256 30 617726372
297 28 449914123
217 56 623415923
196 184 761094662
295 169 92525203
76 188 660798094
251 171 692646327
202 158 776001549
13 300 865318355
300 167 686401853
242 122 508292234
265 170 778328861
187 86 9138868
62 281 339256551
123 27 408255971
178 154 765098258
271 157 377020580
149 110 57572838
97 123 778184089
104 174 430325707
208 167 333530880
42 132 556631449
202 18 398006434
170 131 956612567
72 254 136492793
143 183 91527299
152 153 752420855
84 53 43799564
121 201 799068138
261 56 424087664
19 264 119630
198 5 997406761
246 258 718379531
131 179 786453861
297 251 815240766
242 145 897265448
92 296 545842352
46 79 453617804
161 251 101626057
151 263 502669112
14 281 195665175
95 178 541422831
8 123 465754589
290 254 830315667
50 2 826878969
168 243 11184113
115 34 845709
267 131 877917039
222 44 847454590
78 246 245191504
290 259 796420785
216 105 687189662
147 112 326645937
87 101 112796042
205 203 2252543
274 70 836540938
238 236 707188523
146 254 219132506
237 176 268688801
278 5 654925546
281 46 654446756
265 262 267372060
179 160 196140924
267 246 306616524
8 150 90285426
102 175 214904747
191 113 725223583
66 10 19600636
71 246 404170063
171 275 128041568
268 256 398916965
23 272 707428726
234 150 152548737
257 116 494998882
81 175 122643884
158 29 9846358
57 219 872823122
191 284 859903532
278 106 554037329
241 28 802679104
260 295 703536711
24 69 200514582
102 3 685835084
38 259 486144151
272 91 714237826
107 1 77401354
64 57 264692024
238 299 983298360
121 276 304869217
249 216 645577045
104 227 365380091
266 3 118725112
48 156 320467814
83 245 871781824
233 216 79283667
10 22 33258767
115 138 653644575
139 127 665664673
250 247 941436048
166 247 737645116
110 103 34849794
153 68 379450696
264 115 36425603
129 197 453290548
252 182 977560763
218 191 436912837
236 6 841193126
10 144 63224752
82 93 815427598
182 10 356871696
197 172 637719798
190 24 214024966
238 39 138818132
140 167 97934381
287 170 577517862
102 88 144322752
290 75 580783109
15 85 299074604
166 218 135011948
15 99 393464358
110 47 572525229
60 237 37574652
25 226 612370442
208 65 912347708
288 52 366837329
1 205 350090268
205 194 747881643
113 208 66372379
269 125 118710796
216 191 551365647
173 52 249465693
1 111 100377081
204 187 483550506
145 95 287927923
4 134 114283526
33 187 792694430
200 143 612589823
194 255 267679182
272 223 821187258
268 191 88541648
166 63 131646751
58 64 735706014
291 19 114744400
96 216 112612746
70 219 827245432
95 3 688676670
24 255 841229212
198 148 718202518
279 172 618671193
288 191 677647183
187 56 288594845
138 113 876555760
3 155 479104579
54 3 561128094
252 72 887490364
283 167 972512367
4 190 871317073
115 88 479269772
232 118 862742843
76 106 992963433
58 44 421297188
155 181 249726153
14 183 578627407
244 237 744067809
37 188 33975281
153 222 415149699
271 277 975252788
43 91 884423427
14 74 410340797
209 150 374192154
241 259 717035497
81 113 423033930
85 127 227893464
191 122 98874852
52 211 1107191
284 63 614352264
82 33 627286740
121 127 881139830
300 192 799146756
48 100 147462357
201 93 603733815
149 173 309072328
30 257 992550006
94 199 133271427
197 2 144881037
188 285 914869199
203 118 120780983
143 239 781417109
224 290 81080053
79 37 177479952
135 289 768612944
150 137 128292568
29 219 506244976
86 12 481097575
212 260 501950876
1 199 455296513
151 102 903767830
34 244 527650320
94 167 211367409
46 298 70292597
98 184 626101685
293 85 300862874
113 113 517610092
188 198 356753155
214 162 917166914
190 162 52474913
254 12 377029414
83 45 370633509
203 191 61910675
63 236 807556724
260 85 50001308
144 130 245494592
217 242 555625257
260 181 120426954
14 95 630720167
28 36 526353228
292 289 279744392
5 123 159158288
13 25 798528378
239 140 131451066
215 99 482889950
22 294 179007031
265 263 643062172
21 222 86333053
27 236 842433599
193 263 560798334
273 6 401756474
64 10 416559496
251 74 132857721
81 64 319567612
146 30 489432710
295 51 973587403
78 68 72894565
49 88 157480639
253 166 879066074
3 111 859850488
36 83 152308793
161 198 985986754
57 200 731517879
29 280 303329194
140 177 508977424
101 172 250980226
55 249 774832193
220 49 488674933
110 54 512935398
183 56 183366460
270 144 173804994
114 4 763995391
267 60 818128643
297 140 282216774
90 279 287710851
213 79 170017174
139 134 108142774
183 105 745149822
15 214 724920427
13 148 37371835
224 169 243302378
218 282 449501233
108 300 220011545
2 296 540207384
176 85 729656363
226 50 982823893
199 240 273297378
172 122 673971382
245 137 47359247
72 201 420010694
6 124 504292562
135 41 305029995
267 201 955693394
211 254 40316989
47 129 714746326
109 106 487958827
53 4 758418366
131 227 153473487
64 224 14315475
211 47 1363375
256 52 3016351
170 238 488046691
64 256 777998843
258 219 838485097
198 265 951722225
275 73 110453783
101 177 927147886
166 7 67496365
105 71 424132688
179 33 574493634
206 40 555951037
56 209 464323626
246 273 896596281
141 282 925296899
237 179 90632863
213 206 974776887
295 6 560552864
133 224 973774522
197 80 888413244
236 258 204344628
21 163 341579368
157 218 656926376
34 216 455415648
114 56 545256929
113 44 819283560
127 256 992241865
214 251 404607022
229 135 962281045
2 31 376286476
146 18 103389734
73 38 702503248
40 246 324127018
268 279 308824085
115 144 582076940
296 8 687403383
55 135 429041990
71 100 64930192
92 80 374732226
89 81 278460808
164 278 200248625
249 51 419622014
249 142 640015659
218 109 30785889
102 276 636012633
41 271 86025492
75 77 766424626
64 199 209535977
56 290 123396056
233 130 186812089
141 294 435680966
65 294 926863668
79 242 1939562
89 159 465318670
130 12 329965697
262 52 288621219
205 178 13085147
231 294 495599345
159 101 140770835
167 33 468429716
255 173 149829761
72 290 140877055
292 120 849107548
53 260 598648259
222 89 698323270
119 102 582725874
89 7 939259451
136 289 901998696
80 147 830841096
66 65 805551581
182 71 252074605
42 143 370658794
248 134 285958865
96 186 785474125
154 159 752506813
275 29 528102267
148 118 493253273
251 253 119417161
46 32 468646259
294 98 664336624
274 31 745816694
230 72 1283788
124 20 357601573
188 167 964193258
264 72 843926569
77 46 621734497
95 194 291270966
67 144 160588418
79 241 430318902
289 286 241233251
264 259 61761181
10 189 894248804
197 64 879573175
270 3 866841841
279 267 159735764
199 95 751545510
96 189 77513303
161 7 781931298
231 137 766798190
32 177 862955076
282 141 728469886
14 150 615417226
117 98 894455889
44 119 556577444
136 98 682223310
300 296 581449356
209 143 77325144
63 56 220653002
112 38 130850090
101 69 276562666
128 102 174643706
114 167 275942607
39 283 729226805
80 78 744614223
123 214 138814472
184 213 903237768
39 121 217167662
134 235 519358769
287 46 970399506
276 146 853125126
141 274 408768879
199 139 699091945
105 177 470859480
109 8 603644657
232 182 816805670
203 65 270078282
222 155 567524354
136 40 786657188
104 26 561924433
162 53 512640631
287 194 501760856
266 144 110271346
162 248 101072974
41 57 221137982
298 40 879560163
167 294 611079180
1 268 997144386
254 155 115080926
194 258 890574503
126 119 454475208
8 158 230829353
215 175 246796996
260 36 778320743
234 77 407143751
215 126 25363890
129 292 476828336
160 44 664774855
98 50 806371109
75 243 273492218
77 120 36537689
236 128 948632646
288 94 271062320
183 54 702918655
26 287 567577483
276 253 616167108
18 133 518009552
105 45 543183095
159 142 111728444
119 216 862819138
36 44 505863258
124 280 258534137
69 267 622592630
240 150 560826435
147 227 321792173
129 254 126627825
237 23 412442610
88 127 937799354
34 37 404875147
30 155 76234562
19 243 547484805
76 66 125617436
64 187 336429103
146 126 131749504
280 272 289899382
153 153 365506135
29 141 88966358
90 280 789624736
195 13 132256125
141 94 923231631
2 113 436043473
259 240 559745691
194 4 390454577
148 149 904265154
251 180 804096078
32 32 657524830
119 113 933234870
228 202 1752101
215 97 701226913
239 237 553453159
222 291 716217271
94 1 252931562
136 194 717097465
12 42 288856665
118 44 676519245
195 128 54393728
176 246 549107940
297 225 278137194
97 139 326764490
261 130 804897678
219 51 936254968
41 196 973353868
103 32 41811814
219 95 478057907
184 212 413841650
80 158 991578777
7 33 429291774
99 29 815946998
92 177 646201889
233 138 199796218
10 56 104994320
130 97 945323315
249 199 133045246
14 117 763647393
120 52 36362204
270 183 312834814
298 190 545557346
24 40 225313727
273 183 501339703
61 115 927378540
30 176 909399748
49 57 163620596
264 6 90456294
261 19 964553362
105 191 74768466
161 212 97620848
74 209 940020589
19 284 3591980
97 257 713955862
52 69 102909428
143 99 122834004
290 199 415017260
285 162 805329417
230 175 335582288
44 279 483833778
209 139 516441889
8 212 277501749
297 283 196305133
76 131 793831741
90 182 863767109
217 25 310940159
220 14 387828858
32 51 892272871
148 280 957317445
35 75 51642676
164 35 211610766
152 43 897540178
101 91 212537312
85 218 529399542
25 7 54499276
85 276 862698700
244 195 568430265
53 278 482798215
75 178 401291547
220 264 140979973
147 128 924115608
212 279 553352002
241 131 116193392
4 215 321264461
146 291 30004720
221 76 345323595
72 71 242571441
236 175 136765519
203 249 538267948
149 220 77628311
221 66 91196738
80 30 947931469
281 270 925334251
24 274 219710218
37 171 624891108
56 143 857160383
102 214 932490905
42 149 386195179
12 51 963062428
211 251 325442799
22 224 819946265
11 3 215732646
31 36 705309415
182 59 58762940
299 95 952976410
158 202 147481804
93 3 799945117
97 97 183829318
28 160 929416268
207 71 995546571
5 92 818167494
221 154 26427348
166 185 321161783
81 118 523596894
72 168 102480788
234 25 645367242
237 117 792547144
154 266 344140992
271 293 584397952
190 199 904102322
112 203 233398765
257 124 663484018
105 41 994805902
39 173 857731371
32 245 766937938
172 230 52349415
213 166 571126183
8 71 255759148
200 93 197476192
3 35 506823390
124 146 214276245
88 103 139781020
205 259 499070360
259 297 849970033
181 29 103759329
271 252 213414658
85 216 178934175
67 223 947746646
67 174 556197738
58 176 786220072
300 299 485876570
144 138 620818372
215 95 922505530
274 105 564616178
258 285 218230858
238 255 838346709
95 39 922847324
170 158 116796199
67 224 911817972
56 33 744826948
28 32 372441798
249 227 28061288
220 141 522653082
201 167 556055786
230 176 986000770
288 114 431942325
296 260 798746215
272 181 805022272
170 247 411562347
241 3 963326280
240 82 672170163
238 30 899853890
125 1 638674830
158 253 92736048
243 182 259491224
12 169 95216037
88 217 665841496
203 188 2818129
226 57 348859875
225 49 817713529
256 289 195599162
18 278 115876991
59 154 756914443
189 11 41217047
236 5 533400981
211 16 451697101
247 156 634452117
295 110 709546056
223 87 88742412
97 11 241408213
78 18 207337701
139 36 64005378
282 94 691988883
176 34 908908593
23 22 975852997
103 232 878822864
155 231 902276871
72 225 992444880
279 147 511898219
243 295 19682881
255 124 331641499
255 263 119944234
284 296 989477679
218 171 578916665
162 193 980997238
58 47 455210621
73 254 96772851
296 77 276558127
27 55 144868225
145 297 50563020
26 251 368905095
224 257 737944557
209 292 831107452
39 209 257824575
255 70 206796619
192 179 63940918
113 4 280954571
15 51 344806047
142 77 965041401
166 222 82919398
237 299 792364600
132 222 300714709
40 182 524491452
244 220 155683713
18 227 103200082
36 118 900442613
153 282 426234168
223 49 582851618
69 190 67772546
22 107 687862467
271 96 20353317
222 227 839337538
130 18 674824771
134 13 663776343
46 30 237625269
79 118 229885138
43 270 95766572
10 245 932042420
79 65 867787161
225 138 47869019
43 108 522851014
160 30 514154592
249 211 612240662
220 44 648216674
162 89 879907204
82 168 219141573
119 210 24827994
242 272 577921038
113 102 928259455
225 26 188368292
144 69 146199652
209 228 741601781
253 228 832838443
14 147 91884739
87 60 821908027
242 141 683657446
214 12 577575608
208 253 782413031
197 118 881021332
251 42 941173058
195 185 355763378
246 146 292629257
78 98 443624584
120 111 336090483
258 249 781286942
237 191 869355583
134 156 535214246
293 63 22113150
123 12 114611067
55 14 533011509
64 208 177699845
193 153 571527090
249 282 81164187
284 102 171368149
166 111 637839298
160 47 65517540
294 233 821028095
139 225 781715310
288 48 525500221
255 154 833158634
263 269 745575194
207 161 556433198
297 161 859850780
235 196 341182733
284 62 239797443
281 221 82635642
220 214 553354774
66 104 82046798
275 91 303641097
247 45 99159002
233 59 409773570
126 266 443764530
223 14 198793842
54 300 265969738
286 283 981382699
29 15 831352371
222 286 685234336
47 52 78242839
96 78 885007381
193 25 367622678
194 257 59100236
164 134 989656253
45 56 730817818
87 110 363749118
24 147 912334652
74 227 14413719
96 148 882987504
83 194 44116807
173 290 427000585
53 234 409655409
30 179 530272617
118 94 681911050
170 139 273520257
40 277 164951018
157 52 697386065
60 125 963139191
278 272 44846039
182 54 200894084
188 278 513330125
272 30 285795258
132 112 469964837
248 281 475612430
249 202 599018920
6 241 186461796
223 149 356427147
287 209 942814023
30 186 776974794
220 119 249176499
3 59 437661976
128 30 79954958
237 214 543678121
225 213 887931701
255 162 954888302
226 167 475365743
122 141 665629491
120 128 290530551
243 157 659449937
88 76 212924207
39 130 290037465
214 9 170306647
223 246 263387160
43 170 952067972
143 176 770776485
197 102 140516603
191 275 226239344
281 94 725330771
84 88 305962779
20 228 12981406
126 266 47280735
43 231 627223596
289 154 186088893
148 196 46357814
271 91 683642790
256 39 401995443
210 229 387877569
253 261 145199962
123 44 174325702
253 115 399713229
210 293 923055394
245 35 34530524
92 23 666609929
184 170 510455377
197 192 306514919
138 199 9676857
180 109 947823285
248 61 491616397
162 236 226554041
215 240 517118855
195 150 576235047
140 146 693940081
15 237 40540603
44 120 731940124
20 68 572722968
138 206 481149266
46 85 302768326
182 85 558786787
278 298 532084474
118 264 676107813
125 158 856354562
123 297 972621807
156 11 652133143
210 106 933493814
134 125 10545282
53 14 419446687
118 59 414709823
44 240 384212259
82 270 325670308
55 87 265926023
19 263 752176280
81 86 265025528
39 293 839004291
182 202 140722496
247 35 533151873
28 139 470290986
66 257 666849397
241 52 70650388
199 185 173310357
259 291 53899696
281 9 229537258
213 141 981490795
140 180 3700387
182 113 189222989
278 59 122515075
2 139 376299614
287 256 284242222
135 196 149111225
223 95 382209761
279 105 663105951
174 85 372940311
32 49 368067404
78 241 768592683
65 122 784198347
5 151 495861857
279 152 914128495
144 191 15994003
17 25 511135498
241 247 488797944
101 226 274651648
3 99 987138985
266 182 378436233
69 260 566085273
103 76 241606747
249 80 693206797
205 110 306553649
52 254 404454639
154 270 653759163
151 263 125117610
47 115 844356687
294 118 12859737
130 83 860164019
263 203 72793030
87 5 801930805
33 253 89316684
130 209 762498445
130 12 345259350
20 165 121841620
182 68 798905534
43 114 53628148
181 159 254148117
118 289 920889399
236 3 126952101
65 89 493445257
21 174 99534509
56 55 998630770
200 236 252346181
50 255 729191098
221 188 87784665
106 283 521957530
53 163 306361340
170 32 575618728
120 267 265714982
273 83 90219023
129 103 290737596
290 210 265510202
111 110 468574137
191 211 156900391
240 131 836764478
56 236 338316712
285 40 800881075
125 261 942350006
4 81 622887525
186 105 915286659
208 233 621478214
155 274 683295223
156 84 863236132
92 27 211592994
34 266 145174724
163 22 20435911
275 58 891004703
1 234 158512863
58 290 448882495
82 227 889065699
293 186 825024084
6 40 208808509
228 247 39049745
12 38 568093971
5 123 230164988
181 285 113047461
43 259 591215271
297 259 118513404
160 69 828109645
154 150 280686271
5 194 418978656
88 199 386240747
196 179 595466393
140 242 367746082
162 298 859980204
202 230 761449589
262 273 262987299
132 21 165474410
288 180 263777278
184 86 33299779
255 142 389328573
262 229 805858223
9 176 113667601
53 68 733541894
135 281 172041392
38 182 279373521
278 144 928490545
229 27 10397166
138 66 536122597
167 2 102032982
45 8 154743075
169 269 961727903
192 29 289345031
144 82 324127850
38 216 634170330
281 5 302153812
153 283 293642107
298 211 199850485
215 100 991808703
11 266 497626404
245 62 850506211
19 231 321943131
74 174 298177912
4 17 522160593
53 106 66669960
134 138 939169864
45 291 606142598
203 40 330575460
140 254 130459211
142 264 417054776
197 208 928694638
259 227 907223720
289 52 305983893
100 107 943675461
44 211 553840319
255 44 308519856
119 141 192120298
68 43 280615837
280 182 436919990
290 75 197155354
18 271 368387613
55 229 252843491
126 270 664767242
18 121 746020248
30 165 820730358
148 119 523067902
156 289 7703042
153 109 420794236
190 88 962191970
179 129 623704944
184 146 607992267
97 252 913043795
287 77 418351716
229 146 717061237
28 176 36365653
286 75 590418571
39 230 875938912
232 83 646552920
167 24 937868759
88 254 27829287
84 138 186005633
50 234 193608784
296 272 957862461
212 252 489783258
248 280 28013933
200 265 683943860
22 55 61060189
133 286 56515923
104 204 950926898
214 292 328696752
101 75 92013541
185 176 904232174
168 171 575745197
280 82 66287149
238 81 974394628
122 32 973314344
133 106 438630550
74 238 525529935
148 94 212355790
246 7 756267381
49 159 338518707
289 43 714585682
214 263 502544805
110 294 268231438
258 231 728706819
137 105 625369302
32 237 696121107
281 62 669417497
267 210 44327742
157 155 906204248
89 203 840425359
148 191 180480353
29 104 119978015
185 265 321813509
123 275 275770091
193 111 862378047
294 195 765581236
201 227 898956197
149 194 171535206
190 102 386761512
237 242 20815514
247 89 870743456
300 170 840777511
14 54 359179228
74 176 639719402
117 68 361825364
263 114 498811458
98 14 194340937
47 162 121427382
152 51 492426583
216 39 768638624
129 286 141098565
37 37 471875734
99 102 116031287
126 176 194313015
179 292 582911382
43 6 612228395
152 156 978385160
188 202 350799173
169 105 921281823
251 20 153586414
27 201 35621951
191 289 747868787
224 87 115337640
62 265 754809315
76 143 499602958
210 237 212096616
156 89 805355171
116 276 30851172
288 145 765152528
263 147 689988048
28 225 383722300
78 115 864582388
216 90 678378526
155 204 184289942
22 279 22036037
179 240 553442173
146 96 129836161
216 211 945558937
239 250 974554233
67 264 856732279
266 291 65764404
65 68 742749170
204 35 359562312
129 190 32235115
71 211 807596945
207 141 121075537
279 39 732382932
192 254 324936994
80 193 397020543
112 11 574948107
42 28 12306097
197 92 597232817
219 47 77597051
30 175 421252792
96 297 383009354
192 203 314986047
228 234 429279485
111 125 383761190
204 204 209282334
247 67 670995444
5 160 16437623
53 57 71782114
221 27 111676712
124 56 256950887
215 203 396927283
21 146 553641938
19 126 428020671
3 236 854932347
44 140 779935902
278 138 30101920
221 194 462162679
244 298 994398935
109 219 74592561
21 42 62305868
159 8 842290322
293 80 74659220
30 98 27971745
52 152 139643532
198 196 882095223
299 173 504863712
218 145 582897105
49 140 833534203
235 1 706524173
148 73 279464066
115 283 973606673
89 275 729510405
260 5 9644954
256 108 243289806
187 6 519238853
62 56 194258077
73 26 939342921
30 74 475963713
284 8 875902565
156 155 250836189
121 22 857715471
145 162 945984045
249 121 921800201
203 128 65700961
60 66 527585966
112 127 644940173
88 200 742832798
260 229 988459223
24 264 376218383
88 119 980702837
276 239 421767510
198 135 541702723
95 136 415167695
47 38 922650522
107 149 56311088
172 260 698244614
97 99 205831165
294 110 161967845
69 134 252705208
151 273 37083778
139 1 89534916
201 198 793730703
123 292 174148838
218 39 92950627
139 145 793425875
178 69 647329786
44 165 848920436
108 210 337540745
205 278 294187130
212 128 742245803
90 19 785069303
257 219 280373100
11 41 26657592
148 10 650755682
126 201 513335626
252 78 847016094
37 121 149253610
24 281 310364620
69 237 171324697
50 200 960868577
252 289 659699095
154 298 394616465
6 60 2290705
149 260 455438567
30 85 971677867
107 37 312352396
253 125 175706769
262 149 767572149
181 269 954949085
78 18 990542784
206 22 911437025
52 227 659683074
116 232 29011633
272 80 46087892
138 161 656378829
204 268 800793965
152 272 684212141
220 233 303037441
20 114 994810609
4 243 758751479
239 200 337105852
215 251 662426678
240 66 867603410
25 89 684326341
68 227 763351154
196 182 618013473
112 33 947845744
153 4 902101576
145 23 643661941
54 78 343851535
84 17 963538934
135 283 867455936
164 275 597702653
125 299 9086142
166 118 409561320
171 14 918289701
143 177 552656386
86 81 635851789
13 226 787964412
106 31 816459689
192 166 564396757
178 52 795728992
113 215 170139466
166 40 421672516
59 257 596416033
178 127 203265198
230 21 43013975
67 158 652390855
156 170 186949632
19 27 788984562
259 219 922279827
268 148 923941278
259 260 456395593
276 177 92278884
291 235 663401140
123 164 785629866
21 94 929494886
147 160 42841943
53 67 880288964
185 137 938014243
46 148 559869313
73 115 561909460
202 125 811590619
246 100 611648148
29 90 118651834
68 264 742162998
285 36 105504043
222 182 908815002
16 235 345496721
280 119 203513609
74 216 299325356
86 40 49845070
245 242 103318094
187 115
214 93
234 216
283 248
145 198
233 20
241 187
140 167
101 257
288 160
121 271
186 61
198 176
46 226
167 194
8 91
184 105
20 222
221 169
118 55
74 65
251 103
269 66
22 142
54 121
91 9
121 174
49 28
253 18
211 146
237 171
276 271
244 172
92 47
153 164
228 210
12 278
44 230
123 280
152 65
126 176
49 242
269 246
264 150
47 274
196 226
196 283
206 223
270 191
54 298
207 174
152 33
14 218
249 195
11 189
64 100
93 136
82 165
66 113
86 97
22 112
95 282
204 270
160 52
49 225
99 266
50 255
224 2
196 116
4 224
23 206
42 67
283 115
280 175
271 48
160 65
98 44
13 6
57 54
278 225
242 158
112 128
129 291
106 88
11 76
282 109
228 34
200 75
1 210
10 179
296 271
66 221
278 145
198 79
55 34
191 228
55 296
286 55
194 236
11 144
4 204
289 44
170 283
245 241
171 170
192 254
174 166
11 10
88 203
236 260
187 194
189 179
285 294
281 226
121 178
133 43
87 125
107 122
62 8
230 51
56 284
150 173
182 281
183 212
223 269
214 171
49 162
155 154
80 85
14 187
229 200
76 146
19 67
75 235
285 132
116 56
228 93
73 17
280 110
130 256
126 202
63 44
197 226
62 269
155 28
280 75
220 136
202 55
289 291
122 28
83 26
118 237
5 11
172 190
197 284
238 1
44 22
299 300
21 293
20 60
134 227
62 299
54 106
148 16
95 94
171 269
258 178
240 288
230 262
246 111
163 126
200 183
234 207
199 198
258 6
233 270
269 143
300 46
61 74
219 147
168 156
85 90
77 125
86 76
238 58
184 83
17 100
58 83
32 3
8 8
278 41
184 240
286 246
71 235
134 98
5 289
78 1
125 141
268 207
264 210
45 205
57 147
281 61
63 114
122 13
105 123
62 99
96 288
275 99
197 166
206 108
108 253
94 284
190 232
193 61
18 153
52 289
102 74
187 84
148 216
38 60
158 253
292 100
198 5
222 266
73 146
99 128
111 232
215 192
4 52
204 108
148 21
94 7
91 249
165 33
92 238
190 202
53 250
6 182
199 251
148 228
55 24
255 246
189 165
268 170
29 193
213 223
230 228
177 59
91 72
9 41
294 182
183 251
184 47
49 241
168 82
157 196
194 222
138 164
33 82
26 105
27 113
40 291
49 8
79 268
60 191
124 140
142 54
152 59
299 25
158 252
147 166
139 67
230 92
226 28
132 14
178 251
241 210
218 269
237 41
283 48
239 296
101 159
217 80
156 4
255 267
184 66
132 154
245 74
101 61
74 170
173 232
193 251
271 165
258 162
210 207
255 240
98 200
280 107
111 66
