300 5000 300
127 36 61646913
204 83 225733196
117 82 12187530
280 73 43616692
214 238 618819070
226 24 481346595
173 217 659661293
290 124 697667086
45 292 380057938
234 286 66124868
230 164 998104304
142 119 525946438
237 288 185942471
19 19 938122643
10 233 739595532
179 158 420212708
125 83 854443424
217 124 348143499
254 220 221152790
191 153 420814627
59 83 764360290
14 276 603910661
103 265 841303048
273 283 59316066
267 292 814259998
251 223 942662108
258 47 58928542
233 264 434035165
31 217 491159884
172 160 375935936
299 218 971020670
40 283 485544646
200 137 997757410
47 161 372362844
265 127 947944935
114 129 48355457
121 138 154941004
262 70 779879219
226 152 620837187
109 24 57872846
197 22 9627415
118 61 326721549
263 261 535101685
124 59 673226645
267 23 531735424
154 137 850223552
210 9 753936442
65 271 244801163
183 248 670961215
270 109 106085738
267 5 970989359
182 122 735065071
182 137 149707183
267 12 56218742
211 31 218948516
34 184 599640152
38 145 845988461
231 210 16921983
193 92 693959530
7 113 73293690
196 132 825827694
54 65 480131268
77 246 521749056
59 212 948438467
100 175 985078697
216 260 579614680
219 297 632918225
231 227 152446686
265 172 65562929
195 178 993104142
284 74 550492225
130 179 42321889
149 255 647831034
4 66 754637698
222 165 183452172
119 132 318526231
250 103 862599780
226 85 569609258
111 50 684355829
140 244 877800707
33 279 961062332
57 160 52613710
145 8 592552617
230 63 878069882
227 285 817900598
150 155 630993282
33 104 769504436
212 30 79422520
69 140 430185869
150 279 368270364
56 11 966969695
139 67 52111554
100 263 808859914
68 245 758963828
49 223 998345412
299 73 69632418
132 105 847406822
67 68 669619551
138 136 541233642
259 37 822779321
22 92 64909783
168 282 965600902
174 82 419690916
187 149 75010860
66 250 538714783
230 300 846771207
247 183 317706363
68 1 814120030
270 138 758137817
12 96 834115554
84 170 772370297
218 37 533964379
119 210 876544212
35 148 392662412
246 214 960388861
28 195 955173212
286 141 155492394
48 261 183367194
177 230 118220132
246 293 95269779
299 76 630270148
195 294 395223637
125 164 589725446
188 250 580184546
100 196 273048411
12 275 519178805
224 261 388208145
69 60 580059605
163 237 616869087
146 234 187353879
276 232 819326007
224 178 577695252
12 55 428062515
257 242 642635065
154 41 148940112
264 53 633176086
268 28 794630546
165 96 803526206
269 10 473983094
107 155 564139027
186 183 760625910
144 106 983297687
95 169 323667793
261 125 953247735
25 31 117216275
36 294 480994979
74 262 147240706
71 178 976478554
76 146 299559363
121 5 939735970
99 190 992278152
8 85 939972409
147 179 178042377
39 139 148729853
225 216 432219383
152 3 154075729
130 76 128444990
188 147 153600719
93 274 104569816
255 95 450737720
76 245 231974661
27 253 267606645
187 151 135328923
163 189 115720362
68 166 556448729
250 17 901421431
230 198 636330907
171 85 260840405
289 229 725959778
5 184 210704824
24 11 279214569
285 90 692114921
29 276 137736271
4 191 939746411
117 258 51393076
145 259 294925244
175 189 298821542
33 59 62839026
37 48 121005307
67 52 67847042
190 127 695616552
258 111 849108341
30 192 468294817
252 195 583734707
63 11 196674216
90 155 886816374
186 81 660753262
127 114 351962573
204 202 409012320
210 268 641505023
151 158 647662049
103 167 659458060
143 197 797016051
211 148 48181297
169 210 676157807
84 52 89910661
258 237 895893993
71 115 877922358
243 18 149352512
214 228 583627879
236 78 96485988
137 232 114625055
96 75 182676351
298 37 290892498
94 206 231536260
200 41 908517063
212 50 616760151
56 121 655087065
14 115 938853182
225 81 589063809
155 16 526082339
295 152 593008970
249 299 491468396
151 48 689755433
148 141 476637490
159 92 48788782
221 55 440509332
23 163 17585104
187 228 279462318
69 152 340185998
229 58 841261166
167 52 430349869
89 52 766910168
84 202 205507167
168 102 89289460
157 260 94414851
239 233 868343058
70 255 306968072
125 142 435695899
242 262 256395402
192 242 352694459
157 109 526111763
25 197 38756014
244 32 925819916
211 200 183228669
70 108 337485828
72 46 2141160
181 167 646471167
152 291 73046560
50 285 220720521
203 176 383589562
62 84 87736022
24 160 926168870
89 104 390356502
56 66 22570701
124 187 4481660
204 258 827329106
163 191 489171424
181 94 155077367
40 196 104509251
160 98 382685778
274 211 978351761
247 286 26889772
117 75 590177275
70 130 431270492
222 6 934426178
181 209 899091888
186 123 46127030
162 4 829983323
180 43 538873018
182 255 281707868
59 280 558665978
71 226 748375464
242 42 889592338
269 111 613169219
60 84 102334776
90 265 842058484
77 150 539514207
6 63 693689462
28 242 525114456
298 123 107026062
65 233 823013841
94 55 613330167
57 297 256660260
146 17 143360623
65 128 148518306
92 217 276614970
276 293 207496072
34 50 282849386
95 130 805235928
250 127 436714002
112 243 559969387
4 36 153353841
70 93 96273489
282 238 978905605
56 54 85037033
161 198 201610301
283 173 522684594
254 206 799419643
39 52 861798772
118 1 101211350
72 164 946848892
258 168 662410080
250 289 143754024
239 22 132989413
295 77 95801819
179 238 134526016
280 220 91220488
125 225 210432145
19 15 333334096
43 133 985040796
192 256 977611012
36 213 281542231
215 214 510164619
238 152 625171141
250 199 769922417
68 77 945453106
135 108 428378177
22 232 426193701
166 3 74265416
61 45 30345600
9 236 583664607
172 23 441675471
202 237 610248384
220 226 38173188
12 228 704355486
181 47 398865014
38 182 470795722
115 255 147864905
115 121 229492207
182 233 429992751
133 293 703094239
91 164 995645561
261 65 822573150
45 37 327631027
32 100 791292254
217 32 14391353
282 70 278937986
103 184 676152640
260 50 268983812
66 284 538249245
269 116 26538789
107 207 6430753
19 219 464500069
168 263 58395005
295 46 970835757
100 14 119228388
4 296 301542357
89 150 946155840
129 109 184295242
40 227 237709625
236 195 989260940
125 53 727646498
177 71 42025417
97 291 395162431
54 37 972714377
110 188 184069442
249 192 723059937
106 280 765514287
197 160 459297395
38 252 886417821
162 187 329384667
154 63 491292171
103 239 367785894
271 88 781438984
154 141 764915172
82 250 256990359
23 198 124572250
260 55 499115182
46 4 56771793
292 41 214009544
165 255 361594031
283 160 378580393
154 262 271399384
147 285 504551071
182 138 988946811
253 219 547938712
263 241 300755161
165 252 401454868
46 49 796193671
138 41 521783163
182 205 963416617
164 187 667904028
208 92 510375542
191 238 385372926
13 119 393091315
275 123 653728733
238 86 56387325
99 250 471610677
66 47 517429425
88 236 505657317
150 169 322712173
219 84 150495012
146 292 480298003
139 234 679907041
64 247 235793811
178 273 60357134
262 211 115620071
39 61 526154872
15 178 791076718
91 265 672190105
208 166 678471874
280 84 876548757
43 282 497517500
146 120 960261134
238 236 474363432
148 165 28771204
233 127 23939514
155 217 465656226
26 283 50343503
295 73 279227719
200 32 821575685
25 64 345836720
233 106 667398501
133 251 1669273
266 188 881505608
149 88 405031524
252 20 373459402
18 175 695692918
143 252 695859100
198 247 891387373
216 146 492967756
100 170 118279719
120 154 770334625
172 286 781946827
96 3 980507015
203 151 159358054
279 103 673824373
180 172 197075099
298 14 402748751
97 211 934438397
21 179 316850494
29 278 228456915
47 149 398322768
223 73 176481906
50 168 670679108
116 123 207794159
269 101 669114613
193 280 78579984
44 29 754362849
94 178 746806712
142 250 335139290
87 278 193452619
201 25 667583420
220 299 424930192
225 100 172194911
233 215 938366833
143 235 980993833
155 180 526051665
90 223 269233245
38 16 53881322
249 209 476415972
90 295 29804949
261 247 684844325
280 218 64385076
123 143 97857675
133 127 618285490
266 21 490059276
250 175 534487055
266 16 801160277
11 53 545344044
232 54 701476752
155 195 291441598
56 155 543695496
32 134 856561214
7 256 259037008
82 141 569285634
123 106 700133954
98 107 320696580
253 73 509553495
29 135 873583899
225 66 159594504
28 273 702724599
126 28 548943153
221 111 218349939
286 118 135875146
193 199 473713686
278 73 22748743
31 170 763974150
62 174 928474274
108 255 932966008
207 179 683847025
110 206 657533297
260 31 588862476
213 4 15195239
103 41 295883956
248 234 233819006
286 211 447285878
180 294 278860199
129 107 410512673
254 215 495919927
161 121 80426005
238 282 718024010
234 242 552671893
62 206 128065148
300 8 300764988
107 7 182324773
112 44 489513784
241 224 480015029
239 104 622008735
111 58 277564749
237 270 172783321
293 207 467258955
255 141 11199896
247 254 911098353
46 5 532787912
185 111 12143718
258 222 380428514
241 214 955358337
21 152 205940040
155 15 60647897
256 3 157480619
176 48 475252525
130 2 376529617
77 300 450174370
281 45 563898374
192 229 13585584
162 238 885571357
175 178 479657922
111 250 222189126
202 105 523677640
51 60 585076094
169 287 634294141
193 117 241872142
110 245 812998341
31 226 328254237
257 169 88404818
292 30 275774855
1 204 232394485
222 66 438278734
47 20 367952690
238 70 446464749
132 290 551630936
72 182 150710204
66 43 107418800
58 126 480338725
95 82 507290594
164 125 52934475
118 125 792666179
54 47 239393096
240 145 746538915
229 83 79784236
278 214 544093325
65 37 467235059
20 102 225739053
219 160 122296030
44 6 868288011
89 221 34849636
163 38 360068612
193 144 618570158
41 83 737576103
155 11 93280437
143 40 565726550
119 156 346757638
277 175 973213140
282 94 815640451
111 189 202293808
74 29 221578028
161 243 1784317
72 136 775307160
82 176 685457994
236 82 247673157
172 276 908417396
21 95 776870704
258 123 151226930
49 104 138904875
51 267 72759615
110 40 460081743
37 200 58838438
106 23 956663173
17 104 950498100
11 39 786882133
67 210 398115861
214 282 475776255
217 292 44647429
147 92 625435733
221 143 45469899
236 4 25554290
30 41 600538541
67 198 130491263
291 214 86498967
142 224 911170457
127 42 992753467
87 256 454523600
193 224 938205791
121 122 122045883
153 95 674200677
203 82 796963980
44 163 564430172
84 230 978383569
199 272 666647683
117 114 167196858
73 292 875187900
291 78 404070907
191 270 530716582
133 142 553835504
115 47 317365250
43 1 189032731
223 45 333952393
194 180 810962674
115 78 576726746
197 194 286775411
6 19 727990802
157 9 151005131
263 251 31594652
97 84 414406793
300 250 777393639
101 293 18541440
231 215 15920836
275 160 517554015
249 274 358964945
246 222 774136238
56 280 231787408
209 136 19639217
191 151 149764319
142 247 707852154
286 298 815948604
177 98 853287048
68 80 764315114
3 54 113462973
169 54 584146899
113 299 843014572
3 106 57262851
210 66 954595987
178 256 644117589
97 149 951511535
202 135 988162384
257 63 218919033
4 130 832814212
17 184 16316665
242 52 285421771
192 217 511823569
115 219 539846527
266 128 244965092
4 58 483217100
192 206 433680848
78 107 215795834
13 64 606955696
45 119 330734577
156 188 550536960
72 181 636433212
42 72 799904628
63 186 667603798
189 203 618801777
132 206 525654134
31 149 242957891
131 278 773532498
64 290 490875613
112 34 248274283
288 241 957527270
48 13 437130250
211 106 123746473
290 168 860390511
287 108 704325213
215 240 315179271
149 270 337070271
39 100 721509749
88 216 309176438
252 27 171505724
235 66 288795464
104 165 529878676
206 75 32693482
130 116 161579801
240 154 603867809
5 69 309555300
275 217 56826669
197 7 836911821
45 147 865606588
235 98 749866666
158 84 820426631
21 188 332856148
197 145 71072074
230 274 687495390
182 266 702246243
242 270 734126411
241 296 161306379
262 192 374227686
134 237 851455532
221 171 936381881
86 28 24764665
68 100 926647504
215 48 79160648
189 29 311083273
30 211 630289538
272 152 446137359
283 93 221289654
261 106 145333046
298 239 792293634
181 159 471347856
162 296 354001435
278 115 729049834
281 82 978888082
180 22 988726010
104 51 772659772
294 74 82040824
152 108 931457168
6 121 230251825
103 118 962820263
188 51 699801773
195 264 191063020
281 241 257030634
114 273 83077115
47 204 592790888
9 7 768634638
232 300 17887312
7 204 74675319
174 209 100305039
250 63 321520509
212 2 589777259
84 248 693973522
3 228 511390314
89 93 116158786
255 140 292472289
143 200 203930447
132 131 628306447
195 138 716770350
66 63 690611810
56 13 547680224
216 276 932785577
74 112 317275724
247 166 907668451
60 254 138046295
197 261 134780986
185 155 739114885
284 286 428740468
30 233 285698557
31 298 93962671
292 105 83784635
67 21 70501063
143 146 901397374
218 93 620052939
220 204 336014745
14 153 132359905
300 89 306912011
236 72 923272996
3 153 409395580
11 183 134922377
82 226 610223834
268 292 451787754
130 134 954424099
103 103 664622743
294 22 93773999
190 36 358036651
46 35 602399339
56 270 30792511
103 25 124038963
83 35 451425398
111 168 703563623
244 136 133166567
149 265 967987100
200 120 82850003
42 165 237940076
192 54 866270911
194 99 955139845
233 154 948694467
95 256 423158891
109 90 369264377
58 201 28457245
233 196 189554832
99 45 70541848
150 244 572815667
4 37 21461931
180 281 605011736
90 174 603308634
87 158 28297339
105 4 803250847
95 113 337564736
171 222 471194088
167 154 961846384
298 4 113825728
146 154 586588923
164 157 44758711
47 36 582109091
282 178 261709417
68 16 833442674
6 120 33134078
4 266 837338942
40 188 697482663
27 55 22161569
262 52 92025872
241 249 727579025
215 113 716703734
226 159 444823721
268 192 778209898
184 259 229551165
258 17 42509284
87 20 345275849
28 111 507115237
242 190 409001043
10 151 387971746
134 92 514569195
110 58 66641759
243 283 65651369
164 251 116609760
13 186 527858271
178 195 327694239
213 281 466852158
162 60 987929469
50 2 214636610
292 63 403787260
37 248 226756203
83 58 270132361
293 52 431190795
61 215 292040597
73 280 114391183
95 209 584201577
133 121 587122210
242 34 107975669
162 135 549277322
271 126 80672385
231 215 351735784
85 49 385013841
297 42 602242993
192 154 448246959
88 226 553751990
170 72 295792898
199 204 421911671
208 146 424867804
28 7 516809239
150 30 106737016
86 12 582622882
269 96 459036031
262 93 507650924
6 284 941602577
264 123 582533455
6 293 958301826
203 243 249118282
273 202 69318627
129 229 964381385
119 130 148943166
234 267 174274877
68 236 119649073
198 249 107714465
121 254 422178200
249 269 502564522
3 274 315780966
181 229 298545460
262 253 185463861
240 81 789544542
276 199 807548471
42 185 25180738
118 252 794177125
290 201 352067825
6 73 448579478
57 73 89508098
231 76 123572972
96 256 551599700
256 269 795499952
68 208 132657885
109 183 79882735
32 224 596427871
221 42 264916174
97 83 544383674
221 141 647513998
50 249 663393371
147 179 27071598
218 275 844334153
269 282 69332021
273 101 623900180
57 262 619903662
143 293 911318338
114 265 819902731
87 61 317822265
13 33 512791405
10 82 532021054
132 280 878075732
29 198 719252758
233 218 354097591
105 190 968074092
184 298 55759505
198 193 719669597
135 6 395050513
165 144 23563025
81 208 957274957
86 270 349798490
91 101 438125369
274 130 198344918
184 62 182056836
74 167 889793777
117 50 454213627
121 247 955199119
169 133 841694476
181 49 378615871
5 130 110346979
213 215 536918148
202 57 174239100
171 30 344348729
88 213 449130243
275 39 705399309
52 207 442088810
178 28 279102409
248 248 127758441
23 129 512992342
293 185 47593671
223 98 949386537
70 299 750391993
122 221 33718474
250 9 518618739
192 35 559190377
52 86 828540183
14 15 382427662
222 262 940522410
14 36 750391290
207 29 835597326
177 3 153415475
165 125 53644226
157 246 974408946
283 195 966570906
21 139 212186941
149 242 453567178
183 255 292408893
245 228 388943906
6 294 732350342
247 252 553760422
72 129 963521124
99 293 351066948
124 202 890636993
69 236 779096340
75 256 465575230
167 156 507989323
44 38 348427430
288 34 118508309
194 91 945990402
135 37 48898754
208 161 474827034
231 259 173161778
131 82 746811331
275 202 229494166
14 28 992345373
295 246 594555328
218 290 569696918
199 29 447681451
107 222 874064042
9 108 451752330
214 15 16343642
299 298 721253452
128 128 620125985
159 102 687370187
176 168 594589666
149 214 701455012
28 183 314049753
245 81 724782781
248 188 175114355
41 248 544878462
170 213 92868229
264 211 930088426
15 38 112638705
200 248 531156058
38 124 964736825
203 24 436505291
66 51 749418073
218 296 104418954
99 295 620016241
253 35 94716688
266 256 282451752
46 219 953015762
71 234 837119551
27 185 681574451
85 274 863358274
61 228 79849097
251 294 778118599
76 263 675347346
229 61 71733140
21 65 693856374
60 83 845985730
11 128 396981200
224 251 215579885
226 277 921907769
176 113 760884094
1 226 622065822
149 176 911940667
48 3 92042029
45 231 739669042
285 3 29936058
10 62 507721540
291 124 118410068
191 47 644606418
75 25 51465646
196 200 17627459
289 253 65377736
62 101 73672711
180 200 201995866
209 245 997217096
50 281 489418051
7 290 68282712
99 33 573811888
266 223 106504986
135 49 355997910
280 244 3865110
290 285 471013914
225 98 132260714
88 278 323273166
253 186 866882262
100 287 834821142
2 45 625978883
266 143 86341215
53 160 465405689
238 294 126235838
148 26 695772133
9 67 934898669
122 44 465681267
87 183 52576944
4 187 640144081
165 38 968051719
58 40 66235915
293 5 589901858
259 57 215008669
148 294 881130063
137 193 197280740
121 201 181088158
142 74 45413701
208 213 568962783
3 216 953731269
35 133 49452607
105 190 198061198
219 234 615323402
176 193 727567458
45 92 493814703
259 280 270063048
250 152 60177600
7 293 335172274
108 252 932340486
142 254 27471753
63 40 634931985
21 144 294575027
18 63 632379760
19 290 439720104
128 86 329485395
282 96 132944174
29 45 250901278
29 52 913222670
154 211 290622322
191 104 288193527
143 218 398596719
280 238 737367262
6 7 75773776
17 77 3718118
221 204 883692603
267 238 301859999
293 266 308017395
170 46 230736598
91 199 115431308
212 89 88613364
91 232 251497681
9 263 358569571
122 20 755373877
298 36 909750354
215 8 401782809
269 27 725285946
67 19 2839164
262 240 442103709
259 30 230768208
219 242 6205848
34 84 90855679
66 92 529715093
36 213 912326412
13 262 576102100
118 228 108245907
126 197 395792285
72 15 866652703
35 276 329277494
43 287 991856624
2 257 850045117
50 42 192036500
80 107 268943843
73 143 965618055
84 207 915381969
235 24 416920996
94 149 58960444
278 272 290843959
233 6 273105286
126 101 236481024
49 102 148918832
17 151 99032073
16 283 43351132
158 55 635412874
265 190 188140232
85 125 906250855
80 270 44043903
24 247 31838027
34 179 314923332
19 57 40436232
43 157 291661286
74 174 222287988
147 241 775688370
78 151 334093876
203 167 809830918
234 251 779001594
40 82 202368163
294 157 328239261
220 190 23267592
152 209 616730648
235 3 953001404
172 76 882124977
260 274 301170570
81 103 774049320
9 57 971411986
126 290 808640536
171 81 407688669
133 75 122484126
93 294 96387215
284 197 455019575
283 184 582345877
87 55 479801305
115 66 393901578
84 199 73030533
203 207 300084689
240 84 115720631
227 254 426189211
296 138 128050685
221 230 105659431
87 266 821422427
214 248 20808610
42 86 995479265
246 201 672755082
176 36 975808080
208 291 91248486
296 230 533939921
126 209 377851274
37 204 530383411
73 176 319775593
103 14 769295410
30 279 495673509
191 21 451911295
107 266 225166447
89 193 116609534
268 100 47773524
106 96 695103106
26 273 867238814
252 9 971869317
14 134 836511444
6 236 705036057
67 265 737495436
76 156 368751808
222 262 226090125
268 102 555928318
101 122 431296917
277 227 4796964
82 4 539632737
147 7 314509797
63 21 457478830
258 78 74199266
166 197 838609882
1 272 771519289
260 193 720923103
185 212 212092756
2 64 368319977
270 40 133369603
34 173 746214259
122 19 584705217
218 133 179225889
200 142 849551867
117 8 70011263
50 60 336277586
191 20 100262130
45 204 439647693
300 257 618527456
77 226 389707648
131 259 448291372
241 132 809001091
58 102 1255175
246 1 9048717
264 169 389934124
178 270 733923183
63 160 262284054
244 204 496074157
36 204 696254513
244 32 146638391
243 162 146990049
114 103 647007633
56 212 256168234
131 157 136983386
99 173 216168706
22 50 332334075
56 165 109515135
110 108 121151338
118 196 431851793
83 191 557420124
273 133 336258638
173 246 662065240
205 2 824577851
90 184 3022359
275 282 46950631
80 55 878890281
155 110 540151597
141 271 278480356
30 89 533524251
175 171 628843441
298 195 954145573
35 67 810238371
226 272 6122924
28 61 543054407
39 88 282597888
169 219 467203842
101 125 683311803
197 265 340689474
153 47 640443714
55 221 278829036
148 218 402483830
72 5 10914496
242 282 603645019
165 62 436843632
271 100 647493719
110 268 156796689
3 121 592053914
6 17 915296878
31 221 952709624
144 28 136143944
179 175 875536314
108 246 507145370
155 240 545552703
174 104 815336164
5 127 172034463
275 236 515114583
163 239 723466803
176 296 189759071
206 26 339955392
281 169 412612719
277 99 36574493
242 206 871018990
263 60 873668229
265 285 50645133
29 289 650036811
243 15 101924798
125 178 873512936
127 105 205662083
198 10 734029008
241 43 951573776
11 19 989641774
255 12 250716831
144 274 745713443
273 238 78276627
257 18 537766368
119 261 771676382
216 137 936803359
4 264 330233916
86 213 14748577
194 205 795573319
221 215 513884789
47 169 45219300
129 64 749238573
271 88 24011663
98 96 832358380
17 214 51345892
198 130 343572429
9 133 285021144
224 270 65451108
200 163 24817712
219 136 280766378
59 182 869871598
159 10 663152361
283 281 239309601
45 130 796472096
177 146 837193010
20 95 315913491
248 103 106146475
243 78 413554044
150 278 824681559
13 248 291102794
142 6 507492227
139 216 872050336
252 199 835523268
152 295 476187649
199 223 331809846
160 243 26582593
250 242 644792895
276 237 74223725
220 138 772074602
130 203 91467901
123 44 693772058
101 235 624206374
36 238 337042124
56 89 856290970
256 39 14311293
54 199 567481687
246 148 859374580
240 124 175011116
64 95 432358754
217 224 508751556
69 98 537472251
227 198 535876085
52 285 872148122
75 92 785597962
196 48 72697701
240 153 275673051
226 98 5404798
258 37 925588473
173 153 449778119
278 121 402655294
285 190 927839143
36 168 532821892
72 219 89653877
46 45 991407420
107 240 861753819
259 232 885019271
61 209 87786368
259 166 967364357
83 91 597976961
54 68 751698781
299 105 225030422
42 140 859227589
33 263 983529359
61 8 82461503
233 167 717347695
151 177 902499226
274 238 57914134
141 248 895483352
149 82 737701642
9 135 721960461
42 134 209527717
263 227 32842956
104 11 137847671
214 124 691657278
69 56 184902444
163 258 542797221
240 231 41014658
225 124 389992257
128 272 662802138
69 281 14255125
182 22 994490158
98 36 88895436
206 191 125260146
276 105 750787221
105 173 104367728
49 87 47755486
221 78 171002468
30 2 709378691
86 130 482764863
223 250 941654295
247 183 837745768
156 33 248586055
43 290 33402746
241 17 28241550
261 121 20596674
89 221 875299460
226 141 52398189
293 170 904774290
184 7 885460171
98 282 732157473
292 280 19343007
11 188 104028139
65 230 576604880
10 170 869888196
111 183 528051717
136 23 588514237
247 248 446589330
135 240 143291651
25 175 68613458
147 272 737873239
271 15 17842470
30 25 50494957
120 90 777242487
200 151 28377908
295 262 702172090
263 149 755509112
152 96 236144459
181 230 167596951
131 6 406728925
88 153 288821597
78 175 608045611
48 204 54663088
204 24 172227377
42 223 699173927
50 269 516260640
239 284 644084189
151 135 810460384
61 15 67787413
211 197 25872271
236 37 865142423
284 114 727820749
46 213 928217553
133 169 127910028
9 210 50986702
88 259 419852122
179 250 762558005
67 152 520134939
102 212 991688605
67 175 467994302
37 110 870181838
211 145 788640803
259 190 241213668
263 23 278395388
42 31 824912097
43 170 614174408
117 49 348354409
121 167 930444860
12 21 301622923
216 87 776969197
69 175 615728958
258 137 106723802
261 147 710515692
280 110 334284066
167 203 297739948
15 246 152573618
174 114 120078418
282 234 991822184
241 245 283298004
164 213 914809642
12 281 59713016
270 239 140699604
123 251 180557451
114 230 960020460
231 148 164547714
79 162 140093211
96 88 159025424
213 69 983902358
248 62 987375302
252 277 13649214
145 288 383234747
213 9 113797385
116 132 699010635
166 297 232604516
77 228 140458063
191 6 952516076
1 153 135469315
225 117 332639484
134 64 32020497
235 67 830202573
1 212 209187612
99 176 932188221
83 291 958444552
69 157 703505000
284 285 796620927
98 175 240564984
125 228 187910788
240 152 906220404
175 285 92348720
171 271 177077386
143 23 780248749
206 121 961575824
226 255 861758215
129 23 513869723
29 58 877930807
207 207 971005534
143 84 80670761
230 23 218468264
134 249 515784048
153 171 517542470
290 13 384876393
39 218 206053265
14 196 242354120
228 24 45305942
102 104 700029600
261 63 52015858
294 205 201264441
6 134 135761015
169 267 188145063
68 171 242953433
237 161 130388697
181 251 59638467
246 264 962890962
265 244 503623437
6 45 385340893
157 57 404664255
215 102 654674859
55 107 323283492
270 27 169226911
184 94 284853833
217 31 994725293
65 263 636639095
131 208 467138359
144 172 53014002
233 230 760652098
125 86 320499807
79 52 851046308
289 159 137995067
280 180 547297993
42 63 447255487
275 31 207926369
119 96 214187031
214 278 672090739
24 174 676507962
77 158 420228291
226 282 308314029
132 112 392781032
140 100 22377390
6 131 185380469
250 225 69935332
236 199 624028114
56 69 125531161
87 282 634082939
77 57 670123464
238 133 884759821
81 59 515849254
61 242 115539665
92 81 43538616
282 138 623129598
102 88 23539522
285 75 382138572
199 131 693652041
259 269 447235374
49 97 110026931
12 86 440073415
184 166 198026925
37 278 704387267
53 70 662717099
220 103 211011489
270 204 896568428
243 241 19159754
115 191 934195484
107 149 413411704
132 250 128899152
214 13 904649438
129 197 865923555
205 233 321035533
223 38 515282754
22 257 618526256
62 226 521179211
189 221 145693303
142 35 263580293
278 193 371342
133 24 547698443
85 238 870652355
174 118 706509251
128 74 423634736
112 297 137568473
165 70 596881781
72 131 424704259
183 71 497091779
285 264 48699265
278 293 773178757
171 178 822798332
65 262 307584921
219 135 667611938
22 14 805939012
57 126 279469760
181 290 898404929
13 62 578788711
123 296 217189533
153 32 980250796
217 61 359717041
225 283 916483618
257 47 631966031
277 266 410813717
167 39 118950230
130 147 782443807
89 79 64060849
169 91 582327610
79 266 415972357
111 118 5655688
158 35 467474249
250 11 654315731
167 19 113878578
149 296 569331495
17 214 727183733
199 95 863586379
205 183 968624257
253 51 491695499
114 181 857504364
270 291 268175334
210 200 67374968
158 150 438347430
140 68 498858349
169 217 409008996
215 285 836411309
299 183 144553355
177 140 55355837
185 92 24772739
36 258 631592771
151 227 240489113
84 188 684228912
103 45 175045561
133 237 481939029
181 105 89391697
28 72 408217281
36 70 262398716
242 299 581863455
30 235 283188698
168 270 948702055
290 173 846892234
102 256 983414921
113 111 678260718
26 243 585745354
254 175 524780110
202 254 64696481
134 41 637710903
249 282 254893401
203 11 589900935
1 230 986945357
107 219 303531029
140 20 660349636
61 184 124776146
130 209 987674340
83 214 747902566
244 115 814469819
177 1 876303759
179 249 77957740
231 152 327303950
217 204 501631479
173 10 85049449
53 150 613014268
189 262 327303904
186 143 697931212
126 277 764384278
291 220 763538444
162 148 956127344
20 78 604549693
212 8 143185296
61 277 2706499
192 149 836848060
240 254 639985861
60 142 248051174
63 27 339304716
26 204 352008192
203 247 810941712
299 108 338350811
42 179 866913689
86 90 356556448
281 203 397180024
131 146 975729773
43 85 100769426
103 196 432648619
177 258 96143497
92 284 78928401
284 238 833938599
147 236 323127558
157 30 422799036
297 115 915943478
145 148 129864832
268 278 566194577
292 20 162498513
269 175 531790909
139 51 1375666
36 194 974216701
188 229 214698291
286 75 486358878
295 284 745325807
130 280 448665122
159 176 592078469
90 144 30788698
166 187 601643870
79 156 944629844
187 294 160314146
4 81 735485139
157 268 874667368
299 5 241318894
76 51 321274177
183 181 686479609
156 91 840975284
276 181 34457579
73 46 242656266
294 176 418857121
37 114 700741466
182 170 331936447
221 26 96403166
240 76 828080223
33 151 850095173
162 85 437763405
270 292 507028396
253 267 187754976
132 92 898654073
197 85 949707849
169 122 577739914
134 55 931609583
232 27 690566260
298 266 69308235
172 299 406710738
44 160 595583222
149 181 789623514
96 133 433426432
171 16 705264323
95 264 59297408
195 184 292671881
109 18 713185535
191 1 908839862
103 50 754302227
37 221 343407877
174 17 997430988
148 217 402851168
113 12 253160053
44 234 582815220
67 28 781956584
226 223 974473967
206 83 861108836
240 273 626313989
53 127 513976238
132 164 57208511
208 89 106105979
248 236 245915695
115 100 688698758
219 144 769693791
39 262 92587570
174 239 607087944
192 144 890934826
280 135 728254151
68 188 809612177
257 71 56833492
67 278 24112481
245 277 12065068
91 92 810314768
248 62 704804363
90 100 400798176
12 25 957593614
155 217 520378909
81 248 802339595
83 15 712315534
159 23 857125304
151 142 432693134
283 86 436450010
50 229 123763453
269 228 747793515
83 18 743871766
158 29 893954791
223 235 877549259
183 15 408280358
278 149 259945724
63 8 799037946
167 210 935281887
300 192 774783525
109 241 563458553
62 210 842522080
128 44 234184249
293 202 831032629
235 176 240155164
145 59 205003030
2 88 453830379
225 150 648765738
223 68 994126247
9 119 366540738
233 228 630590630
137 41 596590691
269 220 821861635
169 212 559717988
98 199 767753363
13 43 671379373
242 97 72935612
72 73 684737614
209 295 363910681
7 4 395664300
244 288 216448479
174 177 950026671
116 145 344192390
50 13 995333753
237 162 797405551
52 174 332989746
276 116 10366694
288 239 236965766
253 148 664341261
233 154 80291416
84 150 407083403
214 75 913208479
84 190 293705075
225 292 782757440
278 228 211398201
280 31 672298875
77 59 222978842
270 98 317268480
236 50 456449879
196 34 782132933
211 118 218407434
265 31 690831308
196 167 648511597
270 91 765826288
161 120 602493368
162 100 778782550
88 228 966073208
181 198 89817305
160 133 834752454
39 80 269822040
123 290 85657657
56 254 56256839
115 201 131646257
11 171 656018300
251 31 624706719
170 244 540149770
119 31 735337198
179 211 73152047
283 123 85527379
189 213 141837158
128 87 322372799
236 142 34217704
126 8 43096705
235 18 642714875
134 20 320862357
204 189 288937353
74 60 219238735
223 290 187261698
269 272 510274720
199 212 349760384
156 91 635335270
154 26 437923163
209 204 448355370
113 138 167659839
187 23 361662859
96 226 337890499
248 51 875125310
182 25 939440499
79 293 473169723
150 243 311065434
133 150 575466025
202 55 204545502
216 264 107077057
185 76 562190594
224 263 930937116
34 110 690539694
32 57 528631744
194 290 885583169
292 121 834546013
114 270 313564008
200 155 611957957
76 108 904617012
277 24 225758875
134 208 618480250
179 183 578012364
247 216 277733925
240 248 154065933
35 141 426247123
155 184 134055543
20 50 640282264
127 249 294687670
83 24 880090678
94 52 686930801
120 185 16079760
222 116 182681043
285 62 400913858
262 1 861185057
294 87 438619949
16 242 72659033
210 261 88988382
126 87 798673430
195 221 482212905
124 67 491635956
24 186 934019641
236 107 76587256
278 144 702792269
287 105 650658021
296 150 301332607
144 166 245431900
176 127 464985560
9 4 978590298
90 251 545687719
194 74 923411185
50 150 190035922
142 85 964042181
49 114 675958676
17 152 603519332
89 147 900790081
195 291 846534398
295 218 427324177
106 227 283441680
4 16 562090930
174 210 143362604
110 11 419220205
283 152 700710789
263 200 728064454
138 268 49678705
221 56 379254952
102 2 7929494
199 296 155845011
227 154 764506237
207 209 485102953
188 82 652364414
243 243 905410224
147 225 30776375
187 188 810082826
40 77 946121845
97 298 89551452
248 151 541704253
141 101 400528501
251 28 131009754
40 234 564254662
92 173 98467295
157 116 657058837
180 14 135097913
106 201 791594000
283 292 860054829
127 88 91483378
78 87 386669728
82 279 444664628
82 282 692792255
235 21 267010640
48 164 729410713
294 20 75871428
130 251 430645693
295 108 789411593
294 90 437782637
174 268 720404824
51 97 574082163
78 178 301711441
206 12 911654022
112 298 20932494
252 98 114649809
264 91 992654028
143 273 117904430
35 267 668661037
180 12 160039378
16 186 538161297
291 236 40061893
53 66 912478123
146 271 555938486
219 82 248936383
13 33 260759180
21 48 689874171
101 190 45856543
182 277 316320561
71 208 440343872
48 223 130497657
45 265 330781645
189 18 575349210
263 215 161381332
48 133 929153913
183 197 850710298
114 270 655461197
84 70 419278039
78 251 572806515
38 21 610490922
62 121 970113896
218 217 372080260
62 157 242988529
23 120 884550143
254 219 913451828
19 153 498109724
116 267 605689993
64 50 81363014
202 180 43033217
68 269 11877989
89 30 453061
136 300 694403377
148 113 838823534
176 136 198708005
171 89 477478923
298 107 629105376
73 274 914346542
118 38 875592943
231 291 411217474
99 59 837540695
288 199 594906476
48 35 813812475
77 182 530073040
210 109 614004675
214 279 932021415
188 28 413277174
15 153 908482247
56 270 778130536
251 252 441500079
76 51 618881037
170 90 478313387
98 189 137394673
272 265 968205154
63 226 771282415
237 139 578660245
4 79 156306825
177 93 2331877
75 201 427458098
63 151 660532149
41 278 449619951
129 200 806599492
115 297 879407481
188 20 67479997
193 83 357124223
7 71 799564513
204 74 872279791
128 2 56891784
204 129 120263384
1 191 790503886
101 231 478830763
4 111 875301062
295 225 427337610
227 164 96236530
176 57 117103564
298 115 251427034
62 18 136261060
153 145 184882813
36 100 305774541
171 152 129583131
156 5 950325013
170 8 386881223
84 54 770081500
293 281 384804163
274 156 904287071
37 205 99812638
171 266 697524755
182 118 558762952
194 205 685859103
35 127 653754955
117 34 828015359
130 204 510776618
4 39 656121871
103 31 995974951
118 5 302848558
188 93 81350562
125 263 836078180
132 196 586794849
35 90 242908706
37 124 924683132
243 240 275138366
153 121 625621521
70 125 851433659
41 279 232428741
43 96 12326945
253 284 13264538
66 160 486668552
145 291 568800048
94 25 297058189
299 114 124701164
82 56 33828455
147 209 974765076
219 278 39424952
277 70 145373230
118 113 529930426
14 117 97383609
3 182 652578120
7 27 40522363
154 172 819979287
194 222 234357052
57 3 232377908
211 202 199606268
186 120 941786045
37 149 672588167
167 18 535471231
92 31 685800147
52 86 57441828
223 92 338990806
85 297 264725577
24 190 930071198
75 246 112227153
182 208 86331806
249 94 625490325
46 182 138685425
264 100 153313142
294 243 534216773
140 46 999693558
219 269 888928401
25 53 918204997
1 76 89614238
251 203 675340935
255 84 709213542
160 85 18513487
236 182 790149369
161 145 22010768
102 190 244028111
126 29 406101356
183 299 13324976
135 23 401188629
83 76 947220656
220 78 33261758
106 32 744206194
148 191 279660230
34 178 581409911
102 38 27076107
22 140 299613696
132 265 937339176
39 200 997694374
215 34 819670097
195 169 373024624
250 88 735312801
260 194 871278132
53 93 719768774
282 126 906275051
144 280 421998741
150 1 715220280
97 184 877705496
72 274 56631595
97 188 845959681
145 82 16411101
268 84 952567388
168 43 887318533
151 95 529878077
76 128 46243155
179 271 226563134
19 172 797881486
50 268 4226321
45 91 251698994
292 187 553624482
24 32 16224115
224 51 734202198
263 219 445853192
248 121 42866938
24 197 804903665
278 75 18405987
263 145 857933658
248 194 328133077
168 238 513827067
62 281 117742706
195 4 959550089
109 279 412273839
159 242 63743109
250 189 785236030
188 264 1554078
4 242 618972304
91 204 59489448
48 204 890842141
25 71 843252230
143 184 825867663
148 78 684648118
288 239 436004697
179 97 737537490
287 98 476565030
268 37 182965393
145 41 755498086
200 131 420726242
47 230 976531345
139 254 279656067
221 149 729283051
283 48 731553128
152 36 7723118
248 214 586962514
89 252 472673564
118 220 2690500
111 116 834433340
148 16 838824422
89 62 21281052
233 253 562452657
200 173 976166305
102 207 232681053
81 58 144063340
299 58 270070653
12 146 379478804
227 264 110040175
127 126 610792491
118 273 353224406
240 114 249341719
43 46 42502923
99 297 723443895
4 150 675581353
8 231 878530711
47 229 325845720
51 292 50031165
254 219 232684780
129 45 204255605
171 214 425274430
176 205 463951143
46 247 149333440
169 46 908561037
215 101 28466038
168 160 535568868
230 206 290108996
49 8 731565288
65 13 185127658
45 141 948453902
149 63 266042767
278 238 271685972
272 36 839180918
12 204 383496615
100 118 28283015
37 37 563770226
205 266 428988883
300 66 746525990
139 131 748376703
196 175 544581195
49 75 745931958
116 105 558169747
139 76 230636282
56 87 658350837
71 186 564757307
237 223 625437043
263 179 423953461
245 230 286152278
287 69 409548308
289 16 731859034
183 117 604823709
192 284 158749465
139 122 152554740
172 177 440605679
109 299 78946964
215 236 801077338
109 250 142565668
21 246 541004598
299 284 432992118
106 272 3655885
192 207 201449801
300 98 144932984
16 288 958307757
55 160 628238686
233 20 538222384
49 234 421574571
138 94 842065472
106 115 228683970
3 113 327956053
72 270 888258425
156 161 159204983
57 212 34211332
292 227 71447220
101 34 206581631
86 18 245449050
121 66 605323135
92 256 911640928
115 113 440872242
84 167 331685706
37 238 141113276
13 93 306046688
195 149 578793300
278 193 823135278
49 293 339111011
279 130 419842529
280 250 996793146
214 93 871040201
294 208 37665713
135 291 37674279
141 79 156574368
168 91 692989161
55 37 553401161
206 15 882743353
284 63 344356197
146 94 713962026
26 125 234815928
272 91 475976120
224 84 132024427
289 270 284161170
219 162 407826048
87 29 243793839
47 136 803785875
207 41 974529841
12 76 827472956
160 222 421713201
138 247 2699625
65 270 28271715
84 194 410070398
63 234 441484268
32 152 454199029
79 238 441844310
269 36 857950445
144 295 133827085
136 58 797642213
191 217 335990486
91 106 21230784
168 170 850156254
282 254 398839799
232 68 704947132
151 99 658668883
179 177 269095773
40 146 229216960
284 41 239917254
21 176 888972711
133 119 373255880
218 261 406728785
1 128 76723707
106 162 6700412
104 145 181199679
35 295 884382677
170 225 376591805
294 265 49104550
153 248 263255842
7 20 141059170
269 152 362503840
200 121 496786700
237 174 251640080
143 31 655335693
54 135 117943937
32 221 933465431
108 142 261131907
112 135 837754971
14 40 226317771
7 46 560647390
176 66 490902394
267 18 353073266
267 254 168390791
198 96 787011222
290 149 460290708
278 180 40660028
260 39 744337122
166 202 135385056
37 267 569847
207 274 22259692
96 201 499492710
241 168 953008427
207 186 494568332
97 83 495863427
18 124 668626827
125 101 341541858
205 60 398991196
178 225 70082997
285 13 108954516
132 219 73828889
75 67 810797989
84 7 534882008
162 265 890351293
245 62 981362275
71 131 168283350
149 8 864025750
106 264 707087609
101 141 811117186
50 177 161353098
265 8 836629469
205 83 397593687
45 218 335148145
53 132 2366110
245 76 420154723
272 199 523008853
121 47 476251912
123 153 468027575
183 5 947705667
168 106 50671244
218 122 777494151
186 26 855466785
272 71 931565503
116 175 516347786
277 171 399349261
199 194 781466059
4 15 183841358
115 189 242984310
242 71 62918814
208 239 418760572
51 156 714431393
254 93 876276519
290 64 420126641
244 231 28347415
29 208 296322837
190 158 352898831
300 161 218875097
157 276 758277385
218 217 530709655
284 176 199805445
155 279 926917852
147 284 548676344
217 273 315190959
109 217 561609842
175 245 290299101
112 186 921413458
242 238 830478119
138 146 346261346
274 64 936790714
128 99 549771889
25 253 88392467
76 151 35179302
272 120 540566475
282 280 241152191
223 155 505800587
123 18 881344573
233 259 706799262
151 148 460973307
148 173 91883722
61 300 662449320
201 76 443947024
20 204 150808227
121 175 511825798
195 208 947126377
237 131 190090083
224 5 684523400
148 237 635841510
9 139 262919509
67 286 324034781
241 98 202413333
160 51 97860608
136 122 789810811
14 242 679456637
11 189 81989045
287 177 411534227
170 152 105874931
121 299 791457320
31 59 446243158
139 178 121526496
120 118 754098045
152 29 893729695
11 216 186362968
74 229 109628110
62 239 761640650
206 278 383552778
284 199 628648730
67 19 83305780
86 49 601806839
295 240 202674268
242 111 272759085
287 14 32059665
133 24 72006681
101 97 395924709
62 159 515639548
263 116 83310277
40 152 583994275
269 270 554731293
249 107 483879194
39 101 634357485
6 43 477684595
142 81 68790208
6 213 358051283
86 65 135278632
95 126 932445242
94 140 684056509
70 180 801646660
244 200 96123329
188 200 211460187
181 238 888867688
217 295 807421382
11 136 721219314
170 142 523991178
105 279 402099943
188 73 170206420
129 166 589951260
237 287 897403591
249 230 868695790
229 118 292166342
16 50 64589379
255 19 946188226
288 29 357205613
101 251 329701206
178 107 935681685
72 294 423588109
144 122 309060027
3 110 675407713
145 110 106625443
186 39 862477212
127 106 426842213
58 60 434077931
283 99 214385312
95 251 689070914
153 180 216186020
137 252 783525613
245 95 176051286
271 149 77819547
36 45 290477057
30 230 762663495
193 57 410871752
105 166 271453163
88 148 4345461
99 294 183284311
164 146 332260890
283 34 705891493
147 279 474382539
184 1 80201639
30 36 420752383
286 117 217246913
32 9 614367921
183 114 676704786
145 253 202962085
205 103 697829078
267 266 196039676
209 300 780759209
101 146 728092139
140 29 347098492
78 110 313185979
61 96 585496396
25 127 879023304
45 10 473125269
282 206 801880221
66 163 932189823
143 129 405641340
170 89 585904439
231 190 109021084
21 81 856075264
112 158 52370174
43 270 840899221
90 46 131809547
145 90 41005608
14 123 839940566
186 188 680443528
161 83 450831508
100 252 483365397
39 234 336453038
174 255 631960618
90 66 302606127
115 160 916625597
287 249 248814994
285 94 208509536
45 159 324930358
10 44 801039546
189 256 187182528
196 56 531915331
44 146 615997165
81 71 20036519
250 212 943648236
277 26 700018296
25 12 579675796
118 49 609127689
53 93 966531947
111 102 306285143
56 290 560577098
135 237 987565505
165 33 173154802
129 113 226366073
99 63 708307284
135 91 523864962
82 115 513938325
277 232 662853273
18 285 864131765
216 95 810230718
210 202 181593659
108 88 429052096
164 252 741004128
66 133 453902792
38 231 199708706
273 117 281027996
286 250 467002610
63 279 6447542
135 296 960388678
52 263 801240024
121 173 182557477
180 32 291523564
175 195 660053615
254 260 609177499
197 49 306415382
203 74 695415498
50 111 33745200
12 173 196047578
205 60 643966673
82 111 49067135
157 283 570150459
133 162 915277390
196 88 924529785
262 93 623578796
161 290 238790497
42 244 330988522
91 45 424037832
90 56 884393105
67 260 227423964
91 93 169778526
78 249 521687508
236 81 317260922
126 276 133034509
262 238 415045102
109 98 469711843
5 191 644227086
78 281 924651530
210 71 630504138
214 189 915716097
29 280 298225142
254 57 874238590
213 292 678830271
34 169 856040098
295 182 65921687
296 291 65136184
90 47 717648026
75 125 13840007
156 34 692490029
45 299 97129317
142 27 576757248
135 32 327924604
24 296 625814548
46 82 533188116
44 76 679607798
30 123 541168740
166 212 504145086
243 38 604558062
249 245 413929147
129 290 816651445
198 183 745181623
245 17 369298206
101 40 63205054
248 86 291646735
15 181 40174110
264 262 576348632
203 179 222398495
241 122 770034432
102 122 848940676
49 251 89621365
45 200 260308947
120 196 659228563
277 48 13135155
130 47 858992
64 62 330956524
73 77 216833085
256 280 428657564
50 272 684077985
181 73 849450706
9 173 469782108
73 270 494717859
72 89 648498855
86 65 964082402
140 195 67283049
83 10 343805262
206 83 473256838
291 90 849322869
6 192 976148440
142 124 310807965
99 132 414714237
7 257 809551406
217 28 93017446
271 113 634410563
125 5 496935809
25 87 972239918
38 45 953013352
127 87 15604742
196 92 87445285
235 233 233536708
151 83 155336040
188 141 794980996
245 58 265296875
143 80 225512239
105 204 541278595
13 280 213454934
282 17 572997778
34 196 689256564
227 91 990888855
11 77 867005339
218 228 19573073
9 167 65857814
4 111 353093771
130 253 382296150
121 109 117547354
115 121 183679485
248 103 71981454
125 188 108226449
140 114 141737339
194 176 853695267
284 93 849875494
157 102 102541312
170 157 716211423
292 39 341452327
141 159 760158236
246 273 321781308
31 273 998561462
236 149 743512049
284 289 277270514
174 234 834765789
192 270 502050934
138 126 434461987
249 47 279496295
171 38 154967085
150 230 433870243
237 176 362517068
144 258 154362492
258 193 529887940
258 228 30866328
72 101 500702862
112 44 658919231
297 181 525088508
35 130 165068506
230 52 931952995
214 201 208038124
109 189 963387599
28 85 86713608
219 42 944964900
258 299 351400627
286 122 300274479
299 286 645281723
281 282 88814203
88 17 585929584
45 298 322936
39 211 378479288
14 71 480556877
165 98 480853361
272 16 377930202
272 274 620332152
250 11 632813374
81 61 955172359
203 41 941976392
257 180 27687460
193 224 491801857
128 14 341803020
15 79 11561190
143 243 716109788
3 267 462327655
204 290 75070028
208 239 142752290
281 71 313560950
91 273 98931590
234 282 728985421
94 226 516274596
250 53 245268461
69 119 124005140
11 262 820904934
298 264 570165100
104 220 21783241
184 127 822127280
273 159 829020750
175 1 687745375
116 286 339631708
237 79 370609333
32 29 633517537
193 149 654319255
184 159 618604068
117 208 154708984
69 12 640564203
9 247 401534581
240 219 70433491
242 145 454949643
268 261 497059428
275 197 224450307
259 280 981440487
295 224 109832987
201 159 768672646
69 28 231618305
252 96 108481268
106 156 326847914
138 96 881986885
28 89 87459129
270 56 894712589
249 82 885249037
255 40 575343069
93 86 210263144
80 286 914014403
277 106 212534482
81 109 970955777
1 214 768610584
114 51 575109831
250 130 71990619
179 151 799514674
119 100 949830055
8 106 746062446
228 199 969213031
71 278 126117417
125 254 540412374
206 86 661774183
134 86 983283396
270 252 611507299
200 201 616879380
219 131 601832931
44 250 768460082
251 9 488694787
196 236 449010237
279 58 54206714
47 183 630505919
220 140 409526157
202 26 647232342
150 295 228021445
200 194 328847646
79 164 742202776
161 208 215315777
42 210 633435685
81 157 276938272
17 135 503570330
283 181 79862612
253 153 923382303
9 106 152568828
203 255 388549122
47 206 58949368
144 37 383243831
72 197 13463538
248 291 456987599
185 123 754845756
56 191 728767390
285 225 209902623
148 178 886147475
203 238 124308832
230 140 55153739
4 239 142705844
271 82 856360880
101 153 650468129
191 153 293487671
189 37 126630645
96 144 746390935
86 129 912007960
60 28 106503989
186 230 886888826
117 212 605427518
55 215 637625156
199 237 17362089
130 37 486841094
10 279 261377946
232 168 679441034
276 263 165452277
211 100 75498357
70 159 341958237
158 96 35697866
235 213 866835129
152 267 371402795
59 217 608350231
48 99 960921268
293 160 128498
38 92 625410465
223 67 149161980
199 277 300150431
108 98 288278442
44 7 852209837
261 294 116253449
90 145 988079368
184 256 610393436
267 55 692072886
34 47 883585846
131 136 330936337
148 58 13271355
179 256 971949132
9 115 676526681
50 158 380991640
187 119 972232833
287 260 908194129
106 143 679017036
194 109 449547290
79 194 411658688
176 77 974212823
12 276 669167080
267 154 514490088
250 214 585680202
82 264 77212012
273 202 172267030
157 240 442713089
238 98 259952983
273 43 232336944
115 173 173302589
2 49 82978417
25 112 439291244
156 130 391403049
295 131 239464263
197 265 124269678
60 237 898029131
289 94 529512422
229 31 6798919
11 55 497831113
6 169 989649186
195 171 70871686
263 247 219918597
7 102 155093979
255 149 995830609
169 97 123687873
46 156 919657410
228 144 61004755
50 72 455924037
20 134 783432291
33 192 345593160
270 138 406581682
255 100 88094328
51 158 764330881
29 113 949781429
190 33 82642525
262 131 240126180
23 58 447015775
229 159 146024398
165 179 597105032
156 263 737627323
67 232 740893860
148 186 542399411
227 288 728918869
107 69 544371633
136 10 228221965
12 271 757255895
44 46 882018905
218 274 279507063
216 191 661551993
99 98 673468455
121 164 9938338
32 63 889316975
42 289 384039315
262 147 796682983
294 34 828111292
111 46 602012114
5 89 890559211
61 6 754757337
224 273 650530527
68 71 66343776
175 243 642757539
212 274 343902553
187 68 552840441
253 81 738934787
35 75 851967021
178 185 827096018
43 241 51931606
254 2 678522263
242 277 376036
120 96 319630658
95 270 521397101
233 182 51601926
237 120 600128193
177 72 600927474
15 158 598371400
187 87 968165584
104 129 25114976
161 134 798722129
276 75 421010457
63 246 553531953
220 40 722271422
20 272 937167203
146 208 792568974
90 136 967483345
115 203 816142354
214 89 314140940
249 245 768523921
277 157 69850506
5 132 120361681
62 246 128137026
214 166 159520318
87 237 4752741
142 134 7736849
15 276 278862136
12 90 704547038
165 56 841791279
157 4 665174523
277 280 931661079
282 37 172289563
114 98 387436008
192 63 749247425
9 149 926604562
149 290 676142047
249 57 745471722
237 68 588037412
126 284 654726867
104 140 766222022
78 168 95121502
209 202 145180138
171 67 337408387
130 258 225338201
255 18 678724649
68 219 192283991
14 219 706068847
288 155 892595266
51 281 715489249
117 136 193924441
290 214 96424760
143 122 640324361
32 44 651017628
18 173 109157937
118 179 321749255
119 298 146060673
161 64 294861743
259 51 341981898
124 101 549517230
24 269 906742665
64 258 931349078
24 101 260030251
236 132 65075746
163 202 881405219
100 71 15815149
106 241 542393747
30 101 989799410
172 59 956020212
169 182 29093564
250 258 863746332
115 21 78716889
244 96 474159441
247 32 195254125
292 246 431925678
210 45 556995948
111 150 954222289
9 179 668405041
270 103 553096700
281 271 205925233
144 273 342379890
275 87 8901463
115 82 301914710
108 28 9227641
284 20 339406939
61 281 844061483
260 91 402489585
48 99 160751915
41 68 413710217
40 100 355862740
24 243 536726712
266 269 715561150
228 136 823715131
37 243 973735259
230 278 230697278
68 38 328522758
2 297 135543201
138 97 341635999
153 137 494149619
21 228 696587918
212 3 978044461
23 268 907298281
24 195 710549916
55 284 566991510
165 265 671877187
242 84 309648976
51 137 184786473
251 275 956544669
250 179 145844957
120 199 305784036
37 163 642287138
249 237 350250506
130 261 291091952
197 67 766726187
259 231 786380851
297 172 394495586
73 274 582615523
145 225 605746597
65 226 329673427
173 45 315589877
208 133 771875039
245 82 87771976
2 263 978841836
254 211 121316102
292 169 341446384
295 166 17413607
80 290 330256880
2 186 415519404
250 250 319869881
76 174 832425225
153 81 207322410
143 77 717573191
18 79 828024905
205 84 396711115
158 127 695656036
41 121 396736853
147 201 809602542
227 254 971555927
282 204 691658028
263 31 115753801
39 235 402143633
248 78 340598309
290 95 986401039
294 52 630643774
261 209 40052701
96 2 853525021
148 148 318072673
241 126 16311179
167 160 701470782
146 122 260773964
246 212 304777899
178 160 457873976
238 201 807834170
77 195 38533021
102 207 123802982
202 2 552574083
175 201 194776282
99 141 380666460
277 59 525764019
58 204 949938840
274 201 43165203
72 130 455216462
247 67 461214863
268 195 889185309
41 297 135838915
22 198 749348068
56 124 126449620
237 223 76746112
48 199 571793470
266 9 8282425
57 282 649450425
60 53 749957454
221 51 502918172
35 18 42217267
95 58 851014863
9 131 821880012
276 186 660854088
247 175 833493410
58 222 61141860
227 188 45270220
103 296 194136101
179 55 517550105
32 28 620869855
56 114 164445873
222 209 39327530
136 217 74350513
299 245 117056198
286 191 67253572
247 249 158125446
107 227 62919485
26 30 584090880
279 208 617321187
283 292 765310514
90 47 46822779
162 20 646010587
43 155 403745556
55 205 69375752
5 191 916834442
128 189 727900442
173 47 74367221
209 73 964517202
189 103 900317161
27 137 484240904
140 226 219206602
118 87 147431521
57 182 824963227
212 236 73681732
63 240 406957474
156 120 658283862
250 292 741319109
270 201 701333433
123 141 732462935
183 167 57290423
287 58 591653049
188 227 205029387
161 283 936746968
287 246 713672656
70 8 652862647
43 164 674086866
205 165 935470758
165 134 204966510
197 256 66665002
83 190 285371068
105 228 183944277
53 116 104174703
140 28 397105638
159 66 613966283
114 136 824132391
61 178 649471106
178 134 817882870
235 298 256251255
296 246 929093462
197 28 736726651
16 133 15908079
192 237 985844346
295 76 646483325
132 287 970271890
266 100 883408125
108 212 645365855
113 90 914428940
34 76 431916490
140 72 899161935
201 20 901144563
204 36 347671147
134 227 977878383
231 273 849312011
55 156 898718997
296 122 692288348
21 229 30366360
27 94 439556249
218 127 707845124
107 19 892715847
242 219 208317067
156 174 792536202
254 7 681833880
288 289 127868453
150 43 380261908
246 39 52980529
246 111 675189410
105 189 43843303
105 106 681857781
180 265 845484099
27 206 316332070
245 113 831128343
198 66 110813702
77 105 141232490
229 255 568868033
289 252 69024923
169 197 525111285
278 53 582492973
232 157 860631630
13 37 938927394
163 115 569058551
232 59 652169663
175 256 240964580
176 84 313321685
165 65 571069339
249 53 765442890
71 273 441247039
107 251 776331791
279 234 62769748
61 246 713438736
54 109 621054602
5 40 141418060
119 266 624614367
51 193 899961050
35 58 947842914
25 58 1038218
266 129 112527491
104 287 810016493
47 266 137348526
146 78 628897724
281 131 130148184
34 187 104915623
145 58 941877441
211 108 46814633
112 194 413476042
78 270 610729700
147 287 560116880
137 91 786748866
181 137 725634983
107 282 237406860
30 14 113508243
113 47 922997681
287 191 170561190
179 153 97163349
212 16 16125842
53 145 56067063
4 292 129913550
83 128 531428692
149 9 36944280
283 167 709230061
143 248 819273826
237 60 135613824
217 98 799668114
7 29 993600118
255 240 764854533
149 44 766306978
63 100 998995669
212 182 427964448
255 82 863229808
134 65 442140274
294 259 646109921
271 195 605286932
294 163 277103282
259 221 603436410
76 228 483617301
261 128 331121996
290 190 756680195
10 154 172925129
157 108 366605662
117 242 63356778
190 287 500585336
263 258 496832282
146 3 975095297
179 262 105935569
188 89 134000096
240 49 780447423
88 38 953860965
282 47 931637918
162 256 950239677
124 124 194094170
201 65 372431457
289 27 9558066
22 225 388571468
218 103 14172481
87 43 27444870
234 282 45759518
157 69 540456108
73 103 510530306
142 16 236462913
18 139 581483736
188 92 840249401
96 132 511386179
261 153 200181003
180 71 36253506
61 209 328072800
30 142 854223481
99 50 503376602
206 122 32212356
112 263 613655871
24 33 466829162
60 272 655089005
212 67 679020736
90 79 887972988
245 10 109557410
202 122 597193218
201 151 337396860
233 250 963132109
34 207 280776283
41 18 221967297
64 94 589461181
225 205 724835752
281 116 705555170
116 257 541177500
103 201 472790562
213 102 662050483
282 2 136402134
141 235 646637735
102 20 880697041
236 61 201626711
32 124 993373304
265 100 542453260
116 80 984083275
138 247 387198583
289 49 246947484
150 13 157132537
133 295 740793839
18 187 409703925
204 40 667239396
296 275 545612608
158 59 510995783
113 23 30218082
272 190 463401213
298 27 637049559
281 68 291652460
164 217 536767324
252 101 117071018
290 170 927509457
66 125 78698396
162 121 703930471
121 278 877689329
204 91 41952503
137 114 69039392
150 112 517021519
160 92 632109086
271 7 887092654
95 258 91506355
264 300 939301376
20 117 224599101
168 278 533129273
290 99 66518602
170 54 818140392
72 190 35480606
163 91 555138869
281 3 59281060
218 273 352403718
124 119 739123027
130 83 960232826
5 154 130469743
57 73 917073172
229 62 865655722
131 231 339729527
174 2 516996317
31 165 418406359
299 197 828492861
110 167 891424634
227 290 996485352
106 119 113262386
283 123 169265192
277 232 243192164
1 160 891490126
122 290 844364756
101 164 996284910
217 194 563773626
227 245 63852422
188 54 686179440
173 33 612814629
276 138 492813399
162 172 412960774
253 149 450372205
116 149 138176964
93 22 395410006
1 122 40211721
210 90 108062714
35 17 711650910
108 256 57741016
100 128 498736748
28 103 478793837
179 16 958145108
152 20 772293008
56 188 985794356
171 280 21853930
276 280 367684903
296 241 540283593
262 27 663089061
171 187 712077816
186 286 431190843
285 65 521946197
273 243 245089913
81 146 622403532
140 201 897079219
48 72 813123451
277 99 214900982
79 95 98696723
23 56 880800649
283 278 330097887
250 216 427735172
292 200 344076189
241 173 866901631
153 5 114204977
136 196 536358429
7 243 271538952
157 271 715156551
38 50 759939297
212 124 513949904
113 159 688839281
199 108 47381148
23 152 383279548
211 92 732877372
93 296 54319728
121 183 119899623
50 189 767927766
153 97 872774436
55 187 802124537
51 98 96261661
154 210 123307571
287 161 742823730
34 183 238517333
33 93 132334576
204 185 669365371
131 6 29562306
254 107 404971894
71 11 166266643
106 66 823314829
243 116 179845878
255 22 116660440
177 60 963856400
206 93 1685282
139 178 426739626
214 81 105921062
37 264 5950919
42 269 515703977
287 39 906719188
29 144 746669453
257 138 648010420
35 144 124691993
74 20 865553452
25 278 770492297
158 116 75304426
83 81 807834506
296 169 579951321
215 210 806521789
43 249 107990027
130 277 209646823
34 286 61100360
106 72 463645004
198 197 393104675
102 221 739786752
150 78 594724919
75 212 90253752
132 259 895738620
153 173 893258182
141 268 487784330
220 97 698100058
142 183 495003843
201 288 910857914
156 185 62322710
131 38 765770982
134 187 22888011
253 13 260413422
204 145 289300981
23 297 115501605
156 189 254719272
237 160 466189521
295 1 496581803
89 254 846422890
203 161 492921126
264 43 301629964
298 177 748074402
108 129 55042515
130 84 882885159
162 158 664070007
66 14 205118847
290 250 614021707
10 296 952941759
264 85 282979364
153 39 67779525
278 54 552963267
193 51 330833695
295 159 143599375
161 40 81514058
119 253 892832716
177 70 323329881
175 59 860789882
33 120 203312778
192 83 698418762
55 235 109482100
131 265 203858205
198 157 42285356
244 203 352684266
119 63 542952005
76 233 607422257
243 161 661596626
175 36 812710737
57 68 674437756
286 11 448392191
247 66 128480577
298 196 207624041
102 145 692485250
9 89 478622252
74 207 326110267
230 34 265318099
38 277 665348460
164 151 583836547
152 259 782287714
207 244 918676425
149 242 275982042
26 291 921984089
166 93 262162186
267 153 774833674
219 227 308630632
285 208 92550765
35 246 724459493
246 161 527686696
192 12 215538606
258 270 138811650
34 119 700957291
175 144 863973982
15 61 831719926
300 28 498996830
125 298 365972608
156 34 828115616
273 68 345364461
117 66 431832121
164 257 900229332
170 266 130026553
171 299 864583271
61 225 84896414
294 240 703622727
71 291 708214754
1 116 134843803
208 23 604587436
75 47 87796455
135 164 249819320
107 79 674492577
90 248 849136642
43 118 544944293
113 231 185381217
79 276 397464208
157 47 590839099
262 99 392855914
64 58 964661636
199 133 103839735
153 19 829816998
173 178 80345528
201 267 513414876
194 61 825385745
186 226 864699075
103 56 52877903
62 212 516609449
260 173 312439599
25 236 101308256
113 134 416363740
247 38 750454159
244 210 92960688
71 162 639079954
198 56 76387567
195 241 564434092
69 95 893148647
271 209 766153958
271 168 596697482
69 193 814590317
277 5 729452602
16 251 429080791
126 246 310777853
113 68 901552714
119 18 903058369
185 212 712755462
176 32 516025208
222 55 710331816
231 25 739030736
112 146 142461528
280 122 442834884
33 189 891474186
123 15 170712783
175 179 508379850
141 297 122922967
161 181 692244230
174 56 228526362
282 29 637163616
49 11 287281792
284 174 491320489
163 205 350587962
98 237 281447951
283 112 739387317
217 38 964850395
167 178 449433492
185 39 122040524
167 212 842072880
128 245 60228260
195 46 690144271
286 81 33551096
27 244 52522701
188 93 329028037
238 128 144664248
106 44 662725538
101 262 79731915
144 199 856290805
67 65 705157669
98 192 994874065
158 138 435771810
280 175 619397991
275 201 540730486
175 89 495120530
64 78 521525957
63 184 495692253
100 36 73482914
67 231 82853612
123 297 216048576
143 147 554110519
108 4 734203056
169 35 896124331
11 61 531194831
96 236 842518871
78 51 111544401
134 113 77658736
38 265 705712271
152 31 2687553
215 205 533076049
291 48 696499695
9 207 553186750
217 75 645797836
247 86 155367697
229 233 986935384
300 10 469528934
200 196 452845298
35 233 747093662
257 84 137038644
109 299 478971049
9 41 330564896
56 101 539210602
105 17 393196328
293 15 659403713
189 244 436112298
124 295 513409907
57 194 117855202
206 280 597656787
268 288 173781222
111 96 929082120
159 156 637157112
6 211 147084013
7 16 45582229
187 60 81292444
99 248 637925839
48 71 705484933
255 179 248030478
108 84 490704857
246 51 844253044
168 214 311362591
139 124 425109546
151 130 734509957
263 188 645266924
143 74 803178283
38 225 216128082
228 272 871051704
60 278 89994434
137 138 473285217
245 83 473050420
40 250 226328685
230 89 359574708
28 239 55869737
36 253 706940725
59 147 558500350
193 237 417435974
26 164 424892598
229 276 241763775
62 112 690937412
30 109 222586647
101 148 305459996
85 78 426188636
193 157 369413326
129 192 134734430
5 2 767734177
7 246 907254065
180 271 338703580
77 251 767567655
4 64 294393119
67 93 409884827
213 246 810812174
9 30 661054103
296 222 385720159
222 103 424353002
151 159 569703203
279 165 182498100
43 97 773833070
23 225 772308872
29 228 562887235
147 295 323886080
73 259 528355825
147 19 255141506
101 15 11301480
160 236 852705482
213 138 43843292
216 117 290698909
215 159 10708305
237 233 481280429
260 262 796695409
295 160 647890655
226 233 257452813
102 131 783358232
7 231 504311898
186 142 84694433
219 55 216789322
111 22 963298038
219 288 936507349
175 224 475120833
3 184 346706146
163 230 845656406
17 155 234372790
182 256 471151120
13 14 922078202
262 200 120357844
146 118 195375750
167 228 864318771
5 198 14717710
105 72 715372934
137 127 296142369
183 289 319913250
88 58 110571656
29 239 48989763
48 3 390309076
101 264 145831075
296 109 20777593
245 275 911508272
267 31 108722022
277 135 623127145
262 24 936004071
130 206 549080912
31 45 110248321
86 73 24442759
148 172 780055161
223 272 733913776
198 268 118196684
42 212 854725910
165 231 906799493
238 259 210924779
83 220 242222602
105 101 347399107
168 131 77143403
288 216 960795575
46 63 174539446
158 37 640453218
233 234 183927437
168 27 147821500
130 244 248970530
174 181 354608588
52 15 32624959
254 120 726645659
60 287 609100289
263 275 643076856
289 72 25048770
135 282 145325107
4 214 2253292
140 134 616610919
239 15 457455314
21 188 928475794
60 239 210348561
19 244 534044980
77 56 6195018
18 70 884530644
173 58 46010968
143 244 270691149
149 299 145001314
140 138 787138147
210 129 609376613
223 201 813483500
169 260 315416291
129 278 504881234
260 107 581793789
77 124 623297358
273 296 442703868
240 190 362036411
188 38 726780910
101 230 720864799
200 139 492109579
12 114 142002131
64 282 172634691
54 162 321664920
39 121 463222126
80 249 58922949
189 221 604360597
56 160 272067486
167 99 59885076
28 200 117550305
78 99 766706795
9 162 464809860
139 225 140335293
229 30 3631654
101 69 293776626
26 200 164448875
75 88 205211747
223 144 757043507
208 62 795668005
35 141 466086556
91 270 702920954
286 278 820580516
97 117 485065092
190 97 159274622
143 197 53123042
269 223 748404141
95 49 573447980
141 271 118442075
99 230 745422836
156 265 738720228
111 55 966682698
217 92 773936175
132 189 154999143
75 78 282506292
296 272 625606188
89 292 352553662
81 86 522271662
161 227 886604432
135 77 275168514
223 232 42816278
150 43 12130732
47 259 654851376
274 142 730755364
68 216 85210693
259 264 869332664
99 52 81930608
160 133 182420693
74 45 81047371
205 179 534854148
70 101 44541731
147 3 371163973
31 101 775190883
6 74 77202976
221 194 909748992
265 152 989652607
228 250 517520510
287 162 94273194
80 235 293358638
202 191 233218917
49 261 364309569
180 159 572834471
104 189 677992672
287 246 306236697
62 218 612565690
105 182 879485942
163 162 437636343
273 148 639570556
266 227 7560242
4 181 428209833
272 229 881720545
40 160 558392303
111 16 175388544
282 2 387560641
30 115 925663959
220 272 727425540
13 134 367210753
55 158 221917501
63 124 178999179
4 179 319503159
136 150 30799940
32 189 357431251
87 51 670561066
30 84 597896619
270 114 216640886
180 33 436542857
220 97 952287842
224 203 428880000
24 265 813108875
155 269 545816753
113 156 565255254
104 188 383217594
255 274 572538245
120 55 516242580
91 76 815534593
176 256 788012677
232 227 165679125
225 150 533653928
76 226 384023992
50 80 576865912
254 244 687873168
7 48 303799007
1 54 983035732
97 225 900971886
276 15 150200813
21 190 951353768
149 173 736888994
74 98 726533596
201 173 289688721
44 275 310386252
156 228 255612995
175 235 861201594
81 287 632066947
64 83 91286472
101 110 689273138
213 130 937635128
281 279 830464352
26 52 467532301
221 4 130235326
93 47 631682300
44 254 370206327
291 128 763579013
284 260 342501599
83 23 384545033
106 123 553435543
143 36 517224072
122 68 768956002
274 145 621794105
26 66 609392308
251 210 820807307
150 254 980388660
29 296 628525888
141 279 921534347
292 61 694966122
224 218 997276744
266 61 683699731
190 234 705588850
91 259 799833095
96 285 545482412
155 235 232225521
13 137 22965026
73 165 173313921
12 5 396990152
210 296 326060664
131 272 904328282
227 237 673582494
109 126 571458427
59 269 133453138
153 116 122066222
116 22 372565708
236 35 664117544
114 107 219444408
234 118 654641665
85 27 312210912
101 210 576697183
282 136 1536020
275 244 808984197
253 54 767997717
190 258 647854332
163 73 762979054
71 61 934179188
114 174 994359746
74 159 572046615
38 244 441290493
49 96 297057502
32 77 841657089
3 103 758788985
151 55 754042038
20 297 332282048
251 159 333958720
256 229 696330280
295 95 294878105
140 168 450399764
206 257 412401759
299 5 506944754
52 88 638357030
241 142 185253784
125 45 14060738
114 64 815780086
61 14 7445345
133 22 666654925
264 16 457526371
269 208 746987738
132 165 894713394
290 163 212914251
243 215 278287490
24 207 92369132
207 31 169176076
196 196 276706039
234 9 915329704
130 141 848026125
254 104 714007193
277 124 507632652
114 255 800949116
260 296 887763431
162 290 65133097
151 13 174715203
282 271 975298733
209 219 778474780
199 152 211492688
203 281 313343880
279 286 927842284
123 262 54898707
174 128 144912914
142 139 757770309
24 300 105448351
120 150 121271363
122 184 548042186
206 144 399821556
185 43 639873207
225 245 833191539
104 275 793915124
139 98 684603038
298 23 399726665
111 164 539032103
271 187 167949954
121 58 859735003
36 179 264305438
273 84 698320982
128 269 143520376
186 245 810200620
224 48 103936894
299 187 591252743
36 184 927264466
252 46 617953881
6 16 551084420
59 137 791789177
262 224 514783356
151 196 400398391
184 23 374592711
259 260 501375355
30 183 94090203
76 181 933095889
218 269 778323824
83 220 922170569
216 278 974922784
235 36 894545172
11 49 654825447
18 200 951289442
109 135 888791416
219 94 107204575
26 123 292236809
128 250 237803242
168 168 481023262
91 2 421623533
111 217 451152510
146 203 737560146
70 266 993097794
216 283 334587245
10 143 460349480
177 114 513904873
4 139 10486747
12 18 54031997
5 185 88309716
266 27 188068017
199 189 676293486
160 34 251554188
105 103 558155653
99 71 963397588
95 80 15162030
174 256 793074395
46 11 93477333
145 23 568010102
141 79 297252238
56 97 59527564
24 295 334555704
209 154 392226738
49 11 684634892
153 161 14089262
240 255 36911993
222 129 789378149
16 226 936241359
1 70 769738433
54 262 380188964
292 69 396099860
7 145 91611006
211 53 65358559
200 153 612451721
291 6 20955581
153 297 477973736
145 218 296372016
145 286 137538941
156 38 716993963
240 91 88769076
103 82 488657645
62 89 809760389
67 51 728370793
278 250 348559398
250 240 375965503
31 144 479019399
118 41 525399469
33 185 455663754
173 92 68322291
187 32 783901533
163 186 47137367
207 300 917557355
147 66 287266257
191 95 843458106
88 45 123284145
42 127 845866341
293 244 343083981
161 276 109347917
14 200 80899509
256 87 732509892
40 1 444368029
206 259 760057428
212 105 623705446
268 47 100670640
273 187 508437436
270 228 15445062
162 220 804699957
42 80 320057784
210 145 699057484
170 152 363725722
213 244 550315222
142 149 599999980
69 61 175056736
114 80 3856282
6 53 139990720
293 74 254392848
107 235 383631119
163 28 200588651
299 237 13445547
282 159 890524099
155 71 173274894
28 212 351286242
107 33 899664554
94 198 253159734
127 203 107746238
47 248 439224563
246 106 93461049
64 20 413539676
14 18 213841064
161 299 575264722
211 205 82836893
204 232 33441956
45 90 334620988
51 235 462595786
84 62 370553340
273 160 419447439
235 105 624723144
183 168 643596764
210 182 796126081
173 94 633884932
47 4 520599036
291 207 711616320
198 3 954420409
86 53 129100744
223 188 92029957
14 212 130682416
53 198 351967320
196 80 139515787
59 41 546432820
292 266 733647613
223 12 296716968
110 54 703883074
229 251 863981229
190 88 824159633
85 10 690094373
41 24 569531684
208 128 754212482
179 23 337597813
17 134 733227354
37 125 7458519
201 99 588072382
69 208 410422187
194 189 655433537
22 78 215276477
7 162 847514086
179 254 480248761
14 213 680411588
47 91 925242063
160 107 5820596
65 195 423305972
235 148 959066770
168 216 838734729
154 161 921409817
142 235 14028794
218 241 950725107
56 171 823528712
216 236 615638376
256 283 826505066
70 194 153193625
17 258 142136871
88 244 526982418
9 111 456963585
189 16 635963446
206 157 632995932
51 75 419704324
110 182 686182994
173 149 706996329
149 104 88873163
266 225 316894956
190 241 976805413
61 28 633612108
130 88 22871070
115 277 555004485
12 234 737962242
143 284 639537168
266 93 107243349
11 18 326362249
291 166 124789105
254 131 280282329
109 73 651178870
274 185 513301049
81 14 825715637
51 180 132190065
35 191 501617798
228 33 653060333
247 50 537242778
147 60 830210195
196 103 117312
100 56 20952842
228 164 603459466
49 189 37257702
198 270 849329968
186 72 496639847
150 158 320183490
99 138 100440474
31 84 257115124
108 231 181423135
254 178 580360837
265 29 395317744
159 8 90672460
176 57 495746748
78 254 96669069
45 139 63794140
243 40 804642798
32 138 909693635
206 220 871000170
181 80 795805752
215 33 10472629
104 50 344822609
47 208 374105317
206 83 602015973
6 160 541855626
74 256 724372616
214 251 429240655
263 34 863110244
149 291 826525363
118 171 561761494
122 138 46512479
2 293 280895628
211 39 138380135
127 297 74941817
99 2 980354729
76 127 703948836
191 40 594880338
97 54 120816372
140 202 234713762
154 72 46203985
248 193 884193822
126 194 34076814
105 156 891170704
239 282 546147952
207 132 494755305
87 207 833661832
275 149 479178023
112 297 235946677
35 136 718694130
197 42 945904201
281 41 418415345
254 218 146700191
167 22 475581346
222 12 631680480
274 218 364497211
78 57 920919870
9 31 25321070
84 194 106941467
160 229 28891302
241 177 175244995
42 209 255247687
138 162 462895504
180 28 784116777
26 249 504775288
257 274 404845558
267 52 317198666
288 112 93267096
158 195 885480241
24 106 109621769
77 47 557954497
172 140 571649705
58 277 887417566
214 209 391851245
90 234 123605094
30 242 186376119
239 208 517370570
204 248 507799334
251 105 931807728
191 128 582891486
112 204 474712032
260 127 110722623
265 237 56822251
130 150 312227459
75 291 205035944
20 72 366928185
238 10 14917745
260 265 69924492
93 215 557269496
172 158 583894223
109 269 883722678
40 280 779483505
162 244 231457093
13 126 997506242
123 200 419296784
167 271 1604008
151 260 296757117
95 271 326987482
286 115 38078548
281 39 462994205
155 147 416388925
233 239 456217205
189 100 154128748
81 164 250057473
174 287 135854624
9 153 787641646
216 55 391794658
133 150 465684228
66 135 222142395
213 168 740460533
218 22 456046479
242 6 696128617
298 194 571429569
246 26 138771584
70 251 710382122
94 260 491297126
191 175 848444781
248 59 796742830
276 124 258632116
222 89 938865783
154 58 126370757
284 299 852353362
1 49 601329808
221 294 604757185
56 63 860141736
178 208 639296595
203 99 796342121
35 98 775519080
264 125 608847655
132 46 334406395
166 199 562673152
222 183 562553203
36 235 790263751
95 207 252449896
179 262 199169110
266 139 766276018
12 94 446444968
233 128 778954265
264 144 82004490
118 27 430254387
165 192 859131786
216 166 382232220
18 253 695684306
220 99 370917612
115 277 251736425
125 295 196006516
94 6 695025009
161 238 302269388
77 201 814482483
118 71 490296409
205 235 973609653
242 202 390792970
213 272 594199722
118 191 890192420
281 6 883528248
105 130 286865294
120 223 886983800
280 135 185258589
268 211 104692390
202 81 811681912
111 285 788117198
15 278 449187751
84 190 504930422
157 59 598125313
28 39 981222318
227 143 853390547
121 15 685938721
20 294 72795455
208 13 497947717
49 215 43399997
12 77 991923033
261 91 55164962
112 226 762841651
233 82 368186461
297 109 537084299
14 35 226304294
212 155 779336608
32 226 596238953
38 134 126764366
255 234 37911680
251 246 525010008
36 258 856636298
97 69 128616223
100 54 787665856
160 50 871461264
11 64 821079750
4 27 70870257
63 59 507816582
115 148 169693667
232 102 161193901
263 105 999031898
70 140 471324855
19 288 879776876
193 87 876802029
148 247 765558330
263 257 674751745
113 12 310289172
169 74 210625682
202 240 448556729
69 172 374546383
169 186 179478287
18 256 560308178
72 274 719684665
299 219 272965752
279 66 440854250
9 81 907918106
153 245 458010669
76 165 17952194
109 66 183981633
238 134 787896056
220 54 867607142
58 71 948124897
35 195 591118322
51 245 925203640
102 224 590563058
151 284 311174190
208 188 55600434
28 264 747228398
221 72 746391015
54 61 370265601
109 32 780046054
102 141 679796977
50 175 540843223
272 226 95478019
163 79 367987042
172 282 828961325
261 241 5668965
46 269 503366428
295 189 90228451
10 242 214811764
210 103 399146395
215 256 527743336
43 6 160910762
65 29 18333339
84 243 225493170
77 115 370728151
54 127 66989091
218 173 624803011
97 167 357089400
47 228 152862593
110 137 800018647
257 104 166164703
244 146 51942008
105 263 753501588
296 98 343530730
265 226 117625196
215 279 386959175
157 248 207133099
120 44 177891717
219 91 45626045
63 252 33118033
10 208 920413736
264 203 92342834
223 8 89748548
210 3 155592545
191 19 362894570
287 285 393132301
261 141 399458348
159 12 737755492
27 230 350768534
71 45 600792885
56 54 592007645
91 69 852156147
76 291 394665506
23 200 237869060
67 90 607259978
89 128 726082762
89 140 513842855
36 50 595343266
79 77 180189748
212 147 421244892
49 202 971043697
93 45 995750865
91 172 399824755
149 195 789283306
260 13 507657247
38 153 672571775
151 293 376018766
157 81 120098616
175 159 935219392
122 71 719523490
165 171 506128944
261 15 67965840
177 105 497377011
31 5 736627357
188 265 88793070
134 54 474317774
260 204 581301067
226 113 661717647
241 287 453323005
84 108 159402027
125 24 380747597
120 284 561883711
159 212 407482868
122 294 164726924
278 181 218968588
199 14 882500541
25 274 733921897
91 251 139591861
237 243 842337347
293 78 727380806
120 202 215967129
168 74 131656364
231 232 470199375
98 105 483937268
21 135 962153348
261 85 265021213
253 109 65112638
201 199 738446388
261 187 110153782
7 180 262937859
264 51 768838461
192 218 839017234
207 200 541440017
81 297 226000174
300 70 776808708
99 82 987691392
212 34 332966001
101 287 246449951
241 247 537344538
22 254 511489117
181 217 33318419
293 161 778547336
178 67 866608636
294 200 704985184
267 199 458403905
126 50 198349738
18 13 954806872
70 113 19246258
20 105 531259756
157 127 480668361
225 7 447369230
43 51 647329490
131 228 917238208
118 273 874778407
101 292 708920058
258 117 234332859
195 186 863521671
218 255 366631835
227 27 482109740
183 183 320109166
195 160 996084324
124 202 278873674
265 84 860010801
173 201 133452073
31 54 177714016
140 11 64572633
298 257 486752018
168 227 629734525
203 205 887453751
94 87 649770585
59 282 428174144
134 157 108499198
207 122 469293081
259 294 82197134
283 76 799680187
299 216 785178849
183 213 237042857
200 133 110079083
276 35 128566488
26 180 823764826
11 238 676342459
206 71 133668616
55 29 695589137
236 39 131858582
69 21 317255357
7 71 813215872
255 253 706589337
211 205 8381069
146 180 937739255
233 258 976773634
210 268 298109723
169 225 45315493
284 280 54813673
272 267 334098711
5 87 721655383
61 93 542681354
85 47 566781958
21 9 428192862
141 154 461681294
295 138 702184651
80 48 651989870
102 216 739271094
246 251 777560225
118 274 383633991
80 278 492205877
62 90 902956069
167 174 253579767
225 246 928603476
238 138 743138981
131 184 973236419
33 263 295176966
202 64 237819433
48 61 82316083
172 230 229288756
15 9 810596033
191 123 996009622
212 41 451261748
30 17 882941745
157 255 299430683
138 137 490984166
8 170 286892181
173 71 132748096
5 170 926383757
139 42 575129186
194 56 265599447
278 298 719449921
151 261 479361961
250 291 964633878
295 199 455974884
229 36 415066272
46 43 691576341
126 267 642527664
22 23 7191333
278 161 415643926
215 106 251519433
161 135 859540083
33 286 142661943
194 287 59497485
123 281 391166536
58 261 28291723
129 7 944109466
122 132 991345784
237 153 702787407
221 182 865783119
247 97 857105325
131 9 44899111
13 42 720141396
208 287 891642983
144 161 442345615
31 270 671679976
254 98 923146582
219 271 336153965
254 207 338417518
12 180 561353699
231 178 432608047
7 8 365263656
217 73 783803149
165 32 167588487
99 227 481253547
13 258 885805916
240 211 796311865
173 181 756864088
238 134 409990246
207 146 615398025
57 128 641247702
4 134 739058710
259 102 473403834
59 266 134428665
145 64 486663391
143 129 921274548
58 120 319070210
174 293 771643490
13 282 122856524
59 188 780529421
283 244 610445300
85 299 469709485
246 9 403221086
179 67 836154204
195 211 660151819
137 53 170075899
285 162 37606419
146 88 890922663
136 100 66178596
11 158 49275383
83 193 959115778
282 277 228307829
66 274 369598837
3 204 19308304
206 98 197541066
277 234 533034319
175 270 469143032
193 168 949662719
7 3 583973819
102 65 634582928
136 147 864371720
166 180 767104248
194 245 81839221
230 299 987013176
33 257 764538425
99 233 753594711
269 107 727972932
300 52 6743299
171 58 214065653
141 160 472796517
268 295 415981663
288 160 506582742
87 105 214309238
160 35 942382237
135 119 231988645
260 269 38247577
122 237 236267635
253 289 11138886
4 159 106300344
56 299 440446955
173 18 62854101
135 5 785153913
29 92 835654217
218 251 583953851
106 137 901877470
250 148 986966138
26 269 224770527
261 222 84433667
298 225 663101925
93 280 102298175
47 204 184088992
100 91 625362449
12 119 193222792
80 88 969509242
131 194 498784030
52 143 840552878
241 221 600926846
119 233 360395219
285 230 125701295
61 23 110910727
135 121 788820030
279 272 280443572
127 35 239847742
118 115 733858130
111 297 557373323
240 100 794898317
269 40 632164337
215 211 10471721
185 195 235926651
132 256 972378525
58 142 660274297
239 120 362468069
211 298 716630103
52 115 410930969
281 277 176808165
155 269 621171864
224 237 583504556
160 203 141093118
81 88 673338512
283 219 400891719
207 28 426050913
55 266 80388732
123 228 546816682
278 280 313524848
246 12 202538825
263 219 565158993
78 142 94454581
233 53 538836084
50 185 111215071
114 167 642325541
184 125 243078220
96 180 849776785
180 54 300413865
261 83 129804496
208 81 71806807
184 43 241343177
128 120 580795570
9 105 722328323
92 206 381445859
14 19 89042126
206 255 375044702
125 50 47211533
61 281 320527039
225 293 911621321
120 253 83941701
79 136 14296343
255 264 28889815
77 272 858710319
251 115 349883676
9 128 323232047
286 85 32163501
88 209 755245302
172 269 572866183
10 246 884359175
231 65 3249127
283 143 984591215
78 150 393544430
292 278 324563353
62 228 316484067
37 236 185554346
83 222 574099730
135 61 577714790
237 232 46176310
71 294 279898155
197 224 408684820
276 258 209375814
190 35 923314315
171 78 131295892
123 191 408165219
189 280 135368155
186 114 106979528
267 249 845527688
256 237 103256871
265 7 348177764
220 255 344428039
291 230 28465749
204 171 562070883
71 41 531682313
162 163 943494003
233 103 999905982
239 288 24150296
166 254 48390444
205 261 532904432
227 226 198042090
191 145 780678944
181 187 136580474
129 90 955370596
164 160 925561037
276 74 76747851
278 6 872898754
12 296 204600793
107 161 645953699
202 117 774672259
285 43 636932784
74 285 365149780
117 166 368008066
142 46 707399808
38 209 306639319
26 236 297022492
228 214 791747249
233 277 926181744
226 135 659821856
276 36 838195272
234 20 269591567
170 93 302188503
249 261 280414120
267 103 232734166
74 192 426252226
92 269 540134262
236 196 370390627
84 181 916927303
280 106 56410937
35 81 689748324
259 66 349843895
277 235 234739739
279 236 125114799
199 202 862582253
164 27 402512696
141 170 670467164
2 105 448226212
128 241 608688592
230 272 208971449
218 6 895028481
241 16 441531946
35 292 190447333
25 271 654408068
224 169 53938569
276 84 801471347
24 224 498613016
287 278 147418773
250 105 539635865
93 87 601446036
41 56 992671141
173 297 109055509
71 83 515158000
203 108 365683470
270 83 793562390
290 110 31528925
36 133 653318949
3 172 904099426
75 173 154260982
191 266 320730920
226 58 459920176
19 231 114093424
127 1 780578206
226 203 399146965
48 224 94914499
37 213 877946709
162 300 3272641
262 2 846392164
39 129 3015137
220 19 934346502
292 297 554390411
67 15 53142641
190 193 429684193
147 170 21946047
212 217 484336270
110 6 575826134
170 167 245370633
63 180 696615487
126 218 76979467
114 189 73582085
15 180 845418433
78 298 532643299
70 187 244312191
63 34 348099461
61 297 62204929
283 158 327674634
116 28 28553852
249 90 818161531
187 267 305629800
253 81 792703289
89 147 305145620
222 224 450360618
120 294 194958056
263 108 466999789
275 220 223181837
203 202 853385995
137 18 88075322
288 18 635555163
19 204 342217681
18 156 358561661
258 244 176482660
130 217 645338383
247 89 375820528
2 51 797613287
143 25 932662707
279 227 117821408
25 115 928915525
98 103 316348394
260 121 271702797
193 190 576990904
153 200 305794800
12 29 303532916
147 27 955364904
26 80 358119306
13 274 859895582
219 253 522898661
78 277 674803175
255 127 344162977
148 86 201655949
297 30 552911891
300 183 190634090
299 246 125000870
267 92 953856496
22 170 724675375
128 182 756973649
61 152 273933153
221 281 128939881
196 235 262585507
24 135 162941545
273 131 172225674
215 130 501515908
4 181 474778554
173 147 442384697
120 168 780154866
94 47 138218699
94 108 449238902
98 28 831036883
79 275 65044517
237 299 172642903
233 23 720502133
207 237 138129463
114 292 436352395
19 164 213671141
68 283 130483308
233 128 249940907
84 274 726906814
85 123 936796041
119 201 259444468
88 190 333982366
190 122 67098388
123 80 864220776
237 194 63467267
231 264 642355082
123 31 554740716
182 16 377815895
288 151 868554268
201 235 5921691
194 54 918858043
161 141 722465184
178 82 727168306
217 204 810225785
192 192 473153530
210 122 43246446
91 296 110372876
6 178 12236743
100 165 34540393
220 118 626522728
162 11 324253333
56 223 192776725
140 152 404735806
97 68 533149062
133 11 716145953
115 220 242595227
60 10 326168022
35 67 949863999
78 218 216140416
270 189 999387733
149 102 941434695
133 158 301725769
257 49 414243320
215 197 198602087
76 81 371539197
180 195 996521916
106 254 568421677
28 41 641979195
126 170 742494012
141 191 296069453
25 40 456110854
219 224 993992611
87 181 337212611
158 147 212939159
244 274 431398040
92 153 318259134
159 259 769285240
235 286 42332880
181 163 854671501
45 56 535808791
97 80 417300182
250 51 823399006
13 189 799398338
123 47 602550336
234 290 913487709
73 134 300872761
106 292 7300719
197 279 211455956
28 159 10686119
28 203 326164326
271 299 452245605
252 1 35397355
209 13 229861696
98 187 744849242
133 120 483994783
193 192 818837516
54 50 598415708
224 246 96183738
132 274 249088096
202 53 357171851
27 23 11471749
283 27 225647701
290 287 288659613
185 137 95269152
126 21 153382771
108 214 599431215
276 19 899157264
83 294 526878861
272 125 524928886
267 78 600495191
217 104 289386565
218 87 8903191
218 128 139993130
283 12 629538366
234 137 932605586
4 296 815198851
70 271 725674569
185 105 228882515
246 76 831245939
83 95 101000017
273 63 364309072
238 280 73418710
280 250 116242637
61 284 722642548
278 217 489984036
216 272 902261884
66 42 778313606
287 226 569071263
201 223 370718590
291 58 432343684
159 82 963634747
131 71 828579878
292 103 252826779
229 163 525035062
228 141 592990230
116 56 757558702
299 173 323204395
256 159 189084572
18 59 734594447
208 102 484662904
243 260 892301485
41 142 99413108
171 134 262384610
249 114 373725472
63 93 768006764
92 208 377834071
145 258 18406244
291 214 120430554
63 231 60273165
109 190 521696366
264 133 458216525
200 173 86659067
207 43 332959052
16 44 313359117
40 106 750501809
203 249 986887517
174 94 629810826
69 84 752552639
122 198 629216922
286 58 630522263
251 73 188812347
228 273 120238272
46 231 105896266
297 247 398613109
165 38 228456566
73 240 188416867
241 165 36052712
67 233 94568495
157 107 110597845
230 92 113702502
193 95 146094427
39 22 395042399
110 67 664992229
276 115 218328527
236 279 428776764
2 103 916860056
68 44 60412472
31 162 25323905
25 18 489573963
21 248 955886754
75 192 503507700
201 230 885620621
51 92 746433639
79 119 418905805
158 54 216396235
273 107 889406738
28 226 129857533
300 256 715043094
256 33 102548763
18 105 921591462
223 179 802693453
223 131 787183435
295 181 995299678
186 12 680422096
242 169 946196501
277 193 21079460
166 221 240971485
150 272 346957993
295 279 581091125
157 296 759001429
71 270 846907760
123 244 138388190
209 291 881001471
138 228 444772534
133 169 195513554
286 197 414517646
245 114 18644866
181 263 773340389
73 257 851411767
297 166 594949314
78 236 959839784
89 110 154623579
178 19 64921321
200 208 437166648
233 93 542781717
186 78 303195465
84 22 755298279
149 202 881464041
27 290
56 250
115 75
152 170
5 102
211 240
170 135
256 281
189 69
54 3
271 281
58 291
74 136
114 131
84 275
264 106
107 110
185 71
292 273
74 88
80 48
183 285
265 249
69 190
192 205
185 174
217 215
50 294
176 290
16 215
72 12
173 31
102 179
151 109
197 145
193 225
261 28
28 127
16 277
182 148
74 259
173 66
112 290
31 274
240 287
50 47
77 12
242 223
31 230
75 144
120 279
58 267
145 80
57 85
285 160
170 290
55 58
47 43
68 218
205 77
175 60
123 254
228 4
233 64
259 259
289 7
25 79
210 47
131 169
28 18
7 115
224 198
292 114
31 270
99 111
170 287
293 25
28 292
107 220
178 261
267 118
248 167
265 44
212 157
227 147
14 292
189 285
150 237
259 232
94 181
219 109
133 264
7 211
131 161
173 166
283 8
226 191
234 230
138 242
89 146
137 116
101 102
38 77
60 250
182 48
156 153
168 101
11 289
201 227
92 141
201 125
15 126
107 178
120 249
146 244
60 208
9 282
110 212
161 98
146 169
73 95
195 1
41 241
167 257
98 293
117 10
135 298
227 132
132 241
236 46
253 277
10 47
258 13
111 119
39 171
265 8
60 111
103 211
167 101
145 21
30 16
13 262
93 216
208 292
37 276
252 144
190 42
54 13
183 200
70 216
223 221
83 86
48 283
135 238
258 214
230 279
292 288
203 294
285 136
111 111
6 74
115 62
126 195
146 168
84 8
280 267
52 58
92 63
300 151
65 278
9 257
296 46
91 300
136 199
61 76
201 246
60 66
12 15
182 185
193 210
176 17
127 172
286 280
130 218
196 285
294 194
291 204
255 41
291 82
209 90
36 51
168 109
123 95
279 232
141 56
125 223
95 16
47 251
220 80
117 177
122 167
122 162
202 113
246 77
166 193
295 154
14 253
47 215
146 188
295 78
300 38
105 119
121 146
278 152
28 41
207 94
7 149
13 81
157 260
204 258
163 74
27 199
165 228
115 73
202 10
99 110
280 254
99 203
54 101
193 76
221 133
34 99
231 279
239 46
56 87
161 142
92 270
198 187
11 256
17 64
225 265
218 167
70 205
5 68
196 175
8 249
99 168
147 41
138 30
116 85
278 245
215 28
266 122
77 164
227 277
293 146
12 152
56 210
29 133
8 112
60 224
92 67
159 158
187 238
74 296
241 55
82 103
224 207
70 100
76 53
198 296
199 120
29 261
94 6
117 109
33 101
167 228
138 176
165 25
72 76
182 290
92 64
22 16
115 68
120 91
139 242
61 69
29 37
43 141
249 122
274 211
191 33
260 192
268 28
155 124
165 92
155 37
52 257
76 177
19 166
