300 5000 300
123 64 150209268
90 219 359295260
177 163 125512215
206 30 685278776
65 102 427842985
191 172 65798185
300 253 325508857
292 259 343844489
54 263 507631498
183 120 81561517
27 243 70535132
294 84 100167351
6 260 694024565
120 217 385768146
296 281 800085247
132 171 337577271
216 222 339675123
173 214 911272281
13 19 457755395
110 253 540954967
26 279 240096061
58 25 863324844
60 30 307138355
276 201 700531771
221 248 480157503
19 79 325931326
41 295 60741799
263 219 994230264
196 231 962170083
142 92 440161187
208 170 36409566
268 279 458673542
163 38 213732023
17 65 279613575
139 37 489080623
242 55 975008853
19 96 950680099
17 110 594119569
33 57 249171751
67 199 423468143
53 158 51086612
70 178 55078642
163 40 830578879
285 57 481677295
60 195 689109331
134 188 105476585
286 206 773389032
237 275 32521794
105 7 794147150
256 125 221053200
250 177 1678558
113 299 81151987
254 161 617765626
184 146 771174182
178 257 946942129
208 142 772710616
44 179 279443674
28 115 527883100
173 272 512259158
22 227 47258282
174 228 425558010
183 40 683567908
69 45 132477869
294 228 838536266
28 105 81356674
8 64 350019715
123 159 472050593
248 238 398129408
47 110 574892079
204 184 251510357
237 57 851452384
147 239 130837475
54 59 292227919
174 104 18718946
139 131 644504202
112 138 858693017
278 13 766761975
271 12 847132813
78 59 132327322
208 14 121525357
16 3 330747413
51 149 319221103
125 254 168098413
295 180 642628617
92 70 219018599
293 182 991694137
61 159 290914901
287 181 543608212
151 10 130173522
125 217 562869988
281 284 888955890
194 34 386505590
148 158 886570643
161 152 79177974
277 295 97831144
275 39 23886825
163 99 912397435
115 86 235413568
79 236 538548277
100 60 101726346
187 41 176458129
28 286 466712363
17 133 103326520
12 45 83561224
185 21 278651770
128 48 480586009
4 262 400573307
91 77 510408344
58 155 804707580
34 6 973347391
279 193 285336783
208 272 71423168
170 289 355860353
41 300 454230397
116 236 9161918
186 64 944706217
46 67 400041078
252 209 371114106
48 266 549017160
27 300 768956466
169 30 593802010
52 289 912509681
271 210 964101421
23 3 635147872
120 118 4827008
289 55 23486323
205 152 862496289
134 104 991803398
140 203 646821215
51 281 513581666
268 149 693811096
77 200 69000336
210 171 400829046
82 245 497656448
254 64 295560117
61 52 73191824
35 8 311137575
23 194 262487030
272 33 437648532
239 135 493846012
204 103 404426861
251 231 307244212
287 140 273721234
232 274 659718279
179 227 771982094
295 39 619674598
218 73 18357
293 147 313054450
274 171 929896982
106 109 104595817
217 12 458623771
229 263 733266501
141 1 546066393
26 232 861124866
156 162 166106144
50 156 613320882
47 126 931288106
103 170 129987752
53 143 758772274
86 248 759430182
254 217 350575846
224 145 226020360
177 285 454764060
269 63 290152343
34 218 377325304
129 267 11843059
210 65 971930136
167 220 863691405
270 24 654646600
244 109 77411547
77 115 183381315
274 90 671950060
133 266 555394696
44 286 107436458
186 71 840309976
189 199 378513694
100 160 341722211
135 26 877437530
92 296 151230453
243 291 945514313
41 67 217401279
56 41 572998769
215 225 450605986
110 269 396289324
120 206 418657294
47 95 388848745
240 246 67668204
250 132 91436482
231 223 737624977
183 217 322555019
48 258 900624085
26 13 379957077
146 227 134058002
232 88 322723622
107 207 383589927
300 5 546498573
144 245 823292618
200 246 38418550
281 229 908084124
109 163 86935941
227 210 504901898
163 236 197879662
140 81 132786588
93 64 422566427
66 170 322139286
244 222 524331490
217 117 260173086
134 16 871386284
235 48 235408612
259 156 355986874
251 82 31151736
148 245 773271771
109 136 712894803
48 280 300626819
126 97 932757140
163 40 27943061
153 256 680066030
190 142 104277897
173 76 392015145
136 86 133419100
262 36 503561134
297 235 403065330
19 95 64405117
121 194 621638496
91 72 102521792
231 234 743161283
43 138 237539191
24 28 408948132
21 252 839359
65 140 68780645
264 101 404740632
49 97 513621219
78 115 740785713
294 287 776569759
241 130 191023430
284 60 11318715
67 154 909270753
157 178 850085332
140 198 705148735
198 14 709869574
94 29 925267426
78 78 529977674
296 155 149788440
60 149 497594527
18 89 579055456
99 73 326928367
114 191 621672672
266 47 143354401
249 238 143735098
183 135 572378963
9 281 857672392
234 58 355692869
8 53 322022075
247 164 116032423
225 182 916911464
32 32 827180988
198 145 442518630
22 162 147947228
22 110 204931265
272 293 614310099
234 1 2413431
225 286 68949188
45 45 32571292
20 292 634065456
194 268 502517789
209 300 828951720
48 249 477202317
77 22 504023978
204 44 612018388
268 15 506334280
219 300 601873932
149 277 971388417
189 21 997371762
280 92 829612405
287 38 965704872
227 298 689737323
147 46 328638124
15 174 504079945
292 78 211933540
79 97 743417654
210 67 228460306
41 268 819701182
210 156 577865854
71 135 972460046
275 174 677065235
198 100 756076532
173 298 889191277
148 12 223960803
92 4 203299632
184 134 32139028
237 44 882338147
42 136 51277714
175 45 460423269
29 115 994862455
26 141 288660728
60 91 696852228
143 15 900905025
272 162 230537789
274 5 484741792
105 188 980568125
84 177 76867420
130 270 522997256
195 145 142862400
63 225 786350967
170 250 283075359
97 61 451256801
176 203 980632615
253 174 52357276
41 199 875543433
184 3 957091920
160 87 597969448
180 268 321603618
87 163 652728314
38 277 316693038
156 146 990990539
115 295 352686051
267 222 157856105
82 174 148208331
109 266 547703529
141 149 559641332
113 9 921193470
12 240 662181737
129 78 538916551
194 115 159304828
131 271 223241725
121 137 166871619
171 155 392079441
176 236 652286566
106 97 325514432
234 289 601537532
117 101 460923992
86 165 980541231
75 293 240935560
225 187 679936675
104 69 641444597
129 190 408534685
199 60 432463739
139 287 546380727
57 92 802642923
188 78 929310111
219 194 735990564
63 32 820653728
145 158 357419572
5 134 146500058
279 238 62137279
27 118 242805420
263 16 41190531
53 155 615148718
79 211 112888309
201 150 787145538
64 120 345045384
27 182 707781315
154 27 95084124
25 31 340837657
135 61 456863094
65 139 518918511
184 101 693875527
114 153 226329933
31 232 768568295
92 184 646105044
281 247 165510415
64 25 82675697
230 178 83174823
253 255 260459705
110 141 294467017
255 257 826641355
166 140 118033755
144 5 306140659
28 88 84826442
122 231 109250378
117 211 456206224
231 275 566717249
227 256 261437178
1 209 897785584
157 18 474778876
73 272 54554332
127 189 732433723
33 84 697091228
144 111 268708267
237 232 707656797
214 48 653598707
138 31 304095733
138 9 366929189
67 10 937183197
251 218 208211766
26 291 636877989
110 169 742100378
32 254 922787161
11 149 257784624
77 85 810628355
73 299 784972455
32 188 346327337
16 25 724852345
204 91 708755006
52 93 558495024
269 119 421055766
158 280 123078586
287 11 635113591
199 22 263301439
222 150 944984924
229 275 641930774
35 6 957828861
171 21 164429137
15 277 670652427
221 80 79317020
96 49 865201790
13 258 82861069
98 244 317244931
241 142 265444604
179 116 48684706
254 44 522105680
27 78 44338937
39 248 66963857
75 14 514458685
254 286 324006617
225 81 851303065
66 145 290775074
134 243 679490317
16 235 497785010
272 113 3443777
77 119 154578620
156 197 293711049
292 236 62135696
200 10 742253962
137 15 337788147
153 239 112265980
269 4 486743224
42 189 436814818
110 205 597594352
19 228 84899617
96 4 843715535
267 159 221005583
216 202 469565918
163 101 458858380
124 237 859535394
123 141 455946685
202 109 260777688
177 150 61922177
147 259 29141433
50 30 280396412
66 177 159339115
252 143 893107925
35 110 673525426
104 273 272588178
183 148 204754867
29 270 794032107
113 223 596755668
252 152 51184269
280 298 836808228
264 47 8961609
175 165 866055485
141 116 267701179
265 150 655093389
42 6 795400513
220 188 578360160
138 268 46793182
196 132 312965556
63 136 863620507
132 115 988089204
211 79 988998703
19 5 98732267
55 146 13521782
285 162 806889184
25 204 948400389
37 175 749430128
249 12 922030148
130 207 69630779
285 22 10558766
44 205 101703581
99 115 929755711
201 185 922595215
219 291 944593912
53 275 36343374
36 300 723885377
76 88 132324451
55 36 318931814
54 165 77739572
185 202 5503393
150 297 5923897
230 95 768325663
192 296 449153947
107 266 619496937
270 18 399572164
243 105 591956663
171 232 697083650
273 287 145829638
138 40 132471454
210 224 969974655
54 74 79508803
103 55 744130398
265 247 657870845
64 105 919462410
152 74 394943228
215 69 743718832
29 291 766705964
231 264 65851102
168 153 563184393
21 62 180852969
128 168 76899242
230 22 910575848
127 286 906605794
71 101 545133350
33 5 65719724
260 219 62257344
43 248 406115234
58 230 934650549
111 97 966795102
204 117 432804815
272 244 338183082
165 174 393886503
112 52 368240741
58 175 562916093
107 207 597409497
282 218 871293116
277 12 681556315
263 70 725282744
211 180 818392
12 135 935602008
279 106 57157304
60 270 739960377
215 134 285690680
107 243 647186354
99 101 596426160
96 135 233386029
63 111 449268441
29 73 863295710
224 36 246351641
215 47 309104276
22 77 84922933
125 137 798190503
153 103 917031888
233 209 495536530
186 7 931354130
98 154 142720764
226 216 44410127
66 244 42537451
27 167 71753286
220 81 98852733
195 155 114189661
27 279 898398097
181 184 255429951
220 116 848493259
149 53 93020466
231 150 291453771
146 128 610053587
224 245 287925282
75 272 50351601
260 243 898150933
244 189 766925287
5 267 566348318
253 148 36380401
4 67 315228568
262 268 50079172
279 250 984842022
150 147 910452201
288 71 571145445
121 145 535250168
121 156 49118010
6 100 126885950
292 104 148444217
61 56 764499664
13 111 597116882
132 125 141832401
4 103 182516702
77 4 861890549
277 43 76880419
173 164 722540115
93 36 18106570
202 41 767465221
4 85 232289376
20 145 163493484
183 210 816507494
216 41 892341018
269 44 336530873
270 120 588014476
118 148 961878119
88 21 598563434
254 113 695905669
276 66 4572110
96 69 144004394
72 88 533067190
155 22 208140899
100 290 189486792
118 258 822151335
290 279 648525607
217 97 579061806
187 236 184905378
20 190 1306490
241 217 634932208
150 64 360152128
195 135 325410468
84 41 147723241
183 193 276723682
126 10 1727839
60 51 62801470
218 19 764286066
224 258 593127453
53 277 419349394
243 269 113574810
2 118 295785274
181 12 198270160
148 148 984522953
241 82 471051145
22 207 402712106
113 18 116036708
182 236 51555778
99 211 171147435
251 263 73375112
45 257 11693532
106 10 433125750
231 191 39225213
191 90 510542760
295 82 907735641
239 104 272806999
296 268 575391817
103 201 169048404
280 299 780322214
115 1 299151328
278 97 726842237
109 203 698327146
110 133 278790888
175 75 793643930
34 69 390609511
27 7 198927666
225 54 72842585
193 208 222639385
96 188 265120483
261 54 645929684
89 83 784416380
225 243 646671734
122 105 675964667
262 279 775598041
191 64 930094810
253 142 463022468
119 67 777093122
3 11 840859829
140 107 705878368
222 67 543296173
57 155 279004707
289 131 924697502
122 5 913500306
140 266 989671036
233 208 811236099
94 160 990963841
261 30 801661259
234 85 818720169
115 224 63705327
234 197 464422594
107 254 25056000
165 294 619931431
166 115 504925087
23 255 106311504
210 239 217734611
161 32 934836622
253 292 456545204
111 278 3186588
31 92 502432863
58 25 219404511
151 183 947514864
202 100 28729357
32 17 109719724
270 92 866450630
173 1 927036468
283 161 74088399
57 113 623145242
160 275 351300119
99 58 804445562
261 167 688459939
71 69 399155773
187 270 215537772
295 2 914819789
270 271 115534832
199 144 102321232
118 178 243964145
16 234 678911057
258 93 766372284
228 243 472551641
290 203 713670807
180 26 954152375
252 264 71568696
176 10 980818497
64 32 744375920
147 230 616036115
178 100 666050044
122 115 976737978
231 124 709677822
14 104 868056165
206 145 806822219
264 24 745380496
90 27 483762211
185 202 903213073
34 17 113452804
153 163 833448385
219 41 990236284
214 214 510421251
91 144 17148526
165 209 861718229
181 166 701092273
151 129 76246948
199 218 533821675
209 103 141870576
33 136 520246145
136 40 79450507
273 10 626837599
156 223 553855213
206 66 244447108
132 282 464985569
212 162 688022234
137 64 479744263
84 262 499336732
110 223 113335634
38 255 860108521
282 143 484031312
140 115 453656473
39 22 582517696
203 280 404902013
210 163 777970894
178 74 274813207
64 262 702251170
26 46 658181632
9 207 331399506
95 244 920085160
67 277 95240454
79 117 837797420
151 155 137992342
198 57 211279173
10 18 222290087
155 248 32743312
161 11 196247474
231 88 789049519
14 96 50003825
19 190 973497321
30 9 227259797
236 87 743258113
255 289 846219
48 239 553879327
120 300 646804545
158 155 449640144
270 15 945375654
43 297 171304393
161 10 774246740
237 80 720054682
9 110 721353090
6 45 114689628
170 51 501204416
241 99 20964206
67 270 373838306
263 128 190313960
106 97 597720726
11 139 445793423
3 51 97746384
195 39 32462764
276 100 875060425
65 157 720779821
44 78 259934723
259 18 778001121
165 85 43807243
70 99 427126822
181 205 108186818
6 215 988267408
180 270 856418110
64 216 615159100
79 191 90504051
255 7 657196407
227 50 763526985
249 60 410342002
122 276 4037138
264 97 191416937
37 277 274637893
206 35 199075659
265 214 136034628
74 29 417310595
25 159 57925537
76 165 779232543
34 91 400953944
18 92 424294156
72 265 17701031
209 280 407529228
197 16 636609056
89 221 450144890
248 185 998962856
127 10 380809336
222 86 628147095
258 161 173585611
53 195 32872002
248 264 23490045
203 35 70924509
134 244 71498988
213 140 452340303
268 281 26667975
110 228 930233059
165 54 724486368
300 27 877103353
46 285 478588066
257 89 186136912
10 36 763276875
206 239 325382662
14 72 23975057
153 36 50470996
255 3 237057428
29 164 225260955
39 80 708665261
58 80 252064587
162 177 765900823
127 185 29406511
90 246 296051947
17 151 990131285
278 216 981861908
234 68 531289395
81 74 422506449
209 154 958174313
263 192 989772192
175 249 898109423
62 111 163849452
36 289 108061536
47 79 468650382
145 95 121622384
181 72 285385700
40 5 883955667
234 137 222188941
182 45 326753494
294 60 127882386
238 234 55094686
260 47 132977396
211 83 397667637
99 129 330269615
232 25 251609261
215 205 782036532
114 244 650559188
81 177 907648224
173 110 642877421
66 156 228991380
203 93 79688065
41 104 594515712
288 67 391891494
224 165 353738274
290 96 776107998
150 62 354164654
133 176 217253797
120 8 601697525
296 180 77485934
268 297 455309689
247 252 577457333
211 292 489521937
222 279 60385655
67 255 693077319
92 244 413796366
141 94 491648827
94 278 64536754
290 98 163899461
166 145 864442240
100 112 345434937
240 110 587276288
173 72 497577331
261 46 209315461
115 112 120158315
185 204 265408211
50 96 44158056
28 190 90960733
182 231 56375430
42 97 405599426
82 196 928993789
170 187 855549898
209 59 117472170
239 19 161792667
299 185 675370178
66 69 569492033
76 118 620266229
231 198 34373770
63 79 176552100
45 172 501015096
170 253 85248691
211 174 89595278
60 82 91512188
281 72 580521359
247 71 617008443
77 188 746567112
109 263 235510081
289 193 575486178
58 255 831032156
58 51 18563828
153 273 2523432
196 183 980862258
125 242 540856591
164 223 180083763
222 221 960375585
165 297 1890372
228 106 570036334
108 146 561487878
186 256 214689384
93 13 438532635
172 217 491133407
256 164 301485489
213 40 430171482
55 204 142147204
217 177 156754377
253 93 444330473
124 20 279400230
9 128 282229876
86 65 339709531
170 157 628391295
4 81 796773911
162 36 487655127
150 300 938113866
131 54 92178669
87 271 235403598
263 223 279764390
187 99 824344510
217 107 104654037
92 245 401211853
274 114 840017409
168 169 997183589
30 30 727750176
56 231 160063075
174 113 687495229
194 199 342646751
91 213 85893225
81 100 919125023
90 68 117411182
278 159 389723226
282 184 803266891
90 103 944058459
31 132 8264040
58 240 444852770
33 113 536512482
113 58 277906733
215 149 825789897
239 229 624492448
114 70 953414615
147 99 947302625
72 80 945866008
214 221 282528762
172 3 49032094
263 61 290580185
284 145 92770549
65 257 400298206
149 171 301083106
146 161 222373286
45 274 988513255
260 120 261706105
84 243 590647336
144 156 815354357
57 79 490559811
50 93 638981171
86 76 125714215
286 141 490770523
192 41 76796845
297 238 969686406
83 283 793596931
289 242 665939603
46 77 828953997
181 272 85907005
289 29 380857083
100 130 427100976
22 268 669491451
89 253 497057343
163 144 40221736
108 193 272258173
265 27 670175455
147 67 39904548
201 164 476231725
198 45 482572048
102 85 636421576
136 236 544361458
263 258 644455525
114 98 881990677
208 260 509781473
43 119 976394665
116 135 209236243
170 282 196819461
218 182 200850425
94 131 811976469
241 284 403101005
169 120 759751141
226 82 225940750
2 247 927384047
278 207 59884258
150 249 847721877
266 116 965616011
160 38 59679944
121 7 943336926
245 100 3090008
165 92 619813492
169 12 879397163
109 289 208941996
110 290 277939443
156 20 288479549
214 169 280784049
90 187 674594765
152 98 992603502
196 218 274714808
173 214 849676759
280 78 200061402
123 247 962290314
85 107 533241302
181 217 409886244
275 124 621699463
275 37 530978783
223 178 114118869
287 82 137905019
140 277 241607636
247 149 331109850
257 180 70904479
59 3 11576177
172 139 912876084
25 71 705777652
168 97 317664927
30 71 103389464
165 294 468222193
185 32 525262774
3 172 186707502
39 170 543376950
40 127 155910182
118 185 939087984
195 108 329856574
130 132 684641597
33 300 281382493
59 81 113591516
174 245 757020009
167 130 443811792
292 132 461537663
94 222 789945133
95 261 131227311
276 131 980412895
211 25 4824902
285 154 737704633
233 186 441454684
225 244 737774517
40 170 157642913
200 36 815178742
92 79 553319726
206 224 613673499
190 19 327349912
300 294 765253442
294 257 938960266
147 293 466379171
132 225 53287808
115 201 17351103
283 293 314474872
96 244 265397659
89 35 247898590
214 293 596168813
65 234 706101631
176 234 586123577
117 279 27838985
134 126 508588077
56 9 565528801
163 175 185076353
17 158 775789545
289 253 799721089
99 41 700682775
288 7 940212267
101 123 13287401
283 298 51135486
211 166 34169416
95 299 114697741
271 54 440490501
123 268 747969676
176 36 627426133
220 24 89019137
260 175 947927429
35 162 609987087
153 14 688871609
205 49 511930906
190 259 696934771
206 106 35359821
98 76 993585226
51 251 477415145
126 126 504200681
110 97 240933056
46 57 953009930
126 143 740846244
213 295 200610809
121 200 38405257
79 141 545385868
201 98 896875273
22 248 453977900
299 298 782222550
244 123 66685575
224 232 788189224
279 29 41421880
261 154 84615374
104 118 152949268
12 239 817260019
21 69 128683112
288 269 268871609
60 42 57555956
259 41 787743005
161 284 354886079
187 259 238927662
10 237 528886890
241 249 877723896
14 52 42909413
134 116 565831403
152 136 958420771
63 123 770128640
124 234 888831181
131 244 160629973
136 104 357907456
14 291 689897014
176 52 397531703
117 45 433821451
212 58 392128855
177 191 620548370
79 95 10001605
102 209 105874427
41 32 510074812
73 163 971547955
146 298 125032759
253 63 742247501
19 290 611381404
21 159 773856348
23 70 166804058
77 298 90657448
298 129 920225594
2 230 79158903
180 22 688845334
291 94 511873548
98 291 483470197
8 296 958521360
260 14 880987401
263 86 927238859
11 160 827515981
168 289 624728178
267 286 737223206
213 288 123421835
15 219 258485408
200 262 178728754
248 59 44781844
44 66 772101191
255 25 198067456
208 39 720212341
266 49 329906353
198 268 714245641
76 287 346294926
133 199 88572165
120 265 46951784
127 164 436541297
280 163 523855955
176 259 991477572
118 265 581653648
74 172 905765586
166 190 590186087
118 87 949202854
58 214 631022392
36 47 850837590
300 218 245356406
235 96 798391470
131 76 579365384
137 3 366715642
208 120 823996307
107 245 684711130
293 111 23582619
279 228 520643106
284 286 653137119
28 21 10804217
269 72 717066234
175 59 882924930
244 241 687109057
279 78 26916811
221 37 674449382
179 144 827774227
60 188 59620037
79 218 699893164
236 253 315355601
254 280 252302273
123 249 451821697
208 123 960865655
89 118 68491795
45 96 151072424
107 68 347568761
289 298 944667156
167 58 995616843
103 136 795636612
18 123 441412964
271 128 269000996
243 250 276721944
39 158 414964918
245 298 629605035
40 43 205040382
263 201 507986602
275 241 362439999
130 107 158144408
224 209 66166095
287 279 459664517
251 249 844293145
246 191 83372546
241 282 41452603
58 226 11523653
44 17 123145695
177 32 813300947
78 6 51406088
277 188 517751694
36 163 124474155
231 150 571466633
247 152 26601081
91 149 594696123
237 141 727573456
291 198 386098734
43 293 638763750
189 169 341673633
288 247 137364439
275 275 528052378
120 10 509354292
174 240 24390441
258 239 72122844
290 29 69036144
265 17 291852284
220 60 8052533
153 102 847241925
155 43 866977194
187 30 427761292
277 4 892034218
6 175 417940379
198 49 71645871
290 58 312815209
234 48 985741537
129 64 878830106
113 283 181017165
45 188 756342718
270 42 727952460
115 280 614180041
258 257 613915196
75 14 97425971
253 211 41702871
123 253 18212528
231 238 758588727
120 66 857527590
77 178 895118925
41 223 404945112
210 244 730802605
70 58 361848684
62 15 140480492
58 141 594750406
280 93 86529068
250 268 640206920
29 250 32939509
208 121 628730275
149 197 571947852
73 289 723161126
236 199 77095669
140 20 205761378
76 81 684403192
267 190 110088032
224 169 900756277
92 118 128053796
263 147 104795797
72 106 816723818
298 254 995184314
49 27 526227155
127 14 461162353
95 154 85491424
173 229 308361704
16 247 448721094
300 171 603995562
128 14 668404332
223 28 660159930
19 151 190367435
288 148 969070788
154 249 743905266
8 75 919815980
112 169 80121885
235 93 586671665
138 109 579945811
283 160 359727433
297 287 12545598
128 261 31123578
157 31 595884528
43 19 188075076
182 172 232159424
100 231 451298698
31 42 775104918
115 276 556823111
179 165 185889171
241 148 772391130
226 196 922117968
223 23 910607128
300 231 547687110
228 273 945049028
55 206 655426251
130 5 205045933
227 35 202554074
296 149 438474801
106 79 368653466
128 72 146843865
9 297 377041560
176 219 580167234
55 271 563864464
265 250 223533388
244 4 528244793
147 133 74420298
279 111 486908584
205 106 140798833
105 264 180311763
170 91 332876834
186 152 810737830
97 27 478956701
30 134 368657023
245 98 223206972
132 93 935714327
277 291 738338511
126 270 82378221
9 174 447971078
93 278 391940193
8 200 100174736
241 137 197582187
223 234 606280513
175 263 941909546
97 208 752156395
20 91 834586440
246 67 844625930
56 244 987320799
28 253 170257824
157 97 979395454
250 104 635903505
185 97 286625841
271 19 13636726
135 245 692070689
133 41 443341248
279 60 490981790
218 57 363237109
200 112 987043852
98 191 701826956
274 99 648385253
127 48 712063208
283 284 373221304
223 6 147630074
149 141 514246218
89 25 694243110
288 3 58311369
277 221 99714377
85 120 999241588
189 269 249336630
244 294 445454229
148 172 832050928
156 154 656785112
11 129 969755317
185 29 229758409
54 117 378703933
264 156 21264636
284 132 844543308
61 269 693165879
300 157 406969499
182 100 8728345
110 300 625321516
189 155 745168870
252 217 359928950
21 101 778205778
229 207 397102746
214 222 659961101
201 205 57762632
160 17 658777152
238 69 745015808
88 250 723338260
232 111 94646111
248 299 865969865
169 3 968079881
218 23 548606234
47 251 121795140
292 216 86922413
92 116 797266717
75 275 910091486
27 264 572121954
186 52 737727455
197 35 999845865
207 282 895560815
123 202 81657417
256 171 232923691
241 217 874085342
132 208 941395357
244 51 308634725
260 178 967830399
97 256 317180963
2 141 616172266
156 90 21016300
172 296 9550934
239 171 179461387
7 126 38160258
98 66 68886026
191 197 963708734
199 140 940138536
23 151 203421713
122 300 264851768
236 1 721960861
101 157 298087250
52 80 940393397
285 18 514849167
172 25 694567144
281 122 28153561
6 64 637403557
291 262 314272248
27 285 856026351
291 158 172757350
159 93 689103550
219 245 995308758
120 296 91218838
68 281 724910955
135 204 683075231
130 184 346119004
191 189 440643967
147 180 760561829
47 258 614507313
97 248 822827170
198 106 555218714
299 76 575337858
257 247 756717253
46 15 108907833
100 201 516403688
283 30 312332371
286 220 270612612
53 119 502436791
81 165 652976148
145 13 925652395
66 210 437833653
79 208 911480780
88 216 644681027
40 261 282860493
25 113 488351993
212 95 808239022
35 132 270675142
46 184 365580260
288 16 259742976
135 212 956673288
281 29 334161249
285 159 81310408
65 246 193429524
143 286 466770136
235 62 773726848
279 273 502407594
300 59 146415026
241 104 998909461
52 91 820452729
27 277 78068492
66 10 594583921
14 294 777734079
222 110 55373177
45 4 479185762
232 290 715628723
180 268 281105747
25 268 487949206
2 260 459288061
215 64 845042752
195 90 855738480
86 208 564511289
58 221 114227535
189 142 416367996
265 238 115613700
78 170 347341489
252 101 599903357
98 177 534054676
55 231 567954235
116 145 772214998
19 91 406579940
198 228 427722347
139 286 22319819
125 226 566650061
220 190 811691650
19 19 371698371
160 270 20397071
268 67 817744400
43 174 57639030
129 289 444023126
227 59 797349416
218 256 48202743
116 146 643683380
234 270 361525405
194 190 109618346
196 260 367147964
66 119 702259333
89 86 248574552
288 180 494042825
169 9 750468565
194 287 862894523
9 204 539575530
103 71 345022876
183 4 98496797
239 250 511332586
185 145 256692998
200 262 976886816
185 50 829366454
236 89 348186585
212 9 248785093
176 202 8409679
250 262 886156634
279 117 162264656
206 299 154020860
103 289 133108009
188 173 763734105
37 125 417597518
5 9 115095320
58 296 673971908
94 259 856899017
87 186 107899770
117 135 224323584
103 165 254373200
158 71 841731998
269 173 52958086
29 112 997669811
233 149 895531487
203 153 448802447
222 262 906057242
29 55 318887752
197 193 732729837
19 10 862994371
102 164 101773235
1 21 646605657
250 290 890955729
187 18 903705093
49 3 89030393
35 205 423818445
81 126 294984758
174 206 345683212
225 155 529731605
213 173 708055966
35 274 766812929
22 26 868267149
78 275 871472190
59 161 57019708
151 210 746192862
143 296 651556466
39 129 593238543
196 54 392694648
159 31 611856502
263 243 211140226
180 278 709836699
208 299 67351824
9 76 977933950
98 186 494541163
257 36 467359624
170 230 791920819
235 268 622059899
229 215 11317753
77 74 131098483
130 88 714131925
56 268 328445154
6 175 223295052
282 235 750319980
231 85 800475665
145 41 129983553
268 263 975357682
139 197 465449202
137 178 42726516
189 254 905389189
23 135 288201529
100 242 194186796
153 248 95190622
205 229 859480157
136 211 63560293
200 56 59418033
52 75 3311647
186 213 989248544
287 50 20532673
2 290 932309626
143 65 746501312
71 164 969215254
18 16 15320853
139 272 99653581
247 159 757696443
139 59 631474250
124 162 40862977
70 47 925267089
265 85 611779190
37 139 111717032
114 281 556179096
78 103 511813659
231 172 159582226
83 62 722779850
215 61 951726508
9 199 499414218
211 74 643310180
187 196 63804778
75 212 373830863
65 1 468631301
96 114 106111633
243 191 574473387
201 173 67903358
278 255 534108519
27 221 685085379
287 230 584394230
4 140 143969455
235 26 367122702
213 152 243102514
27 216 644957914
227 63 357514879
211 5 127274722
297 257 923452694
6 287 613886001
24 13 150744573
155 299 439208502
236 55 668301093
90 289 26368970
244 201 438679222
257 279 369527389
22 257 78114152
252 167 825651308
73 215 123952517
119 220 132600003
171 296 426889967
143 150 106032566
97 137 226991072
189 278 728042960
59 221 378025713
80 229 550770191
68 250 567424048
171 202 534098914
31 26 877784529
199 196 518900600
1 66 139039295
167 209 128318696
84 5 71133032
55 245 816484462
67 3 26462982
279 134 501720163
169 202 34697564
16 124 982910065
82 206 31181443
62 104 250448038
261 104 107112204
208 23 604434864
3 158 181624520
287 265 506982264
300 31 459393419
233 9 625020852
95 229 225908305
259 297 340169929
75 130 498489734
217 191 824820238
7 203 304277793
162 110 363752367
277 165 109276525
96 203 620357689
211 202 477555171
29 134 206378331
281 229 357597359
185 239 203669007
265 13 426175836
251 282 755418726
40 288 415330981
232 149 839919190
199 125 715051106
75 272 259343408
215 182 141796909
85 263 93907295
15 295 764878375
225 231 189407713
132 196 55438077
167 146 541634558
145 237 750961545
25 168 495563945
66 118 379876621
272 244 438040444
131 158 177037678
192 242 56261740
86 8 553249834
12 233 893910264
124 64 270929311
300 230 182796708
158 74 306849044
54 150 799880464
151 216 25643333
123 239 93414177
67 69 476067034
244 260 651157076
83 97 677578983
268 108 912930115
83 231 413395830
146 283 900119260
53 192 686068185
249 297 186573587
12 147 389038302
244 270 713546140
120 36 271956860
154 279 353551020
181 113 757268616
215 132 100504376
182 214 867633306
211 59 671642540
222 164 349133931
59 112 356101728
45 123 40626226
246 118 930067695
137 290 167499282
96 143 77442312
67 75 716158524
135 289 194446807
10 222 701184721
167 133 64850631
7 54 615724894
89 112 365689257
116 208 262107831
42 205 330623949
288 41 517168138
270 189 297807432
281 255 176215258
157 141 977454246
163 150 24519920
83 17 173259052
166 23 881339957
111 163 834830821
168 279 220305228
98 72 279317833
198 59 577931125
235 28 535585613
218 61 210865020
275 217 361037960
73 79 86608810
92 214 960243578
243 79 801068452
251 189 810733714
71 108 197857444
151 206 150549515
83 103 303910326
159 90 120406453
72 59 235029265
43 34 658904581
154 158 438995560
115 249 129003273
92 243 646294703
143 245 606594743
109 16 228109003
52 218 67912608
67 52 14178562
244 210 584075003
148 33 75409362
113 75 516913247
293 229 886040904
4 95 59828604
228 187 211535398
230 81 222501242
225 189 927556957
27 293 104556826
86 111 327785977
299 54 27691887
54 201 592376519
167 13 85221246
65 6 867264026
68 61 877630020
123 289 76562806
120 270 970163539
61 194 516649579
70 272 913878371
295 109 164915781
272 108 573672134
210 213 113070235
128 79 870655699
225 143 652816756
250 262 751065317
122 136 146921005
179 255 339194874
17 67 786998020
96 136 865923091
218 183 201431752
99 206 102669859
84 115 563777823
270 294 955132301
221 219 351195595
176 220 638008608
192 41 875399943
248 272 127421349
222 288 764057715
193 135 417898703
135 105 340984785
186 255 713618290
96 38 416007456
218 60 188012449
170 280 819887219
264 155 178895791
123 99 142668183
65 46 640283554
13 19 494421794
80 211 221732480
282 46 736093984
66 231 54938438
107 79 604454328
262 296 497711887
162 166 310399518
281 181 990301272
71 56 846031522
253 120 171994920
159 185 307386338
52 264 744236501
131 245 348468498
15 62 321514080
204 220 618559458
131 233 803382454
169 94 536148071
186 126 168051903
110 248 337102558
131 253 771216330
250 111 745298214
140 214 728438629
240 44 286019925
189 110 759026886
68 66 418626857
26 196 975794589
31 117 323575234
253 2 429339660
55 163 177016359
265 46 4240811
294 47 256329273
259 186 575187186
187 177 35063382
111 65 519535491
148 133 788574656
104 210 446635204
44 240 991429020
77 192 585871973
288 298 72781688
147 262 445673333
257 7 729058179
230 265 82838917
167 203 398735693
148 65 730249710
239 264 546378694
146 67 465682103
1 162 996575094
272 239 675205737
245 226 669625934
184 124 21970948
116 81 650940754
94 62 6866271
10 228 965669773
155 76 518403890
64 66 571579153
157 263 396338772
211 264 968477333
256 287 464086423
192 283 312505701
177 166 690751524
124 281 455581056
130 75 10807217
100 136 636649897
24 290 515656124
13 105 19877741
18 13 937889403
89 223 421359018
21 178 461715605
296 121 497347487
196 298 601036353
219 121 70971885
75 2 931179559
43 101 822047347
291 177 289794588
66 241 64670993
206 258 545571605
61 98 50694880
230 171 576615909
34 166 798540430
173 61 238610727
177 31 771314099
161 105 47591301
272 200 926824953
218 242 227201181
205 8 614607522
49 213 365655831
206 25 24168529
285 255 263655651
293 40 843170916
174 264 927736376
300 140 60619906
51 1 697402563
51 24 701407914
203 241 709285855
36 197 89208862
57 246 713571027
139 151 520261751
19 187 635672757
69 231 669003297
284 105 822633560
11 104 550116252
69 154 69906904
283 256 165701427
96 211 659547167
202 246 546271415
264 54 38028812
42 192 680390962
92 263 81601800
201 31 113244531
297 67 426375935
108 129 112123090
59 249 89283744
114 283 962998251
140 78 955058861
106 32 997699458
73 295 853011211
284 36 591682655
46 179 90398669
45 79 907782199
275 127 444553217
61 287 628448098
251 97 520086746
46 211 521904429
96 50 335309058
109 208 669586489
118 280 466461935
129 263 439506422
135 60 961498053
103 157 668109583
153 183 80860662
22 244 22384848
19 194 895314744
16 291 622073606
244 86 663330156
54 246 236180615
194 64 181863694
81 244 243440908
2 78 248786868
206 232 132019724
189 136 858900358
50 157 3288353
197 175 824790446
192 243 970239436
150 238 402633574
105 291 77031719
71 237 696166034
264 17 260531377
171 18 66843106
190 276 205499889
65 164 584283925
123 265 500264781
175 161 434406908
173 104 906797050
160 5 144372339
285 109 777409130
56 179 33042966
189 194 230252134
266 117 103510351
223 6 24381078
112 71 103424841
136 245 126535005
68 171 116096417
227 43 819940173
28 255 860139877
67 239 752542038
96 294 733327268
113 183 984359262
198 200 454111630
300 174 686338535
78 285 370608757
18 172 365822653
275 292 822752224
91 218 271220618
63 246 681467272
92 12 308642111
229 159 82293204
48 23 551102938
9 220 975602689
190 219 422635563
25 296 950217799
33 66 142633323
286 40 500146914
161 130 309681831
78 245 183067828
250 88 559644539
112 16 774370149
267 115 7771271
5 176 195132742
45 65 439964913
259 141 914132508
158 174 278609425
280 211 954897964
93 71 764127246
175 200 526237442
203 149 101368429
293 12 94578596
242 279 239195210
264 35 372093885
258 79 947386250
170 38 356443542
129 247 117358167
154 226 595952777
217 70 320012299
214 244 708240999
155 198 294622499
183 191 387798911
30 184 922579789
240 147 155100775
76 104 355931853
277 273 505257642
19 154 700779588
285 7 85131013
214 275 863491534
264 189 493026630
162 43 156804127
13 278 119501269
175 7 302971852
263 298 567503499
189 126 813261654
141 102 627694879
183 172 777452032
222 209 541142538
187 122 726180712
220 85 96693800
249 299 31435595
228 11 779258172
96 185 139772830
148 199 352174780
98 87 788557905
151 279 101341158
229 213 794451730
212 135 837764138
201 73 827231159
113 292 787897795
264 293 575488693
210 272 189659055
133 67 18207791
63 266 836231041
42 63 798829579
198 266 114451610
155 246 435838422
284 158 168802308
73 58 398474280
231 222 840862224
278 238 136476416
270 147 147153687
77 280 992395305
119 94 122656771
60 187 957957933
138 84 16593150
247 238 221224596
21 274 201820653
280 46 204556562
260 29 103096684
35 6 699167521
102 27 876721019
140 155 415015350
244 274 453823343
66 33 50352481
199 222 288127964
48 221 973523654
195 241 48474927
147 220 55778624
209 231 970149552
244 265 284518209
216 66 574373288
34 205 29373842
184 201 520244015
178 266 735731199
59 216 622148621
22 16 146464241
27 210 597032833
5 109 142656704
29 17 34326487
132 12 260388051
293 227 514866869
180 260 92400273
273 195 542932625
288 73 284087991
138 131 978857006
158 204 496349173
150 283 352756383
134 287 454931991
90 67 7432559
276 251 113354770
126 243 324382496
146 174 369753107
71 146 811965602
195 185 957359674
285 23 708804156
43 232 354427011
167 134 867751893
149 267 2286432
291 56 961292898
149 83 272469900
70 261 515302942
165 106 969198015
24 176 516045313
25 71 823572497
150 107 480027119
157 149 960074151
67 16 115210536
12 216 837436402
295 207 826957510
44 107 118100344
44 229 118736604
285 93 196249510
152 168 295555685
216 192 959587755
112 41 324950062
83 249 223015962
285 16 150134629
20 79 311578797
21 73 162280455
182 116 709672161
126 159 772141389
29 196 674070634
90 99 785213001
275 14 770050445
229 177 585942637
42 259 794210086
4 243 601796153
84 262 876452731
80 35 325498955
34 268 910227722
147 145 903108933
187 174 671961880
20 263 38500930
73 289 666255043
69 218 83829419
105 259 623767530
90 14 393627172
194 98 213651586
24 229 68760820
30 263 490945087
152 161 598304732
236 47 509576357
215 119 421009471
44 243 628159760
238 11 943131329
8 115 690874239
37 257 94404453
61 150 8889302
46 226 745907582
65 255 615223396
103 158 179025256
286 145 61970903
94 59 643163673
165 154 855300215
276 143 320947325
4 151 478563991
94 239 269843947
198 299 1616049
151 96 697816674
33 212 388977480
228 15 132809838
36 52 389971734
190 146 127392345
162 62 383572598
128 37 529800241
52 92 502421043
142 237 72686181
241 135 339255532
189 285 663264327
62 69 965989739
293 297 590893205
30 84 136279456
16 273 964241201
60 186 200820614
257 13 769144750
49 116 169893993
291 9 241426230
224 249 930662264
155 189 951524100
181 250 197402969
171 243 136038617
175 24 946456300
283 91 395659624
183 150 126812261
249 159 142698073
298 207 469297088
243 250 585173296
124 173 612686997
87 79 700937885
138 11 400258987
206 182 99627781
74 56 931854104
25 38 991942395
248 273 407284996
160 221 708938154
32 270 131734813
71 264 325579662
67 87 68191586
115 225 846309764
299 63 28231226
185 20 874913007
65 94 682281015
21 170 586614704
67 170 404671628
262 29 337272400
68 61 6078122
80 183 580982785
41 1 155928972
278 115 514095296
293 114 459522210
18 50 337096330
225 167 987888975
239 239 358356444
94 5 696674713
222 18 129656042
21 137 652514854
142 216 734548236
227 8 813445837
150 285 354411003
297 277 205865268
207 295 768067618
136 271 845678536
262 261 518035774
257 54 482114430
70 27 145199499
263 48 216229136
268 241 826938151
155 219 7938911
43 68 122390295
46 65 574151124
213 23 538936270
182 210 891658740
17 171 19632252
142 127 656955157
23 248 208299084
222 262 863452783
9 229 775978023
11 136 231890294
21 178 682085861
16 223 198209077
39 188 387265799
160 69 438868708
199 138 193423130
2 279 156769157
158 2 730614204
93 275 897130666
75 283 161349746
50 293 257819681
243 14 852502659
255 81 152326033
84 171 510638720
182 30 400541041
242 280 815195178
171 281 125153256
227 190 517562409
283 283 137622135
300 109 349045217
297 210 536318862
78 152 2349275
88 159 427075807
72 242 679616877
192 123 151425106
184 116 586675585
261 287 857516917
68 265 768387906
229 299 232620340
63 298 113667001
180 47 187505910
93 124 686027362
19 263 996349920
25 34 169199013
201 277 886807735
158 160 145593851
42 120 138980489
10 240 23736805
167 168 530477004
7 230 261364453
7 161 377748899
216 253 137450022
29 271 950519536
300 295 116767122
212 247 146831498
299 104 146286410
201 197 77810681
89 206 919073920
293 73 40154887
248 79 431192069
201 137 441230681
199 104 754073234
73 133 929618056
208 184 542424603
129 96 272109749
79 146 122614953
188 46 385648501
168 186 213694607
140 230 80173879
226 178 70223009
46 130 297508997
27 28 97021400
12 152 859820284
19 60 434771920
21 240 138558967
270 70 710505512
74 9 1238109
126 177 297220894
32 16 327223375
62 293 916689852
222 91 32017481
270 169 50955161
122 180 110952912
157 250 15046623
76 271 880003415
142 292 852654784
53 117 931803493
61 242 195260221
6 26 562098888
181 87 72474380
284 61 715127822
217 30 226257190
177 151 64968421
40 8 160879571
263 135 56415241
229 277 728717884
264 81 447886100
256 142 304601093
228 199 660041118
215 79 299412757
247 63 292939017
120 31 643161598
110 259 447101901
82 298 417096560
252 12 987917494
144 240 150640022
27 204 763253303
78 211 679511796
71 139 196636394
140 105 494366825
296 103 489392939
212 223 66248569
262 32 128405227
162 113 786815824
121 117 909043336
214 12 227607527
88 91 742646830
290 168 90997441
85 290 320435931
130 130 140544835
254 125 328831238
192 89 600422960
212 50 34093543
138 211 694811407
114 83 743456123
101 48 941475635
27 135 17587825
157 124 272195144
249 260 9898686
179 90 38223215
265 95 361614191
102 39 420494279
213 250 563057780
55 140 383890242
114 253 300088224
288 105 4601924
122 131 943038658
98 39 583684434
294 287 753534693
179 217 354258534
245 182 27706429
135 35 115787667
114 248 537267168
245 54 568033807
287 219 847419759
110 207 989501063
33 80 221885246
143 230 287219136
76 223 276500175
20 153 510164291
106 97 833789024
234 231 723689259
152 96 485320658
71 41 152776763
78 27 420868982
88 188 885569788
203 273 193387519
148 115 509393648
183 242 958299670
9 261 255036974
300 66 732796070
275 51 605707501
285 254 146781896
242 77 771593388
57 154 11515866
38 241 166637554
277 195 94076726
295 94 589388392
295 29 236256985
216 37 935700845
290 36 599527563
159 63 255443565
11 47 871752871
259 289 985722647
246 97 17903052
12 186 963197492
17 162 221172439
294 208 308680432
85 202 365456960
169 118 668002197
265 107 578996784
179 17 932229746
196 28 303906693
166 286 31864633
264 283 268880329
215 46 288339114
106 62 828327127
296 55 82231886
228 191 706930688
187 111 218272257
183 76 18777215
267 6 841241631
164 201 996405710
108 118 631051347
40 81 516771930
120 295 517599675
33 153 800172137
211 148 163598743
297 75 344751534
284 14 432403844
192 196 214772871
206 214 291386177
288 130 622720029
150 237 228010947
296 277 945497927
177 96 645600374
52 181 438999426
40 91 251900225
82 87 687950500
67 122 817639913
111 13 308970660
281 270 740939526
157 10 45776255
38 159 379903891
284 206 627703419
62 83 58055167
187 186 959298247
112 277 12276137
237 110 151737076
188 177 84611749
152 287 29172414
63 19 4196283
188 228 408474044
142 265 385895054
85 300 420027012
3 61 27641846
69 248 726339231
67 111 873840359
156 99 928711268
31 286 940736196
79 189 489802634
192 252 790683453
27 139 987281180
222 33 702315844
28 169 16314743
39 223 727292155
184 292 480848454
266 110 568499417
24 265 389628915
243 47 337220153
39 178 81429393
224 69 78710944
76 147 775037035
155 69 216183919
250 148 782055487
44 186 952871509
251 69 786687152
156 34 242800662
172 109 38520878
287 51 473068525
191 141 483571702
283 65 99202822
79 140 324158169
13 47 271944489
31 48 328456836
217 92 913722221
77 94 907898841
229 249 37325926
242 121 175843834
219 159 104680184
243 101 617087525
144 83 55384841
166 213 505222880
86 225 511431878
126 7 923811326
261 275 463708669
33 52 858416062
225 32 441298310
150 273 633371182
183 243 971747240
266 186 351195692
242 81 148113227
282 298 293727139
214 135 563074464
191 260 24855470
216 220 313641997
136 4 677272848
97 228 459984231
59 77 52060455
140 259 492022397
132 277 105454934
223 218 523413415
149 252 550133364
288 165 657256599
103 55 969243958
224 23 667068630
20 158 664452833
219 255 574328113
149 13 728987689
103 204 9308100
300 35 667453176
133 258 25543145
99 158 286446496
63 197 807902460
213 299 953859267
270 223 795611889
299 294 501901698
84 213 78628404
96 113 967090316
236 216 358207672
87 267 518695006
162 151 504780715
259 250 464578025
254 64 839297721
166 276 44530620
184 245 810164894
224 296 449842539
121 131 788320051
25 278 990614364
292 213 108785931
163 300 782340797
121 213 969250247
35 223 45444048
211 229 708539211
232 94 320825038
3 29 146512783
48 252 410220130
86 72 923883560
89 148 114347537
204 140 563116101
234 2 279497352
282 122 783460817
180 209 100549639
28 119 369726667
290 102 251410712
228 104 699461040
162 203 214522243
143 289 593463315
254 77 619945362
42 32 113575053
94 265 727527355
146 298 538046328
214 177 49912688
152 256 727704459
71 298 410719360
82 277 848520716
174 190 851273418
216 84 868820006
82 37 394513234
96 78 418967465
248 223 903484981
154 68 630406578
182 33 274015207
221 185 879754914
79 7 8681263
91 88 129102939
206 13 92565428
275 281 14321563
281 62 113222199
166 209 61163928
83 157 421262851
263 10 325532670
193 243 557434203
51 164 70033439
164 294 233057045
27 84 150432084
217 41 374135949
245 16 266174529
107 48 125043842
58 265 570689251
137 47 569202159
87 62 995593568
209 254 945458863
63 4 616194378
101 219 735504571
197 245 419141507
80 162 515625899
28 158 23714814
8 16 369777313
50 125 95810278
52 262 325813876
210 100 110756737
129 8 786078142
43 70 625793297
120 170 362173468
243 118 151383564
201 198 122526525
199 277 925716834
265 285 722759702
77 86 479393678
206 189 404266339
134 150 623673239
122 30 315663398
116 73 185154668
164 192 7213189
131 186 14896007
95 86 211151556
271 285 117599432
57 249 705446868
158 77 99737705
187 35 871161193
126 168 441435842
216 41 658671572
13 156 320843596
232 20 191629939
21 150 859051525
279 296 594766210
134 267 766916246
265 23 399216446
185 232 861444123
189 118 806958609
82 295 709057428
175 210 531013668
298 275 763938176
193 206 33624247
32 278 849728996
56 256 68668692
217 141 665486210
63 158 713382032
208 42 492664915
182 230 777695832
242 63 530290179
169 238 521604840
189 235 67303214
64 128 57572672
10 159 499626401
157 266 408360409
300 234 994926249
109 296 81956058
292 256 669863999
106 189 710904129
90 131 928753991
68 51 617365780
59 239 582894715
25 54 851217094
248 115 761446504
148 272 25150821
108 23 237096254
209 132 16715402
166 175 910708357
165 33 338068297
145 122 253237479
187 241 217789682
167 299 910222220
133 23 652022326
226 270 771781540
281 170 971745211
1 29 25614734
254 237 598876317
255 103 257428343
263 19 641419375
160 163 233577948
290 101 711677888
171 267 302356739
43 151 72917713
268 128 933449835
59 108 236095856
70 108 389216184
155 62 240253421
123 16 723679975
265 31 656843493
192 190 455680807
239 231 48945907
227 102 906520926
17 196 463816928
181 163 719534656
15 221 287636963
70 42 45791023
154 248 526060384
226 122 450193151
100 139 728897681
44 30 552758622
202 268 27529805
160 246 665968206
85 262 935845101
265 143 489182815
220 209 97762887
34 279 585846881
256 184 979049528
239 161 433796202
42 260 502482540
174 55 679044269
248 256 197059336
252 115 620721982
57 252 104905295
109 216 722526989
75 187 407036898
261 220 247047228
293 176 631774163
273 166 801471123
74 259 332334434
13 133 881207588
281 80 756287743
268 31 711553509
201 139 801009460
96 299 193505227
236 73 756059113
233 85 481340785
12 78 710108560
274 102 525971877
96 175 526607536
281 187 293429568
168 219 84229299
62 238 221503829
71 139 76254067
82 286 289357817
61 221 644965189
173 206 798388125
9 217 482957154
268 243 530238155
197 90 374027329
32 71 369323567
51 238 195171137
149 52 48629375
277 122 255452965
295 255 68030850
11 15 913922722
151 240 347649127
75 248 321289996
181 268 614103138
35 164 880076027
64 247 451543097
82 297 62228287
71 145 468419338
297 121 234186111
61 167 13054417
162 229 146013132
235 79 94154071
162 205 191334370
57 85 147662589
246 172 636594252
172 235 889769598
221 68 53134546
207 138 505885690
296 134 174559562
258 246 135410228
174 159 530311856
105 94 856745986
27 7 60584391
249 115 329816927
137 60 342165398
189 231 324173484
238 203 497681104
284 109 57859393
225 156 53337727
287 113 297118124
214 287 4715083
122 91 795084028
107 170 163357734
49 118 283342548
128 254 769141607
25 194 353347289
261 184 487502692
264 219 86352452
156 143 618315908
234 129 22611872
10 43 607262058
244 216 223312301
271 74 964916670
56 123 875925887
203 2 956518892
161 78 990773586
101 38 426008621
244 53 610325839
196 261 902127281
55 246 475972510
26 255 319788104
284 198 963885919
84 220 117528292
105 275 693815966
191 229 22565867
34 141 150976097
71 242 698187434
291 185 719430039
129 132 567530599
162 186 859544
271 212 169051351
226 247 76821100
96 82 371769172
39 186 217253298
157 128 896616027
275 161 736548019
171 232 237880212
157 274 888115297
195 155 331154780
245 16 480281866
240 38 63141129
190 15 834478275
142 110 870121956
13 148 134988841
210 56 210037520
88 31 346754180
107 201 93461463
118 57 23651637
66 3 452683243
146 247 577650858
163 187 432076047
91 76 483230561
17 217 547516670
24 281 447495369
216 191 876982625
235 278 563577007
166 136 953221907
29 6 301653816
217 71 475786418
11 268 895666665
68 130 267186803
214 272 54365478
126 40 891572847
95 115 150578079
15 30 343601769
291 16 924808999
297 182 778231434
256 262 994265639
23 230 313543262
40 240 67219081
56 59 883058611
258 24 381752034
288 149 397777626
286 295 801257340
264 61 432212722
185 52 648164937
83 100 500900870
168 55 83881983
259 129 273276264
172 221 669250603
52 276 407004913
114 286 213582536
148 25 277246736
273 62 292997830
264 77 413363891
285 261 367843894
74 95 867498493
95 15 570582300
78 273 778749128
41 196 820301748
296 247 443423176
8 61 62783861
96 260 290298337
31 284 17539450
261 247 542568926
3 284 61504887
96 57 204189033
40 151 896336447
39 280 837245471
167 73 192975718
266 68 325713565
41 127 676066677
153 222 773270736
289 253 720136071
238 265 465403669
16 19 441286252
54 114 981460
186 205 645390163
85 244 458394342
7 162 565786614
125 127 489333933
241 168 783524860
117 72 514458281
4 113 811897285
174 102 116323349
42 117 398649419
246 170 321686684
257 108 605449989
119 192 820521632
261 250 450683445
226 74 611204471
259 66 450540590
170 182 31475662
2 185 349340726
87 110 716642527
187 204 528466344
6 149 551349765
289 105 136965472
177 276 886682615
60 288 637746665
156 213 435649690
27 223 606105256
168 144 677696389
81 146 423693826
106 232 564233635
233 118 269752190
228 175 129019390
92 216 143016695
116 144 514683322
30 256 997380909
246 111 861928773
288 137 597660848
95 57 988101991
83 137 400226836
8 295 498449019
95 279 399091889
84 206 500804863
274 49 977790978
20 216 288016574
41 298 399486929
101 243 615401839
73 230 399482128
20 24 202268384
163 159 760268972
98 166 570308266
69 260 54061496
157 96 34962301
171 69 621909502
49 140 99352217
174 180 59005766
202 32 433584109
40 104 216285990
67 176 13216666
202 38 502072524
174 187 959063741
191 255 948423953
187 163 739905348
139 34 315043668
192 134 816855607
161 7 612540838
126 208 699480269
34 299 792119024
276 66 635601599
241 19 923062688
116 192 54729127
156 135 676533581
260 21 892600644
159 211 56251529
126 103 292760862
284 263 742661568
73 88 805440575
193 174 949016073
117 149 572870190
267 141 879271309
155 256 481004752
281 163 948378786
113 175 187971258
108 33 234744469
136 211 563124271
297 246 124979233
164 19 831831472
290 211 264748745
115 79 345049745
56 46 233434785
16 252 137009092
220 284 14836407
205 148 815340681
15 256 983459965
35 143 981721575
105 140 184530173
189 55 499393891
112 97 183342053
157 263 28493684
101 18 817934029
238 86 32274832
81 5 21212515
87 261 18829714
19 275 212694369
284 9 364090712
210 165 765779603
82 105 160422609
24 217 353460305
229 125 998941467
212 277 522252637
240 214 802665122
23 295 26216378
89 133 288768838
2 152 630810113
171 187 992117373
234 148 83298538
136 230 586881894
144 5 629666210
1 233 33949286
119 144 439748163
7 135 933013976
280 157 355788522
257 297 870391855
195 299 997197358
159 221 867148644
131 206 19516343
20 93 81281572
14 288 961903629
275 288 139691861
61 159 348172657
123 165 405280043
150 145 343288852
224 101 35927948
130 295 354543398
187 153 659313218
182 36 19360823
24 55 52982167
148 120 215567155
276 147 713092442
88 207 102048552
96 81 199655417
239 230 366127213
290 205 922647613
89 34 863018160
187 220 818048964
256 153 632373751
231 177 389291058
297 24 675682777
51 51 826247823
145 190 874935481
96 38 408977561
212 276 66420743
224 17 203053547
89 105 541784181
300 43 932326352
115 299 241828705
266 229 342323933
223 277 315093608
51 28 122041358
26 172 460408099
258 267 825850136
219 231 476163863
213 206 754638131
59 46 697200888
291 45 658395530
143 212 2567980
199 177 749079060
131 151 950910937
138 253 823630764
247 30 785363687
297 288 85641905
85 206 924120835
147 170 519444041
30 228 646775486
17 271 21649683
98 165 462115594
178 63 453063322
289 245 383783924
25 134 782476528
140 80 475388958
126 128 42489397
131 212 40239054
117 111 387575023
9 140 140067202
195 208 839499772
229 5 270715436
122 234 528059250
295 223 101338794
70 299 158164027
97 191 673092658
206 68 106532786
2 198 136850897
55 67 945243559
277 75 433832550
179 21 299818757
102 249 906630414
138 122 256835499
287 168 99513073
133 237 385574072
59 86 643681962
169 291 659200429
54 293 517771379
202 99 143515645
213 76 760909971
62 6 164213492
119 107 80108592
284 296 118194514
82 35 436567281
155 167 271527170
278 277 553034355
239 145 608994145
19 250 334412289
49 204 917011488
145 116 596883115
16 177 514094372
259 47 655628678
150 82 997234174
163 164 66970108
96 70 818691626
265 47 558046402
219 37 663159799
215 107 388048248
256 156 574595351
95 52 20561018
9 67 454745095
32 77 734515393
109 227 913985975
234 141 102508690
93 288 547080259
170 252 485791105
172 222 267355893
122 189 698458699
269 196 1903606
72 290 321206258
289 50 269792976
135 81 11877253
28 241 480084031
54 227 940091471
243 71 386015911
201 241 384351814
257 164 340649888
49 285 863904276
247 5 993559971
53 128 499144812
210 169 125025561
185 3 90329293
289 82 198168333
19 135 3325911
242 77 720255782
152 29 20165922
65 285 166135437
252 33 968807773
79 32 668747529
101 84 840550057
164 45 209809077
224 281 526236979
116 270 81898213
1 40 85746047
111 281 345321876
292 184 555189604
165 1 53656689
201 4 108079021
25 83 121948004
154 235 539618187
162 99 239844883
38 74 787388364
268 190 46642233
280 190 202723224
127 52 490690105
154 44 1591488
157 208 119779188
145 161 38419444
218 237 916383826
21 90 157297712
260 3 407789562
242 92 792884936
257 60 255429477
241 39 141075166
265 217 10696969
269 70 27001612
208 279 767704072
148 175 398939784
91 92 889516520
168 165 760698162
231 176 853034764
93 169 81368108
28 126 266902467
204 66 196568757
21 30 956113026
189 50 890857147
153 258 555990725
24 157 857686800
107 299 756540743
178 166 374500559
39 148 103700786
255 240 331469955
262 19 697712780
80 274 101587845
236 294 745818375
113 235 973610824
60 139 639073033
36 162 714500541
187 20 385796439
130 197 274377256
40 288 537540704
126 294 435592695
80 255 908901814
211 34 65413887
55 21 898720433
281 134 419518419
257 245 654809457
241 280 224813970
82 167 675955389
272 48 602782937
28 139 765994776
283 264 18625669
177 95 294560075
142 5 8184108
29 112 913615581
261 92 114451166
231 100 501548010
287 41 483413189
256 122 622766207
296 93 823631454
284 172 18058545
260 206 752199208
228 83 915072455
255 224 351874711
262 4 164193822
94 16 802880866
59 246 241546665
268 232 971780605
209 239 560599578
15 234 393800023
221 218 598275546
265 229 711566852
24 208 21782986
178 162 585309409
89 176 25109065
162 269 534869680
27 80 386626026
44 47 87703909
100 7 10400948
30 74 535705233
52 294 266399702
49 10 968479130
200 33 365601890
185 263 47295351
146 103 726776326
110 264 170176747
89 43 639431426
66 138 488604724
275 237 53626183
174 266 104745656
58 69 318110949
160 118 564296958
241 17 448019242
230 202 31833904
133 99 520132006
210 208 929623722
256 296 63189916
133 62 162377253
109 88 51482689
91 261 143622155
146 18 537628375
194 229 126744192
3 222 327569161
144 151 309369914
300 35 509972212
205 245 954485119
178 252 30294666
193 85 271510527
45 193 470869314
134 283 491288326
240 180 15956444
166 73 868822424
158 127 165849045
218 22 125154548
283 21 794034282
94 278 604297278
112 155 873603930
177 100 93902014
56 144 458828958
21 29 169494592
247 20 330644571
242 186 112906195
165 95 80576421
62 64 386707194
109 46 358099715
242 139 72435044
20 2 754304198
101 230 24446149
266 285 487689093
23 6 753064773
166 252 111678993
188 245 806192830
282 109 963350476
254 170 58204739
247 30 105158236
13 272 761666826
56 43 982215627
6 143 502132008
54 160 887893793
246 182 167919350
271 99 980980653
15 286 195550497
296 267 532967657
71 272 159081179
261 218 199045608
196 283 151927931
73 38 622025425
251 43 482942019
58 97 681096078
202 94 527832911
51 64 192647109
255 130 858699594
51 125 491412912
60 195 23879835
238 207 137774853
145 154 601263087
128 226 929230524
152 176 433530419
71 286 286092567
200 187 827122412
211 290 809684728
19 244 197974857
165 47 650701982
28 106 983732928
163 43 255272435
267 239 422995088
53 118 101084066
228 270 419238641
198 92 584623526
264 291 337648865
228 201 993717654
255 272 238843249
163 188 416059795
196 267 763367652
124 129 587331646
10 147 86997385
297 251 119325502
262 179 306341423
155 128 130987166
32 144 421842457
96 71 411772909
149 77 293425632
198 239 778016571
44 135 356958638
296 10 906648018
93 19 564859565
129 15 785372715
283 29 349934345
105 235 692074873
71 266 950403216
79 62 804558138
39 262 211708014
271 211 74860404
193 7 192200938
30 2 252495247
100 146 511015765
264 275 243273932
130 257 550353812
227 113 851494046
151 235 583834511
218 13 937540424
55 52 53813086
20 74 876528448
223 266 969229954
261 48 947801607
59 147 399575053
124 162 116580379
7 43 365626735
218 269 10604599
115 119 477468434
225 88 40577046
201 142 816736049
138 161 99371074
285 84 666498692
191 96 875077539
97 154 336788337
201 29 616490650
279 35 499557192
13 4 40955013
212 118 932758983
97 95 977888671
294 295 980902212
243 132 858540325
68 168 980630708
159 58 96923355
49 207 754880808
137 107 170551537
86 86 439725823
130 150 260241127
142 113 188624196
76 209 956193190
46 203 205521236
210 197 137905067
234 264 187422187
93 175 470786196
47 275 935798702
206 112 834551109
42 249 136140146
265 78 206192547
243 271 202796560
38 47 308453320
280 92 711223522
215 53 785392270
34 38 777814286
20 182 207504612
115 228 949540786
169 186 45743849
29 227 260088098
274 243 944647075
120 237 992892146
131 27 337582292
51 6 809122535
224 220 388415088
294 253 786516625
131 24 836574207
142 191 635511186
127 59 938208371
276 139 767733650
73 112 563812844
299 283 439203433
144 166 730013259
87 216 244951864
122 191 42056835
261 184 406716888
137 14 83903263
195 207 839369453
181 34 313946863
103 61 342186601
4 185 60228812
200 183 379298747
32 79 649676612
190 165 32332079
105 38 238488669
239 298 906055005
78 135 812845370
241 29 166364377
293 261 768669162
156 116 812987222
156 119 264439358
20 70 362639940
218 101 805513818
281 42 783159635
259 146 252183572
179 85 306033422
283 214 878709456
205 154 364334936
281 147 398421049
142 54 919176164
115 209 399366634
272 280 402805304
63 249 368695604
233 229 879567146
267 187 32888143
90 118 18199079
211 100 94733193
218 4 346393746
254 36 465066544
54 229 912182097
217 43 882443358
250 66 288595489
53 181 509937238
9 113 48661566
6 131 789616905
148 220 971291922
179 183 352257973
71 100 892844077
168 105 316963664
112 158 688253193
160 126 524732587
117 76 90841205
106 180 749218985
43 240 10412449
260 245 805064879
64 145 90392550
37 75 319912532
110 197 224850632
238 64 22058136
101 227 962472446
193 87 112753371
132 255 724783898
136 60 201369330
20 154 911205269
68 166 438891566
246 281 964800010
95 18 64678736
127 127 128228232
10 116 354358595
297 216 60652722
142 161 11809060
165 292 237754614
262 127 879601226
291 146 447286131
12 265 989470896
277 262 148288777
138 56 895031694
73 234 434473972
204 295 659459687
150 44 739468854
23 185 510238314
282 101 201533357
248 115 199162483
273 157 957377380
203 168 634074144
51 196 886834005
127 33 806049513
272 105 711633198
295 60 680952045
133 210 736064188
186 232 691958424
152 266 661388125
108 213 74169891
191 237 426640347
222 139 482521115
218 241 533220110
122 67 396053695
186 90 283184251
236 84 322840011
280 268 574412272
119 154 98553755
142 5 907073520
18 112 90242532
8 54 232694720
155 28 76683511
221 245 464196151
130 66 396037770
176 4 767240059
27 291 717309695
237 22 905706362
160 140 924415267
14 281 283674723
134 51 185018087
217 58 827607840
237 212 873854067
147 184 957830911
297 66 818888729
18 241 115593384
77 267 559578074
23 255 684311195
236 114 78373286
55 128 728690066
177 13 854198716
163 229 529069126
255 217 327425289
21 115 584304673
84 164 685443738
264 181 26896178
199 9 891846245
124 31 308166651
18 19 145236965
103 73 206643644
220 249 546943856
88 112 108896484
13 118 830228953
201 190 82592067
25 273 182698330
162 288 526585511
240 238 734010019
36 61 374797902
86 78 207171872
2 232 303030844
45 204 651082244
100 291 583827807
136 55 781391724
140 7 970144414
206 32 960433138
188 245 423662978
50 184 475427315
168 271 527820576
121 109 117670305
92 162 470833437
187 207 21032740
231 58 474983282
137 245 361754188
213 84 156254394
126 42 147821277
63 229 169382222
92 278 100349757
7 197 832570128
282 70 379242688
86 161 33088049
174 48 853266207
165 30 386721017
198 218 594865313
285 130 307928049
79 255 608501290
255 70 384316070
76 161 161957899
133 219 527953147
212 200 857099716
151 38 209085829
251 263 34425976
10 128 541751457
126 25 609857374
290 10 872651804
238 140 152795510
279 146 558205279
248 222 217576792
298 106 753821010
245 69 547274862
260 271 715608651
188 221 729655813
215 230 462965440
23 107 95553517
297 97 284141526
100 34 890016565
209 65 60999910
140 12 966473783
283 10 706787940
44 6 967028860
5 17 126439230
107 257 70623451
120 223 357880432
11 246 374931191
227 242 864124687
152 93 838421672
268 53 906323436
230 244 304662400
164 226 195396461
256 270 106478766
115 26 600041734
297 133 180138490
99 252 586227713
130 262 212577210
72 241 964011651
58 92 270731895
182 112 433017099
69 93 9072543
20 256 68991368
280 211 71627289
297 78 711738815
83 74 409967299
72 224 43452202
36 105 75158963
245 177 158190155
147 286 19138247
141 167 958085210
292 288 183514602
34 7 366932909
53 39 215128072
94 87 695128949
108 169 638407474
58 293 115587097
259 28 189580953
173 25 530287529
28 171 706864215
26 64 410249033
135 55 546765420
88 140 126108479
296 192 343674669
167 37 305942755
167 144 317987176
240 253 707430068
288 211 913015495
193 84 999837019
221 111 784422642
235 136 684987905
168 22 839582611
139 109 404762950
169 104 154552993
237 271 160580030
92 137 987099225
167 129 44077878
286 168 374968188
132 60 907445471
3 33 652216233
44 267 775902368
200 186 941621789
110 25 185405449
211 193 169153553
203 182 813026875
284 273 812154363
209 191 657459843
138 228 317046763
225 59 127979722
148 61 178095306
232 104 616708673
100 3 411617910
40 164 257072086
89 74 131696031
293 29 379164412
167 64 157936336
281 272 933482626
224 161 118266053
86 138 477818463
59 285 159460524
65 268 652647579
89 119 642367534
298 159 968202997
284 299 739949623
214 43 112160403
77 261 245415366
212 241 979330090
289 216 357982450
293 1 608856987
55 112 491915523
178 228 659374291
209 16 739652009
242 65 526886819
190 100 206484169
264 65 947597611
66 141 268286723
284 52 275673164
173 40 332249479
274 32 755062432
213 87 672091743
135 16 113949070
77 224 549859437
138 217 391440753
108 107 43248753
77 70 489495817
139 188 109346358
162 171 913253061
177 95 982182201
55 68 991948884
38 280 567855222
80 167 869361738
101 243 254148713
189 132 512067330
42 240 316353288
46 16 554439857
114 206 43520144
23 119 881525866
284 295 195270760
36 102 47769980
119 139 195364159
93 271 835001525
30 123 478572720
294 64 865729751
175 105 228392142
162 202 68011357
271 15 742250415
266 38 814363333
132 21 412539628
143 108 721545129
222 278 348958619
281 70 114355489
257 151 836717512
228 145 918420475
31 71 750905131
72 233 229936584
181 203 992494298
195 168 852957335
27 51 577095107
206 194 147089814
186 115 259923044
5 147 778417313
93 104 276967064
56 31 862237360
82 61 46295530
264 185 145494862
47 65 419307916
197 259 911254836
31 37 502861486
290 243 94431331
55 180 28701646
98 184 206069292
263 29 314052147
226 136 978706578
137 270 623311390
66 233 623742374
280 32 900527238
147 228 48432748
182 10 29305885
20 51 960718979
50 158 416733510
195 255 41275394
239 269 506249174
85 194 648372361
14 82 386065430
56 148 175266215
281 179 245911298
271 25 737978625
218 259 61974586
254 30 942477937
284 79 84127546
194 26 41813752
39 16 446470221
264 100 427580366
24 166 847381548
106 221 604685647
120 253 844987525
217 223 692627801
293 141 58861311
130 146 446549540
18 130 802640171
63 75 155834848
115 113 712202863
135 76 638312714
100 151 912870979
147 256 864221751
145 127 116107404
21 95 274087878
222 87 681563218
184 217 925388364
124 234 818798645
246 297 926011219
93 111 140817831
255 297 674500358
20 96 175431160
199 295 177159316
101 139 559983742
256 160 569815737
34 133 797150275
3 68 303961943
118 243 32728677
62 188 772610725
132 280 712905487
14 286 152599535
23 6 814240530
183 256 102759076
298 108 770324467
291 116 514440578
79 201 27735210
254 203 74102377
96 73 100091620
224 186 760859459
100 18 359724391
138 83 608889276
172 106 851699533
54 288 1026140
229 37 921090848
47 79 433033763
24 158 810942763
185 163 588897417
114 10 544802441
285 234 644940127
43 85 520354396
133 223 164379430
261 146 398999235
93 199 104677674
233 180 458574062
232 226 20672141
46 250 65820350
8 186 538652612
276 299 595647221
17 283 122049206
295 78 890469291
42 262 318845665
171 222 707261510
158 67 722473709
131 51 172274040
193 34 121954265
85 79 790987666
134 138 207109452
45 113 149454702
265 181 865598685
171 227 673949914
213 268 229200075
177 191 845271149
286 48 373862667
46 178 963484417
285 122 92776302
202 206 489739380
67 91 670349117
170 135 76019281
272 152 399035962
108 74 989371988
21 286 219898108
195 214 402477398
95 251 788625445
61 297 335536274
129 33 501783948
230 234 308040605
109 53 820126596
177 222 429210882
58 193 878424333
119 300 994848858
158 72 816437395
217 19 662035608
114 113 91421359
110 174 679584707
36 54 598799691
83 284 118504225
87 144 587235029
234 21 507068850
216 78 732493095
100 248 129106446
58 157 370858818
52 74 539466636
12 239 480201048
222 49 419441073
180 136 173187479
170 218 129183862
146 56 334718657
226 290 607624629
176 205 23921058
122 4 982643905
67 113 178197862
84 217 830481035
119 280 47003525
19 253 911358073
91 132 169146360
21 53 764603277
234 251 563318485
291 176 680385874
119 103 250049030
77 224 150732285
33 291 229800850
94 74 451175766
280 245 34441697
105 263 218503649
29 105 535462680
89 126 289151184
117 59 745557034
201 101 344431610
26 272 445360112
107 100 780835636
192 132 332480978
141 278 766122251
58 9 178775147
254 113 345608009
102 194 243610966
133 34 340938791
216 202 324324401
250 103 675970102
211 180 856016873
274 287 888385772
209 230 755720703
238 122 341252232
289 179 622945041
87 184 500319005
96 37 884732198
261 169 650363683
3 136 709300385
103 85 477377139
4 47 634979818
228 21 137190156
199 281 134740437
54 219 4915158
185 259 903922788
25 45 13688671
82 192 257749159
31 204 466534227
14 206 634227763
198 61 506386799
236 116 279959298
205 44 547789018
213 294 648260650
149 47 61338820
207 284 553145778
246 60 7489375
169 141 917461266
127 172 231705122
254 185 586127027
268 134 10084087
118 121 32062755
15 77 803047198
284 289 916455891
234 138 128009538
153 96 483993073
83 41 902318832
57 209 735822173
274 36 574267996
95 41 215503632
174 60 368829465
12 177 216655337
266 244 541444713
263 227 332904102
6 212 578290291
95 65 430002086
167 147 496994978
298 255 940441287
22 280 723122874
217 127 311573966
100 300 192538677
64 11 19887453
200 29 631128648
165 43 869018575
66 48 86850586
156 142 345963502
93 60 199503100
70 110 507475106
8 131 187340786
33 100 323321612
150 199 354060963
26 15 289642925
131 266 162130253
178 130 627086496
204 195 453483895
142 102 916815637
143 246 58623848
95 68 76194657
300 75 557866588
237 160 782940339
248 9 114403189
62 35 921084603
187 217 272156269
39 94 709062898
286 298 417224945
281 191 974932698
169 85 812188244
116 179 131019263
173 231 19350689
112 167 52821748
150 167 248039109
138 228 92508743
193 114 16183511
161 205 92643004
10 242 748454853
106 222 70469643
4 142 257167228
199 258 360567058
161 182 35627888
249 45 174723207
249 194 248658273
257 83 316526752
51 275 962938866
61 187 907573922
164 249 925002063
69 54 321223537
111 109 13053978
290 7 911633587
48 219 93157020
35 220 115490864
241 168 761575457
65 124 850846692
117 174 451872818
34 286 836810105
155 149 272270505
269 217 470446258
5 80 111302767
235 69 859544625
121 168 846191096
241 203 238076515
104 195 940538982
213 12 54133957
104 128 671370182
21 213 808431167
177 119 410476267
281 87 225960336
191 144 325353015
209 78 670854235
285 198 770514703
280 190 512478657
246 294 71469303
79 258 696144914
35 113 555548593
268 185 612619205
134 62 479963375
201 94 230066814
236 36 184153057
102 296 60308786
36 281 65134883
190 12 849337425
246 10 823374570
249 88 601338127
262 175 886591139
155 142 131006423
11 28 23910436
286 228 837573682
151 215 894958769
107 68 307368465
192 103 639380097
226 293 884668408
202 290 986342617
171 238 737458057
149 252 339632331
239 158 169268324
214 220 182280851
249 257 789146178
182 107 920857344
203 213 50251011
167 156 700697766
215 134 642712310
274 35 388773299
291 206 862866389
199 54 908620140
229 293 786615849
152 206 256956368
155 206 652121425
32 140 54694183
228 42 943794996
138 260 937281703
255 174 247772836
64 147 577122171
215 189 601220628
3 87 68889981
94 67 424270425
42 271 798368382
261 125 67610640
137 208 69570879
120 187 404240572
67 25 526471831
169 279 780677456
157 95 51525854
127 9 325359643
106 63 44669581
138 156 549088000
163 249 7883222
196 209 750819746
135 46 124592805
213 165 197543392
84 231 872438868
266 151 849976998
21 7 772870092
275 185 734924152
169 290 746489214
149 128 568701769
300 290 840694017
121 185 671938678
118 20 862040823
23 284 170727339
166 120 541793221
33 85 912520171
230 158 383197378
274 184 383463362
77 52 514538752
191 252 697829879
211 4 210123520
180 124 849788056
57 242 684434127
31 16 783632611
169 181 256656782
41 213 924945766
11 194 126726075
40 219 61007210
202 296 53148813
105 238 336817
135 148 451659220
154 27 414999243
161 83 346209336
188 113 517365951
250 33 978528831
131 73 454653195
148 136 943199689
23 175 774587459
132 76 978707954
45 232 7083091
261 66 280930991
232 271 788429317
274 132 54033100
10 19 644815864
112 20 731504949
43 150 3377221
237 49 77985556
77 123 191043683
188 255 20982258
293 51 492405442
284 63 598110407
226 294 105769730
142 19 160138761
193 80 150684331
109 192 861039050
57 286 400376051
129 274 693641099
37 103 720076622
119 290 540689828
28 282 208629530
169 17 724232544
128 242 539158089
57 84 68405407
169 28 363216539
299 136 88441082
200 244 75124219
2 73 925402792
100 161 287509194
73 279 936030883
52 58 554708517
81 227 298108833
276 106 152195527
164 162 52881562
123 30 906716389
213 80 63548577
194 279 402366720
212 280 779064392
255 131 976659852
49 256 186196782
183 7 428657440
299 140 48963618
184 167 645225723
10 31 175729836
271 205 800614717
11 117 670564696
187 62 351651526
7 273 244251257
250 227 894521339
2 27 22538394
135 262 874024953
26 12 657610544
143 195 97527710
117 256 585450892
252 226 42301848
220 237 978780764
267 123 188361425
292 181 746168049
100 131 577603428
39 184 970176754
284 18 417467967
288 44 769152879
183 238 28373025
245 55 494807581
88 58 73854458
136 30 819713694
299 296 500966569
276 40 667463449
224 139 950785079
151 229 32624014
157 265 394144332
123 252 21552527
153 187 111295864
78 131 13632770
258 218 904293080
115 53 436407861
261 104 428025456
281 79 935830095
129 2 56589386
160 205 832308314
73 61 990557978
56 235 257879682
82 88 291883968
98 217 42614898
219 174 800556067
150 40 902976620
110 300 33690023
118 280 233574053
164 161 543764054
49 20 99412510
215 144 18179822
44 200 717533957
177 33 671660496
144 182 56416112
293 153 219124737
112 54 381124476
283 164 67161728
257 33 925686707
9 196 329195567
62 297 80989738
72 263 213693234
193 58 121450385
1 235 825813717
248 130 995628151
111 175 792010103
199 286 824285356
275 268 528861771
102 224 186281155
260 232 879857251
227 45 223728499
16 168 50203213
249 113 349839370
133 113 233033004
102 113 844184434
252 223 78424908
6 122 588826845
113 148 425850512
136 1 180734987
190 260 382021618
192 238 131023514
190 254 822120482
202 202 326008694
272 87 212738458
27 188 6486622
212 191 911152945
271 196 703411218
15 60 764385917
78 195 308722417
64 85 114623776
281 276 216318266
295 218 989762919
228 119 353683672
221 142 577014558
130 169 338085645
152 132 485041435
148 103 662408382
17 117 694471842
33 247 962609936
101 10 653103820
128 43 350843448
93 89 427040965
11 16 931899583
183 288 920291377
192 169 772732997
37 20 185925228
123 167 90809330
105 235 928728499
198 267 125533245
133 67 714474906
205 247 225058748
252 39 640824636
216 102 636409403
50 284 685305390
78 227 705283759
274 263 702831130
2 138 589100449
183 294 920019283
233 191 312489902
229 23 75234720
287 279 175393866
34 230 829285605
222 197 879189206
124 247 678788341
66 24 805097567
176 50 448718882
5 103 94693719
53 285 257946812
88 270 632950002
89 250 34829576
208 236 116689355
274 22 81889136
130 243 504953533
35 118 22814831
275 235 703248054
193 110 24018903
74 167 23568957
92 219 87674842
155 58 555130463
108 146 551469064
84 106 938649200
90 79 499278673
25 208 21665767
157 294 142219884
287 20 251279119
193 212 54127228
147 286 106111694
204 129 996332965
297 284 497326674
59 91 69066372
174 226 786786777
225 15 678398107
297 40 573185966
63 248 350339559
247 235 541163578
117 179 950755589
96 25 880350826
242 228 572126655
58 224 989062590
231 34 764108632
2 208 932094358
178 132 314741824
236 181 141423815
201 243 917093863
211 241 517083149
188 57 644639727
129 153 28815203
106 146 988145831
160 203 167855506
1 185 270558340
233 187 552756099
142 116 100581630
117 52 118346310
132 4 627715905
146 215 918393945
146 154 94175902
24 282 914221706
226 140 337159403
56 299 506805605
162 52 625519689
53 36 762368027
151 177 851621043
132 293 276709546
294 176 758303149
98 73 351774115
194 218 745769669
47 241 596078102
104 167 783050241
6 274 731329092
110 187 429977243
151 239 495619678
129 89 712867106
171 273 396461350
68 266 687826226
269 115 61604650
83 8 329847068
51 55 694742260
105 210 332589078
245 216 231533352
136 77 411946938
130 227 144388177
159 56 834129517
64 278 434268941
14 98 63152758
191 66 348496872
140 200 913727932
59 251 853021838
219 107 933116647
296 51 491171762
99 239 886509139
37 68 597164817
265 227 385506824
33 42 955672554
74 107 584371551
131 297 734939668
55 189 906634667
286 247 697742569
75 165 704341475
21 213 709481626
235 11 149524816
225 99 749415583
193 115 562322661
217 148 301113155
22 273 509732061
172 155 728521958
191 261 871603846
57 298 121341144
278 72 467443409
252 145 947532421
29 79 645657883
44 55 121250382
179 247 223730796
239 163 639744995
93 236 951045567
106 159 925817974
63 49 60042734
260 158 119964132
103 135 958604003
163 86 214111699
135 115 672626277
118 158 778205931
251 36 128015478
146 27 960078092
293 171 82582680
111 276 227384438
84 90 981939387
18 101 105398544
1 256 295504478
55 118 109115015
254 5 403195429
282 174 32303239
65 124 745854026
94 21 106170452
37 13 119398375
216 124 442753502
254 259 804757792
40 276 634564144
35 28 348480999
112 83 118984469
26 88 893606973
107 69 23039098
45 133 923498521
122 278 523748741
226 15 316051106
200 230 398934829
201 183 403250587
44 222 389041115
40 8 328786894
238 119 181091928
58 197 160067915
182 55 643373836
179 151 409215620
299 272 438125098
192 197 542696712
97 148 805513141
177 101 453958824
163 196 322489497
229 235 516503705
23 225 184022275
250 282 434160223
17 164 670112977
152 42 776700127
171 93 499775699
168 284 650542847
231 132 495883595
172 8 183584147
47 170 665885942
143 151 429869477
299 173 676532101
26 174 377374634
248 190 573487697
225 93 992943091
51 264 706722983
201 183 943608818
248 114 167135349
194 37 628753756
240 83 584230977
233 277 275124479
109 276 177704803
261 53 473063877
95 300 26302318
143 224 628277611
233 27 540721726
167 279 201759760
136 278 154088425
184 223 55737213
291 162 508148595
20 95 391361124
198 255 369362151
1 216 478690303
29 62 153505802
246 204 916437978
8 189 544186956
33 107 536528434
45 243 249037964
221 178 325082786
134 169 948247048
128 188 489449394
151 85 378559300
253 137 292108867
55 165 607472728
157 111 603171284
286 170 272147624
141 255 173641082
26 299 398744124
189 219 819624802
275 52 917553222
274 232 276760361
119 134 172370697
218 87 782089034
285 193 431495598
164 49 999409060
247 86 114107030
22 226 168827584
204 4 217846834
79 192 562736852
132 218 964267556
53 191 78071187
213 9 541572
210 279 248524510
95 263 300710303
92 126 163121103
4 125 752194889
33 198 464634966
68 153 836969769
101 232 118237261
104 63 338552930
159 168 741131121
197 80 372970281
121 41 760113359
130 135 47185573
32 279 841659651
35 282 599223227
123 66 592023924
188 185 846219177
9 285 613069460
21 88 859683222
250 299 61162741
122 195 936719321
3 67 216272713
213 197 829395600
138 228 60099930
188 262 55278411
114 136 486587128
289 76 670337312
17 84 676892148
276 156 68988487
50 105 810893885
290 279 685712232
62 33 693985098
227 245 84236994
226 134 9694574
255 21 928446235
17 186 150235923
196 227 287182250
259 243 176254985
6 271 788207740
192 72 314109796
77 61 495092274
260 175 556641806
157 101 111388103
251 78 206516736
24 32 683687357
110 100 847155894
84 295 436429920
133 253 2761315
17 10 159219537
56 201 765487808
4 29 735245220
177 288 5211094
83 145 496690846
285 147 39080075
20 222 987446006
128 83 807132457
122 167 132210203
93 299 633016555
59 68 691476364
295 175 376578117
2 178 646699345
122 55 40068633
167 189 103187429
65 173 67776375
39 244 796046396
97 72 68960078
253 245 889269696
156 89 691641147
62 148 652329414
278 142 264574940
94 144 137454818
238 17 471094024
122 235 969618012
150 299 596931236
24 90 707034079
171 186 688646602
101 190 388924698
248 97 96814639
94 159 962561386
59 136 997900827
199 281 820837122
216 270 166615490
91 92 40447025
102 241 644055275
37 17 16520316
267 239 292771801
21 91 984974891
18 39 77856139
208 132 499399397
193 191 498630084
72 89 452126316
145 56 154071086
235 146 349565729
11 299 289281321
137 87 40994237
53 53 958299928
205 73 257642118
247 143 680806856
86 50 771951640
82 295 183405882
18 66 179744522
233 262 898422377
170 196 515566174
198 258 793924
219 147 98520510
7 199 368296362
34 103 203800787
204 50 993958481
111 135 835584082
150 268 691238976
131 37 263856693
252 270 374274355
180 191 41623802
5 89 158868412
128 7 370063458
37 65 691729256
51 151 121670310
137 54 644861511
169 216 339158997
250 66 703962165
78 248 942933801
270 252 508200222
176 131 553832513
30 188 281912753
141 15 129205911
98 104 989222575
5 154 672779025
14 290 290033730
125 210 521793546
173 159 992526463
137 236 33122010
190 258 528357413
263 185 524138696
227 214 388548383
279 54 974896749
89 151 529187952
264 155 124751057
40 221 112870498
222 97 340021107
267 269 641786966
181 106 414439753
42 47 921836162
155 61 538250547
150 288 10339412
84 266 791938466
32 55 105627516
136 70 348168523
92 161 788715443
90 82 924646139
296 100 95119607
113 280 856614364
218 22 4580562
279 228 47218423
277 129 390876810
189 212 169984827
154 295 808715681
21 182 853841002
95 274 125623463
89 115 766613144
179 162 3636296
238 275 124186675
101 244 718935348
115 222 463723375
137 251 735205803
198 139 774447366
224 44 703828461
57 116 757569742
258 211 60422267
72 299 872740181
268 230 239577295
263 167 97687869
237 19 271577064
37 133 125531985
11 21 607868587
166 270 23893577
231 194 165545420
43 2 843484336
37 11 258395198
55 83 198993448
136 50 442441577
182 64 936375543
202 300 242442414
165 88 660190046
101 99 794385919
288 16 183390488
64 298 849704933
184 93 602044934
171 129 146767845
120 183 462013479
67 70 314394980
296 251 707548643
90 152 618177494
203 16 765216882
201 169 464906532
219 156 304968599
258 219 207334096
191 154 580864188
176 76 35644968
172 247 632098703
2 66 95481924
181 61 812855575
175 202 439456578
221 157 394345646
54 57 655571114
285 27 683517921
283 284 649563291
30 226 571768997
170 102 146135724
137 25 631058671
91 27 78047636
115 259 782060548
89 186 679472949
18 106 865243605
15 159 852078913
180 195 581848439
200 229 942975375
191 258 932648300
87 179 857944853
162 68 718149230
132 158 122758556
167 272 943716866
66 112 36056451
115 130 870471156
71 196 917210566
136 76 788664860
174 275 494835340
300 217 390539750
52 55 909158628
256 217 938853295
185 48 111722453
192 267 523248024
158 32 838801936
60 198 350357117
68 21 452259212
233 156 652595687
45 81 487400814
84 81 753721530
133 132 875843185
113 139 999901501
107 24 756955148
11 215 77568114
187 124 596317298
122 236 140159295
290 3 279370415
53 287 866029570
140 31 187017903
5 167 480278083
34 51 236007466
118 163 312150904
170 22 279373979
270 32 260435246
35 218 51567921
132 91 688828456
179 132 895204358
193 185 292938897
115 76 965664227
117 80 965764745
251 165 978747496
216 35 618803810
71 204 824786983
250 173 708419467
95 208 645465636
115 91 327243779
123 269 104111010
80 214 133359246
128 28 215067821
155 196 541670252
151 146 14371717
198 113 361531751
160 183 435568206
142 184 140919879
208 278 112703938
296 145 947237680
174 267 932164049
183 98 51886162
129 226 24949941
201 132 185856936
53 282 867401581
121 232 10624045
171 91 222642527
176 232 487863711
106 192 66722840
295 187 10787836
27 60 156370802
27 294 103708800
240 174 998257077
180 75 953163508
67 179 639225541
99 299 35190672
243 221 464895414
269 148 48094046
231 6 50755089
171 52 265827827
6 78 20556038
160 104 419050731
111 95 299703857
287 274 25066883
46 92 136810061
138 190 354337811
162 132 186665531
275 153 921877778
72 83 405927135
112 5 899001187
38 63 53370316
75 222 948682220
106 84 46888466
114 70 815389940
196 167 997592631
156 56 313414473
166 217 68446804
148 244 190364856
277 67 19548691
112 179 770204795
298 216 305637357
13 291 634733530
184 148 861202113
150 13 835816534
141 208 364256652
223 63 85748008
195 280 740513976
51 127 940933619
6 155 292650038
96 266 141385616
243 15 458000883
99 80 410535525
281 15 270556624
193 164 337768036
227 56 637236643
230 31 158288857
237 225 402746136
213 27 262306714
183 33 658848369
220 180 850814586
187 122 884690201
70 273 518878232
294 253 849544546
118 197 776093962
5 175 113916417
48 105 418153599
204 41 297187276
92 5 671980602
105 240 585414786
25 211 57038518
211 98 4540239
163 219 291106363
246 264 698954067
291 133 89285464
252 138 150433438
21 185 246654642
119 140 316213435
246 231 247107439
48 36 685302978
233 112 923450089
50 74 955450738
41 288 386789456
55 233 480518119
22 224 507193352
237 227 804583189
274 299 862440625
168 170 986538164
102 115 432138295
40 162 314064082
270 147 143680245
110 248 919285019
99 288 230601306
254 43 596507339
124 116 719064014
127 52 521848940
215 77 823811239
291 244 43104508
155 45 329432374
1 137 649742736
234 158 146999434
278 267 173208281
96 65 585425869
254 70 379791263
292 245 255258530
57 72 448596781
296 38 815272157
286 29 454455653
145 235 977327997
119 235 188545685
6 168 920895342
39 145 802859760
19 293 789889676
39 246 121290897
153 289 277581542
82 45 618471313
62 92 801059750
171 130 540303830
275 26 970225364
71 144 227995350
108 201 775161517
1 291 460436814
213 62 203106258
240 100 381254803
37 253 148938843
130 86 520189687
242 200 574405330
143 70 282880659
125 44 393752885
288 166 236454380
138 25 313244233
206 26 918605523
171 238 78262884
128 229 230158536
30 265 901567388
272 94 52780673
10 87 132395172
140 282 808199393
150 106 534648988
186 93 141588306
66 282 817563030
198 188 188501207
72 110 57262596
256 238 66253225
291 19 189280341
30 291 851409135
154 52 228659973
178 243 122092606
22 93 219494511
262 30 196123756
67 95 279975689
248 44 246211828
207 116 407785338
102 123 967802475
278 165 160034393
119 246 133419935
105 99 260665139
177 28 263658981
283 102 130314825
245 63 254385555
300 181 724841901
141 128 2411745
168 86 710733312
5 188 928069486
79 217 32062450
224 35 481828647
58 139 477632397
296 68 4385225
229 50 427835578
5 46 577599740
59 98 152815072
12 238 118528251
256 105 515756837
119 110 254279776
156 240 400350292
57 163 143248727
203 273 39416917
199 20 464998484
275 300 394602385
152 5 47723131
143 63 473000828
14 74 950411165
65 81 578682321
201 251 60566930
276 106 921416522
19 162 468749136
45 116 835984708
262 15 988821080
245 41 338400879
82 193 867555283
212 87 683186198
191 101 510135523
107 217 203331356
127 169 326023358
9 196 953764664
130 214 676166777
217 259 122541993
225 272 623039059
56 268 34559551
134 49 79906343
269 260 746744582
218 202 482856634
292 8 406770750
147 135 886760118
57 195 29620865
20 24 530670578
248 240 238190688
292 216 339081759
102 23 3374979
253 209 920640027
47 177 843632739
228 146 245353940
13 137 928731148
262 36 324963034
131 92 494616528
195 163 211624503
173 162 944736094
160 154 382452362
171 7 513594384
149 259 529079392
175 58 148979020
265 37 56479465
205 50 466748954
204 11 730602489
89 194 879096132
168 88 13478194
270 12 367464507
115 224 211080712
176 146 19882219
260 294 680944929
251 220 274175186
171 185 398833923
287 141 537777772
240 96 950293834
280 236 523142227
111 103 138460167
156 124 326918230
63 238 474190753
226 114 624392198
44 125 780897543
173 75 11830463
110 297 865856399
84 36 588329291
55 275 960496638
141 7 307321473
67 117 975936675
185 25 30483098
15 139 268213187
119 64 366546600
69 160 544110424
11 32 329984051
225 193 873146499
75 277 230077234
65 83 720041561
254 223 73641967
78 42 22490935
252 226 432583011
1 292 818866349
40 111 97454365
139 179 435712924
115 241 367103307
165 166 18317051
15 240 935671727
149 57 361977810
61 62 100045484
227 140 820500625
13 143 366836103
124 144 213453794
124 183 539577156
188 73 117082034
163 187 284415027
221 103 348373892
172 170 732364083
98 70 24714891
159 130 185922953
143 108 375826092
167 120 422877334
169 295 210076129
215 119 5635663
70 58 176102536
156 221 970619874
182 141 719171729
125 12 294904598
7 162 780412067
298 20 748252048
50 214 419550155
241 81 521830026
26 1 635158321
255 215 430917739
37 117
52 296
268 244
125 278
6 161
224 1
7 255
273 85
157 56
157 120
126 70
202 149
175 251
71 203
169 129
297 61
109 257
200 101
78 76
288 76
76 83
89 212
48 135
190 61
180 256
26 99
247 5
255 279
181 173
53 78
138 102
58 50
150 246
74 10
85 279
61 61
24 161
295 201
261 72
27 236
86 192
196 104
83 85
257 202
31 15
168 10
111 221
218 278
287 12
290 291
104 71
231 102
2 127
250 277
265 262
153 29
132 50
134 100
53 266
281 143
204 84
4 148
125 14
77 273
264 163
234 66
167 119
297 216
245 220
233 247
27 209
10 85
236 158
124 196
38 288
123 156
55 241
6 178
151 232
94 82
199 166
284 27
295 65
36 32
30 239
199 268
52 56
266 260
155 39
78 89
296 244
236 201
130 50
33 241
74 280
145 127
205 272
88 180
212 251
241 123
90 293
49 139
151 193
283 14
154 5
1 61
13 149
250 236
229 142
174 35
213 54
78 70
250 169
120 165
40 213
205 60
251 181
126 253
18 101
157 108
220 171
71 157
145 284
178 73
159 125
178 51
120 71
239 255
172 121
33 58
170 263
143 290
294 120
220 20
128 64
234 128
37 99
83 57
181 181
5 260
10 39
161 182
189 181
2 99
209 60
22 86
127 78
249 216
236 121
184 168
47 115
213 169
277 83
15 47
6 209
247 19
253 67
300 159
258 141
252 53
190 218
295 25
292 17
189 243
162 227
93 124
44 260
43 58
104 73
281 57
128 162
280 280
138 80
272 279
83 147
64 223
299 273
41 110
52 290
269 281
104 265
225 61
118 199
271 19
75 222
135 4
283 202
33 114
145 172
19 4
278 279
251 82
192 28
18 43
23 295
12 286
98 178
129 236
254 216
189 99
102 80
34 23
188 136
8 118
122 84
63 78
159 151
231 65
108 102
149 248
285 130
60 160
147 134
49 188
38 152
283 289
11 192
27 16
134 251
34 86
163 7
209 96
161 74
227 139
138 268
149 75
286 174
8 260
147 184
35 108
97 237
128 18
85 159
109 206
292 270
28 143
238 206
279 237
127 150
169 258
32 17
190 18
277 70
253 249
57 176
112 288
57 205
63 291
196 193
163 172
66 239
197 190
178 3
205 227
184 5
73 73
90 216
37 262
263 119
46 289
28 71
275 209
199 136
29 37
260 146
137 243
132 25
80 33
259 62
118 284
56 143
110 190
203 198
68 146
134 165
235 165
73 214
49 261
298 271
168 129
71 9
34 4
36 255
16 165
148 47
189 185
74 255
204 298
195 276
193 271
135 28
293 127
88 259
281 42
222 137
197 149
204 293
299 230
94 292
38 14
