300 5000 300
222 248 118653217
127 13 598982618
37 89 203305391
48 293 298163333
119 139 363391954
170 234 785820356
257 271 137390423
54 223 74423847
160 36 659896523
152 86 359202107
264 7 424121007
180 134 756435119
97 222 310056859
87 269 193046403
71 139 108687341
225 60 398222627
280 69 18996549
255 122 729277271
101 33 22252458
275 184 150766544
234 147 533211850
140 26 848041435
110 175 802735856
169 13 341391676
23 84 378605166
16 8 225748526
242 39 925416994
190 293 839425167
112 145 84856399
69 120 929085034
112 53 65242181
214 244 317013758
148 53 430866032
56 221 462620745
231 296 710441228
49 11 390235787
174 252 435308425
119 193 835565918
237 4 370464814
87 72 994868933
120 236 625529437
52 149 834050980
62 296 81901385
245 51 974104805
89 34 113773052
68 82 904560762
54 7 449723265
79 125 915740757
148 113 884406860
61 199 230490384
146 70 252241519
34 174 335388467
166 235 180489014
50 179 737762665
206 20 906150150
58 87 211740283
219 193 880281589
136 23 542223765
192 222 36991977
4 34 154475327
187 179 971242496
57 265 257568369
75 130 182983055
88 231 325836234
204 136 853781353
53 245 329775991
35 216 144055935
75 51 879413257
239 242 76446578
215 297 105620712
141 235 814320942
189 291 828076706
57 65 685971687
212 205 469907269
297 108 153988257
101 161 851987701
43 247 320982716
178 22 10696566
34 260 689386360
164 227 93975308
275 119 602437443
16 7 172046985
74 116 138192402
12 79 681362706
181 75 391836913
237 227 28281525
289 269 949920472
205 146 742068045
222 180 94431656
233 43 44003282
241 69 597774601
183 136 579504459
167 261 394244874
20 273 77495252
25 205 807608178
190 193 290881356
214 181 4574425
237 137 945259670
281 111 844866701
37 43 779842095
70 35 708322915
222 269 592113751
81 188 964324011
54 207 363441735
158 232 259374191
87 121 953593283
243 86 3119416
119 23 876418952
140 55 289221162
93 143 783428757
87 213 600500691
254 134 47907112
256 214 592662299
166 20 225475005
153 229 480224288
43 67 896230708
178 61 59324846
193 179 214394468
44 19 808540322
58 111 936194065
114 249 493875329
256 202 226842362
67 157 419632328
65 75 613973747
22 279 444910927
209 73 867535693
269 250 25245754
114 142 922615532
281 186 209937402
254 295 732078064
70 108 121395965
98 63 86214018
12 182 71162327
139 246 40564901
37 267 915412531
163 228 250046703
55 196 850577053
60 9 572639346
244 41 440136183
145 46 594805077
261 116 820074784
25 265 421478699
42 276 594407580
268 166 784040077
20 202 215851196
50 116 370065223
205 171 995429218
9 282 3784378
254 225 757008818
137 122 768675563
13 82 974978678
49 106 574826195
199 199 90027770
230 167 497764788
206 186 706978289
201 288 867611905
123 192 847201327
292 200 523508660
169 205 966633085
86 41 944061058
49 106 335354291
178 206 261908748
24 156 809938446
146 85 50605712
133 290 729508150
73 243 762058289
129 117 398302832
55 109 341335183
67 277 163794687
3 115 158333880
60 215 919757837
250 92 120657694
297 168 182512149
294 13 552245133
158 145 13896722
207 217 488350816
47 46 640639933
78 152 318709641
60 218 378860669
298 220 725585483
277 31 980075997
165 280 969827241
258 28 269665408
206 22 822134620
238 179 977516016
12 137 442787884
27 183 85562129
159 12 310589133
151 123 788861202
120 120 339527774
254 97 906649904
251 261 678098236
91 271 63265163
150 176 577121836
221 114 270273966
136 177 724746054
71 203 702596388
52 114 602127799
184 16 617191821
37 187 911583141
110 141 496151989
214 91 290656201
49 233 415753471
263 134 53955947
251 54 610025112
168 241 97857688
222 11 858320842
209 62 532054507
260 297 290284675
132 34 659355661
124 143 217369301
212 108 796917943
65 208 367828827
187 223 199767360
185 173 819900865
296 92 205745357
35 13 947572368
29 274 688493081
187 285 739096630
61 116 35727863
122 240 622947257
74 203 407404717
117 19 214682124
195 206 813077346
55 90 632228570
19 138 942409762
28 224 320883326
295 4 470245651
127 243 992624535
8 3 210244503
222 176 34688694
279 2 962109096
247 170 840710967
70 64 233731424
168 118 47642765
189 189 892470102
2 216 423620178
128 262 499413833
278 140 651905575
165 148 23896430
167 69 422225705
160 99 769295406
107 45 862023475
73 167 68238739
296 34 440224908
61 222 797882848
14 224 346957915
243 103 35022476
176 132 108118668
102 296 452826767
31 214 104874635
136 73 244758586
293 232 427366982
20 56 867381948
110 104 82913533
69 216 853673955
217 229 679622030
31 224 881641084
159 151 77460415
178 252 964737263
44 283 753716128
30 118 626569353
115 162 397922384
297 181 761002539
96 42 949541242
229 111 11181257
35 27 690909038
116 109 264861113
299 267 379934963
65 144 540552514
179 187 770610196
207 217 344850065
111 83 32567527
194 131 400818759
84 279 517842501
78 207 676380011
286 241 674314137
175 56 711119145
287 106 674333864
249 170 819560607
163 101 304658846
110 7 234503214
175 117 706368648
101 62 147622131
259 197 425645609
211 274 623352615
221 260 299449807
9 134 133559214
154 173 7321919
69 121 703231040
127 35 38540192
72 145 61932798
37 19 957527266
85 171 123245979
15 129 320091476
223 92 202637701
89 12 929549560
247 21 749285146
160 226 74189218
230 294 136713090
221 172 624892925
13 244 14371621
162 32 944966539
180 116 154277909
258 182 43124489
285 156 129348780
286 296 89330792
297 242 302417364
194 153 479727641
263 82 295595486
153 55 422097857
129 119 16409952
249 280 313034984
139 211 18341599
147 169 984984633
87 205 933576988
67 242 45020336
110 239 913731777
225 184 378303230
265 147 298572963
50 51 230288369
6 179 359473287
258 179 600576867
241 17 616159077
91 215 529465897
175 1 513105154
115 67 917198195
50 228 376327285
226 152 639777569
7 168 634254615
170 217 201504217
190 275 113902947
277 284 385822425
43 276 667261893
71 118 259982907
20 293 59626307
173 107 48057226
19 156 167122805
104 133 719240409
72 140 184137676
238 61 709926445
154 250 866188219
300 226 374365654
76 20 842461029
168 143 993848646
174 162 813513138
232 86 940064196
109 104 566005803
266 207 605069736
274 30 140591927
201 267 471145339
45 120 974501988
215 171 715167866
68 246 293719837
248 113 178833331
194 38 47457892
183 22 970247729
279 182 11884685
33 199 696179691
168 172 220459373
246 125 513945639
84 169 483175411
224 136 242051633
41 255 323880379
177 203 100956243
208 96 833262133
151 30 432940706
232 8 948049187
116 93 103259438
258 260 60262809
130 258 413262385
21 41 167151906
31 16 40635941
263 56 260596495
193 285 669494597
236 244 113695244
120 146 406711574
25 77 341124133
163 244 482938725
200 202 289741437
161 31 902124194
245 51 643748686
250 133 341633254
142 148 858429409
237 40 45406045
285 27 228880140
181 198 456309586
54 222 402974814
38 137 80760510
115 36 333330011
151 196 86175393
196 193 853242296
33 194 117706128
186 36 826651227
147 24 451441619
91 8 93033545
31 188 142238195
168 293 474447216
133 83 595258852
42 197 607932540
152 47 572731087
97 294 902916879
92 26 470674525
271 264 611607260
50 110 143860635
168 252 31896542
64 34 946959282
158 201 295760426
226 34 419424108
77 127 653405404
68 31 139962102
255 127 781218395
85 270 925955673
109 292 63290836
220 41 904169645
54 208 199030848
248 24 471721882
81 181 31068682
206 106 985078767
166 235 414512646
21 2 800183976
223 8 80784502
169 93 814589223
193 201 266787914
128 173 116548155
224 226 667827914
272 173 13660737
53 5 148801170
86 211 547696427
205 128 805605361
150 148 235493215
177 122 557574722
30 291 379799466
152 183 320325619
17 63 843276791
223 286 92513616
37 9 804965341
225 113 927591245
46 199 608668107
273 155 120136386
185 56 262885134
99 232 881909155
73 261 610943197
138 112 375942932
208 128 92715546
98 51 812914331
266 139 293119192
58 115 300019304
154 161 717199702
161 185 87288208
46 69 119764763
131 220 467329694
38 44 63283854
286 233 574732817
117 141 268464497
62 238 113543399
45 255 777797437
36 12 832436403
139 166 573745115
193 78 549419999
100 175 270099120
63 58 971275691
8 95 63040786
162 80 72677518
178 249 25544210
74 62 59884948
124 158 678278754
260 193 980658266
15 84 452163783
229 28 701463412
80 179 996177186
299 293 156739295
241 1 360026189
226 162 774530121
143 91 923677669
253 217 605217082
52 40 779546340
157 52 592300984
274 66 343500319
256 46 750344046
119 125 605153077
105 175 322659469
251 115 75225621
140 92 73619034
212 235 892572525
180 239 505583293
13 42 173678384
252 198 527171587
136 172 398499304
154 179 361406650
252 298 670346326
280 154 742901101
248 104 255379367
269 243 418305559
202 154 156873545
278 85 496627535
22 98 497452476
106 101 542659825
44 288 760391496
48 194 160360327
97 197 738997024
74 176 197511477
226 123 692642980
193 143 436934075
3 97 204914880
47 126 772779417
133 148 745744766
208 5 903357266
284 48 542950606
180 95 302992399
6 243 638859395
181 69 8221022
157 294 28704044
288 186 333083139
114 240 142460987
94 38 349410112
262 170 312030159
227 77 56515863
44 61 962555163
149 292 576131009
199 49 111166404
145 281 238007672
266 137 552072265
262 176 161255903
100 290 483864142
86 135 529286880
197 96 794151649
208 74 628427278
222 169 574773590
284 18 246098433
245 268 950245781
148 113 131245361
119 78 986608649
83 39 61494976
285 138 792838417
127 275 238070203
58 224 169969750
106 131 334281823
283 104 339396392
24 140 728264061
56 84 803877228
188 231 57611640
300 101 497688318
300 183 5327656
176 220 766129146
92 98 922553772
195 155 971495295
196 260 930016577
219 295 707149833
162 18 412933872
122 74 328532407
101 261 860079137
141 13 950614437
10 12 152210571
217 187 773607090
262 31 3700839
86 277 666745993
132 172 261926905
61 142 565154499
93 3 856235068
16 176 528750693
22 277 385463506
10 117 410135218
98 126 441890829
68 42 542225316
10 56 209009798
48 193 975281774
241 24 863527345
145 84 60544687
95 228 758246541
114 243 832380617
207 264 939340493
12 25 136737809
129 122 627293586
257 190 416335479
24 251 122508986
121 298 668367878
246 290 730440154
243 186 238742389
29 32 900424417
221 146 980936459
237 52 661327275
281 63 801675999
141 243 57629773
126 251 876366462
257 27 441558564
194 147 51874213
272 93 374059403
177 35 375073740
165 115 767555372
81 87 260255717
292 24 234441820
218 56 223060834
168 197 636247976
240 74 620926778
253 30 866806204
216 224 435412403
229 247 302027147
283 123 182694133
222 39 137958047
193 120 483614485
61 163 347011360
280 80 520005516
13 299 991851112
40 239 242358085
18 191 540378267
21 107 8420642
275 87 314853088
21 69 895148462
153 290 135532800
151 235 788946871
236 295 836327133
95 275 644033564
10 287 13742163
173 79 855599053
58 96 45970695
76 168 26415653
17 143 848808139
204 163 739723907
17 16 926753049
116 166 324934583
139 153 47040577
271 300 180029203
287 9 94444942
1 234 279052120
5 43 207293867
199 118 893460034
252 134 625479376
90 89 557895391
49 105 20885858
297 272 4925175
231 110 993627828
159 133 186521527
62 119 103611787
55 171 736749720
74 175 33326114
292 73 828686531
25 24 983767964
253 166 518456204
43 214 622867008
200 262 137565880
274 192 704016041
201 50 306028273
179 163 292668843
218 269 530196265
137 94 21693239
151 85 518163164
33 110 193505339
49 62 896527904
152 156 71987469
112 55 794120730
43 80 92894973
83 33 15350775
8 211 594033689
50 128 923388658
15 17 134984151
205 219 436114036
220 251 572754697
11 299 170385510
266 203 786901865
135 14 295705971
16 56 849206650
89 138 293548082
15 145 667768145
103 247 75478624
212 13 253429240
63 269 87462458
50 241 258781161
146 251 751153311
55 216 83035113
119 50 729809926
41 118 534076333
290 206 347334023
24 272 328127619
268 74 769125965
91 286 905558029
283 100 906600698
40 149 995449838
152 46 218127140
263 100 618644155
27 270 121504705
105 10 78378574
237 51 24611679
259 74 385620202
178 41 50405127
94 184 942355112
75 166 754003363
272 257 68947563
161 109 459942408
300 123 97373407
106 201 473175128
262 5 30537189
235 242 618666240
165 252 236143065
66 181 845703106
93 275 80374041
156 49 488552406
19 72 862733362
81 284 314214422
189 35 741632544
147 140 933055545
127 154 470809701
167 88 36454994
206 253 977325446
71 18 474065026
28 162 148316052
168 18 905636552
225 88 505143575
186 220 942286958
8 160 140226544
3 7 865090136
199 185 90898789
100 51 896031076
293 9 10131380
138 131 966303550
216 210 814952711
19 77 203466680
171 1 33332467
145 238 78530339
155 245 93969998
250 300 29541204
185 198 915968140
25 49 78755291
253 42 694117951
132 231 293166481
133 198 426636690
244 217 174902618
175 139 26516670
194 35 844212207
132 189 794720004
229 191 472188955
85 75 957158252
124 152 277986653
266 104 913580094
168 235 398813076
148 68 207750626
89 63 636192442
106 289 147324132
227 182 541256566
286 65 465309407
41 294 59709197
95 78 42062423
98 253 503267874
150 271 44389329
295 138 970525464
71 38 805528883
148 126 364352297
89 284 850462385
220 262 2224319
137 247 45652083
243 287 74715676
239 81 823989005
114 231 209440210
87 80 162340932
268 75 524292769
31 197 146011258
265 44 749100384
13 184 66011819
49 155 270745880
267 291 60031127
2 234 933620265
29 224 511185898
186 37 602402628
295 176 485257107
126 143 778362133
146 225 28014429
204 241 146997324
139 253 918986907
57 53 196340013
288 20 815280504
166 21 93634137
31 101 796142812
28 286 112352601
7 280 545531376
13 157 845101170
198 3 129071094
278 258 760519086
102 96 251281090
160 204 304335842
73 191 921907661
28 57 854681333
216 139 29888886
27 218 419002971
227 224 83980151
54 288 892194059
23 237 515421113
268 215 99672570
205 68 99081517
94 227 727143420
36 51 107120511
48 78 4076619
133 45 351632009
18 72 660972578
188 50 534500953
90 104 309990592
149 178 765803629
261 146 782470843
83 50 212022262
299 144 120928440
119 231 705529391
181 278 486138320
51 110 556389365
111 127 564941688
88 15 771631537
40 104 574506640
83 4 671184518
11 17 43252615
205 99 451230016
166 149 146397811
106 267 433091841
148 199 85736119
267 1 811528328
183 111 492873707
170 250 843742521
259 41 505663976
98 124 370832132
167 134 102151748
133 39 504328098
149 256 823926346
59 61 640606265
200 208 61488363
70 227 648198316
49 109 47335426
155 31 477421328
27 289 767924268
3 138 81351191
34 57 36022077
133 189 561891415
30 89 576014170
127 148 199318783
191 99 284818290
206 168 23683716
221 216 824820777
98 71 253171159
225 97 80366399
145 151 733429488
135 236 883544944
11 120 278998085
277 149 518502573
199 276 600972572
181 218 106983570
70 123 974788037
238 95 720947005
266 193 133301475
76 169 613143023
174 13 666135626
213 200 810595061
257 262 853705781
293 239 299795881
117 137 972791708
89 69 513299526
210 190 687840400
147 127 292096295
103 144 78435339
129 219 524278859
3 144 397551124
28 57 779603323
41 65 411490236
173 109 2586926
153 225 128907562
213 65 547319982
138 275 837609772
289 173 728493350
183 275 44791494
73 103 744708064
132 105 908609460
255 185 269925168
29 225 712200132
64 97 71981492
90 1 162739116
3 213 290478281
285 102 562182555
208 91 805156327
257 25 592862953
202 98 58603907
118 229 815522211
177 235 87302547
96 15 979507271
27 78 50874867
118 219 306233920
185 274 13343432
265 10 390535634
71 217 125650924
49 225 215818300
1 127 34440397
107 296 810828777
70 224 90018211
216 19 209161077
39 97 22198555
257 214 89266625
176 150 686756498
8 167 67020859
293 289 362636775
68 38 7130300
167 90 897809278
64 249 631898125
292 18 265489948
155 285 921026266
31 23 15739914
37 32 64063327
262 207 638801028
211 266 325398594
170 258 391071283
96 25 493491772
247 244 373006661
276 59 940736209
300 50 864718978
299 256 232257515
264 287 22859089
77 23 139914920
155 36 889658927
135 299 137950892
228 220 127842802
62 15 984985578
233 262 925197521
246 237 687951731
206 289 231560633
236 287 498558788
250 3 698107274
90 131 557437349
210 38 165815636
288 172 62514986
31 151 462039905
84 213 579543520
162 197 127188833
234 142 2785121
65 48 838230509
297 35 604047648
236 284 368746450
110 73 583180
110 34 268653869
197 73 106726840
283 104 545233391
287 187 827761155
58 100 595285551
90 34 925845945
163 150 760178544
171 198 815518678
270 133 176640213
19 294 13885885
251 103 24719671
219 52 246284143
111 34 521562898
153 20 125882385
107 78 601777236
9 219 21928621
53 81 74288270
248 4 842933167
125 273 678938452
37 44 427895045
74 46 352273000
144 16 617887951
38 178 139771236
36 30 674930055
272 136 360456984
59 197 323540855
180 249 714450435
149 249 928965290
68 73 718616715
119 162 304667510
215 235 687700855
166 130 841403322
116 219 19985400
151 254 621196829
258 277 325315117
193 36 727625813
47 215 606491213
34 115 722089861
23 234 742456786
89 52 991715847
198 19 188785633
52 184 505869462
26 52 894284180
125 202 875592686
5 211 428193714
73 104 153864501
285 202 74533667
250 235 117005834
162 10 124214167
147 98 775097119
45 296 55098789
177 99 611459472
190 124 767099823
122 300 661791077
7 57 970463287
272 129 758606142
25 166 349760496
291 115 605860430
124 28 13420291
191 227 586024089
61 271 480855684
249 200 90648634
20 89 551773558
195 210 441764909
271 268 529303165
9 240 992219794
203 264 410656959
298 6 243622225
79 130 65721804
170 72 766896130
58 184 43893753
293 132 232983952
26 203 692552540
183 97 169400050
144 119 391635517
108 128 639969008
201 30 68265023
211 79 751057229
87 157 657867810
291 26 60394581
120 135 291283716
272 127 848084947
23 153 899806801
163 87 361032750
264 230 893553868
32 38 172866147
40 290 105059376
62 201 597443106
90 287 550845063
51 277 683718240
83 149 729570375
298 120 21773501
96 195 650976253
97 109 21468540
246 72 427531621
265 103 693435958
112 194 368950400
39 256 12215552
45 97 866853638
259 148 703619167
198 230 289408267
272 228 963081986
225 23 515173332
277 119 933202140
168 116 91601163
41 81 529489566
198 192 591869059
149 230 347004666
300 274 693437263
138 232 141551010
56 182 604256839
122 205 225354818
59 129 413541
243 158 534272511
182 77 335448127
245 117 2526959
162 67 3342450
220 215 503031
38 215 886419105
200 104 769484788
209 159 333418321
199 32 455273726
117 142 9340854
109 84 499112311
219 18 798572988
197 262 187770856
255 123 507625522
204 94 979603737
135 131 615921051
91 82 135947454
30 42 95818464
151 293 784942347
176 109 18917440
81 269 312917076
92 187 600143393
231 84 972197554
186 90 663601828
260 294 266225273
196 180 127072556
98 270 939580937
103 51 550334131
18 201 711072623
16 128 499667583
155 209 916532551
130 52 348456389
122 34 130887224
127 219 266352014
6 178 758193207
31 125 311946538
186 222 108998407
174 24 328899009
204 93 747517610
278 108 377676989
160 263 523685297
10 144 242203900
151 18 479289433
74 196 275229104
87 202 137648433
145 232 46151158
82 169 321691031
40 94 100215507
49 50 330059399
10 27 648681407
98 239 74998969
147 248 626961864
246 98 199680781
79 224 470385977
182 10 955195630
214 155 920335013
123 236 345393033
254 276 169950626
160 76 796858275
158 85 789704954
264 182 795641892
84 28 583717991
48 274 502389641
80 104 682544064
8 285 390533273
137 250 89583179
1 73 386607615
33 26 948154042
159 185 250605117
85 94 893994801
38 58 108516434
281 193 417855314
172 292 64215339
212 124 526885942
227 131 81096226
199 268 569527327
78 20 333297699
244 53 399131076
85 263 14726612
53 47 510143706
105 137 386580115
38 169 719034807
103 40 839502351
141 3 95147174
282 229 808871604
159 180 788387623
286 9 954030243
236 4 503708847
212 140 754857709
123 192 209367807
128 48 804427743
242 85 40712112
1 240 501938903
103 80 690497758
276 62 288932738
31 272 687777117
106 257 681646777
200 193 804632980
46 156 857406119
154 278 90571310
60 158 103156057
155 151 3676794
118 203 62505185
172 5 638823864
229 280 112035125
267 63 120784249
235 168 677049505
212 67 671677649
243 164 503799756
62 17 335626086
123 128 677300343
232 34 620435345
177 203 31549548
61 75 602661652
24 55 281435184
101 21 876741746
149 8 882001665
205 271 251245183
206 213 488181146
61 26 200183614
246 149 744104041
40 132 481919227
285 60 601824929
184 120 458276403
87 195 594287758
270 47 298791730
267 247 112081789
183 204 863288359
165 109 62077124
10 221 713337849
223 219 612674549
16 258 863243280
142 294 26269891
170 229 606710510
25 16 800938057
234 37 868471303
163 4 635127202
152 186 925438905
162 103 116116765
85 112 858444185
34 35 340563603
182 102 92291713
214 243 734063858
4 164 297429587
266 240 90083254
122 173 540943690
76 88 231785345
29 291 44609883
133 152 230662485
97 237 278124296
282 22 239695282
136 255 859479483
300 220 471912477
158 224 678819193
296 241 938476032
149 114 697687105
38 241 107760492
283 270 133294334
165 102 932544285
149 251 272620173
296 284 14343494
178 171 622905149
212 171 814064768
241 28 614092243
133 23 482214435
16 171 366853048
20 260 841512089
163 242 393835110
296 158 96744663
33 6 66357513
5 2 13634196
299 231 131654667
299 194 365226989
218 134 743382316
113 18 121099290
247 34 735944812
247 105 128862571
187 20 384154265
96 67 693913422
158 99 141318880
171 104 4494933
218 154 523136863
136 204 114273208
224 173 544783742
91 285 51036711
32 232 866475444
143 178 393819749
266 64 593346468
30 211 598349934
251 68 193890785
230 290 947556488
262 208 431239593
276 95 267845248
184 71 271438220
277 161 908627105
87 245 514142688
231 87 454838017
231 52 424741532
198 81 817688342
283 84 730423109
167 65 81819699
206 27 738028658
150 54 683221004
297 237 430107374
17 213 427102787
21 300 795306531
60 282 123179769
276 212 539585073
7 161 428676705
300 143 484368088
8 62 700494453
58 19 81550731
67 169 150673784
171 217 22136821
96 233 945756285
234 5 120052536
16 64 411501017
185 91 66437828
157 97 530725788
13 96 255231183
201 156 433844796
205 265 14123114
287 84 132338434
70 6 203819651
142 101 500004983
127 35 634554240
214 102 269093755
231 286 858461546
158 194 679915494
298 207 551143942
32 159 55086349
127 63 273562413
240 49 649633496
274 170 866520601
224 64 206847454
158 242 97716840
97 155 186951641
152 85 450247979
49 243 574674572
42 292 693940830
183 23 439898488
231 149 218074702
296 140 110020202
143 165 118925124
296 88 266926287
249 298 352296328
40 146 495087782
180 49 106801667
110 97 106392161
182 191 24585052
263 125 821644226
151 108 78898126
204 103 810469865
6 297 1214230
29 292 854950869
167 292 871684766
194 31 391002864
75 263 976966212
41 72 193069061
53 253 866710551
56 216 401550975
81 118 852676682
6 73 346166436
123 78 531653733
52 158 128175524
172 24 47611968
238 217 682647198
253 44 925265560
264 136 225715032
124 189 11186536
226 296 975620903
101 77 411432972
134 134 536697445
22 256 313950874
154 59 9602032
29 231 595609907
196 220 571754476
146 172 285639871
5 187 991551406
288 11 500913946
224 236 838312542
178 88 677907770
250 274 98597755
94 295 58336011
67 200 115885821
250 280 273681703
209 228 403408422
136 73 601101545
106 77 991210932
211 117 619321994
257 40 352145281
50 269 591231769
219 218 894290842
273 63 460005288
35 130 967512487
208 131 250020666
10 39 355141793
32 226 965523065
28 31 858946394
159 294 113643162
104 2 35767201
285 51 11004821
253 21 893239939
246 293 924202701
285 80 417843982
171 287 383765813
88 48 122610803
181 131 206133429
97 159 919973559
142 69 108198952
3 173 124239905
255 157 101376255
176 161 422548475
14 158 186354320
266 142 303646151
48 12 37793437
12 99 220026936
14 31 548722367
294 180 477497625
5 21 850079993
8 76 138307817
13 30 989293673
67 205 699302033
194 270 15140090
13 288 249329483
15 35 664349994
3 46 67771345
38 111 962218975
204 105 18248654
280 109 947323127
73 168 10569202
89 180 96270431
14 247 67947988
98 192 818841809
40 256 125670948
122 270 701246682
268 272 486883879
212 9 605193342
238 213 262308498
144 192 230719258
70 16 471140925
123 157 107813405
205 222 94629303
244 19 854137094
5 58 277723801
52 180 964002870
134 147 655800441
64 110 425659801
105 47 117270613
54 242 765679557
111 63 220966624
36 185 621439632
140 90 956392253
294 85 777642872
39 89 805364281
39 141 436369612
8 26 187525210
300 89 126602419
300 246 920852918
265 299 588525359
173 162 929459222
148 197 806740058
280 88 316638299
32 81 379618284
155 119 667038172
88 209 304568912
199 268 845973537
209 267 630652278
27 18 263798475
296 34 7720625
207 258 93137986
180 106 991191482
37 85 514727221
36 168 53341801
119 75 18721371
42 162 688589731
54 60 174433398
142 20 837085516
71 99 102205886
245 94 87065119
222 300 262375477
7 179 849103582
41 268 321205418
161 3 635073237
114 173 568349911
236 214 631432424
19 19 408174036
16 161 86099955
84 231 644328953
169 228 856230299
287 149 310329350
115 207 936085329
48 299 97787348
65 212 554524650
54 77 243464574
64 64 126612587
40 82 213570306
75 150 202827618
129 233 872520448
34 101 43996327
32 139 872459527
133 254 303564386
61 1 328502384
60 118 167033447
9 171 19983023
182 286 611105187
21 25 481506020
126 99 953102569
195 280 715496701
142 13 723410653
121 96 211393192
247 228 146852497
32 41 526375797
168 100 228717566
214 161 183918336
89 94 665360722
275 114 156993498
46 291 361957997
215 185 71386876
67 79 782125440
20 251 350403987
163 249 86551866
259 281 779170758
107 200 526048010
73 165 881708270
208 253 794648815
81 279 538965881
279 25 180746123
27 239 70300808
54 57 637699438
93 76 74421988
31 290 105444336
248 248 34330868
206 55 42100319
15 127 443269784
36 86 110338636
150 167 359444767
182 197 967061491
205 223 591324081
164 276 947729237
253 120 612203965
240 202 796141454
227 149 646394202
247 54 394370708
217 120 563755834
52 155 43500619
140 57 351482137
206 238 792177533
296 194 432577507
76 57 491552582
264 9 308777253
228 300 382139154
234 279 650706503
135 277 893650056
142 193 342050528
27 245 25099834
297 84 737446790
186 41 723089980
270 36 162775525
277 163 274287882
10 178 252875542
163 106 320444142
216 39 139987072
118 225 893318848
126 118 327572492
253 196 33501436
286 192 678993371
128 129 770976711
259 99 129029298
283 75 344475212
64 84 365043690
258 246 802938695
99 214 159334385
270 31 80624961
169 208 108664778
260 160 512242373
48 198 187374716
270 77 485543945
181 35 51443943
230 17 170168569
142 133 333270404
231 90 997010350
177 240 101076615
213 261 738626645
173 129 213375905
250 88 162342216
274 187 610625413
189 157 704989
285 89 908187275
179 18 643331444
199 211 332941728
3 193 229893669
104 69 654631408
118 281 452174720
214 153 810809748
218 154 763141687
134 127 195188326
298 68 933426682
187 104 453866170
213 35 738052439
256 233 277944350
183 235 291101942
251 38 432980263
10 207 10397343
29 121 809010848
228 38 937485553
267 171 908063832
192 169 760636751
25 107 980748254
194 19 177391340
184 27 815701873
33 261 81466607
127 264 676728597
289 273 850048103
183 54 45084475
282 33 770180913
235 51 40195983
118 242 170787803
68 266 162661361
173 211 71487580
13 95 98146958
85 179 870548518
143 5 323618633
291 45 259472358
46 228 130284411
220 261 304413595
132 195 692485246
267 12 342204039
21 131 186996657
182 4 533245619
113 68 119003365
70 204 222214244
39 98 839012900
272 89 549863245
281 186 70195324
43 105 209019984
137 289 756339131
34 7 620216594
225 27 561289125
81 260 265337680
199 72 57237247
164 193 457722402
59 284 695743399
258 7 153061539
254 287 679724924
229 29 173334381
113 217 551554469
295 251 412130227
188 175 73333105
264 7 697824465
43 257 62124588
241 172 411864081
42 230 175140516
293 240 970539822
31 245 910050708
255 174 828990288
35 286 179255804
155 280 358365206
281 219 856006180
185 183 416724438
49 225 868732895
37 218 183551266
269 11 435910148
184 3 612306087
157 34 967635031
64 40 424608656
103 74 339730593
6 280 321856324
264 260 991202443
43 196 761574425
233 297 750826301
27 85 868711670
44 53 720436581
291 288 706777135
229 144 128278520
60 259 664665659
167 61 341789284
260 118 711203863
83 81 37555974
125 176 541662370
101 108 773863866
54 186 796285050
223 229 20790002
155 220 327551941
142 148 982077984
161 259 599451542
220 126 861179254
103 137 94000571
266 219 361313404
139 96 519123931
260 248 131640238
25 1 625144275
174 276 478154603
127 182 831614074
119 23 297828774
202 184 844433732
295 155 601070309
148 9 54952745
171 26 380453716
26 217 568775663
56 176 381493010
245 201 274464763
19 126 116402590
73 5 480259423
47 123 72812398
272 77 22340033
103 71 993507987
164 271 180621895
60 141 294885621
227 218 373855137
189 273 959192812
151 269 677278864
113 287 324398342
154 111 773857598
76 209 353208572
73 180 44529248
5 35 152303871
91 198 685195341
238 9 442236933
110 236 784742050
146 176 84350974
109 26 472703942
25 138 427461580
118 43 426778490
215 119 7301451
186 243 761826530
286 248 239820164
156 90 894869013
296 79 781925822
28 188 986477009
29 85 224781884
2 194 730849810
243 270 631661899
222 87 43620742
63 1 299502112
113 238 619602054
43 223 878776953
58 78 70534795
271 73 375497473
244 152 941066961
152 180 993614745
287 181 344849990
148 175 672051559
147 96 152134145
240 159 411471697
203 271 950756435
108 65 667033957
261 123 565124487
255 145 477707011
27 88 847018463
39 291 162833594
84 277 656987027
73 125 802182701
84 23 25882197
128 14 459896707
225 268 259011329
11 75 37568946
19 87 182873368
105 41 294826312
16 120 7869951
130 158 455964941
175 293 716409517
101 118 225086193
202 201 613656867
150 80 925742280
8 56 18393599
136 118 806180174
81 137 872911660
200 241 289122853
163 8 577794872
213 137 385027381
253 12 704435126
22 164 28351743
214 117 733861495
233 266 973098526
212 25 157534534
211 213 237925951
36 45 733823087
195 245 62866780
147 107 850247687
270 72 648016976
3 24 619008239
28 45 420208502
222 11 706316819
68 243 355731736
293 206 828349961
26 168 88215525
177 203 467864669
215 150 2687113
194 296 692541872
181 18 692782543
56 20 311890418
46 99 413758663
147 20 928506173
117 139 322306167
105 131 668384572
117 209 837651340
41 137 636286642
9 51 789718491
274 297 587069739
97 177 458651608
239 284 936975127
208 81 284024477
170 279 823118696
194 96 845668334
160 252 324771916
84 68 417963976
123 108 510654112
116 168 41698115
259 141 221446411
97 237 752663039
56 227 283364974
282 135 432560454
110 56 472974332
205 2 110923427
190 213 259688530
57 296 42586897
133 118 252866756
96 286 505876424
110 244 656819364
172 92 103270153
110 147 538011331
83 180 272933317
188 289 721794773
220 245 370650926
98 186 836775238
228 242 641068634
124 126 473698803
232 222 970952388
155 83 627580583
270 255 178136774
22 116 933788920
53 251 536544851
269 138 565396339
293 109 401011135
18 207 36541220
8 134 501791214
293 9 362208739
95 240 833480612
235 94 104788595
17 64 102611801
243 137 579613268
14 241 819157970
265 262 253806360
255 254 356532768
190 24 90776974
61 83 568743859
174 75 980503968
113 169 283956759
76 155 132462305
122 224 35356320
174 166 95908956
42 231 557164249
263 195 987022810
22 202 812312115
190 91 403683090
15 151 597910972
274 77 888580746
293 241 601907567
251 16 708843821
107 138 542002796
26 11 427004913
134 104 150155444
234 119 100515590
243 140 843481691
9 81 632581233
99 96 504355436
270 121 960595512
216 113 68542904
134 115 956645519
154 222 287241008
202 299 162941171
114 184 15875626
257 117 665202344
99 111 217244036
141 120 176017116
26 218 337331263
61 239 417413983
224 206 249285595
27 39 969419210
197 245 562793483
205 146 64764733
275 11 423758269
200 20 196938337
244 118 371327748
179 258 464271319
246 283 26935788
109 95 657232126
91 70 96257432
238 148 945919270
199 45 620094166
81 249 955752211
65 275 84931022
233 174 10302393
270 169 127349210
169 99 837102219
187 45 772142654
174 205 289342300
99 295 349296670
282 284 873065017
204 182 669809213
69 14 174253913
132 79 549340287
205 63 810943961
297 84 329299981
258 252 616619680
176 190 701436524
129 63 773598128
229 214 250518474
150 195 381483158
218 150 988427739
31 219 339178405
143 102 793467183
282 6 332601397
242 54 448486681
174 11 364967132
153 186 398830422
228 67 577012336
155 47 704228649
181 248 581769496
190 165 8070497
80 247 898193115
284 90 617954968
18 123 399770725
115 64 253942778
295 289 12853040
178 142 808571026
199 69 970788444
87 276 83814890
135 156 54496089
182 97 50864353
79 176 447761600
245 160 419441741
213 177 515245063
237 291 398631878
67 37 398902166
206 215 132675607
283 165 6421428
126 251 941221403
67 138 892626710
255 19 94636858
60 149 683163233
59 94 849900592
251 58 93348821
265 46 893592963
42 112 699119700
159 70 579928866
118 52 82334530
197 230 635865381
199 48 797266418
160 3 823488
217 114 402090737
201 224 604293982
45 174 372871839
65 190 960111384
179 283 472471748
278 141 70289617
95 10 267168720
25 206 33897501
257 156 454290849
26 67 435361203
113 35 27972916
101 236 532403939
182 280 220612364
72 96 607843253
8 274 945244835
55 4 484235627
223 98 210007589
194 122 276465794
95 130 182380702
43 155 967862668
45 268 580064903
212 120 554666990
2 2 889053169
265 125 234121316
169 132 778431689
55 238 926136692
81 160 257165190
221 106 706368063
215 200 909610693
116 294 516675847
135 90 380903366
137 1 904383986
178 2 543928039
198 266 672407363
13 186 102449695
102 240 11559484
193 72 764993644
134 293 39986301
197 207 312885900
141 74 743015993
187 208 765737782
5 97 261540534
242 274 910311835
232 172 637696752
294 184 51538537
240 37 949598376
124 282 521144599
219 115 271152091
119 63 181119349
270 203 433427074
114 142 143421582
47 198 448716830
280 191 51463455
214 122 693230978
165 167 608140714
53 159 574624350
180 34 223851283
78 252 107953998
21 122 490849612
169 143 429632467
143 256 293494760
76 2 315856209
157 281 401100799
263 246 945672920
241 162 474496286
154 214 942536944
155 93 213870729
138 222 200974932
287 242 943835853
250 163 312888447
116 57 346116002
227 184 366805355
235 40 931464335
133 2 507953832
204 294 28937893
90 147 250987758
185 54 123701802
14 191 168224624
145 229 360741017
150 178 29853979
48 46 461506935
150 272 651637818
4 259 901479809
191 91 262496363
22 47 427918456
67 188 5886803
24 72 128574808
126 137 462284698
201 34 672519526
217 235 102645255
96 282 329778000
82 183 499928872
252 239 781470430
160 129 575503472
122 202 827700918
130 20 865075405
232 44 482680229
191 221 894386117
288 121 301168002
65 89 646861736
19 184 949388470
19 18 702347852
42 269 125061590
23 180 1510370
94 54 839648024
264 183 520928795
20 166 443824090
200 56 732035710
217 43 258820982
18 159 532404571
106 177 435156806
227 247 281100975
178 288 869358543
120 62 658958375
241 208 207364128
16 171 795010610
111 242 132817327
52 142 644326382
162 110 496855176
195 179 362923234
17 36 197692162
23 262 330939961
149 192 262595500
192 63 626645562
218 3 851109969
245 71 616205991
206 233 787009032
32 284 551232025
213 197 803261086
240 144 991747865
73 160 321103152
186 234 35682714
246 83 542867105
46 26 820234267
207 243 721810921
27 239 939761443
17 144 142498275
300 227 478878211
177 191 680936959
162 130 7495502
78 254 843474762
30 139 329064247
295 137 40332229
99 234 551669954
17 192 374552148
289 218 863826586
32 286 519536581
58 285 621983107
120 161 520525249
79 75 6985478
232 152 1836083
245 233 850252874
192 227 883175810
220 77 68233095
26 145 327037586
73 134 363215603
111 217 645489488
291 26 813384624
150 198 418133037
198 28 262995811
128 259 44753514
10 204 84509299
135 147 565429525
96 118 587930354
290 143 119729698
75 268 587671183
77 78 78999899
116 120 293763177
192 269 858322874
128 167 158648653
138 46 497203311
103 107 275010666
1 242 968618612
178 37 323392082
131 27 38484676
228 153 488448543
263 282 242142972
213 97 966588192
189 288 988800012
114 167 976787330
66 4 790051975
29 159 135462734
194 159 158239775
258 36 299107963
191 218 921267689
266 198 56789242
9 160 68888223
232 72 455570471
275 13 30220611
287 126 210971677
268 244 113335833
295 24 782066591
128 269 154189601
202 226 795134389
64 116 292831306
5 134 619526403
98 142 215407214
172 125 306957286
94 100 892972498
4 138 684292075
133 105 839564670
265 99 855993593
7 226 861105862
259 179 676036439
247 243 624177407
205 299 744013440
7 148 376509433
73 19 763808357
158 112 725014756
7 168 101444993
33 300 722402750
3 16 525423648
47 74 351003126
8 32 504864604
247 31 138632398
105 235 173574196
44 293 371511943
176 65 653850213
132 222 476159477
240 280 868660344
184 13 747357195
285 67 225585862
133 113 85412935
258 121 186060718
13 119 470147248
11 223 83020182
6 18 349238627
201 193 779177091
113 76 384825565
189 67 59156544
184 3 191494808
230 287 768888674
43 171 499848087
229 128 97995259
147 193 239366629
146 203 695623251
80 260 915811268
6 160 276440112
296 25 541318139
12 265 435460106
256 201 765343708
263 130 105888046
89 173 130000417
275 153 41200296
85 299 344352288
13 197 178088790
215 276 568500350
134 33 739615261
245 80 492767385
183 92 9148902
240 47 304903802
299 61 979905631
45 149 964772955
261 175 197435060
56 259 11436310
44 271 729440306
285 237 139499933
134 70 738337465
247 14 157646345
31 249 782252136
132 240 523827734
185 239 573867946
68 283 848745095
122 295 405856321
133 50 638164180
143 145 490068002
48 130 657191039
281 15 907860908
245 13 371034074
41 96 588028674
228 279 994304813
161 164 60238903
259 231 39202637
205 104 61196431
25 237 19936933
104 79 259776429
258 126 106287358
48 158 685519125
207 155 884570637
80 195 48725632
5 123 39649363
118 35 457212926
220 293 986354656
57 197 444363859
239 222 28675595
171 77 603242525
300 86 44988603
9 133 493413760
85 92 539371814
174 223 340509109
57 228 384110483
219 97 341487317
244 16 491540262
251 124 830498058
10 63 469249731
56 285 45959460
233 36 50695245
235 97 845680830
94 181 191293473
108 106 606050895
68 163 530498122
150 133 811456318
266 77 509164386
179 27 662824961
289 88 333634475
19 196 541529860
230 128 251320247
227 62 716776643
108 155 328450876
80 14 970913581
274 81 397923095
148 230 796612428
65 248 476710856
102 126 424573034
263 166 84562822
289 185 42904869
248 114 50325348
295 92 299296509
189 199 988264815
264 278 804085729
145 252 792301061
291 99 484504943
218 215 74701042
273 69 54429619
107 83 106705085
80 71 700777169
300 71 587638034
47 117 817982926
155 5 90009024
221 269 447526154
1 165 791552505
162 155 210135255
4 125 514730721
145 97 214503289
163 255 824794271
47 86 531754494
167 85 24397464
153 183 406559780
230 89 247534436
205 10 23255956
158 10 704637920
114 223 394636127
168 278 37346651
241 174 961996699
29 89 593159306
252 187 867913643
245 54 829164580
60 258 527237462
239 187 113945151
226 91 430068812
182 1 279694173
1 114 307638648
79 34 145890825
281 274 721668099
32 54 89400087
89 57 208308225
231 1 74136978
210 112 684589787
124 102 5133225
126 28 125776316
189 209 51594268
261 261 721623233
60 40 198514818
85 72 144483391
35 103 331581297
73 191 732086453
297 174 730269706
27 135 203044869
13 258 704455371
238 135 334551998
5 23 116590706
124 36 460242118
56 95 55109657
74 231 348605381
116 265 597693283
264 37 953081726
169 86 430167999
74 112 710633033
142 176 174230643
64 113 934905977
261 169 127760552
118 292 32488539
288 100 104212233
196 173 193855164
176 40 23085428
259 4 386335817
36 172 639398202
286 297 561442265
18 190 984541440
112 254 766345305
41 266 32630173
292 136 540023017
30 123 10147068
214 18 936484440
277 194 873583931
57 204 300510486
225 291 949350557
178 276 107922905
242 45 126756047
181 157 857789000
37 197 193122817
62 240 249348204
130 21 634190926
297 234 960309696
36 263 723793541
218 71 374852096
104 47 866567086
212 224 481622861
17 165 783168805
63 97 797951913
114 186 460878161
182 247 899708100
86 76 851962972
163 72 569338658
258 159 98206672
50 76 461652442
45 231 751044488
30 143 458297363
42 211 292336979
99 25 90221127
11 190 618295112
172 71 761705458
23 208 765507885
195 71 934816756
104 28 763665566
275 78 273121894
216 174 763696224
255 204 37255466
269 297 906755228
147 95 793918852
173 106 114084393
85 29 355341964
294 51 472072471
279 297 98466841
86 152 47351121
52 126 42518850
197 93 311338475
220 99 15344378
138 67 46224827
265 213 482115921
169 86 973485926
261 222 686245706
176 215 667587009
247 245 621989157
139 31 118790809
111 134 108714986
212 30 200897779
187 249 851416377
116 138 371084496
42 155 347206408
115 23 575035945
292 35 820351866
198 211 697375981
206 209 824132525
14 99 987954607
222 262 99991440
8 225 138397621
238 163 14353022
266 31 617629459
61 124 707498513
69 238 930395387
265 230 547888122
31 127 620351384
63 84 767341292
39 97 644873742
46 71 447783503
237 78 923622128
210 15 236244442
131 280 548478472
241 41 759065396
206 161 350121133
192 125 164314
265 207 690407940
248 269 645988075
191 8 783861172
233 105 927850742
287 41 186671771
266 250 761222037
108 132 355434268
279 73 340392960
274 278 63304520
259 221 804237597
172 186 383544055
264 185 646083524
138 76 973537583
161 60 501344487
254 46 34528379
124 12 711486881
112 119 546573012
80 149 862448936
139 175 366613165
111 185 989461086
259 56 131397171
13 19 117805507
88 209 10994682
170 121 160871141
108 75 15218387
87 250 202691250
119 62 107017820
282 193 129192920
218 31 175765594
182 193 301889678
119 151 507729486
241 216 483692956
248 3 875768164
29 225 25365337
222 84 155302511
160 222 9800512
109 40 645048673
280 22 121513965
299 239 779589348
193 172 535095692
22 291 192270595
207 231 134658110
163 178 713374464
78 259 49440888
114 180 201750924
276 39 499800245
88 199 507592085
12 178 476732158
129 176 417153048
276 120 695467919
119 142 6170561
113 100 480658144
22 14 236736173
38 144 285399331
225 257 492551462
300 233 20894600
245 72 630669050
281 83 723859927
38 211 134692855
85 238 38933426
55 57 885954967
16 169 741036019
259 243 382836832
183 280 392158275
14 256 794365684
75 256 744761568
227 200 253146439
28 180 817085321
255 217 263124884
161 53 518338121
186 107 970337077
105 174 811392346
123 184 28678388
206 67 188086019
81 80 486539774
16 206 978306929
183 184 15704080
173 212 253806959
245 218 874380427
228 78 442061179
149 15 357349838
125 119 773900611
22 293 24887995
161 199 347048161
279 31 878296792
105 46 111185349
133 280 66608433
113 152 80267796
23 96 23507013
150 76 736051642
80 224 404318756
117 100 619296027
28 174 269503119
174 86 442809569
34 65 678857299
77 169 477044696
25 53 582133327
157 165 247269630
252 188 142055278
16 89 529615153
157 168 928287376
65 285 13441727
91 64 743954200
161 237 853535886
130 22 530272802
180 98 260704722
276 122 23138574
154 31 685794791
184 34 502480330
61 50 200091970
13 258 368174537
240 22 69110573
266 164 76800688
218 25 563616524
255 154 434155297
108 33 861681094
129 60 662411968
254 214 902956350
296 97 811065683
277 157 115279684
46 221 699133642
35 160 671979015
7 177 800595479
95 146 207002503
170 100 186526008
267 259 565506940
212 139 378539052
31 93 502722965
180 140 890361013
115 117 830992121
98 214 854231441
91 248 593399052
106 255 61936680
36 101 3798526
238 270 977553177
97 236 365989788
236 200 577296726
187 230 339645270
103 110 338830210
167 276 782364578
87 125 17823991
279 216 265899339
82 73 448217545
62 160 789062945
239 149 704568414
267 245 481405602
254 180 981255601
80 119 571563082
49 273 302768043
210 140 838452518
187 226 146412543
130 257 778298110
20 38 406088234
164 99 830378393
108 89 110687441
73 56 433541385
26 61 216963516
178 140 839492886
260 241 803852459
202 202 705435950
120 141 522719127
214 270 962449783
223 289 470543321
56 204 961452771
100 11 438976660
240 135 585700867
76 161 915098827
143 38 856983619
29 297 751000511
239 251 935979712
288 70 899318504
14 35 806324525
49 257 775413465
69 64 254802868
291 215 886072030
2 154 373789365
68 281 51876825
195 123 606622714
265 151 904557411
275 141 953481661
238 128 591847982
42 194 966068916
218 242 706958924
83 62 220606239
202 104 337389253
32 106 20511758
48 173 703515138
224 119 308395612
137 83 969613363
99 109 48569903
11 47 250701183
44 140 98726328
59 57 702578769
134 191 90350882
24 93 370979085
76 124 835956390
85 223 923500015
74 146 696192433
186 282 716049968
200 133 881556776
54 143 981208922
36 187 619357613
263 297 897294670
183 183 147982612
216 206 921191604
1 34 808026379
242 118 182276301
108 192 948334546
41 129 565340180
160 28 937850612
35 81 724380206
9 169 664260592
121 183 281109741
42 66 429370223
154 281 182164628
109 33 729398561
188 27 944100131
240 134 529784474
138 226 794847202
17 85 561418029
80 120 583099561
285 180 258076629
129 52 537591912
269 94 976740529
43 299 665873361
270 107 975969494
283 46 300534372
113 286 858035305
238 123 49697431
139 191 591570715
119 270 217728286
179 6 909379065
160 186 138397017
271 206 654593162
251 248 605950112
211 218 61143118
256 252 385747616
27 116 57007201
284 53 728289123
114 191 817449913
80 61 114856534
166 239 344889191
182 98 171808477
250 120 729240482
163 70 299071782
74 33 210950651
144 288 46792002
259 67 603212317
111 50 262512421
85 163 114506811
249 294 130678923
82 159 336579261
272 93 547833511
100 94 449517230
134 257 723403652
115 82 182849784
65 277 508857823
266 287 149445789
34 97 815165338
154 181 408230252
216 129 520211246
38 262 221352956
150 234 273550800
60 85 815201794
142 218 205931802
293 32 199174583
228 96 561105960
150 113 677473546
139 198 457800895
228 51 777860775
232 18 12652156
229 107 424515217
84 257 210855502
84 16 543481487
229 209 4150004
30 201 744449188
212 128 122813335
123 30 186034448
21 220 242357545
15 147 554295048
241 130 236353765
296 58 271728972
65 194 996999928
118 277 812516495
204 257 20312256
260 286 638758156
99 249 408253036
33 72 985138365
80 144 223892636
77 158 87164834
124 150 835701564
240 198 842230421
111 262 33137066
290 79 124423242
237 35 341356150
92 46 332318535
199 144 1517684
134 176 762575907
150 8 145483102
85 84 903007459
219 259 223075160
234 198 413305657
6 9 750730518
272 50 151237949
265 38 158309435
215 129 776094980
201 28 601560123
84 213 610034550
142 115 135036357
43 251 123955792
153 221 278571550
113 154 687753748
21 212 475747708
139 183 639553357
139 147 696719895
173 61 667559575
252 262 190830554
226 97 674785867
75 291 662112933
284 85 671671683
275 290 495659656
225 154 117262061
72 174 231225672
31 12 870687554
287 202 12587301
33 74 850797413
208 77 717636426
213 54 467138375
79 129 714395517
163 164 752374601
146 138 41632142
153 114 100210595
13 237 193931969
85 267 73526780
38 6 447782034
190 38 917458107
155 297 816199036
132 210 893048589
206 40 610557669
74 203 103762632
27 100 349135622
268 252 772731835
63 264 914821372
31 100 251151938
62 138 273793243
295 79 531981533
54 285 840760029
189 117 95991990
129 74 119946930
198 148 279770484
129 174 247134335
2 141 665181786
237 255 356207601
108 285 698921101
297 47 416526190
192 93 374126520
124 146 422519505
104 86 131857921
294 215 821796494
275 112 59247093
210 292 596584318
244 294 475440311
281 282 796025665
281 141 752272350
133 137 122739848
174 28 502693840
294 203 514625138
98 7 122216423
70 52 71032637
63 26 824147800
8 287 485324544
125 230 403698489
135 210 204517822
152 242 950087562
153 127 596592350
200 300 417825430
91 293 945768332
128 142 873697438
3 211 2637441
91 26 747502566
291 33 945612352
286 209 844101133
26 96 108150694
47 299 93968636
208 151 205508762
9 50 859297261
138 192 281977006
170 72 43551147
259 74 980910310
100 164 63334635
17 206 55103919
221 191 552802479
53 268 31870626
147 14 288334024
234 273 926981374
95 282 923068875
7 171 631806719
264 40 715303690
63 51 148292563
72 202 854322326
158 218 362573484
28 138 305854226
158 243 940379394
84 141 323183159
59 74 551836732
185 220 927965165
111 278 16877535
229 242 616858527
118 56 601605577
132 127 826272478
10 36 890878147
93 115 741034937
118 272 73360331
163 107 143488671
222 166 750421296
253 102 99666967
69 212 50522944
3 193 589998937
81 62 761646092
157 194 398891070
186 203 565068505
185 47 20315019
21 164 169949443
151 27 45842401
173 300 83811566
268 252 620903719
34 72 875155031
77 126 35921275
166 207 113473436
257 115 108620429
227 1 580717283
283 185 39821129
154 257 644302545
296 107 334540923
296 279 433719422
214 298 346191125
284 31 999921196
266 159 264303521
140 24 756196627
76 33 929722442
204 11 463669794
287 293 248916830
167 146 26498486
211 193 722291444
33 241 479784374
206 206 49398571
30 189 383317353
225 207 532063663
298 46 85636439
276 121 805681771
69 77 943607081
162 115 64480873
243 281 893650871
280 244 601066515
175 28 232570207
48 234 724489864
270 263 697729205
274 240 879959611
137 237 307102356
75 212 92630877
45 281 50198305
77 194 55489219
101 137 841099
23 116 383072842
190 291 536725370
296 90 895518103
60 112 658158517
116 85 972051456
26 273 954016792
33 47 65283856
161 143 235575088
65 271 928560281
83 72 98188969
82 94 918443285
75 283 669163727
96 31 830134668
50 142 450754679
267 257 619373816
122 34 15539388
266 66 577404187
73 227 110649981
160 43 558883852
140 126 839103023
9 259 549991068
45 33 292614503
123 129 152059885
290 178 300726
21 144 240098934
136 18 898897767
275 35 136315932
161 107 750017010
242 266 937682953
293 157 607319330
167 217 907250888
186 261 73066820
240 135 346525200
24 177 623144130
249 197 561082125
182 84 132390642
200 58 848635528
284 271 70067934
293 212 737295651
97 256 778878960
78 174 440490476
265 59 345606189
237 299 15906175
88 22 429008751
117 23 888184947
42 256 717841282
35 156 81000792
115 139 555067662
248 183 103208225
151 280 431789980
262 57 84948653
237 74 465191663
277 10 865133513
152 97 436834087
202 266 180594109
201 7 189028864
282 93 361036119
173 207 685448157
86 207 764798340
210 109 389285971
289 70 166230379
293 58 2882452
108 35 677341713
220 238 536133362
158 139 54917879
66 91 89744685
282 125 183069829
300 49 331012488
209 135 603640594
300 44 295798854
122 85 481333523
300 129 158284132
4 288 967224166
68 208 481608855
281 117 425414246
159 183 539341636
95 216 246265012
124 215 922152461
111 175 974587995
56 226 359296190
109 47 508067026
283 47 505849155
214 102 522866942
232 169 424253901
186 202 646844118
31 60 223748052
19 155 343994567
130 278 221136133
42 140 393137260
36 247 624796285
178 107 157915532
103 89 11241730
209 2 40173683
3 285 69536751
3 171 45529704
172 253 465521364
275 23 124289118
241 153 57419147
226 194 595923938
85 282 343444084
169 211 448294790
52 65 244325930
281 274 37305283
63 28 646973368
66 82 407455390
269 254 891649242
284 280 196445617
101 221 10560469
299 198 813695314
36 34 580438147
71 202 522601509
160 6 295736074
89 38 110723699
72 153 490431326
91 270 711629207
280 290 273677812
173 274 400325192
89 126 288082264
209 125 10601513
275 160 108503846
21 231 59101899
82 142 20311204
155 283 855889842
5 106 458527846
130 196 45245615
88 175 514089204
52 99 183096329
243 188 324039755
158 96 846854979
270 70 199982290
115 143 874349420
213 224 875800214
69 130 743627896
210 134 220170453
7 15 247368548
21 154 937710274
76 205 182844872
105 199 31734311
259 108 642422707
289 77 386154428
178 243 843367622
298 208 536663797
63 276 761779026
110 237 334469711
262 243 745167177
9 15 705500631
34 90 194180587
105 246 611532238
116 204 245637845
274 192 959615274
253 70 9452016
75 119 159282675
171 233 724385750
149 42 265683786
11 3 94220980
188 63 402726594
270 96 557806184
8 252 595072429
245 119 838565085
290 144 135139128
215 97 832260497
82 223 361827667
157 145 747124499
206 45 436811592
244 56 946026694
223 295 79687408
217 264 922987655
52 271 511288659
132 268 23808377
116 9 660518573
44 223 102540969
92 4 750792243
259 212 436903487
109 170 627686432
1 113 510127139
246 35 976876433
6 3 438467648
160 54 89081370
70 186 540249837
99 53 890127245
271 96 98328867
291 188 879339423
233 198 392441586
71 58 509504755
254 110 348729067
192 108 856851854
124 113 584083356
71 24 793262462
93 94 79461599
29 192 281245851
274 214 533754347
192 204 374280286
166 188 164651335
52 258 504508344
106 212 978146554
25 103 89141713
278 279 64664877
285 101 680220052
98 193 447095897
96 222 241617140
147 247 724302353
293 190 850208856
130 56 75161595
216 159 131031353
59 16 203053616
64 92 96322818
176 121 345264448
204 106 535829801
256 203 904583893
152 299 696809266
292 197 802633164
96 241 320384454
104 70 834435261
298 285 884710819
150 95 685748586
265 159 733761278
235 86 738117098
234 290 135415755
34 297 866403358
79 200 715574208
96 243 111657804
60 39 293441196
265 142 930171965
225 139 744050501
95 41 239585147
280 57 542406105
9 43 299204143
107 277 869611432
61 62 491397080
270 140 906624279
229 236 209426522
84 47 124106160
179 63 205904753
95 287 677467543
47 133 669825883
94 164 91066092
298 173 184994634
92 31 149392310
123 91 372605272
254 113 611733763
233 41 563587050
206 125 30798296
217 55 38784658
69 150 421981396
163 196 65099328
246 41 358919744
137 91 332171216
70 182 428003546
32 57 781832488
55 10 260061400
217 294 283297193
67 199 110681317
14 115 593204023
24 235 956004572
71 98 500682520
251 95 614306660
294 231 691799450
261 52 32365032
206 135 210647540
45 189 13011349
245 158 51113443
237 224 534380341
105 289 291950908
79 64 677213542
151 135 220152139
222 85 443108933
33 78 437150015
235 38 387270019
18 295 295377605
157 39 681561694
5 35 862588751
199 271 402045826
240 127 183247566
199 206 244978630
40 108 861736764
279 81 951137648
63 113 724617377
130 47 514347166
248 64 600846912
4 272 913432750
197 277 269715137
299 175 247958559
76 166 811360686
142 64 258158243
271 156 544355802
234 186 170635882
33 248 456337846
261 77 93261145
278 76 113770808
289 80 286063432
90 28 65601308
226 79 61046934
85 154 806780652
122 47 594753367
116 17 102178622
217 2 254241259
98 86 789017507
195 98 701206435
39 75 378078063
299 115 115009994
230 205 446080273
189 182 233877651
74 266 585480657
177 139 831620503
44 254 69792172
117 222 309216073
76 71 58578911
34 266 189981708
120 4 70287983
34 2 152860997
27 283 203649853
100 171 639853335
2 245 561946352
58 121 781289591
213 216 261073996
84 85 693139018
256 212 100636888
266 297 792421805
74 168 9238561
8 202 864857962
4 280 202892497
9 79 383910767
143 133 26508763
294 242 937467136
36 154 564055603
84 237 8452787
1 245 229932650
40 262 17512698
97 87 72399366
157 94 625187067
270 150 643402146
66 158 573124877
33 52 648232909
47 45 159239602
182 133 232732756
285 216 643537244
223 268 848352788
125 59 610791002
22 155 415800888
87 11 38703134
53 281 632358735
51 46 400417544
127 130 982732895
87 177 793767491
288 110 614810923
43 146 411969890
139 121 25867057
126 245 262172016
179 18 913306570
267 105 841025633
252 209 57670813
86 259 471167310
129 137 465425892
275 223 66955320
165 211 213222729
240 5 173316427
229 143 103172847
238 21 937757343
253 199 842066260
174 217 741015316
106 220 259791577
70 5 41797187
132 185 660157024
23 159 468136698
142 76 919943108
122 67 805858065
248 295 64386107
246 232 101429079
188 236 675261630
200 162 54200998
67 19 276950318
143 141 975868322
282 272 256405259
205 46 248777669
154 239 599269396
14 60 922691362
178 60 483529809
236 5 307651792
15 245 657229328
96 144 3118041
93 210 481310859
10 105 854511299
284 86 446403022
142 42 869895567
262 195 896976957
158 208 888353569
171 137 17341828
179 73 92147284
171 139 198010928
150 234 29515371
290 78 32708633
148 88 614865937
147 123 522817174
220 264 564203015
39 277 912192861
95 186 486729821
263 57 93671957
242 235 502438081
278 157 961940919
205 6 852474804
28 47 228240734
112 195 661156321
300 93 684638943
273 12 555093858
39 102 373815086
299 197 887555672
219 211 871523328
28 205 661764214
208 182 565930123
279 138 241250380
34 217 690843027
167 28 248535273
139 27 916322065
181 51 845639128
290 89 906382030
76 88 848044078
99 58 706462488
178 85 56528144
191 293 285355625
165 23 148504915
145 56 822975031
171 223 46507311
143 61 581451337
259 294 655656988
138 35 833327276
119 162 879171415
296 260 427402873
136 137 276726309
179 80 77063453
156 244 642871575
270 88 679141831
300 10 266631305
110 152 66496317
299 162 615892162
238 300 469912697
213 170 854889358
80 166 510894170
4 53 456934106
12 231 59806085
65 86 737956581
139 55 27603268
21 107 177138230
125 268 877547681
94 266 455219095
55 203 50758894
103 168 128098163
13 247 535280980
182 250 978769832
239 13 367609215
76 77 987154752
156 216 985911359
75 236 39370417
4 113 341522884
137 258 326336450
131 12 354500804
176 167 406826871
90 179 67518769
222 60 763979370
105 298 772934983
219 73 171449059
223 280 454909526
281 55 302458214
197 110 980726426
80 246 113759535
281 76 759900646
85 3 946611512
107 93 381297842
76 14 869821101
97 170 426664451
79 89 111633975
190 11 662686255
215 43 812457261
228 291 885568870
105 122 612085116
239 103 299741443
137 239 999296746
200 45 543881890
142 172 468777855
194 269 605270824
244 47 173486364
171 236 160579226
77 203 404977120
37 130 93534110
106 235 420289432
173 225 564095886
68 61 26937924
265 261 68158768
254 102 460309892
60 295 262337960
35 291 952210658
99 161 701377046
276 237 964746648
196 25 44777677
157 182 627229263
188 55 973344588
125 174 548057000
248 138 445461660
168 143 751889113
259 202 337160460
70 288 627940150
227 86 440894862
124 114 438710850
171 9 286361726
100 217 16900007
14 105 947443513
153 229 377733686
53 229 12099975
264 96 541907917
277 106 140968070
36 175 414551258
137 153 388660195
98 277 223874108
99 199 177686468
124 298 343631385
82 12 994514641
95 164 694432121
32 268 470321749
107 232 95374996
23 208 29901753
193 295 683723627
50 131 566600332
96 280 674876208
204 130 678330606
123 253 474257556
207 86 837369967
199 180 298561482
120 264 553372750
20 70 899781781
16 144 942194040
168 36 165253634
247 137 49417064
178 233 740611895
137 188 825032624
294 10 441557328
149 269 607086013
67 167 121578545
201 286 362768608
250 58 342756177
282 73 455965520
273 292 843364708
206 290 66988644
21 219 220530228
115 55 675347215
90 101 314158777
17 249 628079945
29 68 464141711
273 268 369292549
232 269 813854206
208 250 745718030
80 222 194785773
287 179 844781063
82 251 114820581
162 117 532296888
128 206 775540588
104 222 171325588
48 2 557021855
211 27 83707222
59 258 9787142
16 218 530010691
97 297 144120964
221 35 17371594
283 168 199179644
16 29 282673360
155 157 92885365
94 260 923889338
281 60 382771292
288 270 738593418
261 80 59157027
203 95 834701944
145 243 226226392
9 163 77095078
102 198 454296646
198 265 430877674
57 119 387218082
122 264 932443942
211 296 252184253
2 283 105548022
171 296 566860501
298 250 302492247
93 94 58161289
185 154 733686103
114 8 321331400
159 205 640950464
233 261 77356534
266 134 406090197
207 45 650993393
11 46 221604327
32 217 54146574
184 266 305890923
130 58 359364417
70 294 63720722
225 108 731298729
224 266 413794433
240 250 246397546
125 216 469477079
222 174 859438723
66 185 799053769
244 268 731948337
118 152 864763102
240 33 884716359
156 155 723067205
278 79 751878012
158 54 130478129
191 45 289745231
288 170 764381046
166 143 44378571
89 208 529405707
109 151 325010475
45 20 703086078
298 260 113608410
8 167 172287816
12 196 760294046
175 54 51474852
4 296 686780696
134 283 596084465
231 148 37992707
253 288 516015166
160 96 251756169
86 192 299362288
163 241 964724447
24 249 312239766
40 260 700596261
237 187 713609014
188 190 470105161
184 75 511449543
100 57 12151943
159 9 979134730
176 220 916484378
44 5 556149221
284 167 762892362
182 243 126462862
247 34 664895221
208 270 687616507
273 210 325104848
34 93 867105474
128 244 77999430
70 102 707197991
52 278 284106862
181 73 281220167
253 56 106656685
266 238 874024827
227 236 460645112
200 143 921778882
6 168 13933691
106 201 423890235
279 80 747732978
261 202 728487332
3 253 29652109
264 185 460532533
282 137 615458189
167 155 16702578
45 81 123989113
257 280 490430408
190 38 829635475
32 143 464225827
18 173 905651006
247 185 18579307
278 187 634661811
38 203 670382895
171 236 386924484
111 102 547178938
288 199 130125470
152 207 948142950
159 148 393880587
85 231 644959581
211 248 715969053
117 194 242457490
275 224 79106528
86 261 510023030
132 183 521459866
15 45 220073719
104 84 332405769
274 236 466584775
175 146 101938674
61 231 399884804
193 141 636829751
145 9 265539197
86 284 14500472
214 121 60849332
243 252 422667367
260 19 862896411
131 174 103271747
199 147 562749782
174 73 289309979
47 133 407555109
203 77 86743702
253 274 232526762
1 59 10967245
272 272 614276017
256 215 7803269
174 226 136022539
84 56 693596412
182 255 663166711
163 180 992876383
42 278 929122368
202 180 116864244
255 185 124587417
17 185 47265728
113 209 258972999
30 164 122248613
250 37 716101491
188 172 555572646
51 54 678100552
113 268 697753631
248 61 421503261
267 15 544201540
62 269 260227276
131 285 130086961
258 98 725830121
56 127 255789736
121 76 142633172
111 15 806805895
208 117 499063300
260 230 634671520
242 229 650424180
202 195 658909094
94 256 746869963
169 86 146833547
181 43 574799796
101 151 940012022
236 271 807822549
159 133 314253915
6 40 5418884
257 51 691967813
176 293 924326141
208 246 484132587
253 39 635735042
267 260 61269980
266 140 955486774
61 293 577358424
35 280 754166246
135 191 349495378
250 248 623951170
233 256 403117820
197 132 89781664
89 91 105445962
175 43 141795900
268 62 16607811
147 27 7452303
173 87 692675847
48 121 328068178
194 8 56262468
223 257 241613667
292 241 530668723
164 189 410615506
27 277 384394548
188 203 110914942
140 170 189563003
102 69 619688629
204 293 976091616
50 40 903816688
280 233 63202747
47 208 63471003
166 199 467589395
240 62 115009383
145 141 635089811
244 28 511963265
85 219 381364787
288 21 157080707
216 224 794597799
283 26 723790838
223 5 551342423
169 103 626747930
124 20 426474880
70 259 501124742
205 155 645511882
15 98 965082261
132 183 601631780
118 222 276800952
224 137 145525727
22 172 900481952
211 94 574770508
85 262 224653863
114 137 91745682
146 207 411747393
187 111 595274499
120 177 26721549
132 8 964487131
11 125 155683304
262 48 662449640
189 121 18426811
192 32 979947856
252 116 757699170
166 282 267668106
99 127 829960412
291 65 264618174
142 236 354214851
90 67 463230058
220 78 973028583
75 91 40691130
14 31 165848203
177 275 367257934
184 278 753811801
153 143 99741382
11 241 536554260
74 284 565375176
248 125 831716011
298 214 153175378
55 185 983901407
237 259 600695049
219 24 149082032
73 252 529544306
206 136 21885083
258 288 703274577
240 50 812942117
151 124 320184152
127 71 115242476
89 68 77354989
66 174 876041525
224 163 961952683
173 133 555087159
204 205 821355410
261 110 593221645
295 67 480901385
171 58 752062734
39 261 89182457
191 139 609395079
218 227 961882746
159 45 167424572
283 268 494016434
118 192 687382166
276 147 913369970
137 107 391754131
82 153 23830097
118 23 466888307
203 114 257483019
112 4 108473057
90 273 556607135
188 131 902544279
159 114 835218599
292 283 955325142
9 258 559429589
178 146 882108947
208 227 945248300
56 96 304638574
14 299 773221887
232 162 523698742
40 251 671311615
75 190 145931845
205 48 676117310
55 91 223820692
97 99 196645501
37 28 415947147
83 287 327463625
34 95 264612673
8 108 126940671
94 40 413695484
236 79 29239486
102 205 787971776
46 110 709833275
156 164 288840418
299 260 212375368
152 48 393808096
98 131 77409082
74 164 139524776
146 171 899559836
268 17 762480927
251 4 689277457
237 105 236556562
164 202 11895223
138 109 997995686
255 108 855215798
223 259 142985145
270 108 595929027
3 181 159295743
131 79 137723865
66 46 304435281
144 49 35645084
300 37 855181240
61 200 56459242
283 37 168112750
121 44 266478809
218 266 695686567
114 235 429232226
141 289 89546707
83 119 498791737
247 236 78875282
180 79 801041882
115 79 989498318
155 191 284732717
148 226 249094706
197 46 318908349
106 15 706549014
24 128 510857500
50 20 809242888
8 102 446262659
96 101 468960294
177 280 492333073
111 146 205658451
28 300 698009341
197 147 981280966
102 96 905985363
50 253 474821977
15 28 535808657
266 77 832358076
205 136 376282330
263 231 452788930
257 160 71345861
29 22 267598206
231 49 749243558
23 297 572741156
289 98 906203751
103 199 721142855
232 213 860728683
188 230 606709811
163 135 48632947
292 97 390322529
273 53 710653840
285 133 810668761
91 63 532381962
248 86 160526158
55 126 796712408
258 280 907332706
112 211 903968771
294 98 149994452
57 13 602136286
255 56 559173283
83 29 342582087
175 13 444695772
235 155 71172786
96 154 920022471
6 209 530074848
13 166 954798928
270 29 374049390
192 75 618602188
44 131 78364452
29 85 424585807
163 219 962571535
102 93 468700200
173 28 210570006
58 175 84908160
81 180 369488520
228 244 117998485
107 214 609129965
249 157 998578939
136 200 745571569
87 281 603773505
145 195 110990924
180 296 830394016
31 168 425167895
36 226 427694522
247 58 145983701
66 37 934296897
102 144 847450462
167 92 641929518
57 279 320244870
26 117 484532802
182 261 693966596
205 192 143644692
73 274 130779211
19 10 21510236
140 8 145925645
193 74 329067582
189 175 230767677
202 93 225075320
71 150 930592698
140 227 130716966
241 108 397517578
289 65 693566070
280 189 45111695
190 207 105175404
78 99 368730764
22 291 647717237
3 231 617682363
231 132 887756108
250 202 456517409
299 94 69537835
164 86 35623594
42 74 465765610
163 105 42874250
257 47 339601057
113 124 488673255
276 197 488590897
264 252 421134527
178 182 838787310
185 132 383478763
93 182 375453756
279 46 4277794
25 139 258884767
186 53 987952072
236 9 174775270
244 173 135831893
298 200 574596641
146 163 967620744
172 41 545671878
133 277 533825361
295 122 715190242
251 152 72999839
44 228 152255377
262 114 351555629
285 101 716012290
54 44 350800762
298 93 477168162
191 238 595348076
34 109 323022868
111 293 547948645
123 287 431675518
265 289 191224969
203 84 567253297
32 46 878042462
160 82 313950362
101 136 67094405
163 185 331180549
176 75 889766986
51 161 869020946
19 23 107729738
15 146 989372124
132 162 594434565
152 64 222162148
100 95 836472345
161 7 425317227
74 107 15988414
30 21 744317798
78 196 889934725
63 299 567943585
208 69 29048959
97 83 102043504
273 266 207150165
137 117 417368781
136 217 32438375
181 129 961463633
59 203 67940492
72 232 702669712
21 10 47852160
97 124 846319558
281 84 273611126
240 180 730191860
95 204 795220925
60 40 364955993
192 228 6650361
66 108 598346490
51 218 159027444
142 289 903271275
253 61 14774884
12 158 88337960
121 190 287948743
246 181 573853322
257 276 640456526
181 87 82192917
26 278 121224644
138 95 446540403
27 145 483457420
170 38 100480460
297 291 41927321
132 54 50249078
91 175 398422019
133 172 410462400
107 129 40930075
232 61 349491561
200 138 753515638
44 276 137957032
98 54 316795729
18 276 505455866
277 272 259123508
297 103 625650814
226 246 451357340
97 78 9854211
96 184 736365991
70 167 426113604
182 119 296569393
271 214 501867368
154 11 197903074
182 28 838671249
300 57 32475872
159 105 941575474
72 31 211857071
211 179 573720349
274 274 158567684
216 95 606855603
219 276 777021
164 246 314072934
31 99 993283744
4 33 374383224
4 84 705335480
275 242 880584184
101 14 802894766
171 276 870689244
71 249 346946369
155 165 420079863
157 135 292097638
29 50 421548035
62 81 93871734
157 136 183413518
32 192 343112901
263 166 684609742
299 266 686071207
116 189 946338283
60 259 180297883
80 113 124315999
143 21 57022586
180 49 274987035
267 162 132593067
152 71 975227403
69 154 199110346
121 117 279168711
114 115 714527029
121 230 864526017
103 41 155402375
85 121 598240140
284 15 947378560
69 246 908627361
255 212 796059474
222 63 455474996
76 131 113773502
121 3 623774118
31 117 423610084
11 237 316176165
127 91 24677958
254 175 896061830
193 210 350407644
204 30 532329389
16 285 863375101
290 206 142449215
137 33 847932546
138 153 880487048
7 183 924722464
42 194 519226352
7 72 757820642
116 25 673319569
45 217 390039130
40 121 112485560
228 136 820678596
80 177 794694953
295 66 862278385
92 255 75055589
191 262 7162571
107 3 930675416
258 61 710120140
252 176 648382764
120 272 48736133
249 11 858558805
160 291 838994492
107 70 638619021
11 116 712907386
247 259 28149440
35 202 60635653
58 8 233976108
273 17 864346968
64 268 828942544
180 87 876341015
212 88 209466378
116 247 508131668
259 106 340744689
279 116 997238305
116 63 883094115
208 97 26282816
260 154 56559575
67 179 640634392
287 294 388844259
82 173 827025098
148 84 492699685
225 251 203386283
292 262 779763488
181 240 721558956
237 108 38534718
251 15 510779066
219 26 145454572
193 145 725753002
184 131 961794495
195 264 354478168
292 111 805056503
228 36 172088306
162 27 294568067
150 259 811114806
57 247 139668613
26 198 160895279
91 168 82914105
114 60 844733901
15 296 458185283
262 242 604727146
29 233 13216856
283 212 893120791
188 73 605086970
54 274 489860080
212 30 544678427
176 55 505152476
155 198 397565043
211 11 130992054
163 78 346067901
245 39 431636842
290 119 67240326
197 101 745578037
88 41 522552610
109 94 30443883
88 5 843327165
66 181 147220819
241 87 10452968
35 49 725961831
189 211 19500408
89 207 557895898
283 196 695626468
108 92 237748620
145 231 356350660
6 91 346000654
140 231 722846110
4 296 626555642
275 289 70540880
142 23 137715928
124 211 377847390
183 52 396604196
280 34 798713491
299 141 302424835
119 37 800859017
278 42 899103008
283 182 792049590
293 185 171860837
234 211 543689225
14 105 157616148
193 228 997150010
283 111 408358713
278 142 970362746
221 141 455435139
7 259 756637575
23 288 101555369
182 271 668116050
271 263 4679486
108 248 258466497
284 13 292446401
131 206 832581028
293 240 750887138
205 269 310293332
203 189 501393372
41 195 266968582
267 270 110853269
235 151 84080791
136 174 56980905
222 33 508625605
218 16 657039417
18 147 344970974
45 139 97751313
235 95 17017334
266 297 196449822
189 89 496022669
70 56 864078538
290 42 52236788
233 178 557579713
137 99 846935445
93 16 316509561
10 85 976434559
235 129 823860449
100 115 267145943
233 132 129170140
6 20 570400880
274 141 494959387
211 183 4401029
51 115 471874558
63 3 49543108
160 96 995873175
220 157 603311159
230 143 556954439
78 242 460206506
72 226 770844337
63 232 842777657
143 205 648007749
29 168 444871531
9 270 22482497
218 84 437821552
225 243 199514299
51 214 964600155
261 143 635599149
300 272 457746243
257 96 448058768
293 158 508019251
101 52 281134008
50 133 631481575
232 141 168847796
229 111 745779679
32 87 61729022
230 138 138238087
36 98 99225082
284 149 621066805
226 157 970909200
146 150 130438758
296 250 375089061
103 51 494786793
129 283 198965686
124 263 959500296
203 294 678450082
276 223 204204571
14 258 140074921
195 293 895531921
152 219 930782078
151 64 16669727
60 111 701005228
21 214 631796331
113 94 253914565
98 218 589842427
245 172 782434172
179 147 178687746
249 212 743203303
221 107 816612695
42 258 856662165
71 160 311410480
249 220 688876891
76 292 122711756
58 156 244396649
22 6 222779366
300 250 656155937
271 180 458771735
216 129 768864847
170 101 538176705
117 142 387774114
281 212 141082625
261 212 76024644
103 288 125238287
158 97 78477643
6 119 839741100
72 118 516012601
60 89 638258581
247 56 263199961
45 226 530911661
249 42 189441955
214 74 169572918
38 34 340490630
134 136 255716669
220 45 547047365
214 51 468397283
265 122 314641553
266 233 15697993
146 179 750254348
206 223 114030273
118 223 628671166
172 136 150839192
190 226 139428477
119 59 135832265
87 30 262762309
151 296 764615259
86 260 716686832
138 277 775132965
30 174 103758095
29 131 471427070
254 249 416316592
219 120 31233480
10 61 604744005
187 179 917905515
3 17 95956296
111 220 217373991
270 5 826932403
1 194 588127779
17 275 991735053
264 3 153470535
133 256 899213183
276 227 123437655
255 288 143200515
211 226 298992394
225 228 699046310
21 39 890409629
163 8 193995985
265 60 71930578
96 129 244944104
100 92 758258207
234 224 430935862
17 199 744164588
271 206 848783576
285 116 884221301
230 93 986310029
192 165 270328419
72 27 795859026
257 44 837137737
86 139 316781165
190 290 43580108
48 223 783928931
109 291 511693282
149 13 258106639
176 50 775396654
128 279 539017898
8 222 939893962
226 294 47915189
203 2 395046684
240 139 864383522
156 80 5209811
164 127 970996085
146 288 808439176
27 188 346009440
217 63 21874689
171 242 840060020
20 250 499611741
282 227 595972186
22 130 470620987
105 121 900521426
78 276 130617605
40 139 771684084
224 37 402140371
151 115 471183758
91 32 680114172
131 202 913152913
150 273 9126362
143 254 90879289
128 27 806787070
167 131 141471090
44 260 116745217
300 299 71156856
83 275 198700344
205 177 306036258
214 19 503787589
285 202 419867342
298 51 593293415
11 245 963959768
251 125 137330647
72 291 950903677
261 86 679127789
178 85 474696439
285 220 161122065
128 124 546843842
85 38 682903912
126 22 738660613
67 71 406690316
281 134 186604760
201 136 526892484
147 208 750690826
275 168 758521211
63 97 533517596
202 133 699880415
118 260 512266390
159 97 589342927
23 222 316256901
35 40 606161223
150 21 468182256
262 273 698231992
145 119 103097499
123 145 676766218
133 208 535983367
280 161 751905799
46 30 375750211
236 189 861036507
214 211 416584980
214 297 609746619
37 199 886331191
44 160 210298463
187 56 571495433
237 178 920825778
207 11 789933637
273 42 653515449
171 88 672693278
81 23 246827318
139 236 58821480
170 202 847336377
241 290 871578675
31 85 318153134
146 272 566468589
78 260 219732219
155 166 183948881
243 138 845152522
191 61 755739909
169 193 280493783
138 84 8757071
18 5 109303024
194 245 335776513
268 28 861392497
253 173 236899320
293 250 565394480
211 157 228676897
191 151 57697235
213 42 361910347
73 262 664550091
8 99 826652974
178 116 969836679
1 61 556364175
165 80 620050302
113 32 223709874
33 25 791354676
264 287 243810484
60 178 371010934
46 142 826471475
144 214 987918088
135 273 249661739
260 150 818007554
90 202 97840967
165 66 255707946
266 231 462277978
292 263 989052354
267 278 203246940
150 89 141326969
235 135 795928610
10 278 627824476
149 164 917508348
87 124 526253650
193 265 710847051
59 129 512097769
4 147 791398299
33 138 638164313
86 156 470306642
178 57 663985830
146 291 129415464
256 52 933538594
31 253 740905309
130 39 378168584
79 231 667681449
282 41 18324429
2 45 197631475
200 129 134345164
164 215 619820171
105 92 45350627
186 289 486980170
102 244 771180273
47 26 885869025
155 208 80708164
139 286 878737946
87 19 377799339
215 20 128567583
242 271 3386063
157 134 433758077
228 290 180479620
106 228 532361309
275 29 137848104
300 75 624764482
224 229 910618789
239 119 374181026
237 257 726298245
275 224 331584564
109 217 833954635
71 73 724089120
300 300 472294662
19 106 742557089
79 132 369324569
135 183 433619343
216 107 381379423
204 97 590773394
281 85 876966350
25 111 963315425
141 219 194935741
175 42 558688814
146 93 526911165
159 163 144953422
99 242 899795754
67 128 120167488
161 43 134388594
184 298 433232643
77 278 42921227
278 55 46286390
155 195 866863008
195 121 65586201
60 266 223697693
225 177 374193456
246 275 901951149
151 42 944818876
239 254 127561118
184 137 65829367
278 265 281288296
157 295 500236150
146 149 906773844
105 95 187372364
106 207 918637182
250 183 572862958
257 180 597639484
205 83 509774977
280 21 595405131
149 256 88425719
67 286 727093784
263 142 945924730
212 39 855717630
108 143 503924576
71 300 449234382
104 250 71074564
261 206 366914896
197 163 384034778
173 194 95118050
103 95 634553305
222 161 140605890
57 175 508713383
186 87 932645821
267 246 984298916
142 16 876742515
276 172 538707016
291 184 344385874
186 80 48246588
163 253 742591681
212 107 260014975
269 80 518862188
10 136 947905262
245 73 899896700
217 91 281610345
32 233 132934913
199 208 372507584
66 250 425707667
139 136 890174647
126 50 128199851
59 262 882672057
33 282 94533337
220 291 343393824
34 235 575178249
233 152 645604239
130 235 58596371
42 133 968421730
177 199 298671232
195 89 711227067
293 267 147673068
43 25 145578229
252 57 749561262
240 29 247711705
115 114 1259291
63 46 942849842
102 227 614331329
124 20 39929913
106 196 758352611
37 91 671534352
155 83 122689018
22 178 706924642
203 129 536772550
64 120 131094930
268 234 437797043
159 297 209291941
252 150 727189967
32 273 976942387
245 130 183573134
107 218 772789876
58 72 487283611
275 146 455254188
268 48 264406368
70 163 9273487
199 183 738282072
194 93 174094020
286 96 962313569
252 128 866569794
290 72 855284423
276 178 79645041
51 236 103395064
261 262 221691209
100 282 285144408
119 51 190799571
257 1 38884753
29 246 683175597
148 231 214005592
169 235 98222419
162 224 228272342
36 251 362507972
128 54 172463659
292 66 780828420
52 166 452075953
160 284 17946103
182 293 167082856
86 21 484766901
82 220 32806532
173 88 243424418
144 249 241046593
237 37 61762544
208 164 330878497
166 207 535678062
138 259 983931779
90 170 940046015
145 51 265810607
252 136 552023979
252 217 120263798
235 141 785359986
152 36 266398686
97 273 418664322
240 232 26834638
188 98 341788344
149 287 437733002
80 128 452329371
294 272 576377021
252 223 701277056
230 227 362721424
179 213 922199365
164 117 182966000
202 213 225810024
275 204 560723056
212 91 212685105
56 291 962524591
209 70 114833818
180 115 540075242
252 66 405331716
160 47 47886494
283 226 500546107
247 141 711767675
299 94 70081439
22 69 637249942
277 280 596668032
81 87 189046474
223 296 693284344
141 227 606976710
134 178 343417828
49 37 454631674
243 72 765914751
101 70 62627044
75 68 611167237
13 142 682716005
154 118 156624337
137 251 522164223
110 225 69585018
205 117 103732444
115 250 53499874
142 299 620164362
267 241 166447333
18 41 467064503
261 167 557498222
49 179 811042163
154 84 640935733
42 220 259864035
16 81 630351659
286 286 719748776
181 152 68130625
254 293 80828923
116 11 658246515
100 80 300929507
154 40 720645573
276 141 839992503
238 294 443703886
122 87 833480457
256 102 345852338
15 87 379136575
190 268 687793526
66 273 467757370
241 140 173659780
107 240 423931860
14 93 281200651
138 68 356633391
141 58 185462436
278 179 924312122
35 135 800379376
224 201 30732862
98 90 276654081
123 207 739126554
244 147 890830993
23 254 750731084
234 19 933374977
237 156 701293596
27 48 865529105
215 26 67017236
188 112 713105670
263 87 139178770
177 184 64985311
109 58 411172269
262 1 406052216
7 75 265420721
42 61 437690939
118 297 496024794
66 23 132931142
122 289 644630219
57 177 864602482
126 139 138700268
147 15 698576503
9 124 232024712
130 137 206802264
45 195 796568938
265 237 130289298
255 106 341680346
48 223 82342769
241 45 95288057
211 101 157344685
292 279 363859324
211 177 303113890
13 238 251762465
224 67 801447954
239 163 843001348
277 179 832186436
126 133 849861842
24 232 154870216
192 173 907707960
100 135 27908661
237 179 933610691
160 89 911476467
201 154 584040356
66 129 657441922
171 68 95282436
170 96 457949914
106 273 35651646
199 296 176928778
214 239 867228802
274 91 751181936
186 27 398423366
128 186 95137007
246 138 539899360
2 255 669767840
175 125 986512007
211 295 844249854
124 100 520754327
170 50 62738474
199 263 700028713
100 288 232945803
187 225 818834429
153 52 674070266
259 298 101767203
270 299 58720410
109 173 641345134
68 135 397675428
173 259 12414079
199 180 335422928
273 78 374088543
37 229 183602530
139 167 496906255
19 71 100126758
136 81 52224155
90 50 642271505
299 211 527710730
33 30 803824264
112 202 928562022
291 153 642608353
270 177 270375682
212 213 679092810
194 103 177490729
48 173 458960099
57 8 471154280
12 149 753972629
16 148 682215691
297 232 389879120
61 43 426245474
134 85 459552726
87 107 257572054
168 70 815299466
230 263 923229820
158 62 547681192
156 119 67756551
287 130 585223099
116 197 11317598
258 194 134868829
78 6 58584924
203 139 794879960
128 225 531693218
281 145 790596888
98 126 607709850
69 283 184971064
160 190 917474582
62 177 562477263
112 44 909734259
10 1 191989004
190 130 360549409
165 32 49010200
277 211 47463376
194 243 626284620
181 40 22115797
183 108 854898579
246 19 141142121
179 80 499484349
241 192 683897892
251 253 81631144
155 142 82563226
115 59 260423257
214 35 779796668
290 280 898255510
261 213 283615602
58 95 859106761
188 92 24926532
208 270 996315111
156 262 916044654
199 212 795432758
295 118 769348252
220 285 748892410
176 198 233977896
95 239 903781575
257 200 253933039
210 257 39625785
270 144 445830876
101 104 95055597
64 11 697260858
269 262 867213622
127 256 944386539
230 175 994361723
39 102 66149373
286 249 354696511
212 257 191320462
51 166 893104318
35 135 872495714
163 288 270636769
259 103 587011831
69 71 505518792
90 249 812821499
280 178 738966825
155 268 396894379
279 253 566400827
289 217 850774383
251 267 386147000
220 53 179109086
85 215 254587173
105 226 313929075
136 294 125695798
179 135 632803746
178 166 457117524
154 72 52562243
232 50 948083096
258 91 457527064
292 93 129794482
191 64 4511134
29 201 232540601
101 5 56422126
28 192 878449271
25 71 565835657
270 300 62967822
145 153 921756546
288 85 355834847
135 94 719899237
198 138 910302881
279 80 967633745
112 108 321936597
264 209 538815501
289 288 910314993
59 12 794470215
67 33 151586314
241 178 573146466
186 165 308561402
232 299 71715596
121 248 418416133
153 226 734810012
197 89 52522672
245 53 921108580
246 93 64562219
190 204 51030330
256 270 218349362
269 210 23636839
186 147 371971355
188 131 211436005
283 251 999557852
267 103 718647729
30 52 373216770
201 296 195805574
32 293 95352618
150 234 97790821
279 189 473988543
193 209 286913604
283 95 458322551
290 282 49082933
294 16 74061283
298 34 1109537
278 115 797861440
47 16 786253588
272 47 357617832
290 249 274785518
262 279 479710506
204 171 829011815
108 154 748352261
210 195 693776894
142 188 589517661
76 237 853990694
164 215 927038708
4 13 861184375
243 285 577536274
226 26 140656622
143 287 454092100
1 191 588708423
67 50 568142428
227 259 616881822
120 100 946362609
80 175 113691698
125 38 132484112
284 93 80989324
211 87 7529260
184 13 7456537
105 207 178561976
56 207 142317766
178 273 743186567
257 199 734458225
178 70 870248376
39 201 224618302
136 77 798677539
147 61 947836584
222 271 605832670
34 206 835316334
222 62 58556741
97 117 607780747
214 47 17032872
80 3 329632670
256 233 944389740
231 271 303338092
184 106 407952069
123 4 37786729
258 277 759059151
179 62 149305608
113 284 496666369
253 132 107749885
51 46 276297283
122 177 717934638
144 133 49543770
235 115 70003640
226 299 745522297
294 173 208583852
174 130 392693980
76 8 305381942
183 172 659136977
51 176 780004708
88 227 662819253
222 100 903283530
59 243 88372114
180 177 88333380
219 155 275269278
167 148 5406402
170 74 521548631
150 149 987077691
243 84 384793562
19 134 625769338
226 273 170302116
231 195 35424767
112 253 698253610
125 133 660727438
56 103 226184344
234 22 97543692
35 243 722657617
18 92 8068917
8 34 103083200
221 104 504366834
10 30 24702406
25 12 792903552
192 175 674388557
53 299 571217541
142 106 405910495
86 39 923989716
229 126 39071759
145 143 143850602
261 202 543708188
161 122 897781491
246 132 838591572
3 208 28957683
255 151 77196057
263 203 71678807
103 97 100739313
97 182 292163203
165 162 798840528
175 6 847352622
276 18 572260823
215 230 63391397
206 175 946513680
277 230 244446139
112 184 140097190
120 198 36753144
179 300 595141440
43 148 893962773
297 12 30760834
77 186 580709591
298 214 699361609
173 180 194832790
169 85 866457265
100 114 149002846
238 277 130340381
279 148 337374778
223 78 341323577
14 172 400613624
287 169 291750988
172 245 53807425
63 294 830633538
23 218 870970218
212 86 72598954
28 237 274111319
73 175 504464995
53 153 398405095
230 127 175094072
158 141 640303944
182 179 938714264
269 50 869165560
293 112 131526805
283 134 298058823
152 98 284669360
157 125 37872097
276 198 654629523
70 250 275038827
116 232 935853154
188 89 84730294
183 270 320665724
46 290 969387573
257 35 316638137
161 69 61779022
283 272 399643019
243 128 49203744
191 103 11980393
13 225 713280642
39 40 48028325
192 279 652514314
237 161 632384935
212 258 279391177
185 214 794824111
21 75 566866331
42 109 613971702
161 51 861255529
156 293 582829132
48 5 135673856
241 44 770711147
66 287 810518726
279 276 747916886
213 187 226652596
189 123 410858709
251 143 137094735
133 237 850903144
234 149 689469646
163 4 690666339
246 103 361639095
253 43 124910390
299 108 916333377
76 138 378187404
262 51 978621842
209 291 687024265
17 294 672549159
4 126 996975547
99 60 59946447
244 274 58149250
134 271 561113404
29 223 577086847
18 273 859130606
46 49 207242644
101 62 106324246
43 270 835766588
159 38 42910133
169 41 442104859
116 139 352355170
262 135 634916595
164 20 872618265
219 100 53650387
265 170 653756811
223 267 778423559
266 68 733116572
163 162 39455741
50 72 665848831
283 240 44357871
93 107 583435062
14 121 972550048
208 36 902369167
72 254 439564219
210 271 4012888
72 245 217081254
231 262 309473073
254 124 407293834
247 225 902600505
277 259 320458597
99 51 657843655
112 64 122185775
259 23 329183262
178 94 987433168
196 55 526538690
135 127 805630434
288 109 884467395
261 114 869373818
146 60 301148994
103 36 517670353
51 187 813559103
105 298 246203119
32 9 598002641
45 186 594092287
12 133 140638793
1 267 891398971
286 6 477312731
180 18 631496645
249 216 245922804
243 18 838956392
195 68 454955278
249 172 382387227
119 255 741285935
260 300 139053272
298 11 162737104
142 64 521383022
113 49 579555928
243 281 351761597
239 229 392777512
243 223 457720529
86 117 572081948
63 118 541189072
89 236 339744026
176 247 1962777
147 296 810245788
251 138 848680803
124 250 70381903
251 244 359816483
200 183 438874712
11 177 461221934
140 262 944528503
139 76 702353520
10 216 685932807
188 91 640752654
64 290 865938049
251 240 354644138
5 115 145753539
108 66 716578983
190 265 403649817
253 27 452888845
187 218 850736106
41 57 609695933
12 66 407122848
218 253 689335491
123 17 742870780
24 19 582982171
61 24 731052685
100 183 619154602
134 72 599049518
50 25 63514945
194 263 322787762
55 51
35 218
36 66
283 182
224 40
108 106
129 203
173 127
202 189
40 258
211 136
207 173
222 129
125 283
297 167
269 286
256 51
116 3
237 43
82 151
8 160
63 190
68 136
76 287
296 21
156 116
288 207
87 114
149 262
180 211
248 197
300 201
203 203
245 115
17 191
51 79
20 24
211 165
151 87
159 287
154 199
157 66
179 193
206 243
153 79
276 138
38 100
55 275
141 292
183 51
129 210
233 285
149 148
286 144
182 51
1 196
261 87
279 157
99 192
270 237
74 3
155 297
23 111
102 261
11 216
125 36
20 192
91 109
252 220
23 129
24 185
271 23
180 285
228 2
238 30
33 197
246 63
173 239
199 268
235 26
114 209
100 59
168 133
105 243
71 171
108 127
149 94
130 78
131 80
110 57
6 120
182 194
132 251
270 106
184 30
290 205
15 297
181 142
84 234
105 285
111 154
247 212
41 12
91 129
185 224
43 200
145 190
192 225
82 276
57 162
118 265
261 99
240 132
66 142
178 75
228 222
185 41
52 226
106 225
200 142
94 291
180 243
219 238
266 124
285 300
17 74
172 154
37 29
170 163
237 154
75 100
140 216
194 259
236 191
84 299
289 135
129 229
219 221
96 47
99 236
9 80
285 115
143 181
43 21
175 65
216 32
247 1
260 55
297 192
191 247
133 80
61 231
203 14
60 31
266 298
129 210
76 274
206 113
186 271
87 1
32 60
60 2
56 30
222 71
69 52
183 164
94 254
267 295
25 49
98 78
288 42
16 227
91 115
85 273
273 28
87 171
224 4
86 199
21 279
82 7
170 142
147 17
11 15
115 113
190 88
129 213
139 229
96 196
169 281
9 180
103 141
197 147
97 78
57 282
288 170
11 190
206 209
275 157
21 269
108 90
2 262
243 236
184 192
172 38
269 52
192 232
79 123
201 140
121 227
96 9
198 160
120 106
14 156
176 95
236 34
296 283
270 237
180 238
27 153
204 103
35 295
118 148
39 165
91 70
78 160
71 187
44 27
182 243
37 58
143 109
91 24
12 190
179 113
265 191
293 205
252 221
120 79
295 121
190 210
121 86
24 267
293 192
134 67
176 227
87 222
245 19
208 178
42 256
198 87
43 58
278 190
21 294
114 149
59 15
152 3
21 231
122 175
242 66
44 7
228 117
187 130
59 224
231 95
233 100
158 128
70 275
21 187
88 142
156 134
189 198
128 8
234 209
26 2
8 175
44 69
251 288
263 230
76 9
161 194
73 60
35 18
256 142
35 55
240 43
240 191
250 128
89 120
121 183
110 166
235 128
167 205
186 237
245 130
23 262
21 105
174 147
41 107
213 130
172 75
17 205
