300 5000 300
118 134 557364435
45 135 219462157
277 32 37868152
53 232 117134787
52 37 933749178
280 48 880710822
293 12 432462091
25 64 535442137
224 25 130456112
113 195 715813442
135 13 992604975
121 109 769997810
129 137 43331441
281 190 162222825
67 293 72357761
296 24 866739961
69 16 312372124
159 40 703011687
248 15 699967964
259 127 700123258
200 13 493777622
27 185 614066183
288 14 566397719
280 46 384562560
204 164 879414504
165 160 126547027
277 280 615036442
100 191 357993833
38 138 449216047
1 96 150271025
211 48 744211489
184 74 788401874
266 113 207337039
237 92 38885136
96 296 547664599
52 212 372457310
278 188 393974090
272 287 897193380
56 24 270073669
103 77 938038364
79 287 174449963
68 222 119397088
293 188 395393900
283 176 898288192
18 23 642819139
216 74 848828150
26 104 235571537
167 75 115421423
198 182 896422198
66 36 426025474
81 115 109387212
144 234 440285034
83 278 885301473
83 260 10834248
226 277 53962270
116 244 894100044
165 269 362827299
153 187 222664125
127 84 684120706
124 149 48929442
250 230 319877708
61 125 388660641
146 259 748712818
118 93 459887629
17 18 856037505
187 133 42376100
182 49 833811669
280 201 34383707
204 27 836252891
61 203 214525591
202 152 107240172
209 264 688846596
201 110 783774655
170 279 787418247
98 296 450581917
54 234 416084801
254 115 385271402
174 146 741196902
280 101 156831781
170 161 676081883
261 115 430005386
32 75 675473149
280 276 705286558
186 197 109779789
184 295 194754384
200 100 719205317
153 53 429748983
154 226 689212680
107 206 867744180
139 127 354496892
21 139 198400258
158 223 866815633
207 202 453436360
116 139 706975256
4 22 87319950
187 274 8057002
55 178 954013454
89 31 316550032
268 189 277534089
299 28 673218515
243 100 423161606
300 258 929570828
132 216 586325481
291 31 177200219
99 35 194645992
200 273 236728365
101 28 424564842
55 168 143426824
286 136 134511213
174 186 259682492
240 128 195022543
145 128 518020400
24 11 609181915
104 54 26309998
74 152 174151732
66 51 952494204
30 152 933059083
224 258 398111703
147 243 184348390
11 168 12029675
254 159 88168803
297 56 463682382
48 79 5386044
15 183 314199797
12 8 949615248
43 73 851468699
98 103 880333502
233 78 137706759
235 276 792654853
124 39 122711872
250 292 801096330
204 40 103486185
285 88 959452264
129 102 807836398
25 113 825838805
125 207 60621830
275 4 43881132
276 288 610246961
286 274 198113436
238 97 647024474
109 47 69178918
190 2 807082957
275 287 83789696
190 167 508481049
39 243 107467013
195 119 54899319
124 93 8304875
207 120 900742762
67 105 982841036
203 42 438948084
128 202 281093582
97 92 449962684
106 118 261754122
201 7 721853940
150 45 144461934
262 291 479193353
33 115 430033245
107 21 729831465
220 88 368811121
7 42 287110715
243 221 607442116
224 18 835934359
259 123 223557276
32 75 434795834
271 276 277486430
205 290 429984221
257 22 952911035
153 180 742664355
169 99 262007494
290 158 709053887
204 100 730828008
71 75 101541477
30 86 628277251
157 117 394825025
291 88 762182201
220 44 837815790
140 52 529141463
226 204 991947742
33 125 832010092
226 114 32169549
213 69 736406900
172 139 225815727
200 220 950358712
50 77 876822680
26 67 874545219
278 38 87988262
167 230 701377865
181 155 292230921
22 187 442895245
66 165 522181958
214 129 669718126
266 300 345462216
144 251 532832236
107 300 307901812
186 77 957983130
157 55 908046267
170 273 293108148
235 154 361047103
255 175 412076541
99 240 855687605
108 206 253450533
185 223 188709684
100 66 763006534
235 224 457134685
198 109 665919162
227 265 4058516
46 135 14401240
93 121 521056093
47 75 221003520
188 225 93737259
192 32 728975916
77 268 863126390
12 67 722004407
146 54 108485030
82 251 751907291
95 178 526816407
162 275 373716993
202 119 993986913
94 166 532373439
213 53 579255463
24 296 361847646
91 124 549868113
81 136 341295432
239 33 416445485
269 114 935736435
159 261 709667764
117 122 646285738
210 23 891214857
122 169 658018574
213 81 506257078
175 156 144134325
273 247 825100849
37 79 590382684
168 17 55502716
52 37 530111981
187 247 680129641
2 64 214646915
92 273 443032337
248 146 591374705
73 58 880677538
250 285 404678093
174 9 597384991
222 45 469408269
157 213 447785038
124 16 788483974
257 254 95928721
49 256 896935684
263 47 417738208
200 46 652323205
56 118 133064115
45 119 439216399
138 292 637660407
280 266 130780603
149 174 554839715
86 50 31315931
111 6 348462036
31 54 510913091
66 69 722503889
125 20 21932934
30 75 772251503
44 120 479716673
94 9 435946417
152 288 318557934
254 188 717933907
269 25 247126108
51 136 731213813
138 218 407875719
129 284 639242387
269 160 720862506
155 189 96627132
157 284 647213803
82 77 777300611
298 280 789305251
231 234 300119638
89 254 610045163
297 4 360082150
261 141 793642967
279 21 512696002
117 290 934979462
274 144 565332902
206 52 684304086
60 133 436142114
171 130 458507394
73 112 882180527
110 201 114517580
224 197 39350835
173 157 5142327
92 188 375321500
293 56 872392241
54 30 370803836
108 287 642807787
93 46 873153472
258 268 645270953
103 40 277718165
181 202 193461717
212 177 934595013
298 102 789880921
277 193 167195160
276 237 705780116
68 43 831530997
3 150 788558583
41 294 929109380
212 251 30484000
265 106 29471339
181 286 783740092
297 198 903335421
61 195 895823122
33 171 259878866
193 198 655682302
160 265 870729244
156 267 322868945
190 8 843889138
21 271 574964641
120 287 974602846
11 167 777500631
102 163 803208280
174 275 91076627
47 8 646247997
112 252 401592947
166 111 524471011
261 18 90718730
206 259 743143889
195 279 354899959
135 99 423774246
180 109 80001264
263 262 812010027
242 136 111944601
168 234 622202260
17 46 657461811
63 263 776019721
125 275 514439690
206 180 808763948
294 75 440618227
105 261 293002877
150 141 542872885
113 155 531517398
291 148 309755485
144 68 625926619
3 136 592426016
166 198 864935978
138 74 19218452
128 280 378142384
75 25 785596910
53 129 816546670
129 30 298110862
65 195 7790116
263 185 601309064
47 80 22260683
65 135 64376618
232 300 129249815
61 137 298900340
113 16 811530571
148 91 410284396
9 195 155094476
78 24 617218706
40 88 729174700
155 102 155488836
170 149 8105716
252 265 761743950
169 249 926381701
35 9 278038689
27 173 331154605
297 20 894493395
44 28 113705989
220 158 281795264
125 197 941634104
276 103 624739905
11 25 493384505
126 28 173494522
127 197 257495970
127 283 462841178
68 61 661264951
272 58 83426022
18 153 514921302
258 72 772297459
222 248 6181707
77 223 371847809
281 234 28153885
138 111 292327913
11 238 81262861
80 116 524208543
209 183 625098004
211 154 195461813
233 223 645584365
34 181 983076489
44 102 972640536
250 178 48483911
258 210 513579096
43 99 376031806
207 109 102618695
267 188 619721463
9 149 205378797
164 59 190745303
128 43 322830725
193 76 567857405
133 171 60136958
20 120 888787135
130 130 236096897
225 224 742934395
183 130 287826856
129 96 275753895
191 156 22073043
188 20 40565602
90 147 119690296
214 91 69335724
219 223 514315694
128 295 460811914
163 124 133188543
211 101 412115818
57 35 884888947
12 163 485287142
207 54 590035297
1 293 676747768
102 82 88370015
50 47 28035457
73 17 626304232
266 145 708333226
279 59 175122701
173 269 687735401
42 77 179752187
288 89 48759050
81 47 619510155
30 47 244867947
297 201 968094080
163 250 112019278
120 22 391984595
103 287 573159691
28 18 691815349
128 242 689081169
81 284 160407897
67 23 688589685
216 104 106929483
222 133 732467630
168 181 310802430
299 44 961624179
177 215 606784952
71 17 55567738
213 44 326333507
61 223 552270801
281 3 145495436
277 70 990896358
114 37 278793413
296 259 746705545
225 178 776413226
106 177 308802821
236 53 519393435
87 175 887005651
277 87 119972694
235 199 98449968
135 231 805140171
70 259 124828192
80 72 253756728
192 120 516468638
189 96 305315516
14 202 293424144
286 189 887781096
120 28 37920022
270 4 464484260
215 290 859289158
82 125 468964940
4 246 748886798
295 25 92677122
23 217 754749041
60 105 320086536
27 170 952008389
170 155 612138778
117 26 759779005
290 295 303013160
249 261 568174749
158 94 960050925
297 98 771620771
95 92 698813347
16 166 167905715
108 278 925603419
243 4 305868740
84 226 764988146
61 94 822355071
117 84 217491517
228 32 70370177
28 190 331957371
253 186 807393268
175 32 474022411
121 99 733085177
36 206 953566554
106 201 293298409
98 284 193188534
243 96 246050728
166 264 489805011
82 191 241451994
259 218 507764483
281 222 462740121
100 96 855265704
10 269 925502003
86 56 133230760
191 161 946022160
300 10 20917295
33 253 117538590
212 118 553214105
174 199 925924295
168 209 361392965
50 189 967154686
222 288 219862934
126 50 965814702
180 135 77948409
191 26 776834769
103 77 925891579
297 109 290106983
39 73 691836052
43 246 348570302
290 113 330679911
206 215 675154951
43 136 189388691
28 13 347403540
229 244 882284674
237 135 452631351
158 289 499225627
88 285 67772388
22 75 404322360
73 170 851196905
74 211 502364370
36 168 13072884
187 210 551095271
77 238 119180884
16 218 200380779
141 207 75409365
44 116 542805153
22 203 476001790
109 276 845054216
20 48 203176537
177 173 476293047
146 209 730829414
29 147 786456676
151 275 10521413
286 42 926387382
65 234 906970288
81 277 286653955
34 299 138813609
75 159 606072584
242 231 232783283
279 107 514999656
225 252 488434316
91 32 828242214
166 182 871295688
230 168 670030981
263 284 254216414
203 64 781516043
257 149 751155493
266 275 83423503
249 217 182642433
32 195 752525539
39 171 147953542
6 13 529482973
119 230 153241807
258 211 138410926
138 174 537887461
3 76 427080776
145 32 201312377
89 49 336584051
192 50 382982719
224 81 838652213
63 171 737434636
204 176 957643048
129 46 138250478
235 3 142294688
12 192 896163061
72 194 11858588
247 91 923518872
23 179 769957520
126 70 9763469
144 46 875720001
109 108 735343123
244 63 77067150
143 191 729134295
220 177 267872949
260 188 510797740
172 11 417157786
160 10 768469128
283 84 315887258
154 261 142835680
75 105 431956825
75 265 935776232
50 260 507280146
199 102 970918837
94 74 37483165
42 85 992867705
234 256 227476267
71 167 315873276
298 149 164403812
155 3 257135572
134 77 977051276
158 203 720352192
41 252 519440251
287 203 36991205
175 296 411255530
291 89 784527914
295 22 905487769
62 92 491026388
189 141 759629936
100 296 38804990
272 181 338315018
299 91 533880021
43 183 65875824
293 221 158853226
149 147 394462873
78 138 188061362
91 184 755479135
112 297 513873979
299 186 231715019
86 37 77405866
228 60 193782199
145 111 160284489
17 153 617721671
141 145 73373892
218 46 203192690
291 123 339628527
152 266 33098163
138 77 806045159
216 127 679375496
187 264 964976633
152 191 625016844
50 88 784031054
90 104 14887806
261 244 689543703
104 162 844989948
93 204 892482070
272 55 321580687
34 244 185257215
92 160 974538041
140 46 6602157
224 249 467738199
67 299 696261186
21 88 78567490
178 100 533049285
180 255 218559798
279 100 529561901
149 123 506633307
87 156 905253151
102 299 91811762
294 190 445507807
150 113 748779855
249 180 195410105
186 252 945683045
175 129 469836696
160 61 841244951
57 39 968133202
210 239 337613624
116 26 835300731
266 127 267239681
27 120 312805971
185 22 789492583
292 22 174832714
96 207 400341065
92 82 185938146
188 293 221167658
290 101 498503196
191 10 467975887
266 178 746133712
196 195 223266590
228 222 873912561
98 158 704673782
81 149 35804803
294 297 416083162
211 140 71559995
256 27 535284587
113 68 730849439
60 10 335300101
246 275 855269878
209 222 48528272
50 150 6887045
11 247 28370355
44 79 9241703
99 125 702460251
60 35 53709043
154 42 827792069
292 206 276019689
230 265 661492398
230 263 26856525
159 223 354896446
231 273 617884547
27 35 276110446
281 78 119066724
136 176 174102448
286 287 841558682
28 192 12406275
149 183 202780180
37 165 763699945
286 94 868174159
210 5 409820181
56 235 316937305
154 13 610921739
199 294 848963617
23 129 771900444
22 166 795815383
56 246 139752074
130 146 44027809
110 234 386975673
106 219 356412118
64 129 807607022
296 236 641605008
201 89 865293121
139 288 507041714
207 62 281125194
203 135 37487459
185 190 682353904
110 20 896032949
218 129 954544282
190 234 371896653
8 49 469913881
129 44 161041468
289 296 358131256
109 135 42326395
274 93 332693608
267 295 403335343
125 231 948326632
281 41 980073751
281 258 553873231
215 200 433425016
67 207 339419616
99 87 829160860
66 75 924618755
173 235 236715041
268 208 614413334
175 226 534646780
217 103 940714411
201 135 824884651
203 115 83701660
86 81 251624759
201 199 537582417
117 297 896665304
128 114 675511130
134 287 739413017
27 254 595412676
260 180 524635302
291 149 269601056
201 49 660147490
203 3 297340256
163 88 135723637
73 289 399710635
190 157 411731484
145 36 480311297
226 221 816097683
242 247 313933388
270 258 453995668
171 249 344652568
226 201 81714368
167 104 497771170
222 18 999212558
58 142 871979898
145 31 455492806
228 227 578912141
124 205 871889361
59 146 423655860
246 167 996108617
65 37 976410765
32 14 10309418
99 232 217656521
169 154 239702790
78 263 475556631
275 107 315316814
80 86 655648640
272 262 877095944
84 20 719071742
143 17 776988708
160 82 427998497
176 113 941702162
93 264 978247194
165 132 834973847
254 261 352638461
185 235 78435320
198 66 424095905
189 37 574964218
85 120 494621589
178 15 497001406
137 226 741132039
133 153 719149703
247 298 512768766
240 162 472276749
138 168 596886209
298 104 611093395
17 1 117874760
174 241 401175148
291 77 332883920
180 254 336656934
137 91 113635511
227 275 787714063
129 273 221718360
47 212 485821274
95 101 967209241
156 151 993955244
150 219 881376096
262 92 137636788
109 135 639833265
128 66 959553618
213 202 578819260
223 128 925628687
86 8 941684059
297 54 457748923
70 201 308797123
10 56 699983473
105 257 709743292
200 218 614688835
288 79 137267969
204 206 624618634
73 171 426258587
33 93 283319866
71 230 914952174
29 227 538956979
251 296 775094679
26 58 72767834
250 214 748102543
93 114 66457212
28 153 429006990
96 56 21152148
282 180 179549618
120 212 17834910
86 34 176238440
111 63 876478566
241 65 456892913
220 142 884690722
5 92 153827236
47 184 998194901
59 211 555430505
148 59 465367312
195 92 540075291
164 211 210890055
174 48 403440288
165 210 59410050
30 151 341580967
294 122 706233808
68 126 558384751
3 225 755260735
155 283 616583297
159 182 279620407
270 129 221507050
260 44 15985461
214 217 503924560
254 81 600276522
55 162 991481972
221 208 10184645
281 275 24119670
131 277 486422294
217 131 463549728
266 41 384508962
72 10 270452142
22 21 300928885
234 287 346290454
245 240 730258934
166 294 886861948
289 267 420476055
233 247 68308329
55 129 836702357
48 46 723853039
128 63 137707231
141 186 838599540
282 259 924154312
218 192 900228898
71 189 875296289
57 106 56250183
204 147 342220601
10 131 734408647
90 185 348748127
198 285 87983424
188 164 421214186
218 4 480577172
9 37 487579430
120 254 310722774
270 77 453931762
58 133 222515619
192 88 755439965
292 149 915405796
90 238 726532780
17 187 380275916
40 74 487668579
178 291 285736082
149 299 897446918
78 170 476246324
251 139 368424752
64 249 304241136
283 192 23073775
47 236 945398723
294 77 844557012
126 145 557250998
241 185 512366423
220 114 142577813
253 262 844033763
271 91 540888584
46 42 133371175
197 157 496777823
232 139 244907766
158 238 14948901
180 231 246342578
191 108 287836922
140 49 227415358
162 268 486292071
226 220 397560584
40 242 596283975
23 39 245701368
197 287 799744524
71 270 333445415
137 127 749727652
189 6 669029734
266 248 817884442
240 139 429084042
149 52 137780761
120 277 82227032
103 68 12386126
229 143 404504364
96 91 332039203
120 214 394199072
34 50 319090451
237 290 199595708
122 8 880271856
115 247 475918946
156 95 793870698
216 266 681737626
248 121 983553494
273 49 945239588
88 145 995134378
190 16 187564743
14 49 62405744
264 37 487122634
271 158 560574341
278 25 570597787
124 180 449641033
21 148 831479799
298 95 966191019
291 119 450058667
230 206 381300463
260 96 707144578
202 109 613552778
246 72 850252714
279 94 791306824
19 72 107115900
57 195 521731279
189 267 877966426
39 264 258048372
257 7 821846890
276 236 678899048
138 247 308727695
16 149 105531903
45 146 93434826
111 124 472032171
34 194 269079442
33 2 665528288
263 242 602733054
41 281 467464070
264 289 390758476
254 264 22888563
253 154 358988710
47 169 439140010
1 265 473231855
78 75 948386878
248 160 130212123
242 192 736789024
129 207 70274965
35 299 814666097
204 262 83637086
131 267 32279301
293 219 189376854
154 265 114590674
163 17 421473539
17 94 812794513
46 94 932376773
20 35 887336216
243 163 51920474
160 197 304095972
108 152 754427434
293 282 77278100
194 27 951547019
247 180 538478235
221 43 943603652
211 111 965390797
223 157 223355490
95 176 839093524
263 171 330649539
36 82 300756587
108 189 69395091
141 234 174807172
192 179 344914098
162 177 938704578
97 97 247834972
100 7 893020782
248 282 527681590
138 128 282029518
113 90 745369940
3 126 987977821
90 285 529551961
80 177 453729446
103 68 940273224
153 230 31076501
82 78 840729949
53 229 790707108
186 176 693802489
228 65 187425568
145 230 453879858
36 232 250118535
8 73 27721219
168 204 246148047
66 59 277644414
89 211 631306395
289 292 993095872
90 44 864165552
197 281 357389880
37 208 696124344
4 104 277011525
113 139 725668257
47 146 900400181
17 66 18086037
163 131 253532995
129 271 804171505
23 260 461222496
47 101 325037291
50 297 141153023
229 85 584734931
225 140 495361586
149 253 913370225
5 51 384287722
38 68 437666039
274 282 674718269
268 162 740750340
172 237 666838751
119 283 146229803
161 32 117114251
183 13 125810935
165 237 212261774
251 85 830346626
227 142 82700377
48 179 849560596
287 204 377075329
107 171 942888991
198 94 30824327
300 264 486493561
202 124 174062244
152 6 450920256
238 171 865708292
112 173 547954229
289 99 370809970
217 146 939708400
264 184 420219203
293 43 918391725
235 292 238397470
113 292 841458933
25 245 905129756
268 97 423079313
276 34 980042535
219 197 71381007
247 186 462981305
168 102 391647503
267 118 295045638
21 162 700410332
245 96 348491924
66 260 611161867
98 36 782133611
5 55 978521407
218 30 31168893
104 1 299821489
111 247 319858526
267 167 173980380
21 185 564263997
259 206 720301058
42 202 437496905
65 268 746675864
183 117 839364199
194 122 889624153
52 91 200892335
244 246 638877035
85 56 604048833
110 75 319734051
289 95 873124736
285 105 389472793
194 147 934653594
198 263 452097313
213 146 930746530
263 91 980763703
68 142 25228145
202 138 44182390
88 274 109007446
272 83 240233672
23 124 976992218
258 160 466845075
150 54 410202573
295 3 8072987
160 216 19101832
141 178 782971774
243 297 425687868
187 198 978419005
76 37 298535730
73 9 863864
196 31 259383787
114 40 343392199
240 241 120673804
212 235 28725506
198 146 519255873
82 286 431629103
55 280 507985699
222 218 949217997
278 46 99235733
7 170 414604093
171 66 510024423
209 231 963654162
107 170 17482454
110 81 901130189
168 278 476760086
140 111 970085972
42 166 919420603
241 139 644959421
89 169 43401166
273 227 76269635
166 97 836314852
140 58 448012682
154 164 83240903
107 26 447169383
47 193 252903813
133 32 519546023
256 126 882584140
58 118 915189679
130 258 153330699
247 230 190510225
234 147 27592122
37 39 481509231
19 192 190621046
221 50 275601371
256 97 470208415
20 281 441181699
142 236 620150324
234 45 220132693
164 227 337830450
262 225 924995679
286 158 101265178
159 195 524147016
89 265 862328059
235 237 280774408
157 192 385648956
272 211 801195436
170 105 202532523
245 38 656564468
137 201 365799746
286 162 521123170
116 147 51320728
93 6 497739974
160 146 308393590
118 80 714006126
178 237 14263318
33 208 167101680
221 129 839550884
43 73 619227773
210 209 568805673
107 246 546647986
177 61 38232233
156 206 628699590
81 117 947042935
270 287 36399667
95 164 172371155
164 248 972649462
196 168 435965342
279 211 477436414
204 172 22228074
276 279 555654419
14 207 707743831
198 62 727245136
87 142 843338053
173 111 918350639
91 257 85573654
245 121 878139701
58 16 802276921
299 46 208001483
64 249 751877854
37 277 504738484
7 42 135190190
38 239 399586403
25 25 795667096
129 249 631825858
219 92 622068815
172 36 485691987
125 94 389797054
245 144 26451251
79 208 14882352
32 244 776412380
68 3 857689321
9 40 149461759
64 116 132945635
259 245 607700235
17 163 610125226
83 87 312591762
21 263 392782007
274 259 434144950
76 37 766633357
127 120 264991653
258 187 484874255
78 248 134024994
188 11 497238061
22 21 712818805
209 37 256666920
134 171 214356058
95 191 464025920
253 216 660469778
203 44 11689114
59 222 122078133
211 180 348891672
117 9 827319919
62 197 809465629
123 270 943512249
179 178 861285638
98 12 37370960
155 158 957460203
174 111 863866770
203 65 783041913
216 123 434900687
101 86 890822766
172 202 566046526
190 264 905001022
270 138 598180944
70 16 548253821
259 114 70377584
19 20 477143994
73 246 161335056
42 148 557095720
107 116 283575694
93 216 753250279
10 139 156026433
235 28 625929148
109 49 660196485
4 170 824163600
24 129 227013765
160 199 230586685
153 271 3940982
8 64 502513729
227 222 295543096
72 14 800074511
251 75 70032349
135 62 932736528
282 222 50169028
266 225 365842098
17 300 446074078
182 159 475719576
118 63 117271498
299 70 234596613
27 48 610736835
223 120 533109200
85 122 892536475
86 256 960097888
165 289 788278109
45 6 680290785
42 22 331873384
219 255 518436195
46 72 864606857
195 70 384236779
107 149 781905326
241 71 46220897
141 207 77917418
167 44 738054025
6 209 652559865
14 253 629115070
50 46 196915944
33 16 730459898
279 113 165366322
236 7 800543491
14 113 843537839
191 54 589892461
188 246 839681868
57 164 220487463
234 169 960013071
150 234 665976775
20 283 704220672
15 67 668302487
264 46 738974499
285 281 33508205
76 46 639016570
66 288 313720075
127 175 590727920
146 284 67609283
208 269 556978403
231 118 994597036
205 189 913272318
29 203 349910336
167 219 117914581
66 203 786924613
22 30 888660858
143 96 910061346
17 222 897346972
136 67 780951507
170 274 151445327
124 204 661388297
259 161 939895485
128 241 888915540
64 107 91424710
96 224 7756612
109 246 143487442
218 140 342155037
15 157 46168210
39 44 242692476
97 266 857248001
124 89 849847857
20 100 738985169
156 227 228880609
247 42 840353015
256 138 17409591
220 298 88525836
161 215 102783727
249 282 816354283
258 20 524998127
85 116 1357244
185 291 97377332
241 62 512688131
261 270 13078310
169 216 95941851
236 224 584226040
226 143 264855489
213 55 26491056
39 55 631710437
22 12 830376956
100 96 108474823
143 280 764933014
26 273 166172527
257 233 399572496
218 154 59081164
220 141 383606887
112 66 85938981
300 30 309564887
155 68 396639641
291 141 393331452
198 292 247365499
221 186 110957078
286 212 391503102
112 220 975472387
208 137 91745540
23 108 138224632
9 219 574770197
241 219 47457126
227 73 659069145
267 116 225960538
70 13 125645781
268 285 506965767
197 22 319814178
99 134 929395497
37 93 201304385
128 115 231482692
59 175 456672811
107 115 141730229
184 41 165662353
28 59 307663268
117 128 103142633
198 95 808058917
164 291 892377839
93 141 522271924
241 229 97313668
225 56 824067882
68 114 643690508
130 220 937087822
110 155 718857414
163 183 385638924
82 51 478247451
14 248 949081197
231 163 909097239
221 255 602315032
44 195 4206960
11 171 59034916
144 291 757539881
151 120 674492053
24 230 709864907
289 92 375243941
12 173 896589692
214 187 252064291
210 169 96117154
248 89 453595160
231 132 253893807
91 194 550833829
58 37 575897919
190 187 638275239
294 262 732212368
201 250 23371659
93 261 524449083
36 174 486070921
279 135 568812441
84 82 812535129
143 65 444543612
201 155 709635205
130 264 136910493
48 153 665027279
138 147 788622440
105 99 79069741
215 243 216975401
250 279 238135926
170 9 239116160
63 92 129013342
291 234 67691558
155 187 501808712
211 16 47948775
4 115 316167979
34 253 980958377
26 109 604701227
266 24 562640470
167 273 456398500
292 194 538039608
252 256 756197299
45 299 416983084
202 205 774290770
265 115 231470537
291 170 364420304
221 204 958898956
298 229 304667916
224 194 720066139
145 112 287091763
96 156 491815709
55 107 50534064
53 203 333331014
89 156 932233818
10 172 261910385
247 214 606754854
102 134 336827209
209 131 388233537
124 107 545076283
63 3 171814494
77 99 359100449
285 153 346050307
201 258 114193761
166 98 731222368
36 107 698944839
20 105 770342652
225 206 114100138
34 114 6142968
122 238 608721426
104 52 484475981
250 180 89805131
198 217 962748483
57 117 417052392
117 34 17183589
137 69 242465548
27 140 324368804
79 65 774797310
16 150 110199075
135 23 782725664
113 127 364959567
93 76 143992547
223 25 464156663
257 133 228502331
1 2 770360564
141 138 726997885
140 164 507808324
244 294 424579440
5 61 814138441
179 248 64718864
43 112 573913342
61 256 513536369
207 230 95204745
21 186 664968778
251 238 189538579
267 79 252652868
103 218 700740131
26 213 861692077
118 217 144576137
58 96 113084336
73 190 523421747
214 250 712580702
182 209 770366331
227 229 512043469
156 232 207180858
34 198 20445736
101 300 751852706
83 77 873254218
59 246 11963935
148 4 130697282
235 128 12179923
134 42 168855072
235 275 449747980
18 253 171531661
38 108 710192092
295 141 541122541
83 293 391320892
140 128 768595468
109 238 802558414
295 137 307348169
276 72 347683596
198 205 349994389
122 191 975300564
201 260 171323216
13 49 603031124
4 44 312479216
244 178 552320361
235 17 23294688
55 177 439610625
120 172 798360662
240 147 65145485
135 97 763386841
124 218 458181783
139 170 919896643
54 183 218123943
129 238 2495486
97 182 703522415
57 168 220541083
144 274 279322060
220 93 744345631
133 32 598825429
117 219 2425025
109 94 829032194
292 232 528394916
186 37 272044850
128 218 770174087
166 14 416421520
80 70 602108040
63 265 95829113
222 236 405175858
4 69 984980089
232 237 740474459
9 46 316620652
54 89 393751935
21 274 290675172
170 153 315454189
9 18 780568202
80 150 90853923
19 264 269606039
232 237 756435174
41 240 54734694
181 223 377133731
240 231 192051828
143 37 105154416
278 57 741370841
149 279 318825045
289 287 987496163
142 66 8455664
64 137 897211927
2 120 638119715
227 160 123008306
221 40 950703128
151 31 828661911
230 174 585916847
97 151 455895555
289 51 858126533
33 39 267816571
147 180 101387189
110 295 960946425
88 48 794839744
54 274 860759355
259 246 143685346
87 148 384092177
197 77 751116850
95 225 638511300
49 213 41983402
34 246 571954640
4 144 566542271
92 6 116600217
16 93 491734516
111 147 448380341
117 105 41272387
163 243 500060734
239 191 869313563
188 285 254185287
39 86 101079452
240 119 23788397
231 174 419873692
101 266 592758297
69 33 144686842
84 196 861262688
124 12 570526844
162 174 223182439
48 112 795375029
10 51 578054166
248 141 27115403
99 80 685273
247 10 766580346
239 162 278704163
235 282 645486796
76 65 219317043
115 241 155921554
11 154 304018380
149 201 195183343
177 210 580533294
242 158 803612234
144 256 906403566
216 203 460861927
214 193 33529589
176 127 298555822
223 255 42642439
165 69 714169779
119 131 59442932
298 279 431038985
92 156 993238794
185 149 557776703
171 45 373215811
288 12 315860865
114 277 805585557
154 153 287664535
176 75 54268289
14 292 671692210
144 110 710463140
127 159 246279871
11 2 222001078
157 187 68197278
211 109 959467522
221 96 601529786
237 209 908448062
145 115 11442866
180 290 556000993
220 3 761439484
81 198 636196245
73 24 484289655
43 35 500903056
220 191 119086094
297 101 142451002
171 74 182434049
108 10 994864458
21 155 23337224
87 86 8859113
279 57 699105267
214 138 808245464
258 210 248238987
212 4 302641173
167 223 112174463
61 271 792164616
114 141 715827441
263 248 199023802
72 269 47339256
295 107 105987393
207 85 576720150
225 50 836262439
88 7 595077400
26 270 99444903
299 188 423882377
213 248 784070747
280 114 991993888
120 76 354214287
22 199 779180007
129 193 278333913
74 151 260193349
23 127 486197798
213 214 445059856
12 291 768552825
114 289 810096113
242 202 688775812
288 181 547042925
227 53 419847852
166 126 154571402
72 254 69518094
137 27 731096096
285 101 985894322
235 13 494674587
190 76 505675878
115 241 174055718
279 182 759472219
90 222 611639052
67 148 446383656
170 13 610213481
172 137 2984134
117 273 435715713
213 257 485128365
186 243 134968178
125 133 537861605
54 299 88220846
271 29 62444627
142 118 97120048
193 184 36757348
100 54 235570812
80 277 472740448
65 93 879116520
77 5 567408729
294 243 23814871
223 119 545911155
227 172 49734053
172 142 50412381
51 283 236721951
150 227 155705686
149 26 79727791
161 105 163359667
8 222 328635760
180 298 159168516
8 43 493368610
78 265 825910628
85 192 514986799
37 115 587169193
70 217 949413675
272 119 770908354
109 267 793004179
300 127 330947336
218 187 387721957
177 66 251560106
245 73 407590149
254 202 843296613
82 286 949057456
132 75 960577171
24 196 497849439
251 219 805477957
156 27 772736424
34 26 487712002
121 244 423145140
129 172 605636005
135 116 307626029
235 122 552930083
299 255 34942968
255 86 360947794
77 162 581356941
115 164 932892359
24 19 423776086
199 104 986252263
200 277 783680558
192 105 144696730
196 291 933501997
77 225 643464970
159 276 247979924
278 230 967066362
224 58 387893475
64 224 459874938
123 247 658951808
260 145 925611911
174 97 148351639
32 288 9860244
113 235 466730534
61 11 779069011
131 221 790172286
206 199 301614167
67 174 273971824
141 237 57611047
130 111 310526146
137 70 805453542
300 296 30105238
138 27 112659077
133 139 806234712
67 251 123490874
29 81 764841295
214 287 470261645
80 105 600699718
55 298 590028806
253 127 518624917
98 16 515296838
192 67 566296833
81 204 307821811
258 89 32052149
121 207 82555252
46 235 545247032
140 200 225656470
236 279 90849927
205 85 676204524
111 37 146627902
179 187 308555517
68 78 792631983
201 210 747208939
111 167 34662979
212 39 269208285
263 85 82430219
146 276 117017418
68 264 674584048
94 168 29101932
117 30 90698468
18 208 874932506
287 276 334741235
21 228 352746245
259 90 41606611
37 53 765106102
73 67 941702886
291 213 893787313
160 32 239104676
7 125 283387396
238 293 764147925
258 10 52527533
215 296 368855760
250 69 279429439
194 27 239554028
56 116 986314381
257 188 454782099
294 231 337687863
59 90 713204494
34 97 672181918
229 86 743341010
206 95 73309672
90 10 970643419
249 11 80490587
87 204 2576466
66 11 771564033
98 20 656661572
197 65 740299302
259 123 844527344
105 209 791413392
22 137 462575729
284 94 948712824
7 183 829789885
25 183 440548147
164 21 281217502
29 87 245920912
113 236 952280831
84 184 47032848
38 143 718931570
81 299 912114378
272 72 909968667
52 55 476642360
227 113 369695695
111 138 105468077
109 53 815905298
10 81 593077736
222 193 275816123
204 28 466386207
251 65 354992201
173 197 654838599
250 168 890623670
216 272 658204777
28 198 30891589
22 61 831843878
250 169 141552230
199 179 815109462
234 152 624079606
9 107 225124234
215 58 63575350
15 230 131443947
113 231 72659766
34 199 349798537
10 278 764089435
99 299 997838695
128 300 491594463
158 199 379090593
71 184 53731644
177 192 172831151
62 106 783421960
11 120 604435641
157 284 547986571
223 18 229076121
259 79 271830298
193 229 45944796
239 57 214436748
102 266 888178746
246 36 365281229
190 264 921560321
292 25 875918578
151 36 730831850
291 192 141138733
113 114 702495602
134 125 73107233
131 17 431348861
179 256 461580717
226 109 10387734
223 54 187846670
51 295 323069833
123 286 641181458
53 188 58273245
102 178 756436
186 43 246323502
40 176 292256626
272 58 902645242
132 288 780360749
101 213 416997609
34 187 191646415
3 238 10555161
288 112 194038647
297 164 230551534
41 17 724529464
276 203 223959006
77 242 810432633
2 265 903264290
296 96 105947830
296 196 75370942
157 230 109777781
71 284 16900518
31 271 128364881
29 267 467573097
163 59 765357013
278 35 15371715
83 163 625145508
167 217 815269272
8 212 869608220
137 259 249743067
231 115 113545196
211 237 206410332
180 20 998891954
260 48 984687873
256 262 222071331
21 239 564315117
287 73 405226380
195 239 889578096
118 247 772531859
189 83 686964769
156 13 49874436
103 275 52907272
34 154 559134791
40 114 615111991
12 121 598874052
94 141 939983143
211 128 9881915
242 74 324035706
189 243 785708804
47 132 500849038
267 287 397343703
2 141 584970577
274 175 933146531
16 266 422752796
106 277 668846116
210 122 141816209
252 32 857034788
118 273 292163713
275 161 262472255
78 259 342601338
68 226 77261324
70 279 137546465
46 252 729867091
176 20 853115156
223 177 344494884
39 86 426077605
99 89 514694789
286 259 15572813
50 233 818289774
4 63 252926584
142 130 153931661
17 251 571179440
33 296 410093543
275 224 82325114
182 146 350469791
117 236 665917976
122 86 673685517
210 123 531137975
22 172 267343759
47 176 668011673
83 69 233990754
43 137 362624704
34 170 638884100
29 196 700948175
42 78 119053372
232 194 562045808
260 67 876774393
76 28 920273916
202 102 984708087
260 200 185065514
185 282 11431182
238 77 98615471
242 110 879132140
293 190 492913687
267 232 88042564
138 215 566562710
297 174 354551728
242 249 114188056
9 202 713560857
247 162 823476256
61 98 549377190
294 35 192678966
64 276 29593727
55 20 470215017
242 286 449384300
257 176 465055014
218 172 35661488
246 113 687405588
53 121 951425290
209 120 947580703
16 180 343883500
105 225 226840786
22 289 106560914
49 95 474444333
17 36 31439219
216 45 601631646
81 262 42034717
68 259 786971882
56 11 756717054
297 271 788494673
99 287 919886604
50 143 162324029
35 217 466938769
48 17 712862963
81 85 245526651
151 300 152972395
148 132 706795608
264 200 409031667
297 7 78901329
203 3 577449100
227 153 433183938
131 254 195483032
11 288 57025348
179 88 899920964
141 168 46901248
243 70 947350499
37 217 66323731
145 232 291998782
263 281 311781240
91 235 77096394
190 161 535524946
79 43 735983099
111 53 905311638
58 283 297555125
74 176 239674244
173 118 615624565
24 207 27037733
6 103 515948465
239 65 426877697
178 207 664026131
171 149 868404791
16 227 664932986
166 37 363418390
55 147 430799773
280 220 284972800
175 144 466431417
140 167 833180723
72 224 92016325
288 162 504486241
184 39 149491800
14 209 751965748
57 276 597608374
194 193 734419063
83 248 366906809
255 279 100025280
54 153 980675723
23 292 661241342
197 116 60562217
174 103 618120779
266 39 498214617
265 104 630456478
112 160 697854953
238 53 141425846
100 188 718997145
160 142 875607623
139 248 703447875
13 22 670658819
106 270 804278186
123 143 620254440
1 109 545465278
269 125 96453182
146 237 994139293
51 174 903456598
148 25 40339837
192 236 130556078
266 74 16627177
192 138 164984550
110 296 408808920
247 118 545149314
187 170 78491974
216 190 158328699
49 36 536625235
94 138 516022660
243 37 830940036
279 280 848284171
208 245 520596696
137 136 828553333
86 298 138428128
57 244 510783297
171 182 563739618
144 98 795511708
242 198 689072395
28 291 942276632
39 233 254099320
74 211 638504899
44 119 823617343
191 255 217917230
124 92 492063379
103 149 450333975
252 71 712983456
269 214 530509805
228 208 999366203
222 235 818724645
105 274 39525378
24 99 407140940
222 195 52127410
116 85 843628316
198 260 946628208
276 115 474968708
50 66 121282778
58 86 816578743
214 14 719185302
268 287 365727689
13 92 124744914
42 167 827177012
33 141 173824506
143 8 685284091
10 205 42625450
217 233 89309416
76 282 631086581
5 91 789245619
200 5 506781884
1 272 472767770
89 36 334512613
254 77 346115732
166 162 293565672
271 4 705512479
213 13 652389736
115 282 773744468
130 109 372427001
263 166 161420792
181 65 376268348
216 117 16335871
185 258 900348007
50 211 772862835
81 76 41021296
4 99 609467151
182 63 321828716
69 229 124734197
136 111 50701357
237 73 368496622
180 5 599731438
127 220 611074755
97 156 473286964
103 257 606080274
290 37 541664402
285 40 453863852
88 274 880479066
203 94 864135495
51 230 199175257
7 218 811652229
181 97 48361085
118 275 563567356
224 123 830038811
287 278 887320768
13 267 81528956
166 3 706229048
117 90 319449873
234 292 573581166
280 42 94883747
136 101 403268264
64 281 365188212
100 150 356911938
55 74 542258961
218 112 674093638
37 124 525278804
192 41 989352106
191 157 528297048
163 91 758909639
229 122 363473133
275 258 392688885
291 73 215053517
154 173 430298466
292 279 354531191
252 196 461038655
189 284 355901130
144 228 433299371
101 118 147097227
148 33 82806469
239 261 104562591
123 287 264057200
107 277 520426172
123 131 774546944
40 174 295019575
31 125 59366522
185 65 807424906
266 208 473240033
36 60 615557302
15 208 701310234
135 198 156596346
77 20 223783033
276 126 11171261
248 300 883949243
143 39 199028916
17 69 351185592
139 5 161996556
244 271 861773315
28 58 439867975
229 72 277093934
215 207 132360831
160 283 74174502
92 11 642707479
105 258 53013278
247 152 587906716
15 169 454435337
206 59 113637793
214 54 921415215
128 81 311066973
154 61 134722996
87 27 622673402
269 187 437029837
222 30 989333147
300 134 652525856
77 133 53671259
245 147 782756227
233 104 456696337
225 17 177883790
292 145 124591322
64 298 912376235
11 137 242548761
113 157 124221599
1 79 928661429
199 130 372072214
106 259 485886846
164 203 174166944
143 187 935581748
179 163 637160516
269 154 288160212
242 269 180965162
276 280 592669298
89 144 213182506
87 144 411646584
115 94 535801714
29 199 638661172
126 62 160648026
122 204 556197612
221 83 791464074
36 103 640378980
48 44 561492948
109 72 394561679
58 160 909742222
163 298 249097117
99 113 401959510
112 193 873371608
135 70 717004670
112 191 420647625
223 111 735964107
248 199 398386961
127 246 827474805
27 106 493152928
205 163 932937387
279 77 976082484
195 175 551249648
205 286 30511092
164 172 899753662
133 283 38177004
110 257 381362867
116 257 566471765
29 135 881663910
233 161 212937167
12 118 447928129
198 148 504852005
133 42 795355380
233 298 707756317
276 162 733232341
89 46 32431475
93 155 161551332
259 271 617088688
23 299 39422522
84 283 842562135
250 294 421069204
30 243 684685951
186 127 735025844
217 111 121532042
234 87 570092503
226 175 650228248
200 19 782586903
131 277 555648925
70 51 367801275
144 186 899035109
130 187 642503354
285 216 383659748
235 154 98586774
30 70 896083137
71 55 101627223
25 280 172521749
25 180 294427368
179 62 701223296
3 184 106864947
229 27 950565284
137 208 740228771
142 192 628816238
89 126 121179691
214 207 717707213
150 278 273638767
224 54 227239399
225 78 905907878
192 256 28744591
239 10 360321874
37 238 645094952
21 126 725625959
243 267 875500450
132 55 631920727
175 269 729912634
287 170 143524563
205 146 442849016
103 70 130630594
232 13 841972549
123 251 985040159
248 288 780151048
100 8 273823974
158 2 961078640
160 133 78091147
286 7 723448267
19 293 793233136
81 198 94105681
249 52 651104002
142 284 906139114
42 106 412950665
252 53 130919952
100 204 863128611
125 62 202321764
116 273 924799296
162 258 856773603
280 29 568468247
216 161 333521996
48 109 379174248
2 250 463849231
215 44 468807888
131 295 901855740
34 146 113120444
296 270 828227957
259 138 922678729
55 299 880909838
209 279 580317566
107 246 16942827
203 45 486150987
102 98 266056289
284 13 51147632
271 143 531497878
62 229 634741724
57 224 339735845
165 183 607558882
245 289 368818333
283 197 346962463
100 55 187740760
78 9 837775256
165 110 948169954
253 93 277580318
84 115 238957012
13 177 815736340
36 233 723563264
133 150 17275898
66 94 769157186
298 76 541013434
12 176 901312888
23 253 36093897
79 169 177047058
284 121 788021603
201 256 337825417
12 269 433346945
52 56 187706630
67 240 281648779
264 6 490368472
201 55 694775548
86 119 180220275
25 141 963645479
273 271 531202148
31 254 1462920
285 154 425575428
1 166 335037548
298 269 217107355
227 35 411520695
5 50 230869152
176 2 43971058
175 87 50305228
49 163 585096069
280 136 43667891
27 218 669157945
298 202 591662898
225 254 902656115
172 251 565357583
227 177 8363269
273 181 248949070
76 109 56272171
233 283 676378709
261 84 10581572
181 63 947491007
71 141 369186776
215 138 358657777
265 115 958762130
179 38 455363133
114 16 331134709
134 288 572758342
204 63 818086150
274 48 614410032
183 60 994466615
6 240 774417729
264 10 632949169
139 277 276556559
267 241 130815325
48 171 678246662
80 36 988474278
289 170 325535217
182 73 67782280
131 98 816735579
114 32 917667638
181 37 808190877
9 52 384489538
30 190 315721566
188 156 193549858
264 204 920630529
25 35 619870216
102 75 594599485
219 256 798800109
150 86 436227907
180 252 35777938
217 132 460548127
245 140 658029478
34 221 849925120
100 160 394892827
157 123 104211082
137 148 433243017
153 1 565639691
89 271 74159447
98 172 629404784
256 51 845785735
145 19 570285266
123 263 429837458
101 297 57391478
72 148 434536590
198 4 987055412
280 193 98227311
96 45 904010212
286 185 582455682
184 282 53862354
168 289 987482156
154 134 448466375
220 256 950038589
229 108 876688337
158 179 544137184
247 77 998451340
211 108 160261332
21 255 501953728
132 240 618128012
266 176 160100646
271 43 564099534
26 248 718418967
152 167 788639775
241 147 580275082
129 5 648282713
113 3 535039141
204 213 344755448
135 234 363191002
214 117 155985493
125 82 797298368
70 52 769050762
4 130 917028410
122 281 664032928
196 273 292418127
130 154 7059131
294 266 800041585
234 221 953388198
281 107 270358983
34 20 802447799
78 196 837143033
246 266 428307036
259 21 563421965
220 194 395986898
100 142 876040422
126 271 880270875
208 264 805331792
292 249 649674512
41 281 278593070
75 14 489008489
226 91 604081485
158 88 783912702
193 99 740085322
110 18 896051015
59 169 40449556
280 294 606072378
55 253 241202193
198 297 480878141
262 37 522372021
131 164 581391186
20 89 961404777
156 298 17260216
9 190 665491914
130 51 528160984
196 109 121816704
104 141 33844498
33 247 681368902
278 144 159398798
118 105 126355087
291 236 852596750
176 7 845604290
204 214 90004387
72 222 866620428
285 103 738874379
20 50 807785839
224 153 96878879
173 238 338940725
74 215 191819521
24 84 452673425
10 74 105128212
211 2 638192370
252 205 655947383
238 276 647338656
217 13 499935158
195 84 814820608
86 7 484960912
64 231 116428449
41 57 655458115
161 80 730411699
137 141 716177572
49 103 46663273
70 54 535789930
253 43 200817757
160 259 559755021
118 206 140762705
177 291 918173863
140 106 925832994
41 198 550141702
155 58 97982433
53 195 695710273
77 295 753471027
101 64 264352632
82 68 318359474
39 228 487144684
111 97 657066289
215 273 340942831
130 164 635653189
275 204 880138086
176 111 118733396
208 215 951596190
132 291 41403736
158 144 173832051
289 277 4828519
214 67 34248146
97 178 467058794
238 144 265564718
68 273 767243181
108 247 941038985
294 122 147442947
289 81 411834061
230 212 155422604
217 69 424871847
267 109 461004423
85 22 464638090
182 171 995527867
75 108 46952810
292 227 389603135
125 35 96795481
161 80 423704255
7 68 615795535
67 49 221295947
170 265 846192867
168 231 902322576
91 68 413077249
132 249 13085219
50 76 64445478
111 119 55584505
145 243 327188191
178 103 906878270
32 161 765904489
266 228 708379389
164 149 923190353
131 17 289202135
258 159 958726902
158 290 671045503
229 91 893216730
106 201 38288948
262 46 578538043
204 275 455002997
173 6 815126758
13 271 923259737
253 187 82308185
157 17 569660301
292 26 698836859
245 183 786992300
199 111 829654490
228 217 726292591
128 230 719026088
22 134 904650462
70 58 559386319
227 71 446512841
115 75 639842327
100 232 985567643
152 223 91044068
63 219 221865203
262 118 538599913
4 97 958210029
194 276 93829111
233 297 567612644
246 67 991471601
264 45 983826823
56 160 253057698
283 11 574870929
277 214 90985003
297 276 760126821
199 290 958374590
211 293 726428687
192 238 807610762
102 222 632975211
145 167 805008677
297 182 696386973
220 237 377853484
269 271 931716394
249 248 485185060
151 296 32063635
23 194 916893476
13 156 116812720
151 47 358113957
264 200 64855978
74 96 994205596
2 93 705549129
275 64 645399418
210 32 306115140
156 280 820747587
15 182 837889882
201 204 579407227
77 268 731383183
296 170 104544129
205 134 497751881
34 259 773586376
82 13 776035568
62 39 193958983
279 248 575381614
219 103 52723445
157 117 864453126
91 70 475730182
217 146 844929201
251 193 698478871
32 97 549022656
12 183 29535766
87 264 945026878
7 25 696915668
289 56 958022916
55 26 217614070
99 234 108357839
77 24 514834208
10 293 206453005
210 243 300026949
32 26 153669998
39 37 684754480
5 176 740002343
34 234 729995419
154 222 447616774
221 28 51497899
90 179 67419085
180 7 628237508
287 16 870909452
43 277 674301747
292 61 995474872
89 99 184697061
68 155 163038336
62 241 411566969
132 94 124241942
206 14 876444870
56 155 425931900
140 35 784639806
300 73 133331473
151 116 464419749
49 159 33932561
221 247 685859860
181 66 7286466
68 179 90722906
136 10 338117551
229 267 707493316
50 75 416464271
49 214 278420957
54 265 955681229
126 168 359730796
227 216 938080254
87 188 696915952
98 68 320992369
264 187 550311847
121 74 819902509
124 3 724864775
139 104 21729249
61 153 777915015
17 258 474175931
98 136 128905098
293 114 121436966
47 252 594730053
150 50 585997773
19 65 258278459
65 237 875655433
225 60 414886987
52 251 752417990
252 63 166696694
66 132 442362904
249 229 860231739
246 221 442272004
211 19 517383555
64 169 623942604
88 187 474268320
246 3 306567257
230 228 163989668
268 279 754028870
110 230 493149133
103 48 512287764
106 296 767125992
296 293 469910964
299 204 706206583
6 19 25445151
9 158 748619037
181 103 131072791
237 85 287676218
156 52 500843148
26 213 939786478
10 16 939970277
125 173 123054124
116 221 617943116
131 271 398590571
113 276 59726541
263 37 187348798
51 217 39735801
142 205 50092037
211 60 780788140
259 137 836758453
288 146 237216020
64 22 572007392
239 137 258913364
54 20 35173235
125 132 123203262
265 147 294429698
263 249 728153566
115 142 878425770
103 53 614268682
142 63 689711170
94 50 597902368
113 165 703646389
57 103 626585578
220 208 836630897
106 32 39988928
268 49 967137526
165 11 514179375
83 177 664703616
204 279 558902820
85 120 845103782
207 266 168125683
174 130 615422447
162 238 15080901
91 210 132527809
287 15 218870092
67 282 481317940
292 199 107220150
218 281 693861578
286 236 586301556
105 21 270360928
39 279 582798145
21 152 908312874
168 65 376461564
220 156 541124873
128 194 289992387
120 260 598783721
211 4 909412219
13 273 655064151
290 258 714165286
298 115 553500658
125 153 862781436
21 173 92426339
294 92 93565404
9 12 197816911
181 191 389295404
120 62 413022516
40 273 383619419
210 285 520298191
60 26 340278801
197 23 549947715
107 199 846925067
294 219 399336539
33 265 675120931
188 273 541875494
250 154 279611684
205 273 959715946
120 64 916022570
38 273 255751706
281 84 672764931
181 32 605880154
195 138 30491004
113 132 824362923
203 216 600841487
33 155 588904611
278 156 477160816
62 60 408118840
259 180 980562403
180 269 956420075
85 249 695788710
15 181 60317242
20 127 308539031
224 239 303235514
46 142 136833029
184 226 460446035
294 204 619375090
10 17 855431950
101 27 434155481
204 206 886648749
30 290 438242650
240 4 576699630
233 24 557000109
63 299 373552799
77 44 278210592
57 227 946094418
244 272 624112473
233 33 591876441
34 134 809102267
14 37 44328872
15 118 553307961
264 109 861320816
145 41 574247591
153 104 722579289
152 232 130678832
43 288 104420410
212 231 232708634
36 216 140187966
176 1 940009951
94 67 760220639
165 81 409756457
277 96 436922465
93 240 902035906
35 145 966152161
224 48 79990392
207 90 85416331
169 54 590359662
102 141 771744529
119 69 632486529
22 162 311773847
260 79 991222527
68 55 666624274
285 199 62162366
190 234 734836910
2 157 910717057
293 115 868013398
23 283 405336703
36 136 146799444
16 7 536794412
245 80 236940225
291 39 439049403
170 159 548946258
195 143 132984308
160 84 60378441
269 85 758740649
177 129 358749764
175 203 669858898
277 291 72260334
272 6 263691092
283 2 331644771
208 45 888858361
262 266 345088319
19 160 989773461
27 20 429982396
19 40 926834580
168 217 117869460
183 91 235987015
180 119 871546905
65 91 648810010
8 125 52779212
278 84 247744708
91 46 372412673
9 116 945923732
122 194 30440251
69 213 65831843
49 132 257782859
260 14 326823049
74 245 530805467
230 62 16529557
40 69 25822434
203 99 90591617
110 189 502402862
34 249 662718778
65 122 704523671
168 191 688195983
10 291 77509066
68 2 526179979
268 76 261616676
234 5 503563137
43 96 368226805
276 50 39768803
292 159 259563843
106 244 372700244
283 9 368951465
53 176 383332607
88 237 490161897
253 4 512341499
184 23 685858426
59 256 29743230
295 50 750354978
51 77 47956527
206 121 22808938
248 226 47324881
291 260 67428089
208 12 818591516
14 151 366647004
163 104 116861059
13 39 248573081
238 97 145104889
219 143 822986038
296 193 13071667
175 98 100920687
212 98 293968664
244 140 402418023
285 99 983308786
252 165 724836937
156 27 557027892
114 39 6061630
95 28 186071178
83 246 748103320
172 294 765417564
38 168 277782714
76 131 544762611
91 74 644090202
65 110 92200601
51 62 124942765
239 217 84994943
282 30 632182281
11 176 9912260
240 258 542895405
11 182 539035750
274 219 193773469
87 47 529917499
49 137 299825425
151 254 570925334
103 4 14325095
167 242 849188063
9 223 339858945
241 285 734910820
200 276 31964930
156 286 54007311
106 11 814109629
274 150 970741627
25 198 965355616
201 100 52885969
134 202 69157824
181 120 886491765
195 180 619464739
239 172 274138375
159 123 36583850
88 279 359937187
198 136 9615949
278 109 410886498
105 185 961027796
172 85 9162747
140 271 794975601
163 151 295925472
179 45 744490952
169 36 330403375
195 194 358542298
196 33 224319476
182 282 319287011
230 259 837218371
128 115 308031056
275 286 884066840
273 177 988767410
173 91 488974212
245 21 233875309
248 241 563329644
122 135 64764389
119 30 917628121
146 263 28444502
8 193 63839512
279 72 142038427
186 98 933429564
177 70 490898893
87 295 883604235
250 291 998037356
210 238 11212048
153 111 492233983
93 282 182719712
65 179 295122775
18 187 839059119
230 165 225415242
8 102 415218939
123 278 122665660
167 64 142731006
2 66 918824096
209 275 900468585
56 180 418067848
38 24 977647829
102 89 361077059
128 106 182609845
46 87 984497261
87 146 74770362
277 269 190012340
236 187 171506955
242 240 360744772
289 148 139084747
274 256 627405578
121 45 37955301
1 146 993394741
59 273 522168399
56 70 688115785
216 208 190824383
230 184 111207403
221 172 792680089
275 113 971363029
147 153 497809928
45 126 530716483
174 298 267349380
26 50 37911977
267 161 137527050
117 216 962802771
1 183 34121679
135 164 619219062
237 84 693276933
226 59 399026297
154 257 655291250
33 53 215056727
116 226 496390577
295 3 476940626
71 21 222816638
172 137 64112105
95 190 985324288
173 24 618772603
186 261 449436687
71 186 353856197
119 91 692775905
268 123 605280557
47 290 423808434
123 36 38831188
300 159 591227209
38 82 455681245
42 228 25341786
281 100 786000510
84 38 701381170
22 160 416680207
70 278 903260649
74 298 658932423
182 44 66928365
215 218 542081500
2 217 827336510
162 254 60220444
107 48 203536071
292 28 143921423
253 163 500595560
122 184 671868119
280 253 56765396
228 78 15611345
103 259 58429988
267 225 386644605
218 227 329712174
28 88 257932979
271 246 235419126
141 290 952527606
163 242 28031020
274 116 58849704
244 95 956388908
192 75 413424538
136 229 182720796
124 195 393118821
80 112 83449799
253 139 844940938
132 161 133273484
109 2 678821925
114 216 562554066
34 190 43400133
189 133 833007628
48 24 392186254
285 160 527352082
233 35 157949828
53 114 973544639
203 67 506505730
140 250 964537190
75 58 403691443
299 172 115373559
217 257 305211800
249 145 792557932
128 192 191726408
133 229 665812219
14 161 273245353
141 265 105703118
132 167 787864984
261 58 135212985
2 133 678133543
45 183 74186966
3 151 498887922
202 152 863602466
285 279 829752209
144 112 810761689
162 177 136835349
266 70 758641065
184 253 54595931
219 213 427189941
204 266 157180225
246 10 923388707
211 64 845918510
132 17 263137061
249 2 713084691
9 197 587947654
298 111 267594383
198 76 57458352
115 259 488633256
197 178 362592120
37 81 496388485
61 78 293713795
20 40 722457958
129 171 87832775
141 171 34912528
131 179 607939976
285 228 620210986
119 178 197487262
22 292 297988272
177 240 857062649
296 277 714956081
80 89 549802110
226 108 583271349
136 288 166768071
62 128 163894741
289 11 109436272
216 47 814154351
202 165 267400680
15 186 227816323
86 62 602513563
87 57 818682339
167 188 886019227
129 114 580429287
77 249 895314674
248 10 946328802
40 50 151589064
11 17 394010410
262 218 793703574
193 232 260643259
116 70 135979072
278 156 77270428
168 74 138454867
146 202 760729832
232 279 519069632
6 278 353823393
259 17 152419994
222 28 522799411
283 41 85172628
156 233 742059612
214 100 938932281
137 77 237885988
116 244 501360461
282 142 131674163
14 73 564614793
97 130 114434070
190 140 797543086
83 113 575894465
293 95 263642557
173 250 128188042
36 215 397347241
268 51 526150070
55 166 333278865
215 200 557269206
29 265 778550379
121 61 597469760
190 250 107839800
28 33 313765912
244 77 609258507
253 1 640537508
194 36 815729823
286 3 975847225
155 109 198160143
20 76 621123442
25 104 857983306
155 225 427809366
167 166 536941368
266 245 485282952
229 241 795633528
235 193 110714781
295 86 467553616
269 123 362631371
293 278 33834031
235 49 130005706
76 125 635336910
233 32 114442434
99 198 386789051
18 163 249919848
269 91 279729288
48 78 592376280
128 124 168565217
296 92 405643339
166 84 829760716
196 71 479228916
2 198 206284441
263 131 494510372
148 281 941376469
198 298 507238883
245 18 505863525
232 65 399025254
163 245 827261577
179 240 311335020
18 105 122060104
185 52 15146026
101 105 906683523
193 67 359688605
264 214 801970637
284 164 770470986
218 108 750472603
294 92 242641720
148 254 505176764
176 185 858147703
296 202 516702259
251 138 514674462
28 238 129553667
2 130 849193133
107 145 493067999
295 180 595450962
181 97 258778221
135 91 910262712
154 290 847313418
169 217 238495554
123 212 784419755
233 214 872395792
95 241 981652582
61 243 318474563
145 101 377372108
143 95 804754387
56 27 960376636
77 162 350102378
240 67 372956867
109 236 561234383
162 110 226269947
168 43 342640012
260 137 72974253
93 249 881505247
55 145 127921599
214 40 614193945
253 95 110793272
88 223 73224885
65 163 891614151
83 271 776170538
17 133 585041748
163 300 539962742
275 11 303091630
79 155 3982078
177 210 49376274
127 175 79825865
171 127 838265460
242 214 141022334
226 30 193326496
29 112 400040419
66 129 147143303
265 43 71571254
206 17 45720065
35 147 608791371
164 75 374227032
190 201 571915507
254 72 859127533
165 65 48756099
299 43 638387228
294 71 853494140
12 188 960343920
266 205 332690162
220 110 165689231
236 197 384831729
106 112 871622904
238 1 606500704
244 7 56175427
128 171 331440344
226 169 653003986
54 215 617513208
45 278 1138547
164 244 388921751
77 163 173341913
7 98 657490661
188 203 845350072
91 192 491329125
246 187 822737331
173 15 382872853
216 240 607725322
53 293 248170288
12 89 999215465
158 4 860520508
261 81 756173022
225 139 879376719
85 26 543955674
108 168 124136917
132 114 339319604
214 38 901147618
219 5 858377057
40 57 701911502
127 120 137761442
243 29 273754446
3 289 295097026
224 213 72511116
295 49 285795742
20 157 511606509
236 40 208960474
39 6 581516711
156 224 813231915
265 15 409626423
118 193 988213442
59 135 402647871
4 137 894367811
81 113 636715176
297 107 287180624
238 126 396146932
98 61 602426872
72 152 286306829
82 59 125626952
149 23 433145266
271 192 457032058
213 251 49019144
235 6 217110681
297 87 422512393
272 83 397117351
296 72 832364876
279 221 557424588
250 292 59099739
278 126 91054298
281 26 364181672
298 296 580393364
155 260 729967166
199 246 234141171
131 243 93045109
175 214 674157391
25 261 820822814
52 240 192131535
139 241 849560378
130 271 374626055
179 251 580560480
2 1 876990076
17 207 957160987
282 105 371204733
5 287 866005475
113 161 930794740
4 185 236801
69 236 175511292
3 127 59045084
33 8 84628654
187 238 82921657
67 239 487069357
294 8 606620163
232 289 490593220
64 293 208615558
190 106 330683219
230 161 958946255
282 281 925769543
25 36 641094021
8 68 16535780
262 254 143149117
270 72 90148407
278 65 437927014
140 49 768968455
211 112 317413899
269 54 176308456
239 35 19809516
93 68 226288949
287 92 282845584
7 99 891556151
86 112 279563056
154 133 174910428
161 110 159621044
226 2 190855892
280 264 492336056
79 232 930067009
34 222 287359843
202 15 416967710
50 53 346918253
233 60 283740203
235 197 164578567
190 51 72354999
269 211 199171561
113 136 299132062
56 168 567862425
111 298 213978209
219 83 568162630
113 284 441878296
74 85 760894749
126 69 18822360
29 55 379680556
95 245 839134806
293 213 339849868
105 77 319752756
166 133 400328275
243 243 46473972
251 214 287014654
232 78 994276190
280 152 394547526
80 277 918157895
239 5 14212501
46 151 404725345
204 196 822155910
271 300 573608886
278 218 554972870
152 160 406067565
75 162 56959978
29 145 352559007
70 124 4799658
195 203 65632887
141 193 113766191
142 239 871327194
86 142 705638189
47 164 520903440
33 142 763738657
254 45 854522616
118 120 712266229
247 200 52615774
154 269 22482249
263 163 530244052
49 4 152272596
192 197 563215734
185 34 159757327
125 81 281747243
64 165 248938236
221 118 461658580
288 236 671414951
269 234 312705650
42 87 84839570
290 50 677331533
193 98 565888488
289 289 912206584
74 225 973527517
1 49 424523549
143 165 986287213
178 85 66307731
9 124 923169018
260 92 466347403
161 185 195885542
31 175 116583091
115 67 999105640
202 107 957219381
237 181 714767857
5 181 124872906
154 75 265987022
218 4 196816158
100 12 624399281
269 23 966035325
72 236 421823709
13 266 866763035
55 80 831097354
246 33 467099260
178 21 43017192
35 77 13575772
292 282 218071298
113 252 52925653
70 51 127281065
202 20 670101539
178 143 141576374
287 155 479061491
73 261 359888422
226 258 202462006
238 136 771505178
129 222 40545455
253 213 139139088
150 77 201056939
103 198 145123090
119 151 599539261
209 29 30652855
235 67 929316709
277 139 822179321
99 117 855829978
56 54 840004413
34 234 194503186
140 186 191682850
279 88 97530426
18 242 813894775
159 112 965175178
71 20 517406958
125 6 892413824
85 283 661991514
5 133 657237382
234 240 345250687
299 25 769048621
284 164 794723306
234 195 345378745
11 264 768907886
38 174 897624497
215 244 254146469
172 120 980050174
247 204 259429808
212 260 599657440
294 245 908227780
232 243 956646004
52 227 637973920
110 212 91350614
254 222 222865729
40 259 325126002
288 225 850187045
256 148 533734416
230 146 452568471
237 58 281384882
129 103 876013626
260 34 928975469
115 86 487289947
186 247 890123558
151 200 940039431
79 291 450932342
180 279 387977466
276 234 121098114
191 215 247740811
61 204 724864368
242 32 767255222
120 43 15131356
240 157 942574093
286 43 196823091
295 245 418224390
277 24 80718581
218 203 934446511
136 179 381038296
201 121 400544111
111 234 104910114
79 227 946310097
252 46 685488191
159 285 279090399
203 22 217606993
193 16 444904938
83 45 183849961
15 262 612084415
277 97 579795345
172 297 620717166
34 108 39934699
99 238 118832825
195 189 585941523
137 100 517719907
236 2 106490629
128 195 94893596
265 29 275484592
177 95 394163254
292 71 396456102
36 242 550944899
253 276 810403158
103 126 47178895
180 73 733560035
2 209 884677934
160 144 148139388
40 24 15734782
288 40 610721210
279 217 866333604
284 208 569534826
86 295 248846819
236 300 157330046
193 154 252410972
139 33 332916044
25 86 84333452
11 246 638269948
298 37 359816171
179 24 546393410
140 55 234367978
195 38 183307937
20 175 973008632
138 110 781736283
284 2 796909236
255 192 989876669
50 217 651612806
1 227 447321203
148 276 336008840
70 154 117602015
32 45 67585321
209 239 727605659
46 10 51668185
229 199 885685095
111 182 745092248
198 188 677068540
18 237 120206708
224 290 959184686
126 189 342141861
117 259 137329366
132 42 955468410
252 250 367925300
162 295 91718509
247 275 80727559
141 85 934733441
140 283 463696180
31 300 148015469
138 275 72024758
275 101 579026698
35 217 176321108
52 100 262817749
113 104 72884599
112 265 642345945
172 263 944210420
131 155 612730656
23 295 444815890
154 25 282859142
222 215 778473216
31 189 231495668
81 224 125418985
88 275 135394236
137 140 623974039
135 251 23796756
231 175 534014218
250 57 892827873
106 79 697846319
47 284 773621743
288 258 945393557
204 288 24862798
271 68 649138621
7 208 513099447
195 44 572213686
133 230 46922989
140 160 28945863
110 110 304042571
182 267 101913849
52 13 296321284
246 1 330247641
55 256 128234029
52 226 974339848
272 285 44886207
270 179 897658150
108 63 310572979
196 255 925976639
210 64 540595900
280 297 767161418
180 48 50489082
63 293 820921682
256 47 414481489
136 98 357631467
135 121 628306951
42 91 66934881
291 250 297489295
222 145 343766949
260 106 592298412
211 137 788427908
180 68 630001755
161 182 595674400
143 137 778323046
183 272 907843196
149 107 780857116
151 148 615496958
31 138 983976407
26 59 785734803
274 70 902234360
38 32 785001296
45 211 93498515
152 72 419014597
251 266 944313533
148 148 650145705
143 297 215883663
11 147 981380910
20 230 549328299
279 255 230298810
133 280 950269079
93 17 807384063
240 114 863772473
155 265 874956096
251 215 809340261
235 114 786439161
139 9 311367909
201 19 12433455
162 38 514119736
261 68 408883342
170 201 40491222
200 293 706274490
262 284 194661055
287 138 283136319
134 140 272407385
247 75 940797299
207 213 48665607
215 166 229385777
121 79 98454766
257 39 492365334
98 260 49368634
271 160 524215378
213 173 701906861
267 211 528457951
38 45 570366890
74 43 624463564
172 249 193410029
30 215 640573594
258 35 652367872
224 43 778121163
9 193 395615922
294 215 160153933
23 179 879119258
35 146 268800720
185 235 204154416
175 8 347036958
238 232 483887506
266 13 778590320
211 271 96095207
235 246 98005549
297 6 898237393
70 299 684765608
55 21 868897386
212 107 645293783
31 292 149607469
247 218 801729477
204 155 247489808
162 173 388070420
33 135 305373442
239 121 245337287
240 169 405359992
184 239 687326542
43 293 615452314
29 256 744160521
263 286 601909112
132 284 611581329
60 240 397640735
167 101 153497359
38 185 372241146
180 176 706239966
18 115 786131335
110 50 7531173
3 93 235626117
217 173 497019072
237 187 913027109
300 18 835288293
280 77 315872284
114 295 133633884
225 85 477228820
170 264 737719595
235 281 718144461
221 142 316740811
145 145 70790603
61 61 554223927
284 49 559818213
193 100 89697283
137 79 93074259
20 244 374988006
55 168 470992590
26 89 538977805
121 24 971764585
81 296 732261979
143 141 802763823
297 253 503755135
23 237 579396435
236 181 631596834
218 69 124454012
28 140 308125055
185 246 188623675
126 271 285674663
30 91 158034338
267 224 591834034
45 66 447121274
19 115 812038526
105 137 36121214
239 124 32396446
172 93 636152514
235 173 15778053
189 109 157423298
115 235 538317069
78 264 748695311
115 282 654186134
148 26 276563052
73 96 686616666
251 200 291087254
64 190 649793030
110 113 999914922
223 47 992076246
228 288 148748655
125 102 793441089
45 179 317647704
56 46 693133086
41 193 504675563
144 266 407555311
61 216 53011110
115 31 577988452
44 140 909051464
117 115 23170511
115 94 933503350
169 218 123640951
209 15 584290682
264 122 620970527
1 214 678030871
64 58 202592988
26 118 6695403
135 284 684008386
238 79 561895677
102 248 129026143
64 62 401177836
65 282 388290406
167 242 628680920
148 205 576077393
226 206 32149606
197 21 125976963
184 46 249208833
139 232 840416116
176 170 254424547
52 23 638632694
95 138 837633155
230 202 705207288
35 68 182279829
206 268 291531185
198 193 873578090
156 141 990645162
170 77 197771359
2 267 547967791
170 142 324255612
116 245 435686286
61 39 905430323
67 21 519507424
54 107 106591243
282 13 398456110
218 262 868588903
8 169 900053195
221 39 990409271
180 92 703901589
122 13 19505830
233 180 56666727
170 240 386861365
192 6 116300285
167 111 485790244
209 144 271495808
219 62 49494369
173 121 409484590
267 41 772410728
190 272 945030671
78 93 915244184
160 77 642508515
186 246 60423655
2 189 564171812
139 55 6443923
82 264 274552518
89 234 954996079
109 106 626385399
50 124 131881992
277 13 816740863
100 143 933962508
235 54 955286184
249 291 21430882
255 44 185310570
19 182 818949025
193 15 881453840
210 155 918764773
289 16 651987078
239 65 833690301
282 94 306800066
245 193 775217960
104 179 110966165
39 127 518195055
220 134 88798698
42 152 791593732
218 44 112370398
57 253 322624505
129 293 471850420
58 284 674565436
110 265 850663929
227 261 650209273
186 64 988445651
250 103 360397930
56 74 826489763
206 115 655925666
289 32 2633209
86 140 846197613
90 20 141614958
161 77 515270641
297 239 951563005
277 165 119749266
202 103 806308281
4 52 114009883
233 108 621834009
47 65 810058523
64 53 55181507
124 138 386140446
137 280 574216466
246 192 123912994
38 188 868920332
94 217 821071249
111 118 903067351
192 173 78391154
126 158 12721361
134 204 204922077
9 20 741554329
267 143 440021219
12 279 770430898
129 276 909666489
23 13 532293429
206 107 341491997
6 217 134955114
156 108 311193838
110 286 525573395
222 171 309616251
99 179 319248070
79 145 409618412
197 209 279441243
46 37 70331518
35 111 2592583
15 69 175271089
211 74 265665357
276 282 227567317
213 91 27503202
60 64 139823372
110 162 227102703
179 241 492006347
90 189 25707455
32 235 254938844
2 21 303613506
284 35 40651774
72 297 139641248
128 24 208681981
96 288 768616071
297 47 242230286
121 156 129414000
123 86 24237892
269 176 366723180
76 259 779817114
271 260 25702534
276 295 489189220
102 118 659252816
1 298 228397491
181 93 802784379
151 90 760503225
288 210 263686633
287 32 779066318
278 52 568777045
158 179 912260056
271 201 879846867
157 177 474130062
76 278 722897079
44 278 891813276
34 158 60962321
12 60 552814710
89 47 64742871
73 34 971333154
90 63 617108257
87 220 27775636
94 243 15823188
60 99 327315364
73 174 560452993
152 217 2360970
279 251 566753979
199 14 22248090
260 154 611073589
282 226 462644474
35 16 601198636
192 154 393459256
279 247 471759798
266 6 861802796
182 131 905293821
74 282 261485690
296 12 158775892
126 263 399948805
16 274 450540359
56 256 574237184
129 290 402621951
264 233 356988056
71 263 497079202
68 229 407774960
215 162 563205390
288 235 538783923
277 282 78840186
268 108 244336500
24 175 588087574
182 230 27352629
18 58 385981170
220 73 428565103
276 144 887912765
277 263 779847345
88 230 284200558
29 217 108909045
3 193 108850126
289 160 555810485
288 183 619521859
261 117 616090540
241 134 155644649
211 105 839382822
165 80 913280665
81 109 554130679
226 196 771219308
35 277 322356724
79 279 321544968
105 267 75043579
289 7 982801362
100 19 52907730
139 260 7083515
40 222 100467019
261 86 690046299
77 166 125416907
155 143 666870154
163 178 877611430
138 256 1457361
6 112 412215427
84 153 59254833
97 252 383179504
278 142 706309363
292 181 119658284
163 193 904307721
61 269 95654086
119 176 31093781
124 90 142311010
106 227 685698465
66 284 327655329
44 120 918959381
29 216 784165184
32 194 539363277
46 237 340198310
281 99 26053102
1 211 215241023
238 81 609376398
18 257 832194887
79 62 58569565
44 179 757529049
224 222 856633268
204 250 191199935
187 281 961620428
115 26 732527317
224 58 899354915
226 58 709698578
248 48 436458858
197 117 451538614
183 196 485065627
147 291 685980905
95 214 319016227
214 117 148459128
249 55 852456409
228 169 694866486
144 93 795347644
211 70 910723953
188 17 136649500
297 265 356734417
63 147 713289712
189 293 744530202
194 140 778111215
172 105 585508483
99 53 98370837
59 281 708577905
97 176 608844349
140 86 972706918
44 25 867922986
244 22 903868950
12 84 912739696
275 24 805621141
228 269 340042332
42 140 372636536
76 239 94603689
112 297 172596921
68 93 486627196
117 284 641082134
286 80 493143958
172 23 184304231
73 86 166101566
69 60 923601590
161 287 995301558
144 80 552734050
231 155 39325488
19 18 865081336
191 85 724868081
239 253 266549716
72 239 400850195
281 162 116935369
212 234 771539654
29 54 782985465
170 214 43286651
280 109 888103482
229 40 50428088
168 110 628631305
155 1 36323742
287 291 29833394
103 62 286899884
49 42 822929845
18 5 394308579
123 34 766292132
288 255 597017998
190 234 79044858
224 162 732492897
111 29 356998507
16 236 977674959
57 222 81149449
102 24 161020462
86 125 857915603
230 142 913688160
60 16 641923345
244 55 818739099
41 297 291953333
298 220 466816446
47 82 382653927
153 97 757063462
63 205 167429483
211 7 732818059
172 92 854079383
226 73 500665176
37 133 444115091
181 76 172447298
280 168 876432094
64 217 149205665
9 263 188679746
35 167 623485643
48 281 194979799
231 191 227962905
241 114 714367548
23 92 624607221
298 128 58023205
40 61 780907632
137 92 242794851
230 155 670213367
294 215 500688782
192 2 91219600
134 49 419480781
32 31 419138123
289 271 251212089
36 45 626134632
208 42 457593911
264 134 387513271
95 270 87148162
145 252 700968268
164 297 695790035
197 188 601751036
96 73 880947436
28 157 848292367
151 197 941636589
191 232 162543134
22 192 864193527
32 155 490702860
155 250 67034782
68 146 469621385
188 9 995151981
222 205 537339021
9 53 719668145
144 80 884602801
62 282 965138597
3 172 675643081
236 245 493239824
14 29 623435678
174 235 552170979
107 2 522240577
291 241 203857837
223 162 97711542
95 222 852570346
40 118 35398677
192 179 65334659
241 181 898623082
273 168 161398579
196 182 458738707
25 107 883189441
104 213 374415294
80 255 633384535
168 177 208403548
161 272 701223370
206 63 845307787
83 254 341465517
241 194 131333150
74 166 229970169
152 113 649053750
10 138 436835808
102 241 955318420
196 72 231672026
282 291 556015903
229 152 23238126
150 57 500490488
188 191 577408493
157 183 219130739
6 257 101300304
74 108 274706069
76 170 657751006
183 271 507638798
255 166 346610021
280 199 378522511
234 180 553604162
211 29 724425319
198 269 778901009
243 125 782365892
181 182 485959400
36 7 198563759
4 134 231434028
109 69 320275999
206 23 839504964
126 54 127538163
89 40 245295494
150 250 41483974
20 200 213927742
81 142 809125018
272 22 105892599
223 57 39233358
281 61 405684691
209 221 494598759
107 179 113810333
222 56 494991439
236 144 194157978
129 294 87064427
103 13 379233978
44 93 943042419
214 116 850136840
264 38 906850249
21 71 535372361
264 279 393454181
274 85 841250859
7 58 77888767
145 294 776857710
74 122 196794555
252 276 62124620
30 72 4265264
300 285 805582380
240 248 657068069
40 21 904769739
200 36 632637769
32 9 308431805
43 67 624173163
109 263 559916356
18 36 213473229
273 40 773811405
292 69 159891328
155 68 475805312
186 59 384995011
7 150 926693783
197 49 506586318
66 81 324304079
70 123 641141045
132 283 804605008
239 300 8853943
220 24 45984982
124 15 295232102
203 222 699637722
214 107 109338680
276 165 136217930
59 62 315647830
228 127 41082562
106 248 6289336
51 132 289156918
10 70 519059370
4 289 40274893
38 164 767444460
139 66 852316981
112 31 805507539
144 59 136600556
25 117 897849417
254 96 426924595
68 254 179741542
3 56 632989773
273 65 199101995
242 68 91551435
286 105 936665851
45 296 894336568
77 107 292885251
268 2 517306909
23 26 346811677
139 280 287985872
133 99 517649925
126 101 676944880
251 125 422992096
145 66 912129164
131 52 747890120
281 148 225507067
249 225 44617726
51 192 167077127
159 214 581619553
135 104 456409184
258 236 832528582
283 113 568783434
114 63 954330659
10 259 360745976
25 90 828304279
196 70 124450027
115 70 954016551
140 120 827544094
218 30 29116859
270 164 456584262
105 122 389387249
38 156 7267361
124 21 795730724
34 82 806395682
9 106 130813671
140 54 558166893
66 168 982791914
268 59 697573986
61 276 219820015
119 298 748858031
32 102 572673904
180 192 61433911
140 15 892082931
215 48 340129413
249 56 170218870
71 195 130241423
15 12 150736842
29 31 423806500
214 91 969043876
180 261 73101225
10 292 487355026
65 223 601882917
275 63 985468331
206 29 297474630
270 277 46131438
139 100 59743032
114 114 20308496
7 194 29328026
207 159 766862069
134 39 262027481
58 100 118892173
135 165 284392447
104 139 60762961
86 96 96250790
116 65 902284318
253 256 609677217
36 69 481629083
131 127 648415476
9 33 660126735
277 218 736582873
257 27 331674624
281 214 313043188
228 17 447155179
288 102 773577174
129 269 484954939
247 221 604023694
215 257 113541214
297 139 164244340
25 147 32455925
159 175 539736194
83 184 906670021
106 216 178161486
46 195 251060802
124 183 668385355
297 63 875093424
287 61 917316444
232 276 559830152
245 24 822943043
137 48 735983141
61 258 65812516
254 40 779491351
226 146 143395466
111 191 294433661
64 66 293368895
119 62 88968309
194 101 730999870
137 32 534173497
141 277 127601920
35 113 864733320
75 225 405694429
42 230 634551769
192 156 588012666
10 18 579120308
270 82 55029873
216 252 641834886
224 145 824490286
293 33 59536118
141 225 313029946
13 259 749216110
232 34 400550534
212 127 659285763
180 71 284608170
97 80 454679240
256 101 420559773
180 16 850635124
218 291 325031420
3 36 761065104
172 176 718566329
69 188 725510839
78 171 665365424
63 83 456458951
278 14 730799121
47 163 484297752
238 118 158872152
210 50 752923919
185 267 502905009
4 21 992331644
260 245 607893672
88 13 624676659
278 143 464962982
202 257 829414364
4 234 910131629
176 33 442611091
127 270 711005761
178 180 770345510
48 116 114981576
156 120 421920596
52 79 603215040
175 218 824411205
133 247 982208847
66 148 34707555
29 203 936160389
110 78 676208221
52 204 562046642
112 133 161719073
221 180 178376989
48 88 937051808
144 191 903841338
235 65 797311907
91 249 195490705
37 15 58710453
292 95 253495507
232 204 805612285
204 256 51874888
145 119 856188173
18 40 118959704
6 139 343094491
165 34 78473233
154 269 227956897
112 59 121254846
16 148 75846412
120 191 68629606
127 174 714768762
211 77 456874969
250 221 5953987
174 290 984867678
278 47 361113969
168 211 704097102
1 116 322064822
249 227 39428333
146 243 838396480
57 62 458709522
115 240 984011495
128 202 795543323
148 152 602835295
286 25 567606485
216 54 720750231
284 274 851834694
85 274 864701209
207 274 409178036
139 120 533272230
270 228 295694243
43 94 949939583
289 273 154136884
11 120 812677387
5 106 781749264
41 73 180312217
124 56 203977090
117 192 931217115
277 150 589989189
12 288 6580860
93 9 256838539
236 103 409391833
18 91 884042205
53 153 990180977
240 210 733762134
255 250 952169706
271 125 6517661
13 293 305935804
27 270 467456254
67 33 383023693
226 126 891034602
65 113 7747556
49 182 12141347
5 234 404791999
81 225 788534808
66 179 583492610
71 150 362931986
183 214 126171279
187 240 442944400
92 59 869913032
284 284 645382109
237 100 65045873
293 200 226327554
139 257 135880388
189 37 458898112
149 155 977129991
58 277 723404592
143 160 901699005
273 98 295746696
72 189 495536854
256 172 360166690
16 109 146474741
189 101 116369193
242 291 153892249
229 179 101741237
193 27 693678291
35 136 734389468
78 31 82908779
34 55 192655676
229 127 236119116
235 134 891290087
276 149 606752247
116 89 537736799
208 31 548901441
256 11 45038172
93 255 814681798
135 289 998873986
102 118 108030368
280 151 268322222
7 132 922693948
222 66 498607633
61 93 936412682
7 208 6187670
158 168 934260152
298 175 3994163
69 19 231836869
219 154 889885558
256 7 111610227
23 287 93677178
144 45 836865809
144 267 689229326
276 27 10934418
9 85 800972177
131 294 175711796
282 44 289045523
196 164 390198241
65 82 877880946
274 37 633966753
300 111 593880791
229 255 950278735
289 98 791796053
114 125 9722831
83 134 210811316
12 16 637831009
159 49 839683352
181 245 861406516
274 61 370198649
219 86 364933738
223 137 953642148
213 66 257162454
300 54 198188603
104 220 127844580
235 54 130026713
150 117 620988080
110 276 829956128
114 156 465957724
281 129 908313384
229 100 604457721
18 22 960968258
218 287 924038523
123 38 35567028
126 141 132266747
5 75 782621153
69 276 935086069
148 86 617889644
27 251 972593752
151 231 389396632
86 211 746179231
107 281 529424653
16 198 38046391
290 20 369806828
17 197 169018368
16 201 297920195
68 21 114807270
288 220 962543307
184 247 680811657
235 149 836051539
166 234 945945250
249 92 80459230
1 107 45751979
91 96 98985950
218 165 438349747
237 180 44204299
31 299 46576320
153 286 918970239
59 221 343858537
268 155 934682585
106 73 304788471
207 21 58633914
288 73 304670821
18 163 524486768
68 132 901132432
14 120 271907263
212 203 566916061
131 55 426277599
22 113 467881519
210 132 516837926
247 290 110027098
217 196 846144618
30 236 107131490
2 253 931034104
70 20 687659287
53 85 398541758
216 297 509085360
128 179 986613714
26 252 646186479
197 162 168615310
222 160 242468099
71 76 666206447
240 157 520289582
181 211 555502186
284 32 18313858
22 84 347074342
179 299 585987938
291 179 486663669
104 204 115555420
82 152 521554433
244 73 639343292
94 195 626226819
140 134 540838928
173 14 687850438
159 49 296780821
216 70 563729804
57 1 465637355
247 291 569419533
15 146 153870288
34 280 686871140
19 223 537776364
110 16 816613059
29 208 74558544
208 80 566227958
245 238 927688106
65 153 699114628
20 262 279049280
26 208 176577422
210 274 378312767
298 59 235474498
289 77 64161572
104 187 106842088
62 267 587271547
258 174 320706826
115 170 567682816
20 286 493997020
99 57 446723781
178 83 716883740
299 292 938624213
266 41 80016972
15 29 662616448
287 133 178282286
26 246 253241304
272 203 575816077
297 69 391406098
64 89 291759483
284 187 545638740
216 117 471197574
56 115 785339165
168 132 199482858
91 147 695467086
91 133 368617270
276 158 35546468
180 129 770813222
8 177 140645491
6 241 925247731
40 276 823734569
131 191 115155285
4 246 976087300
221 166 489876083
178 256 186963429
163 98 984027261
85 74 692942370
4 5 48463950
125 64 371298827
15 69 934162519
97 161 378535694
66 291 3658484
202 295 378930982
153 215 442977399
236 92 275814706
216 6 392575704
277 142 971542677
298 145 970989633
148 270 114216296
174 36 645145117
244 185 855535577
237 250 143542767
172 203 980364261
105 56 856371927
203 291 118532270
9 206 462312376
264 234 961362217
292 284 503744614
24 131 7756435
119 56 614043170
87 299 952885254
163 287 848017255
282 210 267110810
94 67 333736865
121 21 242804207
290 29 181276264
217 44 985696650
286 35 349007733
199 58 172189815
133 229 974025370
154 15 393709620
60 230 957261906
214 211 225889767
75 4 726007833
239 176 753109854
197 166 583010534
61 134 608285578
262 119 652994012
94 17 540641822
108 201 532928950
229 55 980033216
48 114 884973845
205 79 96326307
23 154 594454863
156 144 235731438
61 41 991204655
46 153 323186889
75 114 45556707
87 259 514575076
260 118 885482076
9 46 477353582
176 145 390558495
273 49 30663126
279 123 959745579
93 278 216575422
31 90 43956862
237 188 328198866
225 262 349965379
84 100 15813189
11 59 792899406
138 119 360282103
20 295 259154547
66 19 151811347
191 297 264142270
169 142 174671499
43 172 489025241
256 108 790214028
22 85 539039789
200 220 93529241
89 230 289291499
146 67 216804570
249 138 3585316
247 204 387123934
294 94 316263082
215 15 385457623
113 57 830438994
153 12 347444554
132 33 259661190
73 285 612645609
113 125 773489238
211 270 332706856
180 270 915135694
195 217 616366949
228 210 762031042
62 124 16906256
284 288 450084364
130 193 253005876
83 24 458902360
172 96 565222844
232 208 292813220
169 171 729540190
276 102 940718559
221 297 38019227
69 276 468220836
63 37 53014711
70 73 114555999
134 202 846902643
261 284 187752318
120 207 676144814
16 138 110642073
35 58 928019243
76 85 50113597
87 6 922961393
13 126 491235620
149 240 218683009
211 10 490761181
261 195 990425482
203 155 917636817
221 26 532056375
86 41 446329764
210 128 286462573
153 203 237678009
249 289 215111766
93 2 835130792
264 202 417315183
224 112 126054844
204 73 411434138
137 27 231491644
105 299 45129722
31 84 565054862
146 294 789112989
18 198 299360644
27 198 184000032
92 42 186083085
35 57 921314286
218 281 147741050
161 236 127403022
51 125 264751900
146 229 42507299
267 12 841846734
129 157 773412279
169 175 617739528
112 253 424942077
96 96 970497670
80 183 745641927
266 152 674090559
67 12 394088394
240 114 601093618
139 260 65259399
89 226 318642110
175 106 660087866
5 27 228575592
85 190 261783296
61 37 122306392
183 117 350308374
9 134 363104425
219 200 286749388
12 139 385193754
282 29 37412813
232 118 993568990
141 44 818717148
258 48 154486626
2 132 300238067
297 245 439971504
88 127 759770020
113 187 885980605
289 105 113827956
177 168 570715094
230 201 78942974
294 132 975986191
35 24 513756886
234 282 760634634
211 283 891908017
78 279 480002761
281 119 200449239
52 283 946373025
256 272 96897381
111 148 193594349
156 129 542590249
229 174 61660833
172 208 216931856
157 194 521007537
242 104 907496171
159 181 785664702
71 213 130335872
110 264 291818054
86 219 485732025
167 81 998827172
115 288 921329952
15 217 438136825
47 88 247849485
103 296 21701430
191 238 61662933
262 148 373004766
115 270 543182078
86 79 184481242
39 165 35399212
264 83 209763945
87 197 278290532
39 263 319921948
215 10 15677087
51 164 26796483
80 54 818947472
213 15 284038071
278 181 902071040
255 266 726011971
248 5 702233887
212 268 927634169
256 106 448323517
287 144 806892179
235 111 917517340
73 161 144614503
207 241 861707557
30 205 828809023
300 182 831583604
292 188 367169
114 188 479494125
152 99 49663792
272 54 119768750
288 40 53589893
18 26 699329455
110 99 599804216
12 57 481748308
20 87 554308312
95 86 43005345
50 129 638505132
270 242 82837971
195 145 706370369
138 116 571382622
187 155 808681614
132 173 885672939
186 282 523066389
153 45 747658446
60 65 83429284
171 159 109384269
215 260 137659850
199 229 41751643
69 123 376409888
38 261 921785103
111 199 978717158
276 30 206614582
115 216 522994715
155 120 72472059
252 180 421786875
135 102 399748185
156 69 690455944
57 19 146793673
199 87 100771847
238 176 749537907
93 39 917893306
50 14 511944287
283 180 378503954
197 87 969892874
207 38 620375705
282 225 31744406
266 80 952037026
210 136 167242344
134 86 612714683
180 24 142308058
239 116 884954148
196 217 944301862
182 199 763573193
136 147 13318179
261 53 146227969
265 86 393215493
122 104 716181372
48 65 957818159
43 198 307361144
125 129 993736567
135 67 643762234
234 262 383638950
295 196 125014000
40 31 390882098
118 43 253715303
286 7 135300488
130 128 287902191
1 227 401976355
111 22 476833004
255 146 760727633
173 32 855714499
259 266 384719613
208 12 7170908
160 51 954088690
257 221 47882184
159 258 203894390
199 88 11418769
289 140 422492348
196 251 604357469
299 257 22245166
231 181 818463498
282 139 730482963
46 99 407638126
5 258 908469477
46 214 803844249
129 125 534957706
218 23 200058045
238 63 662810285
185 258 733548935
153 9 424667843
19 291 877387223
268 272 587985662
182 69 792618460
107 73 468815969
135 170 154943934
83 298 104717658
41 267 158470332
85 205 751587795
269 141 138562752
155 46 501260912
297 64 895377203
72 83 881658826
233 264 844825395
244 70 497080519
212 205 792512889
145 287 631521038
255 79 365483005
86 164 710850261
280 184 237598801
184 39 402602446
147 87 228106361
49 158 532574043
275 90 899004806
21 85 587553128
191 48 654172132
231 245 607738770
269 199 983210749
25 284 833162464
285 16 967887847
137 251 973452185
283 97 127039672
295 198 158553881
90 172 950947771
95 244 706905207
274 186 190209455
5 117 408320799
127 85 318473249
27 161 226620784
142 145 884351199
88 281 987776301
125 15 185640650
248 10 373321447
228 99 284993870
50 245 765483313
257 219 16902998
263 275 684282166
161 153 546625502
61 231 821932362
244 72 73569358
195 160 686618939
95 36 621232605
144 283 253000366
90 262 114496264
259 12 662274161
123 20 631370831
173 282 528474757
38 194 813841062
92 254 470680492
253 197 37188216
11 91 776219375
101 238 71291562
205 81 344411744
71 223 459166505
86 233 219019968
98 56 478360987
80 280 279915368
89 69 884520261
250 160 463165266
93 165 537438463
8 227 549240105
82 27 633830142
295 283 976849223
138 105 656651497
295 191 253198129
162 40 237005136
49 120 477491867
268 208 806424136
81 209 475460147
146 1 306532263
160 9 520693489
265 142 657079115
6 137 41954450
180 26 223287154
276 20 20606196
57 182 96185736
192 282 786429307
111 249 619811666
98 29 410173874
244 227 333229126
7 86 721132934
47 50 907653728
62 108 111566716
111 287 677283641
16 15 916487361
112 71 900714194
247 14 108325127
253 176 819235527
270 273 770482008
143 217 425229834
68 275 25950171
54 21 416850421
233 134 936793428
248 296 415144766
288 12 508555932
100 123 470225054
145 121 389673620
171 125 744393495
250 94 193325168
57 288 64445136
142 107 664285662
12 212 513540234
232 144 121804320
11 91 678516015
129 131 111995178
260 230 590331652
214 75 209711172
285 297 609079396
179 298 260764341
98 54 722423528
233 247 179802435
94 259 206550346
80 242 710320990
199 5 655197432
13 133 865946962
243 144 111573292
294 109 997823318
218 93 633022166
265 24 836405364
106 121 230971269
233 54 241949716
219 199 895290874
65 278 312877867
106 176 578987771
237 241 961281703
251 235 673348299
194 228 480379907
263 197 477082852
28 162 555334275
143 267 760975695
64 199 10968600
179 118 117082299
4 234 297889728
70 91 970162504
193 27 369965696
147 277 756778130
245 170 573447809
204 132 29685906
255 212 439604519
29 106 358935285
223 169 215134435
223 99 188004404
173 154 336611889
100 224 371277879
255 168 947199806
102 14 635357334
131 259 547323756
192 162 533438739
149 116 79240802
267 196 21135308
103 170 295126228
137 92 143163279
93 16 460537332
281 116 412642607
260 122 578466874
17 224 771808188
102 106 666014846
109 297 446499459
248 197 885312174
101 215 95336321
60 17 132514890
240 206 7816482
218 50 395872449
49 30 37023464
156 41 311497438
129 109 884227361
168 211 217024066
113 71 735851715
23 70 470396211
296 171 712778426
230 268
58 194
99 169
86 291
239 148
230 187
42 55
292 22
131 222
90 152
169 93
163 254
277 183
146 233
103 24
292 23
216 84
5 49
39 67
266 142
28 277
31 195
217 121
43 74
225 47
191 184
137 146
28 53
285 165
189 225
247 139
223 232
280 163
229 279
120 70
98 194
141 200
20 181
254 57
155 114
297 231
76 45
97 186
50 155
80 134
272 290
221 26
188 246
224 252
21 168
114 96
295 171
51 254
62 66
180 4
234 216
12 228
113 9
164 160
45 215
204 243
20 17
14 177
180 208
127 238
85 201
71 240
193 79
144 173
176 6
273 75
3 110
170 284
196 167
81 85
79 240
8 37
213 99
58 22
11 92
44 184
124 95
225 166
38 68
74 68
195 266
75 98
82 197
63 296
133 29
268 196
232 211
9 28
49 196
287 66
2 59
205 83
248 125
244 129
248 38
3 69
167 142
90 129
176 300
28 205
100 8
219 47
74 83
278 279
97 122
232 264
98 98
274 136
16 46
135 217
38 264
157 137
17 204
203 247
203 192
200 282
28 2
84 170
148 102
275 113
76 244
93 259
146 226
23 66
283 162
177 157
45 20
275 33
31 61
4 229
210 233
286 255
124 237
90 121
233 24
19 117
75 61
286 112
177 220
133 8
216 211
230 9
94 260
72 256
184 124
109 75
30 93
82 94
267 205
228 223
39 251
11 299
110 165
85 48
107 286
249 269
278 22
281 178
186 71
246 52
179 69
162 54
200 260
164 295
217 218
168 144
142 8
172 179
278 3
40 8
277 85
106 288
218 6
128 87
190 103
171 73
179 120
79 84
130 78
295 295
190 47
54 162
92 83
85 277
285 70
206 124
164 13
18 11
149 81
183 145
269 91
210 105
241 147
224 41
35 70
116 270
184 224
58 221
250 275
96 142
17 234
298 1
64 180
12 67
211 212
2 246
51 231
78 264
4 291
112 53
23 38
13 280
200 206
232 70
263 201
186 80
80 31
263 183
249 143
107 274
220 211
142 108
123 22
64 271
23 126
215 175
154 45
2 227
48 106
6 234
13 62
93 192
126 144
39 55
28 75
37 145
4 299
20 178
148 127
4 135
10 223
267 219
197 163
268 21
254 245
58 26
269 18
161 150
256 94
168 251
95 36
34 205
134 151
29 106
240 34
256 32
250 249
164 274
294 147
143 183
260 299
16 200
102 228
22 229
179 57
144 241
197 26
176 178
35 31
116 204
287 26
27 123
96 237
83 190
124 142
140 277
228 84
11 208
136 29
138 84
25 66
91 281
210 221
3 18
273 296
22 170
292 260
196 48
289 140
281 30
58 112
247 172
79 285
66 10
93 214
