300 5000 300
169 122 213445479
27 31 887831977
184 248 178803633
138 103 951642697
136 95 334207482
82 111 387421116
246 123 749850981
38 74 892015791
226 30 741601661
96 218 406805146
85 86 680815667
164 165 224842449
292 48 791172797
24 237 840196999
172 124 79012045
253 206 378156456
168 203 645642878
1 240 217458703
143 218 335943884
103 13 352208301
200 97 94161339
67 12 122682503
15 55 361428450
211 78 79981787
261 1 147791462
106 254 647004267
113 173 904030069
242 173 469008909
145 67 579560326
128 170 279286190
81 121 254356038
119 187 570731702
21 254 116245156
270 216 922216386
208 177 940288086
270 34 357184091
288 198 707809164
157 139 447046988
17 35 466913355
94 215 361526276
183 295 537690896
172 113 528739235
173 133 706997388
229 154 716154503
166 114 248923931
51 135 531801364
294 122 647975961
57 278 95606952
96 46 239636686
202 139 268525400
177 21 534481394
25 193 131666006
59 117 35278090
98 97 754229744
300 262 73535457
131 65 140986691
46 58 603587712
159 166 217884942
110 13 452887287
95 215 740671426
295 143 213039898
188 167 124348742
246 277 45329659
135 74 797260507
178 74 449841321
34 256 943360185
76 1 340033894
240 159 347671611
81 268 413320323
19 63 856409737
96 109 890982480
194 296 54729446
287 241 581422575
197 128 473026548
204 5 150728573
224 91 10936228
60 166 290483581
5 157 637346591
115 237 147132211
237 8 59477125
26 103 642906733
205 48 284418780
2 35 115679273
76 283 171966300
276 186 207509604
300 161 877346
228 272 988023512
260 28 182601220
150 142 97462709
60 131 38011616
84 156 449952070
268 112 693807618
148 113 598959704
20 241 63254338
19 268 31435676
74 267 953345036
220 246 329891660
283 205 648593087
202 107 109637281
110 218 126344563
25 54 702608318
95 73 286960081
264 220 81612945
219 239 667989485
156 9 76665304
31 83 753336271
119 2 413971316
178 284 201570373
16 185 753480031
48 47 216832500
210 71 798588553
279 217 846687626
159 232 645548497
204 150 458334088
240 58 457010696
244 88 554120630
214 206 45508531
181 135 476746966
53 203 177920803
135 250 246492749
135 212 572990771
187 190 754850588
64 49 43428871
213 252 332652621
300 191 390808878
147 134 249333317
77 99 9054623
59 280 557413509
25 84 543003063
279 219 75460565
279 53 281130576
49 291 715137765
88 55 664442213
59 19 63173216
179 18 579320259
108 164 289548644
124 240 947194643
98 299 818745922
259 75 958289205
21 105 119304523
85 83 371140727
60 131 659870018
225 219 537212724
189 277 648717342
157 207 452717959
15 14 111257974
58 189 473425314
252 287 142277564
73 297 594561690
30 17 8198494
204 102 482197076
131 213 442064558
100 189 790135176
123 130 274870504
164 286 228923162
274 300 43102027
247 109 966740416
212 61 713925654
175 185 842071250
16 266 894180266
209 170 798229619
236 52 835349884
94 203 868162472
221 25 118658653
25 240 944978938
86 265 631476289
213 211 615182998
280 123 548326410
33 49 397136094
134 65 824933960
251 25 803540881
170 261 704097584
105 54 38990438
228 26 640399462
181 50 714591053
118 188 861766817
107 152 45701079
256 183 887302801
165 215 86398602
10 100 385033818
121 50 791406942
153 219 640231402
288 75 226088107
25 3 339112233
86 183 106690634
190 52 757746473
206 210 335381776
185 165 806336958
37 81 737054024
238 143 969604223
7 263 250684173
49 116 231039843
102 103 746021118
209 128 368823172
93 265 513071954
26 155 828779105
251 112 947420915
26 48 336696731
284 85 544932964
259 74 969265706
282 81 139661620
106 181 7145235
148 282 833363190
17 242 804789569
188 34 414340185
293 112 376606091
150 114 405870455
216 139 695318002
146 174 984767886
261 133 65651412
166 166 470486044
86 271 990678724
172 170 118977205
113 239 786502299
233 178 479849884
18 171 158226947
60 20 579379960
214 287 78690699
168 184 167528824
205 145 730432008
16 10 737004473
259 147 142963095
134 71 179347717
291 183 592179455
89 116 602797832
272 185 724274802
19 296 490422173
230 262 848660859
280 129 988203943
204 33 306500739
11 49 67784248
36 59 969265147
82 193 165572317
298 235 195101651
152 23 10126366
184 46 582535702
137 116 288935750
162 46 682680611
172 25 311604639
66 280 12992071
104 43 705010671
204 78 858146482
150 211 463078226
218 209 491299460
168 112 729312482
286 47 361999879
39 236 842555895
88 97 602876840
98 268 426686116
288 86 628996196
211 189 792755438
181 92 507484667
14 293 916146977
39 210 50606437
298 130 650526149
31 115 171220295
110 153 189480030
56 293 48243878
295 90 743656346
62 78 821470431
57 288 588186871
94 220 111589915
260 286 360944707
89 24 206856269
125 74 991909898
273 104 431264664
220 265 107456268
49 20 309420460
27 66 572354202
24 128 207862131
106 236 81452670
76 30 898136489
190 41 73609126
49 181 513399750
169 6 266356875
66 30 209276630
181 249 704158895
200 50 298592266
160 128 595453584
13 151 21428963
243 8 205514598
212 135 940465927
152 25 438800320
78 125 764148400
27 293 819632957
101 110 403263787
30 290 391293887
276 241 120686936
294 100 492203163
77 112 102015265
39 54 771593672
236 17 941641607
215 169 723748983
286 246 331376859
237 272 118865151
194 124 783156460
232 205 608031801
218 233 700947441
254 226 223840193
168 54 749064256
285 144 484481762
56 79 511545378
14 45 580907946
48 30 766178591
206 19 433273414
108 212 996032937
119 143 368766494
119 112 255632978
112 117 102708303
256 285 62995108
211 269 452889651
272 76 330422881
102 142 488577078
47 241 366152559
238 147 579814077
151 6 949194588
240 125 582590582
285 295 18779594
262 158 83481262
216 113 563866046
275 24 119498266
125 47 521971594
157 148 712927635
234 247 121148075
93 184 78009773
21 86 554894231
109 77 482441555
142 61 26232601
287 74 34698459
249 41 584195671
246 15 276304846
212 139 742991393
57 48 200833392
291 281 378222438
217 125 893853473
42 146 180999911
224 6 235694687
178 199 131737000
178 186 124759825
36 186 317471466
59 131 625383380
104 94 353901571
248 150 833448918
240 192 405118850
229 161 582547575
102 254 650581872
112 177 705899977
250 106 36125175
149 35 512553412
174 123 218665949
291 181 865812480
70 284 131040325
40 232 683804727
57 223 89549670
159 151 469423230
33 4 458984235
156 167 908094211
232 117 856743768
258 17 626132803
222 242 103476125
70 232 725485757
101 2 63433840
278 93 417860823
4 202 137083745
273 60 304357748
155 144 961019951
289 299 140586618
52 282 931268786
219 291 612287102
173 212 13434096
249 34 747148527
205 186 143846480
197 163 704913173
171 166 116313874
68 191 783167433
115 45 140537776
217 33 691523126
186 84 289507107
23 55 675647597
177 227 215014361
272 228 126273346
298 132 275237031
78 80 645462094
250 3 920753259
75 70 43176549
259 236 334671545
286 204 549189778
11 142 152374513
69 164 969519
65 40 868591246
77 11 268781225
122 9 221992508
53 138 644175288
146 139 658223090
156 213 253736011
57 171 882555446
1 156 210734049
30 218 231374790
195 286 875746454
113 50 461168845
10 179 296043356
134 300 832551216
142 104 362022553
281 1 441886891
70 209 40974455
280 265 89936325
177 17 286859332
225 99 470750249
167 293 783632534
272 105 753670135
116 115 595877413
23 248 289044065
238 141 108407120
42 121 846912321
232 190 130345629
86 221 854399945
162 149 353746813
93 126 177576011
241 292 183294755
126 263 666839860
61 130 54351626
225 153 762094925
89 142 12062266
109 184 300945286
181 167 139483428
109 253 781412700
105 166 109288549
117 259 186361374
228 251 96522317
82 77 863001479
93 189 504516760
270 113 612078812
95 202 723271554
112 62 52633889
197 294 189536355
276 102 27469759
276 206 656370425
176 74 215614035
149 53 323434485
165 187 468497013
195 279 551955401
54 1 22203414
118 95 20801467
23 206 656156680
111 154 775181373
65 130 360737526
24 105 267225083
148 32 848390856
282 180 134327209
118 96 308328895
31 290 889752125
131 95 932948525
96 264 52529371
262 286 408040576
293 96 5460130
265 213 836787811
90 236 830919967
172 135 949661498
80 168 231890129
288 285 921611824
134 67 586860765
258 250 879637359
135 45 117053123
105 59 874895960
281 51 353283408
62 68 741751820
24 209 67770955
90 81 692743941
239 212 127252108
267 199 399762644
90 84 126256211
254 93 711204560
264 227 29327456
238 32 101426366
250 64 731141617
57 177 251203636
76 200 317317244
82 41 49223876
222 279 295314387
281 245 42432337
24 34 598906620
186 39 707005713
245 54 299678139
153 44 281969622
118 293 209404385
186 49 792475261
21 176 720486412
65 257 971841452
240 230 348718230
27 262 83006874
63 37 948835559
235 223 533065049
147 219 567849055
285 71 170240698
259 241 67652290
243 126 465883590
156 147 106686417
267 263 57831725
171 202 12063454
300 280 654182767
126 95 678919603
36 29 65046525
37 175 376284444
91 211 494477166
240 169 668534706
81 164 482115032
270 19 38938130
86 37 803804892
262 259 678455545
15 259 958204477
133 136 832967671
235 223 606684451
12 11 133844177
255 101 714124987
20 92 334529208
78 172 204461223
209 193 116396293
290 30 790820829
33 291 904608988
29 57 806478998
5 189 431954085
127 176 582386159
277 187 790840270
53 141 477681822
92 212 813151514
51 41 717417985
173 1 361397530
65 290 146743859
45 22 983805050
232 51 589677258
181 107 913510547
17 234 191773574
76 262 784480160
197 67 772947452
118 158 651652615
131 208 89130356
68 80 420012056
197 196 535752198
107 240 240155671
8 224 64194373
266 156 966072780
164 173 483791265
237 300 371517926
196 196 615613292
99 13 782718701
213 196 207363360
68 15 94008491
276 211 559050386
173 69 245826226
143 77 911461349
268 42 67467456
147 257 440765928
11 193 171291979
188 140 344853174
132 238 144164039
232 150 382376086
292 270 776907300
182 297 541671562
268 221 823412730
45 115 458452206
45 82 888983599
200 228 28517455
280 290 68827347
58 178 499426138
32 9 388228575
122 292 91919977
107 283 699630698
106 217 631372794
119 236 127931166
148 280 724428780
6 24 337576362
204 275 785963041
59 254 700863731
157 12 158829060
147 95 775472320
21 216 333512211
149 22 892828446
246 179 694913162
91 297 3849449
156 196 360430828
36 201 233667703
49 105 838511177
289 215 320759883
271 123 146673094
182 269 366136688
101 42 123314703
64 242 653099576
9 188 732398606
222 30 50367002
70 186 135450197
197 273 298616750
151 21 723817554
79 61 997119120
261 84 187348794
206 265 941416363
193 66 205099456
147 181 217801697
174 189 531670136
79 162 778077566
32 231 84955151
181 179 881764375
230 29 653565247
135 159 38837159
6 120 738443842
299 25 763730707
13 270 742686424
68 168 8823204
117 42 307485844
52 172 333587505
17 256 90977635
219 188 645119765
145 169 377165245
91 3 978141603
150 60 621325074
291 58 453388751
149 71 840469320
124 190 463430539
279 6 122855632
74 110 551143204
278 126 356209311
164 97 820987798
280 293 96611766
124 84 759415120
127 285 806516979
300 27 425266136
2 228 262111658
273 51 669636648
112 82 718159153
43 155 791865662
198 185 668833740
8 48 286534888
5 28 526733480
222 203 895511115
141 29 579188599
119 81 21242478
207 82 132887105
64 55 509325255
111 218 864412836
216 260 358152043
129 158 471614027
220 165 809126
107 222 738340753
39 143 766406856
105 284 63149036
104 154 249892368
181 60 927509250
185 176 494018056
291 38 560332973
179 5 101825984
221 134 817123941
147 53 914952506
172 212 68815827
277 2 227842021
284 106 446413504
19 261 88596310
239 141 874623869
188 77 624156896
295 120 301799334
19 298 330743038
2 270 355370023
143 168 44514028
200 39 684709939
178 67 360240292
298 102 261583497
154 121 672960858
163 59 615614850
283 298 222432579
279 44 2739298
64 62 525980547
101 115 150308368
76 9 494820435
103 208 412842225
41 137 642714492
32 187 655876793
180 40 515478165
289 254 471410975
291 236 303700824
69 266 358882119
18 29 197287832
16 182 920743947
283 257 198890755
117 59 799197115
41 151 790478851
84 234 105610689
229 113 485973428
245 154 725196081
20 144 550418869
195 212 733282334
114 281 428102163
145 296 818137744
43 30 111275452
198 146 646996610
12 238 815043860
14 74 975657493
203 2 242937357
182 246 289844310
115 17 584509553
283 212 201882016
116 77 144700996
30 221 643979743
125 264 997510272
176 213 552629369
285 276 869662907
296 41 148874432
188 295 341108033
245 177 519390930
154 43 302617747
259 25 699522010
274 192 216469486
270 274 903264358
64 98 680650573
136 26 747518885
104 10 608099112
62 58 200353753
93 245 482409847
177 241 792757175
207 147 856591817
5 105 76848993
14 78 334294685
151 99 762063758
208 163 30810307
281 50 399293432
17 205 367026094
29 267 749052151
133 111 373545447
231 288 483443340
206 246 516073786
222 250 760979042
67 15 567524771
51 165 80411970
60 124 648653084
166 104 269758385
50 173 643840889
295 253 345596207
297 137 671382418
243 67 667340257
182 272 852860654
19 246 530561355
260 12 399964369
83 114 382571885
4 173 529131908
87 90 372811364
23 191 661129136
111 185 707217040
218 181 858912476
187 176 451141642
195 109 129178066
148 128 749613563
102 139 389297126
122 273 382523439
6 276 196388963
13 114 861704004
176 136 777761995
263 247 16621731
54 216 327335364
229 102 83448339
223 296 620920347
188 195 308341526
202 296 906690917
227 169 983493289
65 174 471676965
179 238 872411378
82 166 307971266
228 180 717164812
11 234 3137279
274 214 132238380
112 136 329357427
110 23 594838721
288 224 311759968
4 202 880085536
44 18 534903661
8 196 952829898
138 30 211708315
103 257 120151695
66 19 90409780
244 292 128878693
275 155 539216429
1 265 303117403
221 252 170195179
188 7 529746880
75 50 616812298
135 110 480296745
184 247 129387874
99 101 46880383
245 218 249396001
76 161 64270093
68 135 279983699
248 135 812424463
203 107 527482966
81 46 331850124
212 120 356502874
61 254 778150883
106 137 321721881
179 287 295187133
13 283 415711450
114 58 686432110
258 178 944620196
8 125 667116782
271 27 448760588
288 159 453827933
12 71 562404352
137 131 161909857
71 288 352657993
251 219 51389780
283 231 83289614
284 96 833734572
93 105 136636049
140 113 383726825
21 135 25607952
60 122 790023662
144 185 354204484
295 21 187479067
151 143 770144154
195 145 84103972
226 127 28755255
240 162 977650
11 6 770073955
11 145 468544219
135 217 56296553
38 276 765846626
100 119 76528211
35 165 49876883
101 67 316559878
155 262 345782722
126 239 285248901
132 178 550669862
182 240 680994068
88 250 620841712
106 137 889845929
10 174 789283656
35 25 920466475
297 60 403347791
32 160 694804758
209 66 11719
230 244 75391157
130 75 4232687
192 256 767754526
11 95 207625428
274 200 855055864
102 209 440686489
10 244 754540966
36 292 150823777
226 23 964497636
183 231 523255754
153 213 206169397
62 94 894510171
200 37 441772079
225 47 618029073
4 21 744341725
219 174 24490233
8 183 929353928
225 270 387977372
201 196 597721094
88 130 580177677
41 283 681129841
289 96 333310134
12 295 939904771
290 271 34424169
114 275 237710041
138 245 439608315
123 4 134435349
102 228 242657619
73 128 20139266
119 268 309168695
147 8 962273977
87 297 612395324
172 8 558732718
294 49 126589741
163 214 818559115
103 52 47245759
269 226 105852515
18 79 43887642
88 152 717207622
53 22 90310089
147 168 538967148
276 6 269348196
199 177 28479755
169 171 258133903
109 85 281372417
75 239 842537020
285 208 966117945
199 277 139018175
41 64 44182378
114 168 131847999
102 66 687225418
201 41 538928123
297 292 725298952
151 212 186242674
54 20 956183458
222 146 125347696
141 130 133343703
37 81 819639531
11 173 574376446
189 286 417693713
139 139 511276379
257 39 669914771
131 35 653487862
182 186 725761073
155 291 13324144
264 212 334736189
260 104 442275671
214 192 589278751
197 254 672149423
242 142 408095308
207 33 739942846
185 289 59175536
7 171 930108871
69 53 86255308
93 259 933232398
189 223 457445261
77 234 648914564
147 199 31307307
49 95 38608960
71 37 715001902
130 243 897366834
275 179 272929174
263 185 380617044
233 5 798245748
140 98 859541607
37 38 225720781
249 114 22130966
212 13 382115864
118 61 977831359
277 184 236170247
30 13 722309889
115 40 505075719
240 2 549349803
184 234 66169060
283 125 76261857
41 213 3017746
21 161 623623859
286 124 937904923
150 293 682623336
160 21 529928519
206 51 592948483
246 217 759109722
164 157 792620475
18 92 771073260
177 74 780723384
185 115 459835948
230 187 560823508
89 225 290149683
63 126 974089075
98 285 503766996
68 190 446701698
51 187 552776366
124 50 94920174
199 67 453750165
10 244 132544791
246 128 990845657
93 110 106889895
101 250 650292119
35 12 855684544
210 162 700898528
157 229 274620669
154 31 299160855
171 155 132111156
45 105 470305023
9 114 84944218
151 59 52290597
107 204 375361906
2 4 530298355
172 90 307521219
116 299 537137480
95 155 601592008
16 60 946349639
70 283 183036445
226 27 104272901
200 87 628615914
117 238 94337925
265 96 108758528
223 149 85217583
77 21 313864772
295 188 621305523
126 282 511306829
134 49 283086741
224 119 489421623
220 96 225231649
20 295 796783335
285 163 189137824
9 179 393140772
288 101 663165720
270 178 354537492
94 224 322940631
216 50 269273665
244 235 320673613
84 210 776301331
258 129 473300678
106 200 29460324
93 184 529724486
68 245 731416465
139 232 9898165
111 254 747984294
102 47 253196070
33 262 62670971
49 257 630517357
61 93 903084866
192 50 768442646
221 208 330863597
245 52 366447280
130 119 674564324
246 258 216489608
163 68 224924361
8 221 866249707
129 5 614287520
299 53 127828276
155 114 394991420
272 57 52682222
269 277 178648681
165 221 569674132
297 103 267412750
72 100 517521659
79 14 130650226
39 22 18884999
45 150 800133903
116 201 448703308
144 107 580234121
263 79 528576729
236 99 61999105
116 16 914994278
47 12 617286732
149 83 752809283
207 214 331460097
85 252 806256170
183 49 430393571
37 164 266543271
244 7 797738978
16 270 779581908
144 205 833031058
1 73 436433673
130 119 661269736
113 267 182103571
195 226 215424784
43 10 986157735
212 244 213068483
283 280 510444547
5 276 858630553
134 43 505134274
93 239 502637931
151 291 29790203
275 120 508781573
111 284 207024792
81 230 642041517
264 273 649514678
150 236 395812921
33 270 386102852
131 275 69087779
235 160 25001822
61 253 487454412
91 155 665928302
245 129 180450473
269 239 648307656
260 71 674825485
228 86 591464057
257 236 56995893
177 20 354330914
181 202 44979688
159 136 336746600
232 196 304180852
295 38 485346206
296 34 169192686
168 3 164473677
23 14 653292747
160 294 556107385
216 250 6558972
260 179 217715991
274 59 405055692
13 269 279724979
264 253 494341775
115 247 109093064
172 243 301252698
58 110 432118600
234 185 413748265
232 44 35666858
16 11 799905408
87 23 954793186
229 48 738949396
220 60 368945464
99 24 574815916
225 190 844015163
88 62 694987857
285 171 455668118
236 104 774363602
201 35 30932497
210 103 964322508
117 189 189078582
254 170 354498929
201 89 210595940
65 239 94116215
232 215 309240605
46 3 46348018
102 39 622114788
20 275 53530943
173 227 993889229
122 136 999297031
81 5 928829672
62 10 203141
90 211 470989481
229 27 620913672
144 258 944317486
300 56 402810340
217 157 445128579
56 228 208423505
298 153 106443383
78 274 322338718
261 106 213563974
84 167 882395984
76 256 920300494
156 236 401255672
279 79 47561081
265 78 555748236
4 46 473321345
134 153 255948524
238 150 677993376
72 280 475421101
290 240 612554206
263 23 130987624
298 98 680187579
243 5 28299067
214 284 711889245
195 300 597747775
230 55 732222672
174 189 737428725
98 178 519413226
225 250 72065405
78 239 99714996
35 253 678675318
159 251 366698567
237 193 634774224
3 159 103815959
200 53 718141258
226 282 733076812
297 208 593751200
273 57 213620630
99 281 994095779
203 110 962548069
299 145 332541473
168 3 133955623
187 291 844640068
210 46 13334126
268 245 540115230
77 222 128215263
188 270 250955570
240 243 16801026
169 41 956261359
47 295 397274020
267 45 99876864
139 265 47573866
14 151 625585309
133 112 157177554
110 79 59272550
139 155 929618071
201 94 205469492
171 33 919222834
248 201 295324026
58 299 553322121
278 265 497964817
93 104 955411081
211 117 144875831
19 249 406165994
224 110 138064824
73 248 58713578
195 148 458738124
286 70 226856956
72 70 281723409
197 179 764916907
69 208 491501872
286 1 646536127
166 263 363975295
249 33 340975795
142 256 443388104
166 80 211327451
95 274 625525450
170 11 84421320
226 82 162365141
234 31 963101919
292 99 588938379
263 84 287235031
141 2 958082093
135 250 79581225
129 143 808909980
232 60 57857259
34 207 608557484
284 76 666480146
55 53 150848080
247 38 356985310
17 30 690730308
295 44 650047892
25 185 42865493
17 71 866575294
93 200 527343288
124 183 163234300
234 217 685478258
17 252 552813285
215 58 992096338
194 4 990083527
203 20 459175408
10 15 890873852
253 39 636747688
197 108 60772210
142 252 798890509
282 76 852039744
181 9 579031012
38 78 605389763
74 292 720570020
163 237 86936923
290 139 372625094
197 200 461540208
200 205 345949999
139 101 983936558
149 243 455081109
109 276 273326336
252 156 644013145
115 245 733248074
177 18 354994917
48 233 660101753
222 222 5553891
116 170 787114342
75 122 802314646
125 260 946536647
282 160 791388341
143 269 864213016
78 272 180761323
74 87 426511519
147 263 154276888
263 63 208670120
15 36 579774741
257 151 431798863
151 278 803099984
196 102 35458495
94 84 337130255
286 226 359522123
153 3 807190194
175 129 111681832
193 275 25870447
281 238 122842409
52 4 194567344
293 13 613670347
155 163 841691624
190 110 77097525
184 204 156340960
38 189 681986685
212 94 632393740
58 268 651575268
289 213 325295694
235 245 156033583
243 296 803890687
39 40 831969951
285 246 174869365
208 135 634903574
284 71 11125577
144 108 799956418
280 20 865609111
119 77 241361330
138 65 353724594
132 300 504459438
114 294 607268686
152 32 389410725
254 68 135200771
218 275 500255157
292 11 667516027
20 154 826629987
289 133 337119158
51 4 6173734
81 193 650508250
74 76 443476801
64 242 360438147
49 145 743443278
125 99 911195246
147 16 705385672
56 59 55628434
34 79 413231787
120 67 17731472
277 118 501521227
262 250 516176319
64 75 92025147
164 190 680068588
62 290 789230032
240 115 251479430
237 13 94202498
260 68 99786456
294 102 131873234
232 273 695451953
3 250 656131722
129 263 107790223
200 26 551635697
46 242 49676639
185 3 504149028
116 294 9496294
198 282 700919207
295 242 931189274
150 287 72855227
84 218 100030700
136 273 202351201
109 153 385990463
31 104 153973089
79 149 802292230
17 33 543902384
245 201 269730478
38 98 596004459
144 92 80626352
70 241 926708238
148 76 252514608
147 263 75776932
147 71 45500084
110 101 382893088
150 180 179981088
131 196 116832673
114 192 982677873
143 230 734028822
102 125 760055313
105 194 865576505
95 42 329949281
2 240 701141943
233 87 487802566
68 248 92688666
255 97 624984997
95 279 281851845
267 92 567438236
91 235 343756817
64 88 459210442
128 192 697504735
132 286 836527628
264 39 123793468
7 23 614169806
224 91 841130753
241 97 663682101
138 243 884116079
34 261 898851422
121 51 125102256
138 166 716422095
279 293 48404587
65 125 605307024
193 88 639644015
12 146 374676137
217 69 560936179
121 10 728800876
173 199 763284018
203 284 781218279
24 104 617797881
132 241 7051647
26 271 414067591
164 36 999389515
40 280 650515755
254 291 68588252
242 259 741409573
21 79 614184734
248 251 164415084
117 153 673952467
247 228 562751470
128 59 27085263
226 137 673647933
68 52 904976920
283 91 705083499
89 96 902793841
92 38 259761399
164 110 322149629
297 109 901124279
80 225 438350483
198 172 980163311
68 51 356697721
282 28 284375809
166 95 811602161
86 129 248716503
36 269 382846499
277 61 293700988
227 224 542216149
256 273 857192857
286 104 854431481
221 2 20183004
83 121 119728954
3 154 717670033
112 19 523041128
24 156 92780808
26 192 224888477
124 220 840468737
63 146 533447512
111 153 65493184
19 191 306053540
152 111 76564693
155 193 792294465
261 247 480328118
93 58 519346288
72 133 961809544
180 159 217834087
256 34 337697406
144 149 286193603
255 259 385472308
91 30 536657798
30 181 30616908
74 35 700029300
238 47 754109046
7 192 477231956
94 263 681000188
89 194 466646598
275 201 364501332
80 44 373298080
135 299 35252990
42 141 207558919
139 222 597163699
98 295 76766686
249 284 766096832
46 290 87856875
201 135 860055238
241 224 733021783
138 250 226612284
121 82 33811827
252 216 540584277
42 9 812422817
212 199 7897338
211 296 56088884
48 296 896775567
231 41 715318208
6 242 31063095
95 234 805819770
77 123 257422319
260 244 576084500
239 195 900516267
267 288 763673575
136 200 407246925
225 110 9336872
9 209 122489067
127 139 353328908
287 144 31604701
33 238 838316634
2 15 92627656
272 26 11555451
272 16 115881746
290 35 145892233
265 170 309145832
241 146 55322593
213 206 461189201
179 33 145358840
186 71 48204735
186 103 29782125
119 104 970596439
227 75 654809016
277 98 116231684
222 88 895448718
207 104 509915639
38 44 967529784
83 8 29412742
35 187 887307374
126 72 666597296
61 10 693312898
285 128 478306653
275 106 279000879
42 83 523996429
125 56 113809568
294 262 812113871
84 52 731188966
20 186 27855374
161 220 677118512
86 46 179790935
81 158 567477344
230 142 531010724
234 168 163018729
12 209 327573163
240 86 288039419
7 131 895342432
229 215 458628035
247 286 33218820
272 146 932820340
183 231 7824137
217 63 453918594
13 292 153402187
236 225 76871354
264 288 584167814
179 280 791523251
97 38 594386382
80 19 207705548
115 265 599010533
34 288 650230430
225 170 248672612
213 138 60934374
6 202 485361317
44 137 260093
249 153 884631580
115 31 514988559
65 179 5140597
198 258 19717915
245 72 142425831
29 158 401119718
258 134 325434439
169 47 95160928
194 104 277776530
210 200 256808318
202 148 342758670
234 262 568233452
192 79 368755730
240 276 344700640
6 273 102179863
88 1 674412220
105 11 551767106
95 231 37035952
223 125 141686407
4 86 166604306
221 40 41177354
43 273 54606067
194 216 145897345
276 156 761953921
15 213 962997693
177 1 200555545
249 157 124857907
154 4 132061038
157 278 988132014
263 281 178432151
21 253 850705190
226 295 742099062
92 241 72635030
89 216 142420985
61 282 381240249
5 158 79002301
249 106 489343210
256 11 937697413
245 167 371742190
58 182 921770422
8 254 992074074
50 179 630444521
63 22 405115213
292 110 832325528
128 222 961808809
177 226 895744918
29 227 308546076
38 234 751979386
50 178 115597153
91 287 246118486
164 46 457631339
138 95 496345769
210 158 564351490
222 149 512578552
201 277 102980873
161 205 3588851
30 233 562441677
5 23 756913610
291 124 571582039
195 215 142062625
32 78 499303870
70 267 346527317
90 228 573315674
79 201 957336674
282 153 641011302
107 13 5579806
157 95 835077191
185 99 618846665
146 89 442069288
284 35 381519954
160 66 358969084
29 187 219007102
97 276 444594882
270 107 588331282
96 88 40090887
197 246 56649799
255 102 91301993
297 38 452593544
61 235 39987484
300 218 821597319
154 129 896057884
189 210 426033223
242 6 202836398
223 28 495851604
157 123 670173744
243 71 828783689
93 25 827786643
38 21 82140632
81 133 348759267
264 133 51740936
182 38 333148265
218 278 544801474
140 219 33227879
89 194 224259506
145 50 75233028
288 292 79676099
76 84 95684875
70 121 958336548
102 253 138994132
68 217 79726916
3 150 14571205
67 67 302496082
40 258 867541353
71 47 301785546
76 191 46076295
256 230 993020838
206 5 199268973
232 127 756122694
279 228 821208246
211 295 434513114
26 297 565118264
231 116 961597930
164 207 755018040
16 277 295698638
113 105 79491328
259 112 334118909
96 17 183332365
69 300 307434691
214 279 788566518
11 241 975487112
25 18 772453761
240 300 512614728
169 164 888255134
160 231 785119211
197 44 132499167
176 54 153111678
84 202 779149194
49 270 811329293
139 235 207988523
209 297 108121015
272 73 738937333
32 12 967525032
11 233 96380195
145 92 698076878
7 289 221884273
273 216 566395026
50 300 577146327
195 100 453407148
39 290 951300182
162 198 449582731
276 170 677735203
160 253 53392215
292 264 390668047
38 160 297097090
15 166 215861630
139 190 78969346
265 239 73055497
291 185 381452448
39 223 459078537
72 136 799532987
102 164 378302908
257 23 967842060
71 66 785797875
169 104 720425486
58 170 556844103
288 9 427552892
185 273 338179882
81 15 67874266
128 105 132998041
216 177 889023376
202 30 149103991
109 38 947144514
21 108 955702679
247 28 123675034
85 86 296622104
87 125 401460864
31 9 152069988
212 89 125595802
30 268 627961807
122 235 462984535
297 137 80246716
140 297 157483554
253 69 600603613
131 68 800274941
217 152 53594626
120 238 281457002
83 268 857798710
70 232 560707950
123 13 919120817
281 134 97148551
15 182 894324139
183 21 688950488
36 273 301386008
100 156 369944927
140 72 762536378
17 243 741037168
18 77 733000187
79 198 929121670
228 20 397275882
96 1 122977215
199 67 700281749
189 249 573260769
176 36 394091494
36 136 118476601
262 27 870091124
92 44 945557166
211 113 451368294
49 192 834561791
119 119 73249810
252 267 500426862
219 165 579077481
67 53 389448381
287 281 89023117
180 16 983438004
32 29 872967982
255 120 811207677
172 30 79614090
165 79 241018633
107 249 3612903
69 200 139034069
30 118 596947033
162 184 124192286
243 223 114753018
111 102 164982533
166 186 349858461
247 140 284433533
176 64 857228562
217 280 358792792
149 87 865731540
3 155 480353392
72 236 473119209
56 150 249343445
93 92 382286867
110 202 118557320
142 67 576631405
255 65 479116597
187 240 624086412
200 156 610392791
44 56 977630229
135 59 799048535
126 130 427590923
235 237 442334872
31 30 232728763
49 139 592828416
168 33 506071834
225 39 845426998
173 277 127134290
184 176 430807797
226 219 997466153
55 54 683238611
89 231 479675592
163 217 983724128
34 247 24609209
296 295 864567500
263 215 521097884
296 139 344058822
146 11 470400198
235 246 609866925
283 171 121251796
35 277 870286349
197 118 42356679
240 280 110581996
168 14 176822094
228 61 623363841
127 24 568764555
162 71 294688345
183 216 280251807
232 202 2057704
157 185 217982474
52 271 610689051
52 168 979225968
282 107 603700499
129 26 73931164
275 254 622646725
115 132 547708300
221 294 355187722
165 228 37995638
223 160 280815391
226 68 661938427
99 171 178830898
1 222 219764117
20 255 411897323
19 84 296503701
82 58 45676106
258 224 523982037
209 144 957552082
231 8 837928710
220 282 340544821
162 207 75267340
289 57 310831710
86 58 770040631
102 129 52799837
276 199 564658620
176 281 39988129
81 290 249635852
170 199 614882695
251 181 282933354
12 100 534039635
284 261 222775593
23 1 714607350
232 86 325256659
114 239 33949487
251 267 296902686
222 194 188047418
251 27 182546759
254 196 975592657
101 198 479921889
254 262 28497388
141 245 459683601
233 20 582902601
82 251 429501639
40 117 219244829
179 67 216545847
164 288 865392041
233 290 63975867
291 244 188795714
300 44 344887311
188 49 75212072
228 189 572831169
280 174 60495588
32 255 701553390
170 47 118561558
51 277 659287224
197 192 445938064
237 124 518502205
55 166 126615500
68 165 885160643
31 105 634620044
254 84 56516984
122 63 373627057
61 94 153073964
3 16 867598010
60 118 108697738
236 14 468243129
151 3 986797952
55 57 551941669
255 177 286750586
249 207 671146590
292 160 291176125
276 34 901490087
132 94 642540132
295 148 943827899
256 208 24598216
193 195 101396930
21 45 744648784
24 99 165813292
245 53 553686168
30 54 105671074
271 45 749496434
295 72 910509767
133 204 501723012
64 250 77205912
115 258 50487319
230 150 490919865
111 223 139408909
46 298 219489359
38 242 5260364
205 23 234398917
279 293 541525061
264 287 835672133
282 119 490467188
145 183 658984189
156 49 208821146
126 278 101192148
290 141 804340322
250 186 157579971
9 223 860336413
172 180 904392935
88 210 960896128
48 173 173538466
132 206 591293685
171 50 561734619
160 206 28689167
157 83 869271896
4 73 37396088
177 22 425194174
48 30 903512148
212 253 173519827
98 40 193404636
277 140 565179360
143 23 199353765
127 194 302683567
45 105 99858324
63 261 493881706
58 17 975673578
246 193 389675552
71 292 102860633
118 203 120489186
97 1 676960125
232 277 18831216
292 119 129258239
8 297 351224732
74 41 48747588
97 103 725615248
203 213 40568916
132 158 945432561
135 280 597786152
220 97 562998807
205 193 892947107
281 177 106076235
197 220 523408306
135 279 736237002
18 53 158813295
5 201 967309997
252 155 588548061
20 39 354890870
280 173 544048949
283 92 59534446
189 48 779899890
147 29 898549918
134 277 128147537
239 111 225595568
40 128 936028520
234 132 916853772
283 135 956920327
295 154 589450817
165 185 351604441
13 220 198758185
10 160 251401232
252 7 891526412
69 140 285448588
158 130 414942350
225 221 778716077
96 155 130550060
219 189 196059547
197 183 15813452
213 99 535244337
154 112 57171056
238 121 144592415
121 124 542971873
33 193 358385664
272 102 114242093
22 78 251810866
250 173 224872572
10 143 853253560
256 40 430534594
107 252 459090193
195 105 335485656
202 94 119255428
69 215 442815752
293 247 57232896
57 270 90654397
1 291 621192174
166 241 437391098
289 2 456104940
248 257 486770379
194 115 118838231
238 62 556429287
93 263 145785381
120 83 843340447
271 76 688104545
66 184 818042614
14 184 648097005
287 102 662016497
236 90 137834798
28 90 124127806
106 35 636708972
188 272 210822633
127 64 608672548
159 235 974851130
157 206 704846605
101 23 9560988
14 37 855752724
270 75 495232677
166 63 152873418
115 90 534444859
20 247 70481593
144 187 72590164
276 65 728772579
175 223 158284266
105 79 98908271
161 231 165426545
101 296 595977133
276 266 11752208
252 183 407691922
121 298 534868511
80 69 437601409
124 212 382212495
140 240 630163759
218 114 179756933
283 270 874332463
5 131 401994893
102 231 433303189
234 206 468870706
193 209 318197588
214 29 824151337
76 160 110859758
185 284 962515469
231 123 147490160
42 92 421940026
74 127 760716195
289 183 721181625
81 284 17930007
221 270 506714064
26 162 682766472
66 128 403993353
102 255 204839564
259 191 303270347
80 122 329424921
191 163 159559513
116 288 804474739
11 276 68111573
87 109 410863857
94 29 133741426
109 107 101012839
281 172 720370018
285 25 379197825
148 284 662581315
47 115 805249336
67 5 142398350
231 173 1268938
169 183 961226265
42 21 571748873
250 166 971172654
127 275 775851960
217 7 9017083
187 43 642303007
111 190 639085842
225 288 814397408
213 55 315727865
114 285 565017237
3 206 175498071
168 299 868351991
192 300 514025357
245 126 471748583
156 94 571771789
290 280 923121031
97 142 730635872
290 119 150103012
298 31 805914666
114 144 415179402
50 199 782371959
220 66 123087557
110 257 405739108
218 254 59035333
300 161 594054479
140 151 26133858
22 299 292020352
146 288 349262570
257 37 855626200
174 150 658542295
75 251 759279793
286 170 971581310
194 32 867195719
102 1 269812024
186 53 955282184
64 192 785139634
274 214 106720084
25 111 854076672
194 67 399155860
145 240 205169162
291 66 837133812
36 51 323064234
145 245 531312417
15 98 975903717
138 283 981103069
122 47 118682261
7 72 16795026
191 148 258593588
114 41 289148254
125 237 471922745
286 279 369580110
150 14 469525013
235 211 42328657
51 225 51279206
167 63 850379288
88 236 738716086
200 242 742423457
277 184 6038104
164 297 878822596
117 122 68919484
113 159 234871063
122 8 988473476
286 294 6340738
42 44 450635863
247 263 443687225
187 50 793293360
172 249 137110253
281 277 729341637
236 140 129096885
284 8 735531858
267 120 753815717
281 293 726114976
9 279 975493870
246 72 885781165
108 71 580364227
84 257 745378828
295 180 499507228
148 160 712060804
236 148 641633143
20 131 282405202
30 149 401267021
198 130 72831414
73 190 619139744
294 135 230004315
11 295 809220685
237 78 59684493
17 73 867595473
44 272 680409784
48 207 356681883
242 278 922718013
144 7 4986714
216 204 985842695
281 29 706275784
24 74 25143070
191 84 540564064
127 73 401258694
20 89 548003966
144 184 822942837
179 283 807933295
62 277 779555872
126 120 178375131
39 87 758206786
185 68 97682166
220 143 172295140
90 33 572859575
5 160 27223347
298 231 985797987
115 74 948090723
151 252 773646005
197 65 809129681
221 191 336946952
251 281 758364839
288 166 851247458
54 85 382218200
193 226 286314085
167 231 520239444
266 228 848711474
204 43 991841999
78 245 630040802
235 194 119989767
15 114 89439609
19 64 690860689
109 51 762612054
266 156 716002191
17 48 723657816
101 267 178659346
96 284 334781826
21 239 887512868
19 17 217344364
21 251 279693257
139 17 706631770
147 87 529051385
135 195 505158888
41 212 732636443
31 229 236295543
298 81 588995761
144 177 817960444
269 197 466536634
188 268 777782350
103 288 82892652
160 178 190997221
81 24 439043007
118 210 437911202
257 250 891365613
199 32 34140793
293 82 300034474
53 225 61802450
148 245 873188898
182 184 873519465
283 286 545351304
87 197 8674181
207 30 205444056
113 199 974005266
266 155 782002567
31 105 345438151
23 98 387969832
148 202 88256956
149 102 486114052
47 35 469053987
211 17 254421124
167 155 121908721
247 61 335697602
103 226 572322800
220 191 41975906
286 221 624777010
136 244 262054359
67 143 690287361
274 292 284985514
177 38 807652748
263 300 741104116
87 166 168232271
159 165 132550783
12 19 220586308
63 238 722766399
268 223 382973019
277 111 87863314
136 229 137471757
248 255 446117148
161 183 739504737
108 146 38637636
175 284 593899854
45 194 413965570
28 257 851762488
287 19 733812225
85 286 694633699
156 14 79665061
169 201 276876142
77 148 374523896
224 60 563755078
212 219 313623675
200 94 878550810
53 190 232961555
122 269 712553511
261 256 742165829
37 40 216290766
35 195 907188980
248 116 929431180
89 192 825821080
236 116 28827839
213 79 198620558
140 278 76303351
49 30 535141192
256 203 2652161
66 215 551938916
247 251 758284207
112 38 4661054
43 285 378932769
175 125 871087460
154 60 779758627
244 24 844451006
201 215 956318583
3 264 561777565
47 271 74793519
7 36 347128934
274 282 965112384
280 146 475893921
233 240 811654957
1 114 396755281
13 19 310751492
139 15 264882316
96 267 277804130
279 22 228067745
243 68 348634715
161 74 204574903
294 99 685537784
130 130 565363181
2 63 898723721
159 115 320083286
191 179 802746605
283 18 80574219
98 113 204703037
179 143 398920058
276 137 50882825
290 50 15759850
92 95 845490048
228 224 3390330
208 226 936572692
180 136 581518958
266 26 956800237
122 8 694691506
292 157 639643770
128 88 600491965
286 63 286497301
210 52 624969650
12 196 963037945
211 175 118330920
240 134 566742497
83 14 119927632
41 279 27157958
229 100 451701317
186 143 658440026
7 270 925178213
271 7 332499975
124 217 81556378
25 280 376922325
269 190 904135599
241 182 81075733
137 264 806466446
221 56 252907376
30 36 223145127
146 221 650270269
223 280 591502190
35 250 593244597
261 125 558896665
239 150 504218244
163 170 979732085
14 110 136312166
246 299 763047530
243 219 146489837
270 248 390922973
96 145 43554793
116 120 301578124
105 154 60452226
153 115 459190750
117 105 975279699
112 19 424273369
297 32 777019030
114 29 747742828
143 23 161405098
32 292 45163797
204 139 703236594
48 6 794063513
172 163 95339118
297 15 87047032
246 132 408292688
45 243 583482059
65 291 516750742
246 105 141690823
74 299 264768745
223 30 843924589
20 233 102303479
65 281 690175685
177 204 51559747
194 200 779700261
78 145 286010244
117 241 74707939
175 57 125525429
17 3 279807585
239 128 300601936
235 50 481881965
223 121 919603350
102 185 657320882
38 113 996612685
84 7 997930984
196 136 972982880
192 252 897048073
130 179 46916281
110 195 199606535
247 185 102861662
82 171 623119464
246 94 953027384
147 247 500854721
28 284 60664985
164 119 22764591
199 14 884265978
131 205 200945482
3 86 556285160
35 248 319552106
70 194 779920790
231 275 907192660
246 272 545292305
82 119 796523203
102 198 351061038
286 62 260465556
229 260 9469722
58 90 884083778
139 144 959015664
98 231 64823511
3 300 333831256
144 282 361608130
156 228 187585153
12 61 26332971
115 214 92721521
252 199 530847134
260 179 191157145
281 289 46634435
10 127 551876130
125 277 901282160
187 279 146975411
142 175 391817545
71 82 258928024
24 93 553850584
146 207 629956297
218 211 547910147
51 170 182993078
196 202 419471066
182 211 458289592
63 88 708250168
175 274 488904899
285 116 432690925
181 238 446800906
4 13 929043498
187 211 528458257
283 128 743589867
30 231 539936588
59 178 926968141
24 59 788768303
115 173 936869090
235 47 288610364
85 84 30339731
109 264 671148968
214 268 251139581
163 154 649160891
19 189 810450770
137 270 413340000
176 28 501502077
116 51 974087787
19 217 382973260
60 203 334473358
23 39 123047141
153 147 993028505
273 112 55861824
53 275 12881329
95 45 346559669
264 182 752290638
116 57 118100017
144 225 10942519
231 243 741624088
242 54 18394890
299 77 35192529
192 281 224707927
296 5 33741991
171 57 538821865
199 203 973438509
220 219 933698142
157 34 107020999
226 229 125407923
44 159 777627217
183 152 547970
225 151 935296898
5 42 612213731
231 89 702447435
21 11 309653944
137 261 82994146
298 180 537951516
39 89 235349701
189 14 529207130
263 109 246127940
31 292 769085392
153 268 285069194
102 272 64610135
84 202 658285775
19 275 121957937
114 163 615991597
111 160 339462777
27 251 897178465
27 191 259755030
8 154 438134990
148 236 173942433
139 88 338088600
32 242 818282371
18 25 691748025
144 95 139711199
280 260 258542813
76 71 316648673
104 149 952759623
220 227 126413013
49 235 815533118
91 82 650263506
123 272 631152145
123 55 546012286
93 124 712090363
69 267 979317457
19 298 214896569
132 73 796789139
104 229 820495739
78 148 816333365
242 249 18541851
12 39 820732784
17 213 991991555
213 35 522420061
299 180 624112084
213 248 807869750
221 267 48167347
189 98 960996472
279 253 738336252
217 82 277365151
134 23 837838199
284 86 562923089
20 154 774045902
26 67 661811588
87 117 191986167
270 29 908834015
172 249 657099033
70 138 990291330
93 116 782608634
44 85 134294215
195 218 876793789
45 253 825640475
286 272 336130480
139 298 334383246
26 136 71443762
145 105 111918742
159 28 435125643
243 98 255961032
124 190 223730399
257 286 158929483
223 232 582924352
211 276 661740505
37 13 921143428
17 151 353124677
114 229 480104312
28 73 926194417
269 283 56813796
211 225 215097093
42 48 919589835
93 56 56111920
175 278 607061203
227 188 557759530
283 277 323646343
62 293 383800245
139 106 547516473
50 133 859297545
118 154 80493827
214 116 868204351
106 210 917753150
292 2 159232505
163 176 579452982
265 154 907724722
95 188 969688198
289 250 101473890
33 88 342497747
6 137 764203532
102 7 478509985
129 220 773059100
131 77 903811909
233 69 94498810
37 283 356565638
171 248 272936743
192 94 505352631
241 82 827473080
282 166 592422767
128 223 132822355
211 25 374866261
95 205 227884632
147 87 54458209
107 19 479209529
69 56 558250511
258 278 898642358
300 221 763177303
230 161 622985336
109 142 861866702
127 21 732370576
34 232 241278152
194 78 469083256
26 276 989022943
286 83 571366713
14 203 522830720
24 160 275384297
34 211 589268517
188 141 286687929
124 1 616600070
277 180 479051743
52 213 933213774
204 158 15145203
11 235 645388779
205 220 432789113
118 285 324361367
137 61 824154826
186 146 910138936
154 33 87666328
283 156 184210081
4 184 792192960
46 288 896953672
71 191 578391181
174 253 359357416
4 158 999343287
268 27 125041972
134 215 999736684
211 100 669553429
198 6 602702213
26 288 569652021
206 291 284785904
17 37 332990791
288 159 955544833
220 32 621531286
35 87 25005795
174 54 884818721
297 187 428833487
180 149 79918039
260 47 279857244
72 72 315339031
144 29 507996173
48 45 484364061
290 84 30172820
123 3 13084003
260 90 78486390
254 263 364201795
26 259 342075234
64 190 688777882
202 201 19481380
45 272 716819351
175 116 522550931
100 215 523836375
60 204 175178410
179 78 349935513
134 89 112497802
175 94 314724916
269 119 81658826
54 183 265552567
288 84 535959567
267 181 348098390
70 55 271621057
200 154 591313471
75 266 345199127
136 144 488822856
148 29 643715945
1 203 687400538
168 224 357211709
293 277 81982943
59 264 89115926
77 283 216016958
67 52 72992365
223 251 20554670
46 77 543067935
72 213 523221331
279 112 974098859
223 113 826703262
261 32 150269037
169 77 581838713
11 135 367739229
288 264 674935611
146 30 72763562
110 252 936290364
31 49 936836041
166 120 954611705
196 151 487036516
254 73 351640980
267 85 863150012
203 253 955738788
168 15 894959874
148 55 69289189
110 252 121792418
71 113 29123322
86 143 382595370
178 8 379924042
182 255 509932192
50 261 268852116
81 279 491568001
92 234 387807905
231 101 39554772
257 248 535924526
245 57 797966829
15 179 46157693
36 16 448535435
157 194 253200695
150 127 130858449
241 176 760640261
157 9 116733040
209 100 201922173
213 83 450562725
284 91 230393924
161 87 68867732
289 101 38747710
281 188 633873277
168 45 86047770
62 246 907431949
262 187 732545976
175 95 765547184
14 3 722101936
138 267 410465370
62 251 725597360
285 111 441819798
16 100 975892399
277 132 914487538
253 299 787684234
175 112 827922880
275 74 397652018
250 248 913207412
234 13 571189766
121 150 906890632
90 211 812381134
201 247 971069445
98 262 885955096
148 290 603195779
86 294 718810578
171 168 43549241
150 142 3237514
67 144 916064713
130 129 898763877
247 249 153257178
31 38 130107340
64 238 59708286
260 87 863444099
7 235 580062488
186 72 695953082
115 242 149680001
155 92 848675195
21 210 525484638
185 40 798171866
62 286 241355166
139 68 560467203
179 132 38654392
216 143 265220178
215 150 68573312
254 87 68234035
287 201 346853877
188 55 584872068
34 127 32456977
271 12 455332368
88 125 424688006
153 263 699930873
7 193 945958456
150 109 133840199
27 75 2047548
191 80 6292634
125 67 717902386
1 254 327909692
20 39 692068419
249 9 578959630
268 148 739863554
273 52 328037368
98 110 473588413
105 259 236224973
203 285 479391147
202 227 488182126
287 52 958550992
272 104 892694097
64 176 139286635
34 124 76329595
263 91 354511194
68 116 215186597
187 213 218823006
199 69 256591164
71 272 593711249
69 225 3789275
147 212 555059278
290 235 594375134
87 50 706608909
273 83 776733932
220 97 965115274
65 216 843924589
262 103 818125453
267 53 833676322
231 124 876933745
231 244 949945269
157 90 911519880
187 80 184592667
20 218 392040616
28 242 78448499
211 161 675292295
236 278 774951911
25 239 557981065
129 257 645451817
2 239 126105492
198 221 479333236
267 78 45833525
298 264 636673704
264 35 997064221
280 114 118808063
130 24 930751175
24 259 639921104
186 35 608988094
202 216 56775151
219 269 944906141
110 167 14575962
245 133 122090239
222 182 527540954
225 146 972786888
198 177 16953301
112 6 289290476
238 81 754913686
42 19 110263873
187 220 173466488
289 138 483230556
30 248 916489822
43 244 275705906
133 165 472398688
186 142 543677185
25 91 29065661
277 202 859528966
4 191 415392098
289 284 619090616
61 171 881121936
100 211 846937873
56 240 495160272
229 282 305122368
287 114 470141332
226 51 184439925
10 127 592566015
270 155 518360368
287 158 892574159
84 199 60161194
252 259 777593216
287 111 954161727
211 166 387289218
135 146 91551652
2 184 41555617
33 109 764842068
10 118 791746946
24 139 286707201
292 177 244046010
202 13 566160708
95 264 215831519
263 250 366524929
289 212 353987846
6 46 94710091
57 47 421946627
274 132 103063435
293 141 386770405
190 216 449616843
190 207 856164420
100 160 21805232
259 7 418146247
77 269 73793048
5 9 688199859
150 66 609043305
193 175 993962103
119 200 313097586
205 192 898373326
109 133 47388042
204 23 278502100
175 174 484289660
106 132 577428266
104 261 188027486
51 265 417732694
209 167 506349459
165 59 545429433
168 229 576528232
53 133 217004275
131 294 258604508
124 197 988036130
75 71 354377855
134 228 71274038
251 31 354556198
36 81 423265615
129 41 778873781
40 206 221123491
72 125 319445019
4 177 881934503
178 59 442845996
185 234 156829044
266 9 27531714
272 194 781791941
162 197 690272323
259 284 121733203
73 165 321923496
105 204 194853801
195 275 439518925
213 30 369016453
168 260 734236064
115 196 582565797
259 214 897540457
172 185 163449703
65 46 957721799
287 57 320900582
42 181 670718746
137 286 366042101
189 180 99783728
65 145 448471857
117 64 334143468
32 178 310370364
129 136 70221377
37 8 820590713
139 124 632752411
137 162 713779019
171 203 634419799
68 91 878581236
169 31 814870468
296 95 615248864
204 212 161650927
72 243 749439004
135 123 387958492
163 160 252224751
127 50 976546074
189 187 103711135
7 109 607969490
58 176 958728280
93 44 55874011
112 91 191441957
275 295 29415868
253 66 861580863
57 252 270502737
100 114 153721948
150 292 674688198
23 181 643639636
109 239 233993196
98 48 263951271
230 141 804588667
92 4 103172757
48 279 460691751
268 231 63805468
182 39 370367919
218 138 155633184
218 287 240191976
267 61 961829408
202 170 34324498
297 19 92097046
19 248 13728286
85 39 171637741
294 139 623525219
196 106 88590702
164 287 316273192
82 256 842014830
166 173 623073068
293 191 635993981
300 92 131972350
297 140 276526720
42 211 323352668
279 47 885873258
220 40 303014096
190 288 309223753
91 151 913566739
83 232 944094847
264 97 702013671
183 89 714527762
163 140 477793105
64 137 225802897
284 230 222508407
203 209 125014653
160 180 889010745
8 69 975188432
260 212 299869534
251 46 528389265
249 61 521413514
119 243 519134254
180 158 335897246
85 273 153510634
233 8 64071463
239 210 786340723
43 122 639439802
239 181 951926623
122 192 959875534
155 142 684592431
172 142 115575791
285 261 580931385
290 192 864136842
135 28 654713567
168 260 524155574
183 198 500848236
105 293 470664809
259 231 589135741
181 105 312968432
66 259 260762326
48 182 376612267
38 218 215048279
74 208 638081771
216 94 976022198
134 14 454672458
7 248 149057307
194 52 36707751
254 62 6634534
194 294 886542438
78 111 828817348
103 158 361848530
21 247 859565847
200 21 693619906
270 288 199907952
119 121 531940617
176 179 753789364
235 73 504311267
285 78 422946129
18 272 166653274
155 49 842791885
55 203 988470742
84 223 424298341
82 174 26173361
40 195 363265348
143 14 90287868
259 241 436429198
22 175 50021222
188 212 254245100
168 229 638236571
142 136 219996771
278 190 260288025
271 25 135722599
211 158 61348773
171 249 527764667
170 91 363508832
289 49 170737373
287 122 803540299
108 62 446109010
7 229 957594391
229 122 224538878
199 99 75759819
175 70 873105743
74 280 33691552
146 203 398620801
164 72 20317791
196 113 283239492
220 99 88658913
118 258 645920026
280 265 525452607
70 245 893909928
47 196 299116579
265 70 729543300
259 143 609488431
162 40 965125333
262 204 864752057
205 151 251172821
248 70 855784119
112 187 286156228
38 166 91501544
244 287 762572989
23 33 371883684
253 49 32238005
252 59 174325848
283 221 564528687
267 234 583127542
75 138 741114892
295 85 61744461
65 249 201072900
93 286 752692865
136 281 231747804
176 55 157743888
59 8 606440937
64 259 8493747
263 293 692561167
201 12 762296701
43 138 90534490
34 185 107997675
147 249 313410575
146 93 795144160
62 281 636200092
265 156 877971946
253 267 672092653
41 82 600621864
187 44 273048008
254 244 507012771
254 38 167268209
143 72 357503493
169 218 786019093
143 115 886454886
154 176 455345118
197 141 550230073
243 93 100542491
47 133 433487672
110 71 575907815
270 24 797364311
140 29 828468348
200 172 262851171
92 92 162257240
37 287 727759454
74 192 564567030
91 89 756944122
15 31 610118266
206 129 583046750
177 291 684223320
244 260 606209144
254 151 963817272
1 51 847582195
224 194 218017939
63 282 388535077
17 55 154277768
198 145 3962456
219 160 668077438
84 117 818715367
185 293 909014457
4 236 64539068
199 241 939785618
123 294 407055020
217 217 823850766
207 279 976191947
183 295 603049802
103 192 12285798
110 162 754130009
148 297 929124925
66 181 970758218
274 185 159970405
193 83 441609446
262 205 496660039
82 174 587973355
199 132 877806633
245 15 946435680
98 117 358427523
96 278 870726285
56 125 945966581
81 242 167195162
150 267 71151698
154 159 411528980
151 121 709693337
141 254 960710610
47 152 87631441
180 96 478990907
111 246 289066775
233 41 374337853
217 96 255397929
250 228 603478723
111 77 327594689
260 283 197317600
139 185 299916720
275 26 747479773
36 124 216373876
229 55 977758271
187 165 44748168
14 150 872080308
66 118 771433756
46 67 671933435
268 229 544337564
209 188 401132898
8 79 683928882
227 105 594418259
151 141 720574383
226 121 792720237
148 59 609807854
16 72 677748403
275 189 719784520
82 235 681882787
117 254 436271067
32 162 349068355
229 221 536836333
62 199 709268337
221 49 679591329
255 26 387953101
43 226 165860912
296 293 449865183
150 19 171852824
70 101 882189058
108 269 741901663
74 300 226068977
280 280 532008597
212 41 812153596
1 261 666500096
281 267 311421974
82 10 724677499
45 57 656047543
27 207 125096061
250 28 608289513
159 135 925044981
74 208 324732732
150 188 355969311
146 151 555199952
41 151 369359264
89 184 371537983
162 17 354456344
160 61 927922200
254 87 474716658
14 89 862107885
279 299 477011371
159 72 50665479
143 221 489687618
105 67 330914120
56 159 283613323
72 247 879892906
54 108 360222322
97 19 890462482
248 24 772994920
58 38 179672460
194 68 992684159
165 278 658964382
95 120 699549403
264 225 351480521
283 32 426911331
205 155 739825578
10 260 306677937
183 108 852145908
116 108 32277031
188 165 824683720
47 58 837655487
257 274 848753665
291 120 35227336
193 83 900529460
265 66 557409044
195 22 375225350
124 84 873000010
213 266 257705717
20 134 309781024
202 21 356458940
122 119 259847350
108 128 496957623
124 118 823487943
260 62 581642277
71 26 249818394
214 272 111629616
264 148 899485199
25 60 826123816
141 79 634524301
117 280 97681573
256 153 395268092
205 261 77517071
180 136 98360188
274 95 862379549
150 166 573572026
144 131 658848949
211 146 858035896
61 170 330327155
228 63 780384985
229 231 240486417
1 186 535315169
244 143 355043081
14 74 548423817
201 47 150684711
201 248 914871576
278 143 103426159
27 53 386541104
222 113 489732774
229 41 375739588
13 21 501826218
129 21 76967955
150 265 508495797
130 278 998400070
246 231 222685068
209 131 910476716
36 109 16626110
294 187 947730163
98 160 160823127
123 88 629512467
210 153 693355187
227 33 450032860
181 182 442297224
30 64 452698053
251 9 727079183
219 269 980336514
186 5 491074774
295 298 65626560
157 95 267060471
236 217 720670959
2 126 764392063
141 104 933677495
300 285 468875129
175 14 872511692
27 264 545527352
162 234 638606821
75 171 919138025
200 166 343063474
211 74 591891569
81 9 712904137
91 63 229324415
253 255 642978618
200 254 30834702
80 180 606421167
23 258 368138083
26 119 391186868
246 245 586044239
222 144 969336304
196 106 193825929
16 239 567819890
52 29 720830652
18 34 51246106
36 285 9099111
89 116 889203242
208 138 291740199
290 163 796305518
57 161 88268414
47 134 953670958
202 29 868205115
131 96 393898653
120 200 956455234
223 217 320266919
280 4 419011203
42 93 426595918
35 300 68049107
233 41 36381769
2 149 675233429
16 196 756258463
225 97 622520343
239 227 718426991
244 98 904366190
277 72 114695058
147 103 139875862
249 144 863259654
218 178 596300305
24 163 854619545
292 164 881920593
173 231 264247688
187 155 823453485
281 146 605880263
171 89 179347913
12 117 117203436
70 263 470692939
183 263 101431882
88 180 603656212
292 255 269106126
288 298 41570789
80 170 566867672
120 108 93635026
204 89 47627023
18 11 970225963
282 23 670403431
18 144 468426345
156 78 783305907
189 165 746670738
152 208 426569944
277 195 6868942
18 274 867833863
289 93 765723171
166 48 28089911
241 118 520844721
103 99 853386495
134 116 140410290
178 23 521791967
237 212 713307531
226 63 16289990
170 92 580326184
163 109 139853058
25 149 664151002
47 14 976673502
157 254 683300819
30 57 668413569
276 242 196698837
66 171 738849559
232 159 101330322
15 137 35280985
4 58 367356728
188 220 434095636
97 244 507398084
150 43 533415449
251 251 707258403
221 32 704185611
290 8 194600504
226 73 646929426
236 4 844478285
158 70 91466873
194 74 109432430
21 261 757760249
8 109 756800544
91 258 872276486
291 261 837310689
93 181 320231520
55 222 26941827
10 199 950368251
136 135 759786407
172 44 21020176
44 237 750359549
273 257 380647061
121 264 51735769
16 106 132809379
254 96 748025039
142 241 285716271
113 47 414296645
40 57 477948643
142 192 920554529
248 63 990928272
176 158 576867208
176 130 898244416
137 2 389155531
257 17 556998636
87 270 640221884
125 163 493567324
148 276 526253270
92 67 932880226
286 208 212893969
15 208 210772783
138 83 17983540
198 258 596475021
213 146 704007474
244 103 97381443
131 189 648873412
114 66 900826775
89 265 25989402
111 108 198786768
188 93 222103475
157 159 708242282
291 49 530739716
283 246 587438974
103 158 964019819
29 153 564734373
271 284 522392014
182 149 437534131
8 238 448393347
109 48 116749954
276 235 625585298
103 143 42937557
136 134 64767705
252 116 120459302
77 270 403224059
47 298 7250212
120 268 342052747
185 202 47853547
67 261 765703584
213 122 579405183
218 149 421838570
15 3 358414064
23 139 747388097
79 90 164293264
80 218 205604586
239 264 722813183
2 135 518333203
100 71 241038056
46 137 644270868
282 49 901504689
16 18 916558990
285 33 59020892
149 55 889649030
197 134 791699471
113 265 205127540
298 255 241436704
232 8 22910390
134 107 219424261
41 205 121028797
209 186 28633698
249 201 58988915
190 238 837679747
82 138 112676454
163 86 948746739
86 198 466349903
225 195 921226358
28 179 25659017
18 12 416667924
130 105 847139328
26 65 935293165
75 13 260534617
90 203 244702254
188 36 98726491
41 198 275028129
131 35 232867726
186 260 882882573
143 39 947885851
159 108 798727114
34 237 676444418
113 15 77824982
77 89 756889847
46 178 630198001
199 118 609286688
242 210 583804937
70 41 197968572
147 226 509421483
119 120 907084021
21 30 118899281
235 116 511775169
4 228 206740483
138 57 84945272
36 102 57894801
136 52 815785170
75 45 618776480
211 114 120648172
82 13 787750149
16 131 393825120
289 204 112015749
69 138 916539016
137 193 802017896
272 30 556261904
195 65 439805657
47 252 697351408
17 26 132658353
248 237 20754618
271 70 447024282
219 138 441833565
38 126 805584668
238 194 189521057
254 82 270087149
1 105 977624279
104 299 921538643
60 46 437060947
119 114 428445172
223 113 184528960
193 83 903280882
174 1 94122419
38 90 516653944
157 27 142291089
113 32 482809022
262 32 744948227
140 187 866170325
134 298 609402822
132 117 790430887
104 91 28030999
115 35 295367681
196 209 232707433
166 298 381359022
209 207 705854549
249 19 827765732
71 32 696594116
49 223 868601602
273 57 488626552
47 240 401504020
285 43 592408710
284 210 787127945
116 105 432686005
249 23 970916454
170 283 207403960
170 232 184185931
202 54 318833162
17 102 441486285
70 126 326200293
173 172 410036132
92 157 121438975
102 192 202486836
198 7 998911540
254 255 14900914
7 177 62076197
19 46 135244828
49 247 569732181
110 15 110486482
94 137 328710759
238 9 128775131
270 101 858659539
96 254 546394982
131 203 634832788
22 156 61713095
236 214 355878571
132 284 75700116
259 32 901459815
191 194 529751781
224 39 681693969
82 277 993396578
164 246 571396330
154 41 8101935
35 223 90641337
275 244 956733244
221 179 577294109
291 10 12244245
158 20 740736876
24 262 639154221
257 185 443949860
25 19 186356788
154 234 571378433
135 88 278002825
69 174 656200447
257 200 409915542
52 120 849016321
113 110 740611682
157 20 219946454
284 43 856752815
5 51 466549952
116 76 378048622
203 281 720023955
235 116 56168194
111 236 80359968
209 193 132464767
250 296 274195687
222 108 713947648
256 264 527420767
9 300 321107562
75 4 624759812
78 119 972587839
99 21 357988220
54 7 57389987
147 169 226378722
166 77 808112114
33 26 316872462
71 300 624921169
218 255 449535185
137 15 531451384
150 89 362340339
161 167 533635557
52 17 936726529
171 122 142991687
157 269 430433855
130 186 307769831
244 218 37431508
157 40 468435207
125 10 46425313
161 146 138831927
196 295 454924216
234 207 166284834
142 258 798446050
70 180 923948172
56 88 598959392
210 218 903839677
192 213 823570147
200 69 484862838
258 245 749149047
271 106 996365892
297 53 252653638
164 287 142772097
197 128 786792754
299 198 100252886
222 5 288026125
165 267 723974842
293 158 773760206
91 109 49221974
229 119 732830371
75 89 421604228
119 137 499511280
208 1 328891866
204 249 148414246
210 299 42288595
95 220 153506599
119 136 765018465
113 129 37110375
18 219 7213835
44 147 143764053
66 274 493186341
193 92 46828978
72 299 112132530
290 255 2865478
35 164 75022929
29 258 547520348
27 128 576866184
44 240 66900112
270 10 546224982
4 105 794670929
157 170 118936054
97 114 810353545
226 185 679126095
107 174 15509449
237 260 311329064
65 288 961805121
164 67 812512801
47 110 734910592
110 131 355275053
144 134 722828157
272 290 275432978
125 139 582177391
121 116 995089028
167 223 843059753
168 159 274503813
31 275 184226152
204 138 873217018
204 237 811527579
247 46 36268209
300 189 554652743
208 212 362961584
286 88 101864722
228 260 523223838
107 127 591687812
160 46 310122122
172 76 753549696
275 31 322007233
93 286 444877269
71 233 41576267
232 232 658329207
226 191 89807019
209 176 159978458
31 156 826680718
20 262 474072596
231 121 117663541
52 44 921298968
199 71 699300351
131 163 411664136
52 285 498333620
70 216 462067503
276 141 878210294
146 102 874711321
104 132 33747976
73 203 55441990
220 133 930336762
112 236 785452458
131 186 805015228
181 16 862242090
269 119 473693326
288 188 970604442
291 164 465177234
236 61 467856935
56 164 933024618
84 288 383904120
73 207 264699604
286 70 885533191
243 201 999954576
22 133 782487344
211 101 678008762
189 89 433127802
82 131 1140965
115 66 29404325
2 121 677896341
19 256 625814080
291 80 347230139
146 66 812324408
237 60 794912208
264 82 846810241
7 44 232198993
221 232 744379381
22 13 402967963
38 180 381142328
114 233 258646501
106 251 69228456
86 293 573362888
24 139 996353853
31 127 681202864
291 90 727892445
83 97 556213741
275 17 934827372
8 90 391886837
170 127 392569368
150 240 404731900
250 46 213915402
57 131 204023995
296 206 344789985
300 288 669230211
64 278 29815600
260 112 61549848
200 139 589925364
124 146 753102653
60 67 404739031
279 216 721722471
78 217 939498368
179 26 831364450
25 21 744550855
9 21 196414694
119 84 129351824
19 95 242688835
66 295 621141073
182 118 861604270
86 229 514530037
117 207 666093404
139 36 722424521
206 214 310300898
207 239 298052718
113 247 239582890
6 118 111061573
229 188 50446620
264 5 56402714
188 238 621306283
10 24 137044163
146 192 143669369
1 30 603462856
21 287 25307321
170 245 613226759
288 57 417043858
177 62 105988827
202 291 857360914
21 6 585226318
186 245 732026756
168 254 903381231
130 151 651512422
50 152 403175503
5 224 97868841
225 94 566956885
136 81 260023193
45 9 668449754
71 262 626621096
284 34 377226053
253 219 393922050
160 86 685797003
90 267 324930006
263 68 272381757
217 72 955609480
157 49 537430425
93 236 463380957
85 280 973043966
191 102 735030079
38 85 94753213
191 89 961132431
40 249 807990369
194 90 772371187
199 53 997944255
107 269 940688778
239 178 625912078
163 270 666840913
220 107 185551844
37 297 435517345
167 34 126614681
279 276 844070170
62 67 24943270
282 261 720098859
168 211 286082063
174 70 126068384
252 8 190443013
129 170 46162834
294 141 953251040
189 229 285190088
134 96 816084722
266 74 480710049
187 187 967955416
56 168 668650528
67 88 55209038
181 261 105045407
264 212 626285466
276 93 303843288
10 138 601099828
201 26 48648109
89 211 676485504
62 177 284397929
10 63 833517816
25 171 984351883
104 289 214304022
94 169 816285783
152 133 436018646
218 160 846898338
205 221 273314827
84 122 195787253
192 210 754865663
95 271 929681091
124 32 564303706
91 57 683676776
225 212 712931864
147 5 938151032
29 157 337919016
174 74 102678828
164 30 426076948
290 113 113880769
194 5 303796730
9 151 959393200
299 274 118929284
104 116 45327692
131 41 259755303
146 187 669937508
30 215 233436064
45 140 429052789
272 55 708114618
172 45 524237730
140 238 778586586
70 298 295130337
21 297 210783262
4 152 359063178
95 283 576838318
98 180 78412704
157 209 532588470
20 6 375384261
8 29 453698416
77 200 40845760
258 92 37646249
144 161 51481899
180 233 307001095
293 289 73540246
222 135 887292480
139 284 313706012
294 140 438415520
115 159 156889077
76 218 866772806
91 46 846660005
202 4 62947796
2 147 819432908
100 78 928024893
246 122 655136681
244 44 898612315
275 234 918207099
186 280 236374890
58 94 234035401
234 221 192757770
139 63 820656616
296 16 494486019
243 70 845348917
103 221 168375646
195 167 674349467
27 162 574849910
293 136 151747996
243 74 630940075
33 131 250047320
33 64 531937641
2 255 635342155
17 250 748590271
87 244 466877292
55 46 136652412
100 292 769949430
267 18 440308591
228 63 740055079
123 5 130378552
297 37 902210882
17 121 64957497
9 175 632874851
63 243 157655652
185 30 702247696
76 84 791116593
240 236 499770885
269 202 188379954
212 129 755556116
290 4 824539173
193 300 779187661
226 68 853536982
22 76 92861256
125 191 170333450
176 75 875406879
223 203 610979515
68 142 692910650
152 162 648066103
57 73 51295783
25 114 54347686
297 6 288161886
57 231 855302053
290 5 140222181
97 129 925748071
147 56 665502697
277 279 826363351
243 46 544982444
144 249 591309406
246 5 110685530
229 29 990649544
214 77 66612701
251 186 240785884
4 175 578126588
236 24 564026016
58 222 61172523
6 198 66781101
157 193 929517398
200 36 149152298
157 282 914065755
239 262 832330235
82 175 728484912
34 126 86750149
217 181 55630223
104 168 138051798
171 225 799315619
294 230 619861269
146 138 63184613
96 90 969679948
45 246 692446081
299 184 430262442
34 17 89993069
197 103 959799846
245 19 747501178
219 175 593319245
269 97 128034821
239 142 17150602
107 288 87029940
219 135 587687981
119 179 257917778
299 178 60921214
193 263 987347830
261 211 661359384
258 155 618709055
135 125 290039781
231 93 239377577
251 32 380411319
4 190 632438458
195 161 924976392
175 279 259693770
153 277 403172699
66 221 335227061
47 181 489374471
131 190 952365077
37 24 779829102
117 254 814851046
293 256 4230177
63 260 525376819
120 206 736442879
63 81 459624657
133 285 239884585
183 50 507485106
144 148 204935638
66 30 292036028
143 66 368803803
96 182 28558209
193 227 399334064
270 41 203314675
40 213 527529981
218 275 812184313
126 159 462679097
10 42 392451898
167 237 441366897
257 2 418267127
184 196 646894344
186 291 564771978
194 184 263793956
210 205 124371596
236 244 631459708
116 213 562551035
180 38 324822993
176 99 26480986
25 266 150235722
22 274 37978024
100 157 494589319
243 94 152415062
20 40 826306297
127 249 373009553
223 184 317901648
282 52 397425460
16 231 776238349
261 159 841708547
246 235 806353864
168 256 875109937
91 107 192529145
261 50 127415291
122 121 855810230
270 248 482080730
22 222 209541465
69 203 565722416
80 271 67840599
128 231 178575109
27 176 290377843
242 43 844615699
131 185 964588505
175 146 297190606
65 19 407193979
46 41 705876226
275 62 22641647
140 183 841466301
107 262 872384871
5 142 292736701
113 220 129002777
208 161 383935171
206 291 95511908
62 218 905805953
20 34 524781423
98 80 926228263
175 106 335672377
173 245 71015411
73 104 677166472
296 108 487912965
96 273 492447084
124 180 349639045
247 137 639631487
254 250 702437204
158 21 370504190
132 118 794609969
95 44 14384326
223 216 681819671
233 41 920187474
256 36 797328333
121 183 491817357
204 7 294032388
200 5 901105476
187 258 130141478
142 115 278330998
131 298 752868016
251 92 964661459
177 66 788869327
99 50 214441567
124 6 966279402
8 178 42152236
165 81 866030142
4 33 231913698
280 271 677765755
257 112 666941321
254 295 724221819
121 245 628351862
32 173 567520180
210 271 760225829
76 94 736151634
29 154 835726911
164 18 551398744
58 73 85322528
255 52 224613398
162 60 524224909
234 66 59693955
252 238 920597800
166 21 678869824
145 230 163813347
225 57 148132192
11 85 281671045
221 1 56247262
16 58 323442287
143 64 279328890
240 225 54048550
201 159 630964967
155 162 762946156
106 79 414653577
230 275 79989258
76 200 120878415
67 210 356116799
264 182 680372999
177 250 812193508
163 92 130975672
253 84 19517948
154 36 292245306
120 190 230928620
127 48 611403398
155 277 853706173
113 104 718062772
127 222 645657533
225 185 619701014
76 62 896624663
283 224 561751007
6 228 839693442
254 81 254676877
111 252 718911618
130 79 152995465
228 233 88314593
300 45 688682348
23 171 102230922
255 148 758115006
120 275 270130919
235 9 109204595
193 15 554664922
234 268 365593155
62 130 320437906
79 260 887178036
196 187 480467121
288 238 180294417
236 12 107538340
209 266 618315687
14 137 98032161
285 123 211397621
179 15 384355035
52 300 341455054
6 61 374942984
264 192 715747443
299 87 827788181
71 74 712255018
188 61 792243429
227 269 713410946
113 35 947974934
25 71 392560057
297 249 313950023
232 52 699321923
237 110 655868983
20 73 755019174
114 123 2284312
146 194 780946286
63 133 337236498
43 59 920869519
40 223 142476705
226 299 272188975
182 295 271727275
204 226 695756526
278 215 614902587
61 286 497087011
86 100 82004186
198 297 997604879
135 112 129216211
184 154 584376521
202 246 128885143
6 171 565806941
180 104 106539535
54 7 987954313
32 37 404022679
118 97 877171264
81 234 828180215
166 183 84837712
196 17 211915123
58 253 854172228
278 154 725019973
120 212 477465995
12 143 651553998
198 249 413750357
62 280 463376993
140 149 308819241
256 281 705096274
170 146 359525109
133 41 200535677
155 98 417880829
135 127 932430083
7 298 591692846
154 9 962825388
51 259 170071336
7 72 761703567
299 264 352624668
139 219 439921648
265 88 105598694
273 221 52293386
101 127 556705584
130 261 908244510
64 20 88311660
209 173 957681268
196 275 32958278
184 282 449580650
150 32 464087413
17 223 953649831
217 239 598964470
210 263 484869042
295 63 675795021
230 192 25914633
292 255 260247852
51 163 561293376
170 111 728088851
248 46 26900984
149 195 68590415
13 264 14492737
43 180 274736927
264 141 503815389
158 135 754780152
178 117 445512043
210 108 213473850
14 158 945325712
289 79 161442074
239 26 179377919
222 226 613353166
289 238 963476129
277 32 374701160
204 296 100110600
92 205 44514186
95 82 617133854
238 43 873697761
87 56 607550270
150 97 776372649
76 87 265639526
294 61 524931552
211 49 870852489
91 77 109568521
150 280 692560468
101 124 104697372
239 218 874290605
192 207 27254799
5 293 823837807
26 195 825333003
126 270 464861941
252 15 64292901
55 226 397249001
95 16 478222978
167 218 581951757
286 70 64767080
9 8 533965450
165 252 582542556
64 8 276488601
70 33 561129295
224 211 302939416
216 214 681296882
217 268 309554859
17 114 3705827
194 281 138450944
103 18 518933513
134 27 42184073
83 191 325336476
291 6 242088483
191 127 105023067
37 50 690512877
152 266 116713790
33 234 761073709
244 2 346961475
170 248 131429255
13 50 217102924
277 235 3647150
249 70 70385241
224 60 149604698
258 2 360110625
77 38 232268726
53 189 230940943
295 273 420420176
255 216 50471778
29 85 451835077
135 149 353945478
259 126 674086412
160 126 651256033
252 102 15480544
50 111 43248545
274 187 148205682
299 292 633291370
42 286 884835195
69 292 359875662
98 73 62118599
74 259 130014947
151 269 787530924
215 129 76850602
47 80 470794103
291 181 916482613
235 154 371455552
217 205 673709443
138 298 644990780
84 66 46373271
246 216 929851095
244 289 574337154
90 192 49450722
166 158 211355302
67 256 130436134
69 298 956297914
233 285 901567620
36 253 198513976
78 90 78077925
157 174 108163290
280 171 749307257
226 114 748312198
79 255 311639941
253 120 113376898
6 186 657295453
139 6 958876151
205 291 61367535
176 26 112975287
103 156 599507128
27 12 405798253
68 43 891724323
25 269 971920288
22 99 923884743
14 51 240181314
111 109 145144252
215 247 962084009
17 203 459999551
103 130 10346429
141 232 286834084
269 258 934453295
73 26 557126390
48 102 379671758
135 175 681459256
229 188 364455959
195 298 640017167
46 264 491095365
6 281 726504820
257 83 247813149
285 224 106050681
168 244 231811690
114 68 733259467
103 115 359701268
112 2 711965642
220 282 101692529
78 176 494775178
96 273 548509042
112 279 74286622
31 287 838508156
132 271 101632579
164 190 20716074
153 55 149040542
272 210 83363008
139 21 943087409
233 240 357131191
213 69 418192018
243 216 418897791
236 28 26365221
157 110 848077507
264 241 746897429
295 156 9659070
268 61 570815724
61 32 840010133
269 222 49430406
177 154 880535797
119 119 550298618
237 61 698736033
79 296 521976112
199 204 746523674
57 219 620191866
237 213 101547722
6 233 274919282
181 293 873566013
266 13 109705534
123 190 547819840
219 60 142117810
136 48 534858270
21 126 832099317
284 76 108127572
57 132 201451190
123 120 66219103
96 177 575663735
77 58 731341979
141 75 764100492
126 197 469543033
17 115 204800792
26 3 240582140
147 75 995784865
263 58 201806893
34 115 1693024
24 289 552406096
278 136 158572472
164 264 96040581
42 104 57336907
233 281 239375503
65 50 227724870
9 75 572683624
300 274 972987798
116 236 803129855
8 22 662149821
84 97 170239561
279 74 428946796
50 237 565707159
283 30 306603014
289 263 613856247
192 79 35286696
13 139 565528522
136 138 739439995
85 254 241636783
91 261 327730104
212 44 51687500
124 74 332244425
172 124 745064613
130 158 21490042
296 146 778137556
142 89 484550187
89 153 345528725
110 40 306688015
105 124 511296568
87 215 866193980
142 178 373073276
293 1 584340549
269 172 511084624
181 54 249346081
122 101 708978179
130 242 129356419
216 82 738205672
192 191 960725911
6 47 769904935
125 185 673905301
205 26 482360478
80 70 70542730
28 38 867398854
204 218 291152359
184 92 648406259
62 273 405533152
133 188 597819733
4 79 790794523
214 137 428930222
300 261 48830906
300 165 683259384
229 296 383903153
211 24 188039343
64 279 135699860
22 162 805923803
132 276 124332375
183 108 427992114
15 163 62431745
89 128 334339281
210 128 607527641
268 179 600707158
51 160 834434753
203 70 745567328
197 185 845189506
109 206 235163720
111 37 771951795
138 271 289942854
103 285 674826216
199 73 739844143
79 35 107417922
272 2 451452853
29 52 254309412
133 6 291563033
261 203 578096217
66 11 257577674
85 173 125897310
131 62 146137332
36 217 358568416
103 115 111534140
246 194 981448374
19 217 722174727
271 245 164456230
134 129 692196036
66 89 198466190
182 207 818966552
255 43 212137276
116 174 502310738
247 261 822511754
114 64 87688420
54 61 927147313
79 79 358481481
158 102 277365377
287 235 370750106
174 53 384202994
263 234 15429900
166 241 352110895
242 108 313681420
79 107 42600680
184 220 66211243
103 25 829389955
268 156 587038386
48 13 790609387
125 51 399445073
82 225 852592125
75 239 580663111
27 105 841235703
21 46 760207210
292 176 188747668
171 59 780392788
166 213 204225764
220 232 441694971
157 280 214975135
143 156 688522486
168 237 407049410
244 63 421538448
6 141 550956152
8 213 7439797
170 204 145816472
137 75 641114282
76 292 581021647
40 263 892685878
262 120 787104809
197 14 541643816
182 181 527053004
143 177 127535367
290 182 916069859
294 190 539734672
42 111 17243927
266 247 686165601
299 75 22776344
245 166 151433407
123 127 511691526
83 23 746676439
199 204 108349572
2 46 449303048
220 88 202716329
31 133 62341470
2 174 788385680
228 191 422112979
281 190 743916153
24 186 810537318
30 60 63671444
207 143 570810019
46 41 167959174
117 94 114684672
64 66 832524959
244 96 429985243
14 149 61988968
245 128 726868959
175 160 918255848
179 184 69687633
296 265 73850193
292 172 570364687
62 269 248358579
35 85 634884872
106 200 415027989
16 143 799825084
58 208 886559884
26 153 987443612
184 27 346190923
283 206 280545458
267 253 941940623
11 296 547100646
197 57 990185614
175 92 232061450
299 249 869514849
187 265 810294843
223 22 264226551
158 47 724728355
169 282 613913233
144 264 528213690
1 283 130683395
175 293 484993790
220 242 866987599
285 168 592107642
186 166 775038590
286 105 100821754
229 79 999442376
131 236 385405774
185 157 133064556
17 300 865707271
159 300 505537905
253 175 126406650
42 146 298678191
292 183 123227458
33 120 87455676
23 106 606390832
28 34 332374362
55 216 299449797
129 100 52609805
236 168 233012604
58 26 826236356
215 278 774221682
64 72 476585579
154 63 923513661
163 148 52100081
90 222 584376038
173 249 478120023
34 56 850074938
183 236 277485489
187 171 521748556
191 280 816110534
298 194 438738463
279 9 874626134
157 162 695793849
270 77 494349248
202 218 192814569
239 91 597044269
113 176 706480724
150 58 759046059
38 245 740321181
145 187 368529713
278 184 149209558
141 214 208767367
126 70 845881328
226 91 741327956
173 44 130046574
93 34 323460716
262 146 801428391
185 295 715915749
96 84 972048945
176 229 950324231
288 258 182010666
46 150 588813579
164 28 499834900
91 253 691104643
199 178 214722886
172 22 507582020
287 283 47802065
29 220 537974312
129 67 255584247
173 242 869864075
155 282 754473385
20 79 643117934
150 242 115456561
102 84 719799466
144 282 950495895
281 205 360416
152 243 318953651
117 272 760239970
180 100 788298136
26 25 143449329
153 179 194223262
289 251 237313140
222 152 186519033
235 253 35205917
252 148 229734450
198 129 47634855
113 280 664884197
63 148 735427220
284 79 122663320
271 157 356190496
200 9 681300274
161 49 837552376
253 270 561244028
285 256 57242832
153 259 16653432
3 156 801682360
57 269 477460691
105 83 91790491
125 67 35162421
296 89 710644377
191 288 693133137
16 201 737102085
144 205 338185507
71 189 611839962
54 42 982897621
185 96 254370728
196 152 721586996
187 8 261049131
129 132 927964397
149 179 68179985
26 121 825145225
14 189 393083377
299 32 9307581
5 154 712853221
18 207 538926214
290 92 717261009
118 39 148008812
265 225 496053820
195 105 349339603
243 254 683045834
80 31 846654
204 44 541591394
32 42 437799725
64 98 955748378
36 116 5196537
102 105 750281280
210 274 845201318
274 239 619933695
45 133 166268899
247 76 371885704
132 155 94912134
86 110 880997678
31 193 319760771
256 256 896870569
85 43 929199736
173 144 399645892
52 106 562579766
22 79 992104704
216 123 949269836
214 121 67072263
270 253 413691969
3 90 814274178
132 120 219451322
55 127 933498277
23 264 79333672
210 136 490851015
201 240 590344020
166 261 525821498
121 176 498369972
209 141 4812693
71 110 580711845
140 113 79430434
69 296 895076205
191 50 612932532
19 72 893780495
190 33 595332982
205 234 615354921
76 151 651563981
274 272 323893856
97 232 651129797
289 2 5157506
185 193 333405470
170 14 516871366
275 204 727832315
258 274 715675239
204 216 262116223
285 172 61768456
6 247 234760759
38 272 920681482
194 69 921316813
242 109 156255366
99 294 186672759
121 163 531875872
86 189 411316027
152 198 611007852
42 101 357768667
265 138 994965838
172 195 965459737
282 232 942555508
63 177 129655828
127 170 679057037
193 269 876503682
151 89 801426196
174 226 201417137
152 129 689409034
103 171 11698735
270 187 468651924
59 110 970590818
147 92 21595749
207 154 650593278
34 281 656196847
22 173 896080315
3 75 408681855
251 248 710872832
87 99 530485561
120 253 288227983
6 274 246216321
29 85 466219030
298 231 35513221
199 137 727296727
276 223 462886359
222 244 398537483
189 299 720922857
295 1 666951056
27 87 647938106
239 258 127408210
73 264 610613684
93 44 797553068
222 94 653686098
143 292 826600987
21 267 593437209
179 240 338284504
261 180 937646554
169 175 192949554
76 253 158126992
81 243 670071550
142 15 445514665
125 107 100591908
192 28 163443153
242 222 950631444
128 242 817782762
288 172 421093954
143 132 656645333
297 52 638151459
202 127 76485163
194 259 502132005
143 101 55836319
107 225 836330777
166 169 457318057
19 110 954311378
214 289 759640172
76 28 336190795
229 170 229984379
13 218 14460130
24 120 61601809
286 13 166831167
243 207 162589119
213 13 954456644
290 230 897535864
198 300 792996525
27 214 319955965
98 41 71851392
145 21 92000013
23 33 465532031
252 108 237913350
60 146 419787314
179 88 828709120
97 52 762709784
292 93 174897565
55 290 376199265
279 17 22279030
295 166 78403270
286 10 670698642
199 32 603294126
29 36 366857534
30 95 890390379
43 25 528541018
14 122 189662121
297 113 857568114
261 220 842093403
277 198 802582071
206 245 646157937
227 230 414044498
268 180 631193430
146 260 17097565
79 289 633358711
209 83 646808036
178 96 72551009
198 92 12527921
11 105 69307340
166 81 35885790
88 287 232219234
124 265 582675415
274 285 326737995
103 130 782455354
19 260 40257195
81 168 667414477
168 97 197669025
76 294 688697916
97 57 20431420
88 274 421585153
277 61 61921791
162 237 872360955
277 210 376117639
23 12 29002320
28 82 345356179
22 214 68085946
151 82 283281694
75 157 623056488
142 5 502527496
14 93 911271769
266 121 504387729
256 283 780549665
210 11 6318426
201 33 107854737
20 60 512321570
99 134 561284
96 284 924414617
190 110 503916225
29 251 751594030
224 264 441788074
144 229 610384146
72 236 489601480
289 146 662115490
114 98 159696874
3 117 764800986
24 267 517685019
259 63 790796154
275 4 929287063
200 32 474372013
181 7 151515129
6 150 677268857
251 273 818587693
231 13 447832590
272 127 941121187
98 181 179972155
283 204 657225322
53 163 145999336
106 189 77059539
20 140 778495122
132 72 752833580
260 77 58830329
69 80 758422153
113 62 779642366
54 33 128809392
92 130 471327024
246 164 614484127
119 216 116391041
54 73 48946030
44 92 621098021
117 276 731924693
248 287 675730469
228 55 915415848
181 219 940582309
146 272 265861694
289 63 50950875
12 9 60650839
290 179 517679306
183 285 212832431
264 80 222880922
184 197 727229497
176 144 877393284
297 72 203157490
196 4 523109809
157 149 137599180
150 189 692779495
76 252 516106555
166 293 117322033
224 175 494941617
54 138 578541197
275 22 999132245
224 249 509548340
159 297 21136163
200 193 292317866
108 101 102735814
40 2 138748454
86 77 19166457
140 243 358473950
72 218 125578324
41 271 74458314
89 245 121179235
33 220 555214835
172 130 52295584
135 30 675320976
152 137 922422376
18 228 59461477
71 13 989905505
128 152 774405299
177 276 783156516
152 68 228991586
265 156 187307783
151 188 237850954
38 111 258014384
221 297 303471913
296 149 897333349
223 218 734746929
151 288 803459441
207 167 324610145
206 43 415521072
121 247 571133839
59 211 222505994
293 62 221286133
146 99 77022595
129 19 810851544
141 66 715090844
42 40 744992661
170 242 39305448
62 148 322228367
158 53 247202661
229 226 792323007
67 36 32047718
112 28 792588731
44 173 629160881
191 2 594059751
34 142 215122668
77 235 267288359
89 104 810018300
88 218 685734347
254 75 521358152
215 4 100046229
121 122 650790164
290 234 65930443
272 277 878285315
104 219 50901868
6 252 34735662
273 80 579636396
31 168 272867352
82 256 917887969
229 261 691824743
232 175 862715098
212 48 149176520
175 89 626231353
217 61 367682081
183 216 450551300
151 222 538206903
12 194 493223383
107 277 765626102
58 58 394720509
278 38 702734970
273 21 936872144
270 232 594487743
89 158 855113132
193 126 216369744
26 9 307418459
77 211 574835380
79 222 86259526
161 80 256462902
215 138 600496511
223 167 951578349
192 139 388615621
88 109 306621853
82 249 61419910
113 194 571456588
256 219 9984496
15 295 132938206
294 73 975053379
219 286 263450058
172 252 123511947
183 174 473127014
283 118 856636352
103 257 989271412
207 38 20208713
169 151 575679606
256 158 875882524
103 172 76401470
160 218 862926994
190 188 581198831
247 112 996843082
246 46 357096608
59 28 512178025
62 182 103992181
226 141 579543170
38 9 88911420
43 16 406015730
18 170 133241853
287 29 845425170
132 270 333857910
263 216 2486621
96 213 156840518
103 271 43465245
227 85 608525478
59 62 158643070
281 99 902721578
52 141 969766645
281 210 517246414
134 248 383131794
255 79 542476163
264 93 111245931
136 189 212953043
53 291 173240866
49 270 701262102
279 80 786288163
48 60 448527761
178 112 116176853
22 92 665117962
88 277 24268909
233 232 909073039
48 247 48212832
78 135 291047720
72 187 994674310
37 288 376303331
190 18 687410611
52 117 360055670
64 294 188182633
216 68 872774525
29 207 104622253
89 139 24118284
228 186 670153231
211 15 897730065
30 87 863689303
191 175 464012542
22 65 159741611
284 116 257003228
253 180 511035321
86 147 596637240
62 176 178539046
14 264 344905237
250 243 785695622
132 153 169705189
148 234 4854275
50 177 169416449
44 250 364653813
54 233 229370881
181 237 359579060
54 74 576487906
293 135 397731733
191 201 995063097
227 202 835104091
200 33 113551196
188 180 121452129
262 281 558513905
263 24 801039854
27 130 388956938
207 62 829804475
266 115 164281448
224 160 117678735
56 50 794618587
204 28 219219288
295 227 914150420
42 115 482174751
270 128 934465231
127 90 440067107
232 117 306205636
270 75 642400397
244 41 812203064
43 16 559734523
277 71 768566524
215 27 931087951
2 73 685510777
173 114 54056543
223 135 41579523
6 261 964979812
112 193 746460280
99 162 762875455
95 157 226320747
10 199 713284062
32 228 474013484
207 142 356088462
57 196 342096734
186 68 250622199
128 43 350600634
2 48 53062294
214 211 11563386
45 9 467577199
251 155 250908207
249 165 673321506
210 248 410044885
46 155 550664226
207 263 19431521
193 148 583013541
291 28 723585035
224 29 375611234
170 294 979159244
7 91 692951052
6 41 11903406
212 42 600735722
69 3 166666170
153 48 183293976
131 7 729190738
3 199 194899938
295 241 781961765
29 217 236988445
162 86 524959791
257 92 392336081
60 149 307025473
266 61 495348714
139 181 523106217
208 86 716827816
183 268 580085622
173 270 160009072
10 265 854704013
226 45 867287429
170 259 103337966
160 215 721902657
292 275 895591406
217 292 875312418
130 130 186903550
98 90 387893335
114 24 733978702
187 196 97107524
211 257 60293340
175 182 199637536
3 52 38234994
20 263 260277661
76 7 706200235
281 223 945455178
50 104 726261859
300 254 67802800
34 119 300855624
88 5 859643771
163 267 86550828
202 141 616054909
37 195 537660812
183 214 376328327
243 290 376909885
29 22 993914607
106 72 280240262
64 71 906476715
216 156 294484485
39 295 171832842
161 157 551047208
188 110 139347949
149 199 656538843
212 81 58474209
238 23 362023998
22 103 20328671
80 208 203667942
294 23 803978064
160 238 209152372
145 28 153169566
186 189 438169875
193 76 271930284
276 93
188 82
214 188
125 196
193 288
90 199
30 263
157 49
72 23
235 120
291 61
141 79
264 209
283 29
156 208
1 218
300 132
71 188
83 265
253 247
145 27
41 42
91 227
1 197
69 214
26 235
13 59
19 166
246 28
288 1
219 102
285 40
227 270
234 55
1 61
139 186
280 198
176 179
128 122
87 176
111 196
254 112
30 175
203 25
25 275
128 242
281 295
264 112
218 259
19 198
135 271
220 209
87 166
287 95
270 214
161 73
237 132
7 167
191 266
240 261
202 215
210 120
231 182
192 225
174 201
171 210
170 9
226 142
236 8
274 265
89 257
89 134
300 25
42 147
107 190
157 34
153 60
293 66
290 135
35 184
145 216
276 257
98 14
21 201
165 85
42 294
180 254
30 182
28 179
121 72
105 186
297 277
94 9
143 289
172 83
50 230
186 68
81 25
226 36
172 153
199 142
95 265
146 78
8 177
248 225
162 128
104 104
112 158
198 197
32 6
235 69
136 81
106 121
208 268
173 83
224 79
44 71
148 71
247 241
218 207
35 246
49 131
289 138
87 212
217 186
7 118
198 152
24 194
214 55
137 231
61 86
156 61
183 156
97 55
261 129
126 66
196 295
185 174
137 184
122 271
88 105
256 180
73 37
92 31
261 286
71 280
92 22
177 278
32 274
154 25
142 45
39 279
204 38
273 275
245 40
145 146
25 84
173 152
183 98
135 16
295 195
268 206
183 139
112 145
221 267
11 266
244 63
152 101
76 148
239 124
270 72
208 135
287 294
143 80
147 221
115 278
235 141
279 83
279 117
135 143
108 199
13 145
298 103
2 164
40 73
196 241
75 9
54 155
234 113
33 197
174 80
273 148
230 160
276 3
145 208
158 163
7 4
159 223
86 4
128 160
152 177
185 76
230 227
91 291
187 216
47 124
23 112
271 19
74 252
211 298
160 218
274 120
42 219
274 132
291 180
56 154
229 195
173 293
283 210
125 263
138 221
32 224
242 160
163 54
103 67
37 73
245 263
233 10
193 286
217 206
59 235
129 25
17 39
1 1
264 51
271 125
48 153
13 54
159 42
108 175
300 261
223 196
205 244
281 207
113 97
84 250
274 223
14 212
213 42
92 14
190 228
80 114
219 238
31 144
19 77
37 190
86 18
13 12
218 42
191 293
294 82
5 274
185 267
60 70
83 149
128 203
16 24
261 260
103 234
62 43
285 121
190 99
110 70
163 202
247 27
109 53
26 240
207 165
234 263
163 18
221 68
91 291
250 236
222 104
198 52
173 35
133 182
3 62
16 294
73 166
218 262
253 181
97 296
258 211
229 82
201 120
110 149
136 291
146 111
163 57
