300 5000 300
231 239 801261732
22 19 304868776
49 9 246016123
249 82 458792550
264 265 712189805
106 109 532910887
43 212 490526304
210 116 784739919
267 43 96216193
247 141 92405887
44 123 55598978
27 196 907352996
254 245 312134904
176 245 711436485
126 208 242026501
182 14 607568809
220 108 326123772
223 17 456811088
293 35 53468482
138 281 426765722
176 76 461249197
153 154 482450292
148 107 167020688
203 283 56548532
287 160 129603392
140 41 335797157
100 260 598860864
272 234 301794032
11 278 485101118
92 115 38731450
65 291 190179225
161 143 445738878
205 43 110279184
192 245 282332618
176 284 420691729
119 123 237546321
75 274 118323632
190 245 553549965
21 7 32997943
238 98 505400109
187 215 63162351
263 75 761883646
192 279 508916988
227 223 321429984
245 98 58342767
173 268 666714541
246 42 754114115
277 231 499181611
242 3 358728118
236 240 238738467
96 178 565978381
247 192 654213408
44 83 133377486
131 9 728040360
266 5 642234209
33 230 858078776
273 175 711371217
239 151 506005099
150 92 691258101
119 79 604747692
185 227 285205321
218 225 922810212
25 268 815817594
162 150 779539355
274 115 243791759
182 199 481782888
58 224 731059062
26 162 109943913
225 11 24503756
177 129 360252887
69 66 622591413
189 35 727198037
201 59 288472756
46 272 962816205
252 245 924174719
111 179 83407418
250 236 107228841
264 13 602269454
128 289 215194517
135 166 157248497
221 234 667169862
285 174 15969696
273 126 857861406
228 224 178738830
32 175 706642326
3 37 83806104
172 287 20825291
264 2 81587456
269 129 919581344
285 263 78581409
182 236 15851694
195 220 16597520
191 245 3629097
48 172 792764020
229 256 16057995
55 10 622335483
110 233 240863021
101 248 455216022
156 216 227854750
251 201 288315665
212 134 144335300
157 28 123537771
276 270 953121115
273 18 774074439
192 298 549213946
38 104 55230707
273 214 228048491
193 66 174896138
115 221 203075805
216 171 822749305
280 134 896197838
279 291 90591266
2 266 126931987
268 290 10565056
106 234 772745654
3 23 972632457
261 295 694031570
151 188 810284635
288 54 402979107
93 269 391696330
149 249 707534063
39 279 71376705
256 280 794789071
142 248 438949312
98 105 91588745
103 160 473798068
159 120 60429114
181 271 387312201
267 10 614696054
274 154 970435423
255 55 595362323
69 93 781295701
174 100 504289681
296 293 422498080
107 142 457478984
152 244 863479043
271 103 548245315
84 283 34793585
137 1 55569046
190 274 108614800
264 280 574229206
38 49 496093750
39 222 817316049
71 269 369860793
50 75 459260335
185 278 710776678
128 248 97042280
294 84 17121414
130 220 133815067
275 161 145069640
26 177 852646872
131 214 111564472
132 252 140682793
180 74 144856313
25 123 5485287
259 8 519191165
136 187 12288364
168 180 692689647
233 61 652739918
299 35 654618879
91 113 226311007
214 295 258145920
85 127 236452024
229 58 665518997
41 82 820361272
227 40 158457831
143 228 543287717
7 147 228128948
5 79 247775108
223 130 510311594
53 272 124353206
59 185 516645501
30 269 35798579
253 197 646612136
2 237 571463318
225 215 122128809
155 58 9385288
271 116 330275034
70 172 954435813
229 94 720715394
122 198 921667065
128 8 262454049
180 38 854640817
58 42 543942865
293 95 770183801
62 19 96397967
223 173 336743824
10 195 61058791
244 16 109516163
8 244 134855856
201 66 349245806
65 245 126480665
165 124 872190002
233 233 380374896
197 277 316554342
149 39 648573261
15 261 239922185
291 22 633888832
81 265 58602147
43 272 614353591
151 224 663971108
156 288 479291552
220 204 281993127
74 136 107874411
21 84 751031187
62 232 487959477
174 299 440788089
159 289 618902311
142 69 352577175
88 112 301281199
30 14 333213422
37 169 222557262
40 140 231766765
218 265 920515453
28 37 980229836
115 99 886126420
291 272 734603170
180 182 9887558
142 75 478071078
16 163 396153541
214 244 751507154
88 281 745894074
249 72 505794966
13 290 755916182
17 17 876632619
105 131 37014969
124 174 33120140
245 105 662419374
54 246 706285148
231 13 75835962
24 279 385425406
129 66 151540938
155 14 853474109
20 78 478250750
253 95 428712567
171 199 160923449
239 74 162842874
31 18 22742578
56 123 64557575
155 105 788348688
117 128 347913466
74 9 76465331
11 163 49077896
71 234 645001573
121 186 489784519
239 109 711140217
239 47 752744142
113 129 496683111
90 236 805361033
65 91 9365338
104 207 357365917
69 32 600869925
151 94 338287787
298 216 927930820
170 88 978231558
241 26 513306266
209 265 422686264
251 129 592008045
61 218 683690980
294 34 256536570
83 137 238897128
299 257 16198059
224 159 445013004
62 156 526299720
134 78 590825307
91 18 67302333
208 226 821686949
123 228 16822029
167 289 970417446
147 34 304579832
268 168 955141520
296 166 122532329
106 141 883217587
62 255 138791543
181 88 239288472
87 230 821976541
71 189 450512318
71 11 877639946
199 178 452558886
297 76 128113819
180 95 471219138
199 142 134208055
227 300 717950496
114 61 118283302
208 241 558104589
131 79 573194970
71 150 824344358
40 272 586755368
185 171 304952397
70 219 662626424
40 98 916314019
177 296 157428660
232 275 254684759
179 140 653095319
80 47 731476411
120 229 228136990
89 51 915412091
298 90 614988662
165 275 196205084
14 96 629478802
237 188 71905999
7 116 331144547
167 99 677210421
77 277 845837560
48 108 828333858
258 279 716504138
299 119 479808588
189 116 273792229
103 33 123578655
186 46 481726751
240 34 33899390
90 93 546283005
288 259 5602004
108 87 982323232
119 134 594729992
228 92 400926870
265 142 826625189
104 31 548685656
33 133 301347288
287 70 94595185
89 61 591055771
78 151 707043063
183 190 452502073
138 298 82117559
69 168 101501193
212 148 94645736
282 164 142204529
222 20 454556959
277 52 204240743
117 90 587460965
1 231 233696425
23 8 919885827
85 242 977173717
157 131 935286866
68 200 492579185
112 111 477384532
299 144 311239748
27 117 621437067
86 94 534285070
80 262 173362411
144 14 20395841
21 37 961801101
47 121 543861194
15 30 772178125
280 97 481591476
165 260 266831238
248 258 528824282
195 284 799228498
213 121 626729543
282 201 165191056
193 96 656691870
33 168 544804106
285 215 389087178
179 281 642043159
203 261 385789607
230 177 574344066
67 176 154868623
48 71 122084159
198 283 78031279
192 17 931983431
148 209 271401579
117 293 329982146
174 278 27610960
103 208 46494441
62 110 321919453
168 39 346465181
286 157 597516156
8 257 238828478
66 154 39322861
297 97 90833429
127 296 9173537
105 112 519771729
251 37 436945458
62 140 452039565
154 253 189748526
258 172 131663816
238 157 544616673
94 165 809947729
71 282 579401834
83 278 479708530
111 157 528575226
99 261 382693789
80 263 439384678
37 77 87735069
202 282 969788121
227 240 323849792
43 177 724264149
15 22 178416165
295 145 955873646
128 279 839700576
109 142 909364032
34 240 288781944
175 19 455420107
52 108 141922183
120 9 99815316
192 287 945986255
83 29 731932884
183 95 55171357
199 89 302013801
197 268 69332132
172 77 742927073
3 162 37004864
198 88 618820883
4 139 630353290
238 10 523641650
154 201 635918136
60 36 98846565
143 270 162076311
300 169 783038752
52 65 541135719
83 288 621108447
255 42 699015809
119 239 862584296
53 295 551198587
94 284 852593748
143 137 736557901
178 249 379457188
294 91 505555757
257 142 998302477
8 194 813570993
78 276 791061880
225 283 545171873
285 153 659650212
132 205 147466058
118 298 298025241
218 192 63659430
218 69 390354878
5 115 10044468
113 71 682932262
142 130 5999355
234 207 753610582
66 183 668693016
238 167 935735168
101 299 26074272
258 168 275096321
99 85 353926612
128 54 750999633
105 110 565161947
224 275 663522569
185 116 976603898
91 49 898058004
25 114 901509687
292 104 538491105
60 204 819070203
83 162 851994623
104 12 637341759
67 139 911669513
99 295 759467774
297 270 833775948
17 207 985412863
114 49 27949512
170 73 457480477
108 65 966661280
212 176 920174836
67 258 612970849
89 113 343074560
299 232 26661750
211 82 54087296
37 79 435395665
84 95 706035471
299 261 724522420
262 130 96983444
38 237 639595208
270 200 993125583
157 266 36165193
205 106 43810357
264 105 369987688
265 67 618213170
260 103 206165100
224 239 944849694
147 237 368419906
66 198 669901035
109 287 308351823
269 256 969747023
3 112 178189540
295 68 933157646
152 83 577025802
239 47 168947168
160 58 173422223
159 282 571710561
5 128 201741397
110 245 943980594
97 53 108424980
19 21 514252188
193 24 81637051
85 70 423550419
30 273 735583201
183 212 896913500
50 71 109112257
72 230 660091490
84 286 255886669
280 95 621020213
125 191 852475566
257 210 294880638
96 154 941361013
46 238 828081883
116 19 851369955
269 201 381212918
168 3 35823941
176 126 21368122
166 210 135211507
34 241 745774001
147 66 227989344
64 74 37693005
53 169 997148358
66 266 137061296
200 134 95622166
6 102 597340419
76 21 811163221
216 196 615545498
89 61 877165107
195 147 355312500
147 45 141451917
290 160 196524690
94 212 739815710
104 29 445675
51 228 106997708
16 286 647571361
234 61 666563781
206 28 125603577
4 116 537298589
62 62 305019135
113 208 902301779
229 250 34138438
118 43 847926102
227 146 432509430
54 196 321003010
13 264 217293147
126 249 650076407
206 207 212725786
234 262 221576701
23 23 516873362
257 136 696906121
288 116 137147970
177 234 727808265
30 212 466035362
160 17 341406910
21 82 449545073
167 207 92822973
125 164 229887479
110 98 328800440
210 120 119243315
123 128 104012250
243 167 129591865
65 44 392506850
229 125 632572914
42 284 850235730
51 56 710042063
23 222 7046921
296 98 407814085
226 207 890463482
66 168 992293701
280 290 723356580
81 285 133437547
297 101 961707742
147 81 56093266
12 122 701619902
193 173 219290657
156 247 678915031
76 294 730569428
160 220 586979635
41 285 174755054
93 264 158252696
25 96 86895032
71 92 97830032
264 290 771382312
229 1 426103585
282 194 698368057
39 49 595269856
69 176 504599249
248 36 361276420
282 128 789069104
288 273 612253319
283 297 934841314
14 119 591457658
145 82 122092847
108 62 11836148
192 44 815955993
201 134 391978093
156 254 746949368
156 201 141200255
76 235 612677883
31 222 711225007
2 204 307681855
67 217 535485973
224 113 61377806
71 220 88934267
270 163 24807962
114 115 235773195
6 270 253261348
73 178 807841849
228 5 191527035
262 35 874039256
268 36 866147559
74 103 107263327
246 78 842700239
3 200 548873310
121 221 651886124
283 34 850106739
29 39 591321360
277 164 380129237
177 143 430323141
11 156 383488528
118 123 999362363
128 248 770335017
54 193 287864147
144 247 821526246
205 67 88190167
128 101 903811900
166 130 512885891
278 158 662361506
214 86 640922648
207 96 766279903
234 265 749658277
48 92 898739624
17 145 601526268
63 40 919396014
8 244 646315832
226 123 954577333
178 289 932470062
220 18 538288071
125 231 727356856
224 189 543719803
126 174 861416167
254 222 399109858
29 290 116580554
48 52 856528493
13 111 872859688
44 37 964943910
228 266 835404250
189 185 75562067
111 9 918062950
66 232 793230038
168 109 937068212
286 114 201456185
143 194 356728974
248 241 543267077
92 253 730080387
179 48 710391775
141 276 240529492
90 216 980863076
57 27 298786736
58 92 982706767
247 12 356452127
10 297 169681092
294 192 321133285
19 139 264851325
95 283 625263929
34 161 196170577
60 1 784664952
52 143 28249819
227 251 760180545
163 8 412846689
81 254 677451700
160 264 120444448
51 9 140934791
136 28 2986930
212 174 120678412
241 207 366868924
69 267 706502377
120 18 974983019
138 296 100389269
235 210 784076
123 43 174430181
74 202 558395796
21 4 354137105
212 139 623415784
293 103 56982557
56 43 89950516
31 111 580195082
7 282 473278451
177 171 750063698
245 105 856821208
72 279 333806802
205 52 832439903
300 125 79950658
156 88 839923297
39 80 934758199
96 187 989719293
111 217 200977155
144 276 353196736
246 152 179660558
43 149 735516463
102 272 138643841
203 176 919010745
257 176 344545269
15 31 408698556
263 122 966973887
13 217 140049673
105 79 999827541
59 274 252809868
46 219 873979672
203 13 963726220
217 115 80382643
210 69 693346419
254 78 66046046
174 92 700102276
181 106 923963597
267 118 794612565
291 274 401999695
283 84 178836420
3 129 745884838
174 83 410757703
245 300 177759869
287 209 380698137
205 214 557045114
50 139 786751457
278 19 909740462
26 285 713286679
43 27 39625752
137 9 89734835
9 11 69327015
46 236 305546498
200 180 238942449
168 219 8158709
205 123 532206022
70 225 860662360
27 254 254742630
140 279 976388014
71 21 575713592
274 210 200030552
209 218 102148763
75 15 713596950
24 215 145584982
272 82 478495500
180 38 258191274
1 160 698201998
12 238 56179003
41 77 551053182
106 147 534986154
249 121 409977615
101 81 354863984
15 155 968046451
164 231 660282717
245 202 609332650
244 82 48410740
118 134 534562099
267 198 707054536
70 290 475628512
203 96 258603411
108 96 243088631
223 196 76368063
58 210 122736017
208 74 97804399
76 70 682966601
26 66 738897682
65 235 502836367
263 201 982928664
150 22 286433554
61 276 242255401
171 84 426107796
153 58 38021292
215 115 885177353
184 75 828656578
82 150 14043948
182 227 624867665
115 291 214286299
182 5 185534551
197 154 594791425
150 267 993110100
2 189 767993083
250 42 34450692
93 8 442314207
145 191 517179133
23 25 66811834
22 258 700544961
138 125 319305603
136 6 605139508
138 254 970133913
162 156 37400979
214 157 770576820
296 158 560233713
188 250 482739720
246 95 365863563
78 169 307409639
111 242 137828196
123 79 301049620
126 266 299910277
185 155 117338831
97 17 744801538
28 230 572037446
147 277 877670704
111 216 552238953
30 213 333435899
244 290 49918119
182 153 568245912
130 275 513286942
149 152 99327507
278 36 69451214
60 133 460900430
297 212 824334311
142 110 75229587
197 220 953069655
202 249 47652367
300 245 728673209
71 126 62944013
82 255 898493387
224 156 112175991
82 133 604098626
95 244 49427910
176 240 485564821
186 133 535602530
225 30 759774749
231 283 493337550
97 282 102154494
5 52 746151571
117 186 563156978
256 109 854220333
246 242 624284617
23 89 990688660
233 264 550750351
53 202 876507135
283 126 845629716
183 56 862873398
32 204 114190432
125 261 796982583
148 129 37044820
125 136 790115028
9 133 565586122
77 156 727876610
36 88 590403273
38 192 830016774
224 174 374463051
140 57 176811758
37 140 137231614
268 265 131879474
3 164 76215702
222 288 573766390
2 296 31674822
23 72 906555977
184 159 100354116
256 248 246117708
282 171 731965633
184 10 317672641
142 99 496576281
107 118 223347397
280 172 244137560
33 146 122103747
222 147 416498994
296 221 899091565
224 104 118119175
240 111 771815822
199 144 441721344
31 80 120949106
272 273 672372504
104 79 915214673
200 58 793941845
159 142 50631542
105 116 770366088
98 111 76280660
214 34 843735515
240 25 515650277
213 223 922041721
56 6 142405600
261 277 206070024
16 80 545233902
189 31 144293059
285 189 637012252
226 45 892125167
65 142 793822977
124 107 953694363
90 98 619577087
166 10 742621562
138 65 202277067
189 78 168732595
212 93 138564426
13 281 335119956
223 17 2536744
275 242 115434888
193 58 90313381
222 233 678780139
284 22 998954336
122 188 527684497
183 77 1659261
1 266 99376790
95 177 788176883
72 242 688306915
79 216 593708732
222 242 407530225
161 135 900137483
293 56 327515
283 91 404352189
70 212 922829076
166 147 35348952
79 199 736833769
68 294 380837198
202 117 512593139
17 196 981427354
200 169 276868448
24 82 586008882
258 126 260220689
125 161 253198231
13 230 184518594
140 148 796803340
43 278 997362239
264 97 954927884
61 299 660581052
151 67 596925347
104 266 324046568
103 41 104863249
184 51 734721474
124 175 744917734
154 239 986922716
148 130 135904563
39 224 751071592
129 187 226767888
264 247 56203038
216 97 75167604
114 253 729886669
181 55 280406810
29 291 479381860
55 166 179655686
240 20 785580476
107 219 72501657
121 257 75768180
112 138 237246519
200 101 85257517
89 16 132394314
293 182 917633318
161 62 865326624
70 143 413999466
81 249 823872532
18 240 200660403
193 47 876365321
249 167 352823329
281 279 627396666
199 230 360045919
115 18 358835786
180 10 73207967
249 223 679725381
125 44 283251275
290 125 618507123
73 194 135443362
227 87 673499060
247 87 516062427
28 67 119237757
245 265 709792938
263 132 343931007
49 11 96819569
67 260 698345291
147 84 281431334
121 125 177975910
95 198 567634704
9 124 88504542
268 123 960570728
146 202 964634147
2 146 485424963
191 161 608200694
98 261 317872005
66 27 237104916
256 174 378709699
241 46 861718523
51 141 362520272
106 201 81775348
299 168 748365422
278 66 715113823
24 119 314449920
87 10 53903280
32 107 144826040
236 224 512942519
151 231 132945392
201 171 845634989
76 273 417002081
147 130 835006381
146 128 625663301
267 106 305035266
41 181 844876384
13 267 807495945
144 299 684308603
236 286 572133926
54 189 21833556
97 89 167355179
185 164 186674703
166 63 647426833
98 260 490632460
198 279 381895017
115 19 433332298
151 31 130369264
195 175 786239314
98 162 718814452
275 215 312683240
83 11 651588080
113 247 597247496
115 164 364698110
247 262 35715269
259 211 211180747
75 26 458724718
72 176 92797100
88 122 19817526
153 271 237128387
204 246 257672201
195 80 919427063
275 192 68027962
270 6 267960625
79 253 59264138
199 211 67601801
298 37 745492526
115 109 495361753
14 196 124705426
140 100 465315797
126 4 941843142
79 250 133670073
41 224 503119064
2 245 89381169
179 75 392399573
16 26 50290383
116 23 2497672
293 137 124804680
97 150 105129727
23 289 729712126
219 167 569882681
112 245 938324631
84 285 339142406
247 39 369583503
167 217 541829677
40 232 596628902
174 100 745161924
45 92 298669812
24 189 644916962
2 263 508753602
80 181 127308120
160 292 905736364
242 127 468498101
300 73 31104939
2 239 714033855
130 278 429065338
232 204 243801189
107 248 51217581
119 24 904225321
32 25 75013483
285 104 881414215
105 16 265270658
168 257 360252884
20 8 669479956
158 9 987365746
264 139 853793476
54 122 171569879
242 280 943192626
274 150 145982749
194 233 737586326
128 218 595199129
294 22 993736544
151 241 724039553
134 261 125250560
241 170 419469421
287 134 148525811
114 187 761564984
92 128 3748863
69 102 878779965
70 47 179058897
147 227 118371966
275 272 118994587
171 123 644212180
75 8 310006492
286 249 147482461
258 287 575706646
68 100 23744384
103 243 735396864
118 63 614398017
282 184 417489515
78 30 72201193
196 5 459947265
34 227 845998387
113 53 295640146
256 38 773319794
269 296 823952132
166 115 448814283
250 218 819476125
213 35 436679340
81 68 593890323
295 197 881211753
188 92 746359109
52 126 35585287
90 238 472929839
135 246 36159676
181 214 849776923
212 79 62307390
147 80 435316059
271 44 972551793
262 124 110343612
85 119 322717708
237 58 580562400
197 161 855388625
83 250 643924914
21 136 256177759
48 16 544662324
123 280 85085255
12 126 901190934
170 148 580892578
114 110 591104553
125 246 496800023
84 182 370180180
83 130 523708640
207 212 655900141
21 232 209878477
131 31 663996144
155 153 989688923
9 216 340803800
294 85 536816900
23 250 14407561
176 126 367466106
198 210 329720639
30 292 647530268
269 251 356480279
262 23 782016862
38 205 960299692
233 111 593622045
56 119 596807660
107 165 405172597
6 187 843784998
66 62 22988476
123 12 412984385
61 41 299367828
128 61 537527430
158 22 918871752
119 111 257127609
111 44 391924619
7 151 260864390
118 257 765137854
66 15 338153940
264 132 423533554
39 255 665560365
75 15 286930905
102 195 663870165
132 52 304794639
235 171 567066449
295 33 967198092
114 91 347394842
103 208 900976851
256 26 164761017
47 289 300638548
200 27 381108254
64 153 30858069
20 254 454967315
37 137 304883566
75 124 67656388
223 118 703585472
167 231 806292862
208 85 677618922
10 40 722736247
126 139 637946187
74 38 593720865
27 154 855561017
47 173 575350822
13 261 290617711
279 35 920233434
218 10 426358303
190 176 348400586
3 83 947224670
76 93 840484762
122 218 218851152
260 43 800824689
124 122 809514794
140 220 679336019
214 233 926674879
124 263 856326014
209 180 887872223
111 121 988511598
48 124 358155332
70 199 897780276
183 73 772147446
134 32 134411740
174 208 513165061
68 99 496814533
186 12 835294765
16 135 391038379
181 43 526669058
55 206 650804979
104 5 422255354
236 74 666122752
263 8 662692476
208 141 197394360
248 15 863949267
160 134 370434565
292 71 144717429
108 86 772382863
186 267 731213358
196 21 447567215
274 125 122361371
279 112 850304145
130 74 29429352
158 282 878588145
217 281 198605211
183 140 798995344
299 184 211610914
127 291 215643151
142 177 814901717
251 72 454807890
265 97 123873266
35 127 32769529
231 256 226760602
135 165 183026635
179 81 35979367
41 15 446267507
284 14 615738290
49 140 232202832
199 33 981666808
16 283 948348331
257 299 783052379
74 34 908034305
2 16 841933213
3 202 99957929
90 132 174470110
156 172 634451724
114 155 702853689
203 203 671877081
35 102 166421113
94 169 770215496
277 177 783343794
7 250 328167379
164 251 107506747
28 5 150791248
56 94 189125380
165 2 421114351
41 115 645753506
229 18 779686460
61 104 186040013
174 249 679715881
21 277 273071009
166 284 384945958
97 199 753142960
43 226 751906265
190 281 269295210
169 198 488772811
20 290 709122926
77 270 398600195
36 31 789407450
149 256 863211498
181 276 125909727
90 193 655521810
299 289 917631108
159 31 606687185
75 221 117615265
136 89 182434514
147 160 583080303
24 236 874922673
270 24 582355055
19 224 19282210
68 104 660952337
94 245 290709229
155 244 89236618
114 102 16557600
298 228 370947072
215 63 341530413
28 261 349421972
183 284 745407960
7 253 456658483
161 23 521729906
22 91 472854461
158 236 730586806
238 91 532389249
7 204 483921102
107 202 189604981
178 168 66219743
90 247 307570904
214 129 475297739
273 187 115484092
107 99 575086466
164 120 12283656
24 29 110534444
129 267 820327934
229 273 764327937
182 131 401737990
62 9 850173357
5 150 144584904
260 115 720569284
198 139 305565523
141 245 629412321
107 160 563908241
214 184 622521969
257 64 95962735
142 45 778499860
231 226 834174590
220 40 486450350
129 44 76857552
284 55 954818166
19 4 718256505
241 145 676347401
262 3 203337113
154 268 67047396
74 277 555614111
261 170 201426507
120 100 635889333
161 20 753640272
211 200 620899067
162 235 397752973
227 253 706983376
183 246 369107072
136 259 106694174
248 112 489577394
295 237 775774822
157 197 785614391
64 68 135940391
248 229 81007162
119 139 323504413
137 52 8017047
209 30 560147051
36 213 432943596
8 100 108335354
33 47 2746917
26 93 591216606
99 249 117190802
290 12 916718422
32 259 118941350
93 129 915342640
105 17 382779843
103 225 623554772
53 13 60956636
1 20 371332835
206 52 758020481
275 130 993099673
280 228 484700874
233 269 729217885
254 300 920089096
255 144 958438424
146 300 22713993
88 102 953119717
112 207 14188029
47 207 575026000
82 164 889811452
214 138 5670833
139 117 845862612
12 102 48517533
248 107 897059632
143 62 30045128
219 259 65945727
11 99 717811181
79 210 545788539
160 8 130305045
259 89 137245108
162 3 421871998
246 141 870369614
258 204 9994167
290 151 52431374
73 46 969138935
300 264 233008545
279 26 374303695
111 104 16579156
149 15 220791564
145 274 358273752
4 187 892078906
53 133 815306698
167 90 612658001
133 131 718383404
206 203 200055649
92 255 721145864
289 285 451851689
283 95 50325544
239 295 530755459
202 191 320683784
5 246 162438322
111 299 209173554
160 217 11784795
61 101 766273225
216 7 74731180
64 150 114687434
279 190 509636770
167 173 124874016
262 163 506187710
20 64 341431952
155 120 915335497
177 282 502286695
82 142 825171511
77 254 893984112
253 169 761155870
84 232 248342071
169 262 588551261
238 128 8603485
153 141 672561547
62 213 653733362
265 67 162909033
62 295 239651115
208 77 551782656
271 205 564478009
134 157 996120577
3 241 899282360
125 109 995109221
137 47 587969200
21 251 728187840
119 65 799036952
32 29 121200319
65 90 562148965
79 50 626023741
234 20 29642145
42 153 391793754
70 207 787209746
29 31 183093906
1 168 89083004
100 240 630051055
39 59 164702119
243 142 34468147
213 206 7200989
177 284 437703690
270 269 298631409
266 62 41517313
119 131 575000919
16 211 999940649
22 211 609920468
125 10 413543860
179 101 83372370
49 95 125655711
248 7 703302917
288 183 55965100
77 152 440457621
185 170 716225782
197 288 731906513
167 56 91814875
167 77 86027386
35 201 7545947
194 132 584558399
215 180 616101693
25 127 75892499
41 114 378596134
93 190 150236337
113 126 272971606
194 74 138595694
158 240 91867401
33 107 758331577
170 193 79587577
16 138 390719160
67 52 151395740
159 76 101118166
258 117 952120132
291 261 289588973
279 73 412156099
85 18 66371524
230 228 122203464
130 12 137141622
106 181 868590114
34 248 582609151
94 14 215087454
85 173 186648029
202 182 905626497
133 224 427987957
6 202 46706381
56 286 478007551
179 215 453797978
294 44 918408889
215 201 810384021
28 235 284752968
30 80 778590482
83 164 760514606
212 117 453901487
260 250 89863610
217 7 671153663
49 114 765710549
199 292 69679015
28 286 822410111
168 200 782235411
188 280 733775197
208 9 67748628
241 92 935551443
146 55 290818160
284 14 938185261
45 282 167241719
7 83 390143632
7 281 673262523
222 61 843834560
284 228 186485012
194 168 569803991
143 75 428916999
222 15 831427842
165 160 111468196
276 143 879697262
36 187 564102995
154 245 63908129
85 252 4603862
59 225 692504522
71 208 898535349
282 153 138113068
172 295 990957942
122 269 940693156
164 133 600349667
11 108 423828961
224 195 353510999
171 100 60549444
199 236 15687547
260 46 436087971
81 116 996677178
182 97 184723282
149 268 28968777
191 90 7227697
298 5 497502429
17 15 348160188
229 291 497386234
28 161 259905933
123 59 878379268
221 19 878585113
191 151 104358029
120 32 594699377
201 181 66896797
29 123 949867286
125 172 632587742
105 188 374010008
244 169 906347698
277 196 646220158
161 70 510051869
228 290 797413987
93 232 905843737
73 103 586392821
201 55 124657953
297 136 511597075
182 12 245452398
175 117 74057238
183 112 273756906
180 89 50578753
90 249 465072222
58 229 237957563
96 73 805322746
284 145 16361300
204 45 203280154
56 42 100080789
82 275 566507253
280 202 247545621
117 84 343872432
122 15 352873920
74 156 239488721
147 213 29579749
261 60 306764821
6 96 27918317
205 51 787739613
210 107 653125506
51 240 426459633
203 271 740329734
223 139 968745817
54 260 723088283
26 85 797060939
246 283 553232003
94 243 789015463
66 300 115287758
182 204 118441708
146 114 923135266
152 164 893481858
184 118 422417528
169 40 436515867
237 145 209533778
19 170 792050015
257 115 649136797
212 260 723784392
174 77 968799191
283 10 253058847
142 156 927327160
160 59 649233975
169 242 132770192
96 162 477997783
214 98 28789179
44 116 285501949
258 125 192657515
206 36 779835627
97 261 353801103
288 295 794988613
186 136 743654120
145 47 406778
71 215 844222571
114 63 15431232
248 28 335294929
226 71 379418296
126 28 92345920
141 234 879826155
167 82 235907167
21 121 423360361
185 6 265660149
204 202 685941795
33 24 282719862
103 137 478411876
86 136 709533703
114 62 38135474
10 187 108783553
81 79 718098386
188 297 147413420
254 18 660495140
15 254 362918746
263 210 34527747
9 242 29588823
22 45 775839459
97 182 161342847
200 296 657339108
125 57 106879246
77 189 850104425
263 76 371882973
34 30 173499642
173 96 902459396
70 110 154932705
117 118 931326346
239 140 928379242
249 288 14038976
95 187 818567771
54 11 278932979
252 140 634964167
228 154 471520195
200 187 171991876
242 59 159739571
237 129 552939780
193 297 890050649
90 287 453792040
84 287 722575828
259 134 258452066
129 187 99556229
159 138 354671868
77 65 594413721
71 17 966195207
146 258 130511465
68 246 155313945
47 138 75130393
248 227 67033279
287 10 611894766
14 268 871057699
280 148 354377537
8 6 168733527
227 135 16746443
247 205 270299259
153 103 102891616
169 170 122015613
66 217 777571250
258 216 705917577
137 202 540466538
54 268 590224406
104 299 231308005
92 58 37617611
218 284 54182797
213 230 194974701
171 134 337017903
139 54 640051973
51 119 509533041
153 77 835511756
129 265 924296509
218 70 645946776
223 173 111430974
180 16 272821683
90 234 779758066
238 146 79170195
238 68 842285980
93 258 347100534
65 61 453960504
57 213 385479932
264 93 61208448
72 10 93040817
200 285 57067441
25 164 307665857
208 5 866085942
125 242 749074139
272 179 79446058
251 23 960093316
36 139 365547876
240 195 73380988
271 210 494542932
19 34 464467541
187 233 130928277
228 9 20200440
36 268 874934344
77 93 601829137
15 64 543343168
72 66 889010690
139 102 131400029
266 41 632560575
5 63 228004085
136 81 694543418
277 20 530641702
205 247 700246262
245 282 623662430
40 110 785680974
77 176 265472089
44 299 905321754
85 138 904846855
213 103 570524247
40 108 287833862
24 295 265467794
93 23 448983213
146 228 895447559
207 172 617559392
288 263 481404653
161 39 383541128
149 134 108447579
255 219 911184616
161 183 714849170
108 222 592822229
169 297 39646724
114 89 224822898
27 286 574246325
237 193 960633796
129 180 963952359
233 93 186031149
161 293 170213335
139 247 952993253
6 108 223319987
27 267 761237761
208 187 794750657
83 300 723434798
280 26 77931883
105 263 411004527
152 143 346315159
162 75 522061103
211 287 351198095
197 177 444080594
49 234 853039101
187 261 706146919
247 220 586205205
56 2 463714456
5 281 82625182
239 137 895933996
118 289 521200290
176 202 439828716
130 164 887876755
24 60 121275631
217 160 608759017
269 47 212659729
39 45 378316348
243 152 997891949
199 156 148725781
232 147 552547818
279 264 22508206
220 191 80108359
287 20 206346723
41 43 423952982
24 12 538436742
240 32 773117988
220 71 594267184
67 65 944118636
215 15 251139843
95 298 593262689
112 276 234008052
169 247 372207442
128 234 529921961
2 26 910866056
183 49 106603967
224 40 527723850
63 259 175339920
247 77 340690085
34 291 487488799
276 138 550877597
65 1 279306824
168 222 46493123
110 101 439748856
122 102 51983481
177 284 856988982
295 260 463524373
197 22 84249384
116 268 97480360
152 1 353625603
151 29 148894540
199 93 888351340
274 260 299536913
296 121 757526913
251 243 321184414
284 171 266978750
117 218 280830309
41 114 988373430
224 229 836391650
236 81 769003602
238 283 37349130
129 233 87207274
268 206 300069734
133 202 753176654
45 204 828966348
111 239 585788519
160 107 835279836
168 148 105164149
197 123 423297729
298 58 130370661
100 47 566388095
281 175 282227627
255 195 262228785
188 27 847851986
293 123 36395141
41 233 27325380
11 92 235180738
198 259 418452885
198 208 218940260
178 205 29090517
239 56 760078316
33 37 855765490
112 291 762052436
96 230 73443362
33 222 105014237
173 14 472916769
4 76 296646061
294 273 709548771
78 170 847481978
37 100 251870035
106 38 839200190
273 122 351854278
262 285 172006868
250 80 304760397
263 164 355807871
99 89 301599284
168 144 432955860
80 137 437673784
250 215 420917206
80 3 658500205
114 160 133309794
255 132 559217715
133 146 923484300
52 95 488338331
201 109 101631795
271 208 504792535
54 75 872629578
265 206 292840015
149 155 36393081
254 234 322229035
210 99 179438395
203 106 73132178
69 290 6559523
168 41 446805569
151 293 467313678
297 263 173098085
231 69 889591911
60 33 913441216
274 233 954194770
206 238 564367256
141 147 995828706
287 49 87779311
264 118 897106052
87 37 743299445
55 239 783636237
132 287 373924300
168 217 668279268
278 29 952173352
45 2 810763985
267 260 370001074
122 100 583352121
179 86 289159621
42 49 46641290
193 187 631797779
189 294 532967417
126 125 556814704
77 45 208132172
44 74 359549400
147 119 156422754
183 85 635145313
157 258 970462464
29 188 341812601
249 229 969811549
91 174 418567888
269 62 429854481
137 239 323501357
240 15 272606601
64 110 19278475
215 257 329474545
68 191 157389581
232 47 919907190
195 75 612856077
47 76 29048258
196 166 65589783
35 186 613263744
115 22 13255435
71 14 934456449
124 77 750178759
250 291 265112067
194 111 290020357
26 94 47421056
115 41 268149930
143 87 946399305
100 34 981326822
282 68 152213907
278 182 844544329
212 5 320165494
212 128 82176870
270 77 47676912
88 22 373088374
97 47 693556568
152 213 832060308
281 55 130412194
238 207 263456480
111 240 944728347
118 217 309114981
198 180 827601385
291 92 625310512
212 113 426553540
175 253 708288661
1 49 480421807
168 200 515376519
127 232 278525225
172 169 946399831
251 280 437106471
150 149 216425239
230 46 297611571
14 88 762605562
277 51 919135026
16 225 179795678
128 225 687124226
234 144 341058077
4 22 557230809
128 246 134558077
211 248 759399408
181 97 583968708
171 78 452810305
41 143 686089692
54 171 71016442
180 186 507783819
9 65 369480195
187 50 202178491
263 53 690455364
271 233 964723009
200 143 993470609
159 75 868910157
267 245 900156635
171 38 619844129
215 91 800766800
8 22 721994537
78 31 91816002
73 269 243169351
15 231 543947456
278 202 420159188
239 153 523237082
199 11 437771256
255 29 85219652
141 252 910677489
170 166 381783032
121 225 417671305
257 3 198137987
158 127 262823655
161 193 952786386
216 222 677773339
255 160 572342591
136 58 100926253
143 65 994976682
94 257 412336885
135 126 186580202
18 246 241239426
222 255 789131080
209 164 199735358
163 76 675230750
100 291 758588972
238 297 267049383
280 184 194082593
33 26 408598757
166 172 515787213
250 58 135492091
3 75 68480188
228 48 36746042
260 256 837138358
117 171 860310133
167 22 502725176
138 260 184542672
20 239 281516056
12 23 83932933
120 240 824496604
185 241 118917261
75 243 201494287
14 223 637382635
208 182 477236642
265 298 131363612
149 164 110098986
24 53 533667045
196 125 531959435
3 188 205902410
135 60 402989001
139 244 683039742
251 70 937667536
138 83 555595458
72 290 30987291
65 6 858545689
229 155 418534104
114 230 617025157
258 125 426100933
144 179 334811320
105 14 456787779
6 204 160333874
199 206 728425343
34 43 82058726
144 166 963012767
134 231 208425825
122 159 678608031
26 272 876284560
34 281 838514437
166 176 846813715
237 281 837631680
68 286 635464935
141 184 211747093
284 269 62939735
261 112 383974553
279 246 799571835
3 119 293611545
285 144 123676316
145 229 380982248
233 146 744972423
147 83 126581955
179 150 223767140
165 290 277116775
57 25 371782044
44 285 915874755
248 16 940382200
82 70 8882771
126 55 982361514
193 199 887908995
292 183 446593440
266 29 698258874
221 259 99693075
160 176 958713565
35 232 561294741
230 27 136978978
184 274 501295393
136 107 715186162
206 232 457259316
171 176 456315766
65 219 550869948
157 185 440251929
30 105 814609739
105 16 309408314
221 102 988911098
61 31 916057824
290 215 179855750
182 102 727360356
144 7 704699540
211 229 88065967
177 294 258441886
76 202 813316070
56 283 731786826
295 87 385104941
160 59 902903543
257 172 509481025
133 161 268195791
34 95 971946392
41 238 482131950
280 200 781113979
199 128 609317824
284 204 413336925
5 11 743946507
182 5 700839646
22 217 95246256
16 225 488461079
41 57 17463092
83 142 183547686
175 183 701901023
24 162 734815122
154 112 738605750
277 147 116659205
53 203 309227415
60 84 983436472
257 158 448694688
264 173 546429512
143 265 45215121
234 48 124907262
119 274 365382644
293 297 323857158
66 151 88396769
215 179 622476068
71 232 886894770
186 43 465956054
109 299 597281211
248 262 36290135
259 156 292463852
131 89 781481799
93 259 32839424
288 251 971119620
97 17 934985422
18 283 533754653
85 54 328247884
54 291 767444326
159 151 404699976
121 98 335261089
256 108 47588745
107 239 411662385
57 83 758513344
280 70 495075346
251 167 503647162
125 236 80383597
177 20 636911150
212 125 40006292
289 284 420589142
64 104 79870739
204 111 269313298
200 269 329099236
37 77 89168518
80 56 767420140
177 59 687711258
239 183 790954993
35 111 552143764
236 22 5655988
179 62 322480423
220 125 99898279
110 80 374199689
107 280 142881210
95 16 334908286
164 147 983120342
55 23 616186052
164 13 316574486
156 99 618040296
271 86 553864069
159 264 891490130
81 235 888134806
159 44 731575537
100 203 469401068
9 49 365790135
294 212 31772433
87 267 109906956
238 182 661389920
75 38 914088571
270 60 504914056
290 218 178905372
71 51 504135306
28 261 265507302
65 60 879818304
132 120 233716604
19 114 711338015
51 252 637651733
158 242 700369015
278 16 542961204
300 38 717572063
55 27 82373933
126 150 107330883
184 177 597373895
285 293 74186307
40 125 680649326
143 143 604187591
209 193 827921443
242 51 673069636
208 80 751173951
263 79 237823740
77 185 981850367
109 63 284809368
243 298 329802844
38 282 553439037
244 21 425119013
21 163 310632907
212 123 241753151
106 64 180903053
241 23 641988884
143 37 539099214
83 114 229664451
101 222 40073613
268 217 32011062
63 6 913435043
151 1 121712915
63 21 38044929
221 284 226285451
272 89 176602567
176 81 589365289
160 276 712567526
25 58 116297691
75 210 30413364
239 229 414761780
100 291 571749537
242 142 870530237
156 256 696785910
284 177 654704145
235 200 572206386
1 127 122362266
141 38 613894793
18 63 579595002
8 137 853829611
272 76 426440691
203 175 922198382
140 169 452090775
128 24 441236882
137 60 200269610
234 294 970942109
119 46 491706488
136 238 699518925
129 256 985994987
282 263 580799124
293 286 229037651
35 189 257688925
68 28 285220693
242 155 433345869
124 44 887593028
285 29 726763973
294 147 127461270
233 34 679050207
157 214 946614662
144 196 898968677
19 240 566525614
269 274 511530902
145 42 10766781
138 35 934763488
258 210 832823283
85 195 359650311
257 240 939967309
278 172 696136542
184 28 94569156
98 223 567376503
26 293 115871842
239 13 19012215
93 158 904028708
273 47 370495743
60 4 712166552
294 140 129310746
256 148 297903137
64 125 4617508
258 8 654005488
65 157 232062062
67 182 319586355
8 121 998132367
274 213 377905376
34 237 744126074
76 49 530140329
79 42 623541168
277 298 456125267
113 61 450321191
173 70 990211851
260 134 22411907
21 200 298406389
127 259 237237261
246 285 497919073
221 70 796251309
47 197 66997457
175 275 995497151
195 3 88884348
61 168 992159060
104 92 253974182
154 51 116382515
112 123 851793267
200 250 576078277
160 247 160766113
84 219 509885482
245 265 846448478
153 192 735138005
103 86 157781159
102 198 559764726
214 1 650738917
95 206 84709219
161 18 93737694
127 217 144894343
156 129 646376941
168 264 271058159
250 208 468096776
227 113 915116767
283 267 88175652
42 69 148431401
267 34 841172502
36 180 861643507
206 40 232256324
199 219 103933693
193 74 713912873
133 241 560112936
44 242 143817896
219 169 532025208
285 151 572748374
188 244 207388094
288 211 280619779
141 298 193901258
148 203 768647750
223 154 4136168
215 46 181477493
87 179 608921485
275 222 796353627
122 192 442738747
29 176 283214849
254 115 475563093
300 154 432064555
78 295 803458152
36 194 379485806
137 116 401368859
156 31 866518005
248 169 273826535
84 195 894352608
110 16 196192999
56 96 946980826
205 102 87408092
49 101 913389845
103 230 118614939
206 17 269759584
211 153 894047400
122 8 800444782
78 7 702864602
212 91 13936149
71 252 24960964
69 8 825513312
46 264 988341565
137 12 720833817
81 114 303609846
72 19 783087263
255 281 780430167
6 102 299774727
87 231 522598433
89 142 762855475
37 264 964383127
52 32 422436486
215 129 567714049
231 265 580811612
47 98 41277377
145 169 752569495
207 175 651722827
225 181 287589881
251 19 379205011
36 159 52911105
210 247 203060768
36 299 25847000
273 265 25799680
121 196 732777845
84 294 765204042
160 138 94209562
254 96 137037636
133 21 492768368
113 23 109330187
23 58 542104045
127 268 805026092
195 55 775573642
46 80 131776358
25 200 861975805
21 36 687005799
62 195 615508888
23 201 578055984
159 33 60109956
278 145 508929178
64 219 152144788
61 98 47579555
4 292 717165661
297 89 730823240
254 165 508782692
211 186 631855627
109 247 141319421
248 22 494776273
131 232 638916305
138 209 566362101
168 273 656318672
255 85 109180769
61 88 980525512
221 84 148716252
213 89 787036316
156 299 480779901
134 159 847667400
6 107 129392021
79 289 315507752
235 127 898782960
236 294 841064184
259 248 536971820
27 8 939015607
190 280 380318242
141 244 140139731
256 99 785488581
9 232 150854240
8 238 704261946
80 16 876284034
31 2 579546812
242 237 470463105
178 247 406210404
197 273 581851911
56 162 272102343
49 2 355268586
131 10 192649685
212 18 121133968
203 77 429524505
248 156 317630272
33 238 424367574
297 179 168614862
201 108 206690809
157 57 500292533
67 112 29945547
9 212 91849748
247 43 30590509
231 6 474431378
198 208 271039754
155 207 254840361
126 291 888824598
151 287 776808129
165 240 759855136
73 96 79970144
5 162 971136055
151 223 223736519
51 169 272878561
11 151 609083466
289 100 235721825
94 254 4539231
55 132 496852421
252 282 144724560
132 198 566102399
68 270 19712694
111 27 939923707
18 229 598837781
136 31 351723501
48 94 391230551
265 82 691009251
89 175 533100456
119 281 382618087
191 233 368962421
250 116 660748318
248 235 317182940
93 98 838558818
100 115 254821498
132 2 657820729
33 101 783179722
83 65 105329855
285 205 895310881
141 75 407963162
179 265 384627646
251 267 602112461
221 266 672789096
160 59 676627693
229 210 437280659
226 41 178484512
254 125 25634164
127 208 735296728
133 244 100743084
14 136 421479758
227 67 46875522
72 17 826687640
84 237 621985806
31 148 157515416
75 76 373200177
233 2 15361517
196 7 140755642
259 186 140613101
138 18 558459496
221 83 927395284
78 9 630038550
252 132 740384418
91 268 66664855
248 298 483611854
215 73 124751530
91 57 97421731
60 5 764475889
153 263 56577374
205 153 931572392
252 73 137288174
135 203 934204235
136 154 854431866
154 296 57632585
160 296 511562783
13 210 450399207
294 1 311422515
276 112 125633571
265 264 66150186
190 168 720785438
133 119 42798762
159 6 601153564
193 141 147758069
110 46 656783565
295 205 307764912
229 270 553184821
235 263 471276173
101 291 77400484
272 255 217346099
157 144 31726118
194 277 931516389
55 135 844112194
171 79 104584786
139 188 600802232
103 182 104462088
166 110 99176209
87 96 857179772
111 197 33443562
247 220 392443468
45 76 990756863
115 21 612472491
3 127 247394877
248 297 829728255
85 136 66420843
268 290 867621576
56 156 744893238
164 294 1151385
287 104 947818533
100 50 710528252
219 147 207947079
182 13 160860451
172 67 759550778
49 66 457687974
55 150 255546461
249 118 957393451
77 173 723510206
14 88 959597899
150 75 989449054
183 226 890464156
186 145 732505654
17 26 547299666
167 249 118878932
144 49 143871997
170 104 579379998
30 52 173688815
180 128 736293239
237 193 513853127
287 95 68580953
193 29 433920278
148 214 854830922
1 230 174586099
218 149 5658300
201 292 742926048
249 213 68633951
146 243 754235555
213 174 667352434
151 111 405394179
229 149 969512173
81 41 12557653
211 240 540026166
184 240 317413848
183 209 653064796
182 109 159046139
281 109 293045852
184 7 163126746
190 219 874165919
23 121 854706281
153 50 64345730
77 182 197566022
29 92 292314962
247 28 933614553
94 262 668764462
141 195 321676322
231 175 36222131
182 58 96814589
127 247 972109807
298 22 103433727
278 174 4639476
159 3 449340710
133 31 18941353
294 277 420788680
198 122 681985141
259 14 808189035
233 245 542326410
15 126 658063919
103 5 57120766
109 2 964398439
287 31 932774764
215 190 784278266
24 22 383982949
276 67 271914977
256 264 618004551
248 275 75316464
83 259 655413208
144 273 503856986
262 75 783774542
79 235 369331795
217 273 115235025
33 187 790862666
150 262 593780739
298 238 816304205
227 245 97080321
277 192 104873547
92 26 161360205
100 169 155278777
37 183 35960203
30 261 775514289
24 230 477374761
48 262 851213800
66 111 493855761
104 161 276758350
261 139 620710246
81 115 207696590
227 258 845906415
31 109 930182484
159 145 971105066
61 174 878311278
1 249 763683207
161 297 265028320
12 62 166624883
125 217 704972195
174 177 151985233
220 9 978184899
261 287 258887656
275 17 502023065
210 227 63964461
27 39 728486387
105 39 864920635
163 252 441018583
235 263 247642896
117 87 878574313
211 13 2633389
195 284 421933150
293 244 536314436
100 218 359653805
16 128 47230031
77 206 487519670
115 10 308553360
49 225 135189511
32 159 523674626
127 275 115348112
191 237 744517376
132 183 326859959
81 227 922588802
16 26 230126672
20 42 179656051
3 170 594798356
272 284 206381218
83 32 778087842
94 115 279979252
119 294 26163978
282 184 721614214
210 15 75864248
68 95 362066274
222 163 691624299
45 234 271594092
295 236 165940113
202 259 250632396
171 42 95624280
12 135 141934346
115 5 784689139
192 38 754979323
205 247 760470989
152 67 370580936
77 288 121623598
276 32 225769131
19 78 730247567
232 31 975094925
179 202 121380918
158 265 599262352
4 80 489962908
194 271 56314346
216 228 895350392
57 79 38963710
292 208 704710397
89 183 680266180
171 253 145287109
189 184 694571540
166 63 239533393
183 272 705744157
35 27 225699436
294 221 825563207
239 136 79466034
183 244 63272164
192 235 139047871
241 75 850933805
72 246 323040410
281 186 16275093
272 51 738819307
164 234 586297331
20 20 848127157
8 13 161514277
266 4 133954365
151 238 525918408
166 129 560503695
89 121 506817469
245 193 295661566
54 225 657283552
99 196 271811054
257 111 555592287
87 182 665438658
244 189 238796723
72 154 331980826
36 56 545374063
296 222 917940143
190 10 154389464
210 6 787504556
228 60 815088880
79 158 784230327
32 114 81945937
271 201 266496218
280 196 416096959
2 267 356311364
27 55 19121820
41 102 172833193
184 43 103977002
199 252 73552459
106 179 847050918
237 9 145780175
263 93 413592241
99 115 384268093
168 94 758451240
126 96 697655958
290 122 188352964
261 215 756460665
153 150 814999107
106 48 870785759
64 153 924514889
82 89 780953698
8 103 416945942
100 253 535567556
144 120 654773549
83 298 13360644
41 39 795826018
104 51 547543732
21 203 38970281
227 8 277011480
137 123 49171884
226 256 23056724
75 16 982896326
68 115 715669330
123 259 635355601
271 93 10568450
267 185 345102888
84 41 363113438
167 61 237433292
99 39 72039451
78 176 940484374
13 153 542335329
36 279 875888844
213 46 207253511
42 168 920697421
94 190 774671813
144 156 171865350
231 239 595598290
121 105 654847650
212 203 17128888
63 32 405744115
88 44 745208219
16 131 816474897
12 43 741522794
174 136 203403113
294 230 856889403
258 125 567858658
107 55 984653249
296 227 654816905
297 139 469836260
37 253 706722791
3 40 119681087
122 107 879251517
270 118 673363112
164 43 217685199
276 36 147573380
30 46 473596104
188 152 393372611
88 200 122532689
92 248 45993279
51 284 235793831
94 287 337451422
232 160 40785029
200 129 926716198
211 44 202498441
162 72 641345528
41 101 17929273
97 40 356631377
259 127 400533776
47 271 509516823
26 73 553225759
256 166 84888345
30 149 407261856
158 49 631788484
207 11 57540080
247 172 182887051
75 265 717235151
299 113 80959391
75 71 111229369
102 117 610345639
25 194 900660812
35 202 541414029
31 231 652286378
186 88 965045726
221 294 5571536
300 293 991549008
150 119 775584224
101 117 978756936
143 244 846956106
11 45 355230774
150 121 697057868
61 155 960747569
241 185 336267651
218 70 11886790
243 43 914321183
31 42 803618327
290 192 616091045
213 292 74701314
248 134 683564157
105 144 548246053
130 45 325747474
49 157 274326880
169 98 626356265
219 15 494130186
108 10 509437128
43 40 729817170
269 29 190673713
66 293 904209204
279 292 508932089
187 96 263555384
139 277 778424729
264 26 806717285
244 194 889847082
160 165 532616849
197 272 847555958
225 14 692752297
46 35 764787577
58 100 986729669
113 130 189851860
53 68 73626607
136 258 993284683
16 222 350916660
53 217 107270106
186 76 598612670
34 272 689347493
243 248 293795759
139 45 215575793
167 154 775811344
135 266 49203725
146 18 719317092
252 206 186913849
87 273 630257822
298 77 471159538
103 263 41007965
124 48 833933289
117 291 211888988
227 181 904692233
19 48 955533086
262 182 121137104
86 80 57920021
29 31 586986278
177 169 486760603
51 167 563960279
88 21 560948741
5 197 862859189
193 65 169763931
80 291 321898911
64 9 936568058
150 22 853017392
253 159 261098771
125 187 86955153
255 115 176387574
57 165 27796340
235 5 306000612
128 9 757096708
68 253 922948472
298 84 97351662
108 148 348398422
18 49 451900095
109 53 604544053
31 177 230680091
283 183 517222058
156 239 94427774
247 226 433456778
111 105 280349738
170 172 469039942
242 221 358900026
55 80 559654925
229 97 174321373
123 205 176552825
228 235 476785653
270 270 662006136
127 177 71491226
201 124 416684851
30 286 963568455
168 155 427517578
9 148 125779798
286 255 85286730
110 183 537573726
34 57 40690883
258 36 3220617
163 6 69667138
198 132 711385315
223 84 661204190
226 114 77640727
32 33 865275281
10 41 652089029
259 79 240466335
288 240 126289269
114 274 761457925
196 283 308065413
264 145 291759118
54 94 934793801
20 17 479080885
109 242 63109850
287 273 114714082
267 34 102933522
147 293 944217252
281 32 493187492
49 197 629198317
226 144 676286199
138 160 816269496
55 265 858637989
207 284 874882905
143 144 986721798
192 130 157723123
273 96 815404456
147 243 790578300
98 275 168531384
41 24 634321080
257 249 933670976
208 138 69801687
3 244 112380351
243 150 625308634
148 293 122307077
97 184 681016406
19 157 19228253
275 3 789031647
26 152 230892922
109 193 323617697
141 201 976147545
16 108 54096934
102 162 144192277
152 105 33743726
185 4 54348518
113 100 121632854
170 171 497794462
22 197 138283216
221 222 987316367
42 31 243114111
238 171 682358412
134 238 833851819
167 91 218896533
143 242 991097837
20 178 730371340
190 42 275955191
243 211 933056161
204 232 222111409
271 152 228666531
137 245 826285613
248 234 649289735
259 119 631349872
129 285 694784062
161 179 951972655
49 199 28224284
240 140 45846025
231 82 538370635
143 37 377542718
252 7 352393922
34 195 693817166
146 194 430462852
232 204 685962170
203 33 366928407
16 245 765037485
122 46 619065835
105 285 983361974
129 267 832075107
63 110 662999695
280 113 614418953
101 146 526165600
219 43 788837393
270 274 937309097
139 228 657948881
97 243 169653277
182 64 463520122
268 220 122437107
194 48 274875773
252 110 706408634
99 89 786630746
3 242 449241343
102 160 520526037
95 181 797258210
43 71 468336789
23 168 376029483
299 101 324825298
21 120 342948517
79 13 476245164
51 17 263085873
237 115 933529714
182 117 987454255
77 219 823709366
13 65 872757898
275 107 968045668
163 129 181533787
98 179 278259739
95 199 877289359
12 29 667017323
275 80 479518739
100 68 682826005
13 249 38841722
219 77 778764192
36 142 691430808
33 168 861634314
152 82 652356294
191 179 233250024
29 274 215319275
287 285 573517503
62 11 435236834
100 110 506885901
57 174 427611802
130 92 646655878
121 179 389576871
280 211 601116638
245 115 602128320
38 5 768641398
61 85 425481171
87 124 768112507
90 185 420264218
223 36 350054879
124 92 638497853
25 221 125563744
54 93 192510975
225 72 7064737
14 16 389787051
133 105 227244407
131 218 945180192
153 4 125916467
160 93 731437851
229 68 946295786
107 243 453316278
159 19 143857398
55 72 501716043
181 48 513290314
217 114 597763582
68 246 554975786
26 128 323209655
69 281 412751759
235 192 102152303
285 172 974131770
123 30 240608764
300 241 624162382
149 47 476481206
91 227 187142105
157 143 357261718
238 210 588968364
175 288 355936143
30 56 231129875
240 291 982662066
242 27 588345989
64 149 693203819
179 200 788249759
261 49 851563905
166 191 75657231
170 99 467594473
288 88 269679035
103 263 709155322
45 44 436236229
20 35 871805519
237 28 304850098
26 143 976633046
196 22 45503346
254 282 507834746
110 147 12826936
140 68 631319287
64 107 256042674
198 209 147005588
71 6 627417683
300 77 110030717
270 65 549513345
267 142 772513687
165 37 19640508
210 42 767572541
107 151 640274639
142 290 824888907
80 54 383709765
54 3 53189226
93 126 189263431
176 177 875578607
44 146 947313171
188 165 992813113
227 81 557798601
286 290 578003043
79 148 757506693
17 289 24483135
75 121 994010488
240 226 493316842
65 18 231557519
195 245 792452395
153 289 752839693
175 228 417569509
39 206 763274889
240 192 687975530
234 270 699506177
26 38 663210117
160 113 210406637
99 52 449654762
93 168 380476432
211 114 777772976
206 266 604091464
150 192 113977944
258 283 227429749
146 274 816603740
75 207 354105161
203 232 627692299
19 144 167286763
8 242 651565614
169 86 838750781
100 297 918105694
28 254 617725311
243 103 737439154
86 60 270060336
135 205 625903809
126 31 235488967
87 233 3806151
137 3 955338494
299 10 789129187
264 231 998495073
96 82 814993669
41 109 883593722
251 52 957134924
156 137 305703135
292 271 987540539
152 97 248171721
219 235 934586505
269 71 709995007
214 121 489836569
100 84 871249599
72 179 87226880
92 219 915541389
65 221 665317292
140 76 745499828
274 119 88551451
64 271 511075899
236 241 367178333
40 209 989583755
199 174 693062575
67 273 834213110
217 97 251786140
96 188 863887358
136 5 845791130
227 196 82420257
207 170 843835076
209 285 460972098
7 221 316803938
39 260 267653098
245 210 268858071
271 276 109548043
80 192 493250791
119 40 382443631
128 175 513236635
57 154 547797430
113 112 791829151
40 20 232872336
237 26 971615056
126 116 795160167
223 60 266019029
245 30 21511856
240 161 932888248
30 279 644924139
60 158 220644565
146 266 325366818
128 130 409623429
278 170 561965848
165 158 145986325
272 284 676346840
39 258 995147499
67 203 500483580
174 142 26568192
121 223 120154770
211 35 55196079
176 180 972450544
293 7 659371126
274 37 107276547
273 201 777138904
298 173 838278487
137 263 263381097
88 81 616272099
119 254 564048592
11 127 599961366
232 37 253937700
11 212 744246932
106 257 618686490
83 282 669085526
229 254 833349079
233 3 83092203
271 140 213475065
267 279 195549397
217 97 345794350
8 159 154647228
126 91 561999465
225 153 493528328
8 10 274600636
98 93 167356169
275 21 881244423
53 253 119800777
55 224 1823016
71 242 932524046
167 159 559871095
217 218 910432353
144 43 956878943
160 20 459439647
140 27 538048657
75 124 704593449
96 151 66350569
18 203 252975274
294 10 102746049
162 80 879043990
59 247 50657548
53 215 886668018
258 110 134520412
200 22 48152431
99 161 76843710
255 287 134248033
203 82 299516335
223 151 848448638
196 197 421686199
144 110 527671378
34 220 66986276
133 273 385425242
202 230 785119152
14 181 385616525
144 279 975412985
53 285 386658223
138 187 934192057
72 162 351775259
261 57 906692255
159 253 158315116
189 286 186651536
216 170 404088960
158 72 868543389
261 137 94442821
85 280 688710552
121 85 189395236
143 274 153606675
51 97 647695436
110 110 777153144
116 268 792209496
232 208 424424833
19 124 724456703
78 33 284005826
118 293 385076262
90 77 928336793
41 249 138114777
277 91 706207302
203 194 227097999
290 3 254268208
133 170 209404127
229 153 472693487
113 171 111122562
115 300 510116594
292 117 307311086
5 259 740838914
298 299 786113062
126 27 682308104
228 229 363616097
178 270 34328651
237 103 601138021
263 83 74875673
249 195 494709496
110 62 264728447
55 105 253475916
240 110 407911074
5 159 416744472
266 36 174404051
70 15 129463779
118 192 339684501
169 128 24670303
141 143 534179737
265 143 440121283
12 5 319467996
59 59 308742053
274 51 940503362
147 55 700637772
70 73 874743707
20 142 21544822
251 11 220655465
151 231 873827493
205 123 748014087
93 88 610876029
227 151 278568585
123 209 556175644
175 234 308557346
88 132 571519900
211 202 836209072
17 273 784932965
138 223 633824028
255 125 564694558
147 81 883715281
285 173 518278220
213 100 963092870
250 274 335404031
293 148 36171264
138 287 178338348
89 197 473617049
113 213 801444121
29 103 143799696
256 57 987851920
166 255 63303801
198 239 756851425
17 203 656099724
38 204 785549397
20 196 453942496
236 85 454298734
283 226 634739530
283 90 575041295
255 118 296748849
150 126 20517657
222 291 472691563
74 188 401284653
98 256 269689307
274 45 356474111
122 117 70331058
170 52 867301143
203 86 876453320
185 68 81480309
79 22 119831426
179 224 330363403
35 145 572738093
249 270 288219832
101 119 995086839
207 92 508948336
217 266 165208352
175 135 705070855
269 37 454357840
288 221 591719059
148 51 66082280
125 281 578796255
228 67 265196551
72 15 41103320
104 115 515884339
194 74 198155682
29 290 873466747
32 216 700792733
86 184 281916022
277 223 104092494
235 122 742363445
267 247 51026777
221 226 345567444
72 297 951193358
243 152 121705525
181 46 274276898
15 126 765381587
113 158 370383355
46 295 104066990
67 272 842885813
60 206 225869186
156 224 667815832
233 145 56638209
76 268 260041706
285 210 123795209
9 143 937952854
106 209 769012032
245 21 77148389
299 118 124981835
288 236 661837506
252 48 131950812
38 203 158953087
121 187 764091531
130 14 770111750
135 51 365600712
43 59 66442754
49 165 628342614
232 161 72250686
272 159 98959704
6 198 842902039
12 150 260686538
275 239 242160293
161 59 838350079
244 240 99856045
293 126 125355195
56 221 36553053
209 269 960242869
74 252 514322581
260 223 216659191
263 228 171319689
253 291 926222590
291 265 854720728
283 178 329662638
213 121 555170178
209 165 643801403
203 221 719351523
8 181 572289743
28 7 971628094
209 266 699547668
299 280 28513948
39 232 620364438
228 274 312082655
107 8 410105332
97 273 383556704
26 181 2548520
28 136 632681492
3 195 192914725
297 222 311590831
243 182 60960496
110 233 392499775
257 23 1627058
147 3 149028884
1 109 224349191
32 257 770970763
287 282 741265996
106 62 408073731
250 116 512979725
274 112 868743198
4 106 137170380
299 216 239953164
25 224 495894886
34 70 683734488
17 70 510709049
8 153 158997557
22 191 331253839
217 297 228828352
299 298 718556267
275 271 77760030
173 274 278067736
4 24 19027051
119 100 34184626
204 133 91388548
44 150 650205117
44 209 678288722
300 230 706679712
290 199 590442960
41 249 962259957
207 224 15045427
237 148 912906552
72 151 716803827
174 21 671753378
251 276 926865911
98 19 336203012
15 114 124113872
188 114 61569253
199 103 889835151
259 144 574534352
67 102 923613875
146 90 363365974
249 161 178444676
76 86 461319496
105 37 560401671
267 134 11942042
278 200 326649655
249 87 663522068
202 38 58845823
104 48 888932918
255 114 872339619
81 259 939342309
106 208 368008721
281 35 29882259
176 191 106631195
47 158 394676780
288 187 691707780
42 136 381045618
262 89 169370007
36 244 794607554
253 251 71534568
23 83 720229178
183 189 653597937
204 169 440961023
62 45 754071814
8 143 224828923
87 182 336919009
118 223 66972296
288 236 624041684
194 271 455511380
148 275 430883030
267 298 31319564
96 180 915154252
185 135 113348121
7 248 939737017
72 255 954722611
294 94 317730592
103 211 207926966
98 198 141350154
234 92 324329624
13 291 350830999
94 257 93193896
257 52 195793327
9 236 26638014
281 295 763093861
49 118 216824768
11 112 929991161
102 266 299333523
219 115 853381121
272 48 466536664
48 112 80891354
46 205 473012462
93 214 363129165
71 274 257355753
184 6 449169599
245 54 692642516
12 116 65119779
224 217 51004044
46 187 569783959
118 159 98017558
281 206 91216222
186 3 127746626
99 95 796477391
116 217 307530064
68 101 479285469
66 97 103996974
233 108 136387189
212 31 746703057
155 128 142871544
265 246 318759154
123 226 746179159
196 164 333511613
121 14 321434059
64 129 758256175
227 196 670615975
148 13 674123671
173 298 985604030
262 209 535048212
70 63 621789740
13 80 951726085
166 254 843910262
276 149 231749977
88 21 588257691
46 84 129078919
273 63 964085767
247 262 542447831
70 134 556807628
51 147 72284936
63 217 992400151
202 229 886937230
38 147 558946435
99 174 394611283
76 262 79227455
66 59 704239639
236 83 134726953
2 30 997458514
185 151 101463999
12 201 730614246
48 15 336645014
250 268 209911494
231 5 669172840
165 156 18157266
299 231 32827327
153 48 592166137
143 35 601913520
195 89 585201801
260 273 68671003
211 284 37925155
256 83 28012470
269 84 365755389
14 14 297847294
154 230 373231149
219 228 823656931
297 81 237382330
185 223 743486264
156 170 158570852
208 129 25083924
110 39 752349460
17 46 412652394
186 66 998392878
126 80 101540843
19 285 428526373
119 255 78993452
149 3 427136832
278 187 734745207
194 95 284029176
145 2 777479956
121 112 316561547
132 128 631888192
277 65 765137610
206 190 73704941
149 261 226763025
73 79 94985479
224 280 416232333
156 9 77637019
114 202 91178465
189 99 337025767
196 271 736366278
242 102 32157857
86 78 252412973
295 36 910370662
35 184 861427274
111 256 626297605
141 231 28638584
173 138 10865244
143 251 463947498
208 191 546456196
274 87 988507966
203 80 394968619
259 165 178490548
131 159 189982983
244 245 383503118
70 55 187577325
274 195 681199056
209 119 144021493
152 262 163306196
101 169 170565986
96 194 648313524
113 96 60594004
283 106 891811968
231 288 759621379
265 283 737727175
183 52 52892382
107 25 800102476
14 285 100622495
7 189 884605808
2 289 390714528
239 85 955974421
263 249 21784468
118 284 767786173
85 266 298908860
15 230 378039542
242 164 866605494
223 23 243420670
98 36 537123655
144 42 611096043
203 95 929285331
130 34 890664067
250 48 336256568
217 165 661031451
41 1 895995616
100 68 83648397
194 9 754976561
39 231 950073783
260 80 202655470
114 276 951710412
208 178 918093858
291 8 419855443
209 9 105308690
76 278 887563954
278 70 363465907
145 222 440119574
294 115 707768482
254 205 219305012
288 164 627347991
57 30 885036266
220 237 729491996
230 227 698913355
272 188 601791115
62 15 459909744
67 293 41055414
73 189 496653335
198 182 57259401
279 187 589479105
42 226 41765820
133 283 98726849
250 254 223974586
297 183 51827064
51 207 472948351
166 20 676111366
9 138 174863910
274 263 865201598
160 160 535805532
160 139 89135918
116 180 180299244
236 64 11950978
84 66 388317883
169 62 227493818
285 113 949334224
287 30 511664143
252 90 654563880
13 64 741499342
263 223 65106454
94 135 628120992
163 250 207397023
106 185 430282539
135 21 181813804
118 241 43999165
35 225 568268329
158 212 356412410
52 215 15824800
83 228 292593615
77 242 830855837
230 35 245419923
221 197 420732273
195 55 103591409
233 189 540207829
88 6 807072470
5 92 808528746
33 249 17525009
195 52 110172624
94 135 966368203
108 211 451313344
96 140 953329930
219 112 561553878
43 58 456284432
51 291 354505273
132 78 939501578
153 134 143799870
98 219 916734370
7 113 622485574
182 206 63101008
284 65 537629070
79 160 258659861
208 130 706830724
37 172 89538681
169 275 689582623
241 106 688776353
70 10 983635386
291 107 994944404
213 165 79115816
238 46 104490773
45 81 511146537
166 159 982455297
178 118 468869678
1 155 686089250
233 75 295254476
156 67 131540481
208 188 412085142
145 231 240384500
249 143 633963565
216 80 408027662
89 176 528944995
25 93 448028905
173 270 118609323
151 22 807272829
52 254 970303855
227 109 109691321
259 68 722485860
300 213 99970990
199 213 863913784
15 128 636799815
229 216 334246442
223 293 493882734
127 165 79401255
201 67 945116376
181 118 885599482
235 96 737916842
107 54 43361162
219 105 933051474
208 56 959481238
144 70 349249917
158 50 206848285
100 272 43422877
185 151 546461693
240 51 332318060
67 284 792113929
200 270 368587425
142 129 898311730
203 47 940855635
228 6 441636342
165 149 182101063
33 59 422793813
117 158 692659584
193 94 144759986
186 85 45187989
297 152 53732772
225 51 993214541
1 244 678357321
131 198 126614267
117 125 995505425
210 41 296428225
72 74 666182483
284 190 291530992
220 135 666356486
5 72 722576570
193 68 257823973
64 44 157698176
257 45 160116019
277 227 160955017
96 95 93266641
272 4 621564834
296 75 390066807
79 111 310653548
70 30 574231582
207 34 579778953
77 227 659613720
149 42 310882516
24 298 49656412
195 27 774247138
211 174 983059384
103 197 265213139
88 192 950293113
94 22 18642175
42 144 457887204
175 50 265304538
28 178 338598516
299 79 878985557
14 102 584712907
125 48 134137885
214 10 653874758
97 113 844461654
35 252 2326797
100 46 941136319
274 139 657453914
178 65 112603363
167 92 586710293
82 91 632565971
90 156 260384924
96 281 630283172
180 194 755732081
189 43 582514645
94 129 732195697
191 280 447358394
61 254 38656284
74 183 80320948
188 101 152131340
232 234 618733882
2 23 938494737
226 119 13586669
197 298 765740463
229 239 735564557
74 32 483239385
170 222 664090765
63 34 296760870
146 159 839136904
293 47 556523404
284 278 640035237
65 32 968657959
54 257 979620829
22 205 954545379
236 133 399822717
192 206 12430848
29 127 647212922
93 241 97821607
214 138 169194466
217 183 826451212
72 166 361334841
160 283 553894972
270 36 517032880
199 57 28515384
229 293 696590917
145 236 956290474
144 264 687293401
117 108 41990793
124 21 354006231
289 289 556177013
252 60 800634478
244 271 411145212
216 241 621171247
247 191 149331956
131 119 761367800
199 15 192843335
172 158 779514299
24 27 37987806
117 150 117541079
47 190 4794667
211 193 961304679
188 136 479622701
252 103 675890341
298 50 87277483
205 180 963296801
104 130 408803715
291 1 288745425
141 77 102851203
98 193 96426304
76 291 438665193
95 201 661051785
225 140 124920920
25 91 89200275
118 141 365890024
100 45 836021903
201 201 901219532
67 191 517773384
143 31 225493212
245 128 213853456
248 256 836860346
140 50 355723598
276 26 571077690
248 50 41551480
22 219 945865272
145 19 580834669
199 271 707827469
82 89 224719711
17 232 911025693
29 176 657249572
284 124 580932427
282 15 391901628
231 43 51461853
20 42 891752155
252 63 441179225
23 259 81987843
191 209 335023865
11 290 756574654
73 58 340418337
165 86 484373412
189 122 989898887
115 103 295659954
195 33 62708396
299 53 120997837
205 56 559728551
30 78 892274209
224 21 512205769
141 83 468226410
94 156 130625867
82 72 577413705
193 260 169927026
232 127 450058880
285 21 921016512
80 71 858910316
268 276 157808123
218 5 58542501
178 280 699497173
46 120 788499607
255 265 550269514
273 46 895832586
77 291 187471097
54 222 6117475
133 206 891156995
297 37 304116918
264 4 431716693
287 273 420168249
139 150 203975780
63 247 265646800
69 253 66788664
283 277 800336062
20 54 98146052
68 159 802633873
243 292 61975830
189 288 86363966
206 3 701828821
198 289 468098945
298 127 277448546
78 189 642083392
29 10 735262596
244 44 835095672
205 63 371512677
208 130 514440636
80 72 713938427
261 261 596055266
178 218 19701468
150 116 995201509
94 165 581097887
239 242 329404128
82 22 28619837
177 266 81530880
249 170 236486194
177 78 828440523
212 209 568544047
290 170 347953759
55 99 470786576
175 249 221275543
35 42 19588908
21 33 922218801
248 114 47328375
236 43 609189940
215 291 113172261
8 219 804905038
283 131 44571199
81 120 41630220
191 227 734962418
166 153 531429318
61 187 46613512
120 259 557963544
172 259 560079157
246 194 640739299
285 161 635039641
246 168 914492860
35 202 846055942
33 282 143667313
4 224 403382239
74 90 202451243
91 202 831043129
202 21 427804840
45 192 617107798
54 138 280088191
104 174 350793251
145 119 65709171
156 154 105792824
49 238 39588258
61 242 67565581
300 67 660511370
142 157 744733871
223 59 192338343
14 155 73027235
11 208 139161624
201 12 147415097
4 208 210959916
26 115 839733821
249 163 78308010
206 275 115796351
87 274 97226669
56 168 996479226
279 142 565200236
221 155 508836890
107 217 92501050
130 169 956932013
27 172 589685772
94 197 905255186
14 146 454728900
223 51 529257874
126 189 384740700
94 245 223628619
219 275 729481112
206 247 330103018
296 54 642602134
97 235 799583002
209 261 4355226
32 54 470111622
269 119 7677719
68 42 804125422
193 219 927020310
44 12 889390106
62 283 288485032
273 188 464127079
142 235 194376184
175 83 765877618
77 291 178562831
202 74 643391736
275 42 98155
194 109 179506448
267 54 297412966
176 97 451044377
134 159 341912611
65 183 830185199
243 25 982248085
278 251 38085968
248 79 807147210
178 280 879117584
265 7 11768625
119 252 512345586
66 218 910106339
231 145 442307935
160 278 185095345
70 95 867949680
220 37 820973956
57 67 686770306
224 14 117438085
133 243 117332516
168 259 9081574
193 78 947846625
130 195 442785794
68 178 420919391
154 37 919121168
99 158 930908862
30 130 920409551
285 186 934515769
242 109 739105134
278 293 365256828
46 213 456362586
119 105 12520563
196 234 918269910
241 53 765990887
131 206 711760575
51 56 97491584
64 85 753369113
166 69 366673950
34 11 122975710
267 40 829421603
246 85 70161915
132 256 856965271
146 151 702177256
55 91 368420560
193 274 445486765
119 24 823503921
203 139 222938057
167 5 759730426
17 38 678200388
26 57 95786027
80 2 834852564
46 185 51965219
168 31 400003321
275 137 321752663
134 30 238132636
251 148 773297111
123 102 858154950
79 21 265632054
104 89 782760543
243 114 148645551
122 246 876027553
137 43 126301837
55 211 764505319
175 237 856391556
137 71 20467785
125 21 673527284
135 143 913061638
36 221 492439958
189 77 630852546
184 71 451275111
234 244 635645608
38 80 254125951
27 134 868714113
45 60 181587349
200 249 413682571
136 125 10486543
272 11 795503185
261 47 696703258
218 287 473817186
15 170 657561708
277 104 343722852
185 141 72185883
187 167 42399669
99 264 654367528
299 215 934874828
270 103 269537852
12 74 284170063
249 34 836926409
106 3 45955295
143 17 546533617
250 45 782274220
53 229 186753712
236 115 886273931
4 265 645340194
183 264 25376760
11 233 194335062
14 244 678258735
276 192 95242120
36 49 85208822
83 191 984044090
299 193 95539387
70 297 350307615
33 232 560023782
163 287 740885646
8 170 926996909
68 232 532040141
229 245 419018237
216 273 530918028
235 60 121991829
9 142 961024119
150 192 263125663
36 13 519502960
203 46 654858243
184 260 859074830
181 20 639036599
90 87 782134730
282 67 410423426
118 282 955556398
198 269 959492758
26 29 320704151
96 230 733207843
59 18 536827107
70 220 65799304
12 155 206398364
293 35 308997183
91 124 398972521
172 158 818143087
198 275 97283969
247 172 36669989
4 197 868993617
255 293 135847998
149 103 227739815
55 224 347493034
111 235 907647788
74 228 501606075
108 70 203848450
228 294 398931407
114 243 505873182
34 189 760624505
274 245 432660854
242 251 335522698
140 151 732335700
54 257 847635523
188 67 336280409
227 140 57345188
53 247 502382810
3 226 453528003
109 92 26236897
190 125 471033185
247 151 304958681
200 92 143684831
197 231 425452181
48 285 687087838
122 224 994391104
130 202 406276696
170 255 231741794
279 257 869758920
133 65 990987511
229 7 545227887
265 253 569150037
246 204 784263929
176 152 178933911
9 199 275867095
98 72 127589218
253 253 346780772
248 122 730015126
294 152 333657082
265 284 409154398
27 264 609863904
213 229 401442808
2 174 216551963
182 101 538197714
292 109 951232112
139 206 8323383
208 159 45751936
179 158 973379309
104 203 441071961
37 167 607390596
35 193 646055760
90 158 880616988
98 159 616032961
60 92 848504861
226 83 856001222
289 273 325609879
124 181 104238289
159 59 598163147
119 215 744158949
231 251 264500968
27 285 297660360
86 75 93897717
125 224 74879427
285 35 877385770
297 260 827834305
170 1 54608477
249 124 537813857
237 34 476747568
135 152 748908382
184 83 540469732
151 109 113102369
62 246 76670195
131 70 685132370
109 106 155040856
179 154 24593368
135 24 97538368
11 272 234715591
120 260 334393324
287 95 369950875
120 278 487492909
151 180 441893669
271 293 879208914
165 175 385088335
86 284 575564892
42 214 299143446
9 48 116857921
276 110 649285492
66 281 705697151
189 19 884256045
215 138 781637474
24 289 662342405
292 11 676547550
258 228 918150624
44 13 167063759
236 54 448156372
33 62 294295471
153 89 760089533
244 154 383352413
46 94 493348032
243 9 838984769
168 32 813248709
25 75 381758572
174 32 768668199
197 128 511626311
256 63 618190117
279 95 260436630
102 247 535904219
34 242 679308472
298 39 877559066
229 281 353123226
50 149 888461157
210 173 483015583
81 98 163479067
231 46 167456294
42 53 70512156
10 32 24306450
39 185 998213448
157 218 789002289
181 215 807402827
298 196 790187460
123 297 518993660
31 258 508680184
13 39 435794581
79 21 71003826
272 62 433888031
279 123 120087214
80 162 276413198
127 18 662955515
167 250 368099281
246 247 885192528
5 69 53220024
264 99 242979534
199 164 131196924
179 242 339056744
256 266 230701658
86 244 424321780
299 24 180353741
148 202 887218111
162 69 224223360
195 14 921444907
122 70 184522327
98 33 901916778
31 231 556643841
54 161 164698934
149 168 41021999
6 6 961157895
286 4 96896718
178 204 4000971
88 65 766440239
248 11 896650052
106 185 37334221
84 282 707486405
161 64 415786787
153 169 450546299
139 69 882768767
89 75 998858572
283 60 918902927
252 237 919315030
123 77 515566747
61 76 75757357
65 233 337595741
137 16 206818274
294 229 926404489
132 81 627551309
131 219 649315478
297 60 222398652
220 42 623638963
146 46 33390151
28 168 338870327
274 280 616819202
230 96 641198034
123 233 596529150
48 278 89762030
37 109 972507810
245 239 967014481
274 287 114304040
25 206 228050733
187 104 405151278
38 131 502122997
16 104 432889777
18 85 799134372
251 259 490707356
252 7 67611485
181 43 93117194
243 39 722803484
275 13 986922771
66 37 589366328
198 276 449037083
128 65 632733713
224 80 361055668
52 149 709760305
276 100 16443363
131 103 340439469
16 284 460669463
61 278 152168302
44 252 916767814
66 17 829383002
46 266 513652829
128 93 2967445
93 69 636197177
212 120 30161225
116 147 678573976
279 30 177964579
199 97 470611414
162 157 529022291
215 252 172728042
280 70 221065410
81 115 49568775
262 294 768422120
258 86 27232088
34 298 963921159
259 165 230140058
86 143 464079787
264 94 585868183
229 7 688622439
119 221 200178742
260 200 254943511
169 32 294799425
96 45 621299919
115 3 719695056
254 36 98524153
264 46 25096570
121 132 958306612
7 147 648659157
41 76 851790963
179 246 572386683
73 206 432246834
283 126 408238066
8 273 719045910
78 87 220154164
233 92 842727300
138 108 174475597
207 228 41456680
170 287 474151479
279 79 90655054
41 10 125022399
76 82 749981556
9 64 186597934
26 123 484440306
36 200 264447145
99 185 406366888
250 74 874120695
199 32 750364975
278 253 499179513
8 231 706432491
113 272 913262700
164 99 319848881
119 107 33650897
4 133 496951819
162 220 36084271
106 70 518226955
193 72 599453080
140 270 599826511
14 299 35202915
226 7 849208746
268 119 598667669
268 282 855966367
100 153 53351673
296 208 304094357
15 69 327240328
285 226 490427398
191 171 193931921
170 10 907196790
232 23 229227740
246 300 781659898
191 19 507664669
159 286 384780802
277 138 15506206
202 133 586438814
258 147 434535282
38 183 676759108
135 73 719477178
55 294 289326539
296 225 284155813
287 171 55660864
285 113 310274182
153 24 961258468
106 300 33495305
212 201 560635589
225 211 187114788
58 248 949017170
65 134 69602395
294 240 295807188
232 287 79974413
244 273 309823335
7 9 982046347
141 213 547827470
208 19 715649422
164 230 538863874
4 154 174081536
291 211 96026383
161 28 352674868
155 73 285442559
142 5 801526245
106 300 982670018
240 59 315566478
187 199 602847591
208 158 81810509
281 73 767961438
255 76 100255543
190 119 513228105
125 279 683638232
192 185 35995805
3 78 859627361
47 184 438688712
116 175 828840722
194 113 340357572
184 73 934497729
244 53 202305553
233 7 851900281
75 197 70396699
179 73 659328329
63 16 835781213
19 18 600595242
31 65 181228477
94 232 887504252
216 125 553985264
287 60 581015336
268 3 684243889
72 235 255051147
252 61 762485943
2 292 860123715
30 106 900639331
294 124 21991700
36 206 320674364
12 299 336906396
215 266 386254272
179 253 219049232
266 272 622134486
106 43 363471473
253 47 543315733
47 48 379928076
214 78 704430381
44 71 257851156
243 158 899817761
259 170 921535260
206 84 4360725
277 14 488651729
108 32 161422352
46 137 372461795
218 89 678703041
202 188 3059140
178 101 299825717
258 196 962333040
214 190 738659997
126 148 662551418
37 53 621511554
162 82 22042019
42 241 445158150
194 286 280136539
140 203 76995627
132 105 8286766
171 34 229100966
288 291 345110261
279 256 378306351
127 82 649363598
145 118 200221103
50 31 564616784
20 125 814116224
270 70 423370262
108 209 50817664
86 40 797323220
252 262 42815005
217 249 786690696
130 279 844350503
180 106 263095836
129 250 964461954
131 51 510358636
266 70 389437612
42 91 910604881
103 250 151354941
118 36 937874480
290 39 978255342
194 7 572323242
141 136 682411221
44 67 899695626
79 196 739244227
284 26 675084929
272 44 876743398
83 85 346926841
264 187 660739090
104 4 600208477
36 45 173621767
229 239 757563574
122 79 402176861
294 122 633251628
271 253 952667823
197 236 413162900
277 207 579353643
127 42 117872627
67 5 304606465
256 160 190372821
233 247 425011265
299 227 51336803
124 49 561072834
137 42 93537155
216 13 469374659
190 261 948014595
189 238 597364653
284 64 954346094
162 130 782080150
279 137 231921762
99 121 94261760
15 172 347355487
170 295 416042535
103 183 687766828
209 98 62223992
268 287 278658253
14 228 717187242
18 211 254554357
64 72 237686438
165 50 327322574
126 200 976187595
86 215 210419618
272 84 82549512
258 238 404819547
285 146 105448644
77 165 842137331
181 178 880564858
222 248 652601220
78 11 276119043
115 175 55724793
40 1 739340344
86 138 46944258
3 161 587422393
267 118 69331230
113 154 291240628
108 282 870008892
90 162 458683322
299 135 654628569
118 264 117223431
61 130 776031705
105 170 568007857
48 7 734897294
258 62 329088206
2 28 61590423
284 192 177719829
163 299 34667710
154 89 616125024
127 87 639279010
47 257 506167674
277 17 159510155
82 173 74112676
290 220 78679183
284 229 236145644
189 231 481577923
264 266 367279214
244 128 703730864
205 33 333070204
80 160 135862091
90 258 322256799
115 235 610824315
269 68 614838487
45 57 73639658
127 40 34172087
22 281 788890869
244 296 259643586
109 291 885154513
272 195 240465245
276 275 636775456
118 116 728713714
216 230 633503448
82 198 979692715
120 294 187805723
77 120 140223415
15 193 18550347
235 136 884376942
120 296 472972084
184 268 113970778
229 295 981047104
236 164 713480071
149 79 964921000
48 212 599912750
14 31 840051643
37 159 616533215
151 226 18019459
297 212 821055595
190 32 950469890
73 215 109993209
202 195 780179403
58 131 801923266
28 31 497481596
280 79 330195059
181 92 62385789
75 128 325242500
89 278 152937277
48 274 334360988
194 215 129157219
35 287 127513186
196 189 569894132
298 246 93075514
16 25 425771045
163 4 54000523
222 236 662489366
62 11 734010594
113 151 113820323
89 198 967952549
277 143 33300563
247 230 782836450
184 125 35563690
68 174 772529387
81 189 707213611
177 104 509570067
51 77 779511502
17 138 62122264
162 251 121419215
284 91 975421812
184 67 2734707
247 14 301311436
48 249 833661560
89 16 84997185
75 149 4725226
137 25 942843629
255 76 82063805
257 144 337287894
20 5 33758396
234 40 324412587
98 276 543611453
156 222 525544918
91 21 250242519
202 109 435082034
186 235 878171682
111 71 857798859
191 26 427964086
295 34 251156729
289 105 766420085
284 91 87574476
122 240 182572451
275 95 84714572
244 237 134386344
162 190 514635104
148 75 997990238
281 238 144181709
139 128 167812286
124 175 995877119
4 215 395531175
188 250 783160965
164 72 839221004
114 98 566445998
38 41 118663734
33 255 34568475
137 102 841608350
226 82 102057639
86 273 906243618
271 148 188746444
241 152 434337658
16 91 381808360
232 6 650538431
36 120 341688380
285 209 128286772
171 293 260576126
245 129 878671179
146 55 860743613
284 140 64592285
2 163 623213984
297 103 82732735
155 170 767117678
14 102 58910583
296 189 993200254
75 173 507217614
246 43 735349007
124 288 44745887
102 133 580882141
266 169 45488533
102 222 753860995
86 218 406909349
272 72 400164771
249 137 664271872
284 184 743484360
137 10 56764584
3 8 870259927
109 131 71055214
95 284 205791498
188 250 524010066
120 103 784470887
266 188 28436757
266 212 985212628
136 212 594155917
159 195 505805052
18 84 209332062
102 86 685540069
280 194 47521551
145 40 173947686
142 227 73045735
60 46 219473390
198 63 678895577
254 29 91594088
134 164 77202952
202 23 989600046
153 92 527018329
114 245 49191766
134 276 586436659
36 120 888531599
222 14 388875077
108 73 280439275
97 22 169601537
26 276 168303917
165 109 971678481
216 10 801546155
162 214 401391298
242 80 827978495
108 213 951567670
218 249 695730390
16 222 118774503
145 29 597226427
19 126 915557048
255 151 954719475
272 15 699926335
204 231 597849896
210 144 154295210
59 85 431110689
153 192 966352753
275 110 807542953
164 177 128628974
118 21 855172903
196 91 59164480
295 46 419499282
70 69 27771396
56 24 666216478
52 285 324434573
13 43 676927658
1 196 477920201
5 170 313848862
258 85 925761591
183 254 702533463
85 201 924603754
216 195 614090351
197 16 86780819
245 72 871902694
274 175 918485778
147 187 480437720
156 239 238253367
56 243 143500388
170 200 744425524
212 135 12319629
274 271 544409129
127 187 108767424
129 135 365146691
199 79 160956914
292 105 94047988
69 251 23747826
241 106 528650764
59 213 280142259
47 134 233248910
222 45 369116044
51 19 395432915
79 197 371364001
54 26 568924935
45 224 868403466
210 268 936016070
250 36 96197320
175 28 730907577
91 87 318067041
249 185 24040927
58 106 922074471
54 156 419733841
268 235 589106438
68 288 749315315
54 84 134624938
119 46 174487057
40 295 82354745
211 221 191182072
239 63 444255110
180 11 132557894
6 121 853032300
228 174 470514307
169 141 824380341
58 260 580946881
272 65 105360616
161 236 558578461
18 275 739681107
262 186 819900028
285 176 32918690
95 55 658879353
88 112 931030925
239 92 218489450
298 260 64171490
238 17 396990101
270 40 933353865
138 200 246698952
298 269 568008727
257 230 551029564
136 267 926669039
25 61 865510546
29 200 391595009
205 191 426996900
254 188 243966411
195 177 579093627
95 147 886726566
112 284 154006518
63 33 702904186
41 289 468290668
256 124 641348034
47 201 518847746
244 281 380831345
252 186 785363835
104 139 55475874
214 86 163031451
93 232 541493797
10 43 1256232
127 158 100897216
265 250 727581505
84 206 258758180
117 4 727345932
14 247 792224113
58 198 89456350
45 53 985015740
218 267 395590125
268 111 570685957
216 120 296173451
147 299 818751560
163 263 706429010
219 46 215268067
150 214 271937770
282 227 594465016
146 36 426961165
247 132 48939470
186 102 999333636
263 69 267302698
219 37 34540517
21 235 160086315
281 149 199360629
242 67 768137774
160 269 65314839
29 2 757223217
196 147 77210605
12 93 810640836
181 30 865506137
68 292 404837958
65 262 970130094
182 283 415155128
48 15 840810277
177 8 827193395
102 167 485579015
241 247 690796716
109 194 87586962
13 205 470438806
49 86 971851636
185 153 692448279
194 270 350398341
187 151 946907975
167 250 300728741
295 126 118289648
189 228 319891466
156 220 324955612
71 28 432979805
185 41 70925209
142 141 140247646
129 77 640280751
108 271 838327220
100 209 621443922
74 75 149717171
114 69 475023949
213 10 365502028
178 165 886466247
89 287 500172526
245 171 431315118
5 13 343051210
203 141 248370587
253 300 257143909
272 99 486984917
245 172 205565092
115 37 106211060
163 249 721148921
190 126 830924985
188 266 831368672
266 210 662583294
135 267 942491306
145 169 200493399
231 121 276521498
91 144 373490297
107 88 290824120
198 254 476735357
110 117 902030005
82 58 886599531
219 298 460432248
290 15 203991610
35 149 40719176
93 293 963378944
291 275 464768016
240 65 383213611
236 172 487643298
208 121 632806951
164 282 293728519
68 64 835910029
150 282 145817726
198 23 281173192
207 57 968258840
234 149 255158585
129 191 537726659
144 131 778139676
106 118 610866199
103 25 93987671
105 188 333715153
276 8 756230268
204 157 192458001
181 106 473767023
172 64 967773331
63 297 616968232
247 177 621845122
106 20 963958204
133 177 16797774
31 279 218671598
101 136 751347738
205 111 664339845
72 66 549280153
272 246 866600911
246 169 967777374
277 231 598561423
260 178 722331999
81 35 656373471
137 167 783899447
10 249 445069578
207 101 125207165
96 6 265524375
292 77 406963940
45 101 547859937
7 98 116869205
32 74 934766935
54 85 109228064
5 166 177979250
27 54 66643816
225 63 943637016
102 21 197913817
166 117 15705722
92 108 5759350
83 204 360532702
19 210 553792800
123 242 405829325
210 47 533610510
225 103 411497827
275 129 3449480
242 54 178779594
158 207 156159766
226 125 834421382
299 268 435453342
200 51 508535797
202 69 67753307
53 244 638432300
29 205 819134198
90 181 332191001
16 155 539008881
47 149 223487286
192 6 830695793
58 283 190874269
91 281 717030736
232 232 521161838
81 133 298611159
87 237 18764254
138 266 616388058
287 55 905743338
187 123 64809345
268 221 160229893
205 113 988158350
297 170 746508532
17 260 156018864
5 244 222448695
42 24 158847080
200 162 371523168
53 51 266306285
162 37 229323292
152 276 672072014
296 295 155550986
40 199 153507098
89 248 527132819
172 264 110849531
287 268 340110574
281 62 428484449
212 13 591208110
80 66 24262912
264 279 841750348
255 130 80894123
120 177 280703117
206 216 664664616
155 56 915990763
274 279 78072178
104 265 867939598
177 298 806754859
77 209 45645471
86 288 603375688
197 4 96333567
96 10 135295148
219 130 932553425
87 87 353370992
154 241 385906200
168 214 776667578
146 17 534190343
195 245 733439540
253 73 385778600
75 158 10214340
15 106 873053043
233 254 56134352
32 224 84046633
256 10 259824519
200 164 589491460
199 31 600180273
228 228 255256842
170 122 894831738
161 126 947389411
61 253 856654320
300 267 646889378
294 251 159844931
245 282 328931454
78 290 287368415
296 189 847304078
207 139 482278261
280 66 270363140
173 288 226981962
10 200 863922287
272 260 79345939
92 11 329144957
121 56 709652907
51 1 61197641
256 130 463816230
170 177 123396018
300 84 130875908
160 115 410407125
51 39 496180012
12 48 826666812
151 72 787646123
241 215 389332286
50 35 504778341
56 85 42634993
96 40 86948874
177 261 45028151
146 260 211396986
253 171 333719300
178 222 372284638
141 233 221924737
4 135 830029008
179 76 905768122
64 125 96031456
56 232 413180292
101 80 186146083
274 256 702297244
24 102 513970555
209 106 250927926
260 35 36048847
297 176 948831631
186 231 705714918
145 109 386044645
19 224 171482121
226 280 771680252
218 80 952869383
52 53 326349391
147 129 15516292
202 37 708795049
179 49 111560084
25 45 425024111
207 282 475853941
276 127 904212050
120 145 951947073
140 122 123837352
144 39 167550583
226 143 317519288
16 289 618771616
259 190 135220904
60 68 200586452
143 144 39669249
153 103 874394030
78 145
194 108
4 250
89 167
170 126
216 284
210 5
192 58
47 277
288 207
10 288
108 47
241 214
162 3
157 145
289 91
199 287
236 183
101 202
27 76
60 22
26 243
52 269
297 269
227 98
138 284
82 289
202 297
299 22
166 63
205 208
194 155
89 103
57 129
256 241
262 135
77 15
35 40
60 129
278 84
119 287
27 167
163 201
274 228
42 214
173 192
46 246
49 66
246 186
126 157
291 201
268 139
178 120
300 2
85 238
276 277
196 204
156 2
281 110
75 129
20 22
267 247
12 117
54 67
223 9
262 179
18 266
85 229
230 247
236 84
60 67
22 211
264 7
117 177
5 244
265 191
190 77
245 232
50 253
262 299
177 273
238 223
203 246
193 74
157 132
250 180
91 268
275 271
199 106
50 143
85 256
32 14
297 274
227 276
274 47
71 240
214 203
200 60
133 116
299 144
24 289
256 249
271 166
271 282
124 170
177 20
86 261
234 208
235 82
180 212
203 261
215 250
61 116
231 114
258 193
233 282
282 33
198 241
274 252
173 220
292 150
110 49
8 77
210 95
59 295
7 90
91 261
129 221
86 152
96 59
92 95
127 81
21 73
25 76
296 46
195 249
50 287
115 4
151 109
155 24
113 209
169 161
133 204
107 297
108 219
65 254
34 199
24 192
19 106
152 100
48 66
104 46
102 149
258 218
294 252
160 112
25 106
61 80
129 157
127 219
173 288
238 192
135 206
12 261
60 205
271 163
260 160
8 74
44 61
64 17
181 37
194 223
55 205
113 7
225 235
222 240
183 97
55 159
172 17
221 66
280 231
142 243
69 291
52 202
218 112
200 167
90 98
54 93
99 196
130 219
158 24
172 51
261 92
108 226
43 132
115 80
75 74
65 256
157 143
254 168
34 127
276 153
297 175
122 82
300 96
171 251
53 157
248 94
72 66
197 107
238 114
240 63
71 12
154 56
275 279
105 159
63 60
287 133
214 60
207 108
111 213
121 129
274 163
280 68
226 45
159 229
291 215
227 150
205 61
92 80
291 231
290 196
28 53
164 276
84 241
205 122
250 246
160 25
144 276
20 140
68 69
284 230
79 58
171 262
93 35
265 262
209 83
188 255
282 289
281 51
225 117
62 186
210 226
201 222
61 54
174 221
150 128
237 209
222 281
15 159
172 15
97 280
286 81
121 36
139 267
84 101
286 63
288 197
118 248
1 189
109 178
57 226
187 10
290 46
204 108
122 5
36 76
208 271
6 73
91 28
128 196
258 174
71 166
113 246
186 240
170 113
90 46
55 226
271 276
84 45
101 227
54 257
279 188
260 261
288 37
232 50
276 167
32 190
187 98
37 144
