300 5000 300
55 251 647209516
9 70 821753235
96 31 147123358
293 290 44318852
233 157 597693233
97 18 738878261
79 86 699946025
73 8 690321954
260 296 383795916
207 44 175138477
107 150 874033727
223 210 601025148
109 5 715084578
167 49 213872220
118 34 572098328
102 130 923796045
262 208 143700582
239 281 630024489
292 292 41071584
207 198 809749479
35 5 106982280
113 279 455008289
260 87 309293245
189 5 614135446
160 174 717834979
287 275 355477008
183 237 27779015
164 227 32707847
205 218 359135438
240 176 101148688
71 262 428970592
50 74 547359722
291 85 425552960
235 25 210673665
32 185 799557038
110 223 642412665
69 106 625602453
236 21 301588779
82 225 213209948
272 165 744261875
59 287 69883036
150 36 916623509
23 26 590541145
282 13 954204169
246 96 74001153
136 206 227063128
52 274 632153433
204 261 138005353
34 43 227159730
81 14 940688146
55 124 940856432
42 25 187163219
102 47 134616797
246 28 92510409
166 26 232528556
219 213 714957161
298 264 452822287
130 219 473902947
34 252 663423341
215 32 380518906
260 138 726338329
43 179 982368553
162 32 695969299
58 277 145209879
18 142 540763956
73 112 682188568
86 161 916929083
124 290 18071601
70 76 139721252
163 42 347604335
268 54 533466372
197 96 472223102
149 257 80498033
200 66 801348661
30 83 588979154
185 208 369907018
4 293 371195378
86 116 77514020
138 237 479384647
89 99 803966988
123 67 844465541
46 263 541736737
199 163 935460145
83 114 307736211
295 143 456108045
48 79 760587852
17 82 788649144
147 219 698146911
266 56 110467748
212 196 541551346
251 70 224432964
292 167 32934578
180 65 949424741
24 147 227421806
286 193 159619301
31 241 139297531
282 9 996128713
278 155 204590983
140 172 930239591
187 135 165312138
85 86 404896608
48 129 887492074
26 8 937837991
218 83 636432389
223 69 637140282
175 151 381457174
206 184 239290082
70 213 286867089
204 53 749185860
94 239 958147395
232 75 717718680
191 123 724881608
16 200 373889267
206 117 747685449
295 91 6522717
28 18 311541819
1 223 718297903
282 44 720472815
222 247 16213467
282 41 568503958
176 24 918895632
207 214 144337806
66 229 425248705
232 187 563569421
180 181 491754464
249 260 516906781
219 260 778323903
21 293 977167246
36 215 170544144
154 196 583661484
211 123 86864107
43 81 937564972
48 146 23256153
5 129 281775639
25 60 202072171
240 60 421286030
120 279 320874389
274 299 992643681
171 86 575977347
15 240 115028542
198 150 125493716
157 244 472575196
80 44 586187293
232 48 987702921
270 124 277323881
240 64 314089240
169 183 409540818
109 209 134492869
42 79 356901854
188 93 945497593
282 43 321300395
249 251 550689538
245 30 483035533
189 262 838554380
210 283 738364556
42 223 969187819
181 143 752963653
51 252 868015961
219 293 144028340
172 232 604061284
117 265 979259926
211 214 61521076
248 158 788409706
133 46 35698319
12 7 232646201
119 48 433841875
289 281 208055018
94 31 581192721
54 249 545898665
145 172 678150196
81 288 798008561
6 198 30967474
234 198 702118483
139 30 397648880
109 93 105261587
61 212 807313186
236 200 965376566
253 45 841508896
25 99 422719396
89 295 65909920
136 75 864061707
96 133 990991505
21 66 702421554
155 256 776354683
87 116 608894327
25 176 85888690
10 111 29041942
28 115 43834086
23 139 998281084
71 227 593960331
290 63 582416757
248 210 795426641
104 283 294511058
157 189 868079713
291 275 109379980
218 299 546025356
107 61 464374066
248 88 924997481
134 162 361604671
169 284 615061598
251 273 921067512
108 221 77630973
200 24 115719455
58 233 442484144
222 223 308090270
202 140 965283069
57 299 778924781
74 246 9359268
206 131 55644481
177 300 487983465
126 2 224802489
137 109 130163261
109 61 47573637
116 118 679455169
259 39 507195243
128 292 287171835
48 48 105273633
80 174 843058930
199 79 691845461
180 255 354947012
196 80 426323913
184 268 340909274
197 129 894129734
233 244 233012703
253 202 225637893
195 81 981385285
81 181 898796584
213 260 294762209
43 159 241763288
55 90 806437194
118 285 603845526
182 220 555055793
55 168 590215321
40 152 825043564
194 104 554541017
87 51 86797950
23 131 239613782
58 96 939396941
267 190 753055751
6 244 736234692
299 113 376917228
124 294 899905848
269 49 140396515
241 140 145962867
157 34 448576422
273 172 555432424
274 194 901186355
155 3 148660902
48 269 435882291
150 26 159728686
42 25 675147098
269 200 260977791
168 220 110646391
235 161 118282631
153 17 221931916
226 41 794715787
50 67 523052232
56 221 158254186
157 268 142567507
147 170 570271832
132 211 100320708
281 231 484043308
71 151 981528127
14 85 35506839
96 289 471023007
211 214 842617648
249 15 942121414
232 70 9148086
217 278 983094606
223 176 469533075
255 7 57214537
62 287 123056219
121 110 566963969
100 123 234367005
238 270 271228193
197 180 831156659
144 180 617068473
209 111 235182695
246 79 981643872
251 2 144850648
177 8 884531706
13 121 875834145
184 242 232252106
152 93 64431980
257 30 343172749
49 278 142922680
159 121 110913911
284 81 917682321
178 79 279031151
101 29 779978852
200 258 548346311
58 22 979421532
254 205 262280525
259 57 378451417
190 65 215957398
90 113 245821476
169 24 163177648
179 7 910147329
51 236 53427659
1 36 18564187
5 288 685155396
15 45 405383118
198 50 7336274
22 60 352946130
238 249 381612394
236 38 364563259
211 258 132955382
58 136 8889940
38 238 375033275
96 290 918061962
235 294 782826649
30 61 558891745
199 258 122091394
273 280 409710405
154 269 781148053
48 256 137126142
158 166 768050999
291 276 637352886
182 65 515230475
256 161 828198565
169 147 61268710
18 228 910270870
14 179 59659280
60 151 66681759
164 56 867338779
269 155 972555035
162 12 480668352
261 54 702340027
298 235 105266444
273 190 37842556
289 59 371148902
298 128 495373581
68 193 963383359
147 252 635030861
257 168 863262217
87 188 882206171
121 49 56425983
73 61 76426088
51 111 246063723
94 135 792888512
49 123 339995122
202 172 670210201
283 239 342425494
293 137 183765097
154 145 603939416
70 232 384096503
192 104 366395204
26 228 466370164
214 31 26406974
36 124 414252460
99 225 753072482
221 126 809168454
273 160 492811244
166 153 863660133
115 6 988396877
230 127 439392960
285 18 189203416
88 96 865980243
3 9 877096173
277 44 327817649
188 142 403470873
170 114 180237450
75 87 153490962
270 4 434098414
2 118 362123371
231 48 800828049
142 84 632418618
157 171 765837413
100 173 277510521
124 201 266018016
272 89 671732058
96 10 392196823
46 136 392589809
207 105 720369213
272 159 411816482
94 141 218354681
42 34 376596664
59 191 252937634
224 42 18780459
44 217 848015759
260 189 7412347
69 284 955075408
291 81 647657043
52 39 283001200
116 10 724768010
297 155 961354350
278 196 137185883
41 7 441466025
27 230 740175018
185 25 910409035
243 36 132502075
142 104 957408658
101 147 122915291
144 250 77480229
95 65 960234591
204 61 133301745
205 90 250026093
239 183 90309899
216 209 125023280
233 93 779160404
219 87 23771992
93 280 825557395
3 81 134262493
293 276 489960742
73 70 318054058
215 25 177842571
212 281 287680960
156 271 876682242
106 186 50300402
285 171 974799546
240 89 350711785
231 182 185449464
78 184 139120696
70 228 6866171
64 52 776719792
121 267 173449568
291 230 158409848
3 85 573819219
196 190 713660056
298 226 465591026
295 165 445053867
79 148 79517948
143 225 883940983
38 46 981238262
261 109 448890013
252 282 952163531
20 24 624360560
119 26 420539896
189 222 578495085
145 271 928282110
22 265 101577727
288 96 269637574
187 238 110535398
21 27 463566395
82 39 113658604
247 43 936415137
77 114 404645860
189 232 511064438
84 121 132353111
221 17 318812281
282 38 750274197
208 26 924934292
33 212 880758381
82 285 756867160
177 66 560126798
132 64 919773440
120 141 9256653
79 81 839502637
116 216 131814257
178 136 157400625
158 170 676820062
207 77 987642787
298 162 874419451
79 243 73607387
290 171 861412152
187 54 96789168
179 173 26869260
283 4 128529340
71 171 674825655
279 49 96769643
203 206 322643412
165 112 306541040
203 162 170616453
205 292 25405048
191 281 334473218
295 219 916512272
162 149 560453696
221 132 818426999
60 254 54012970
166 233 399564718
160 135 26410875
271 299 684825639
263 254 299743300
115 158 604438591
262 101 208295023
32 95 818923041
103 256 61128790
150 176 796685273
149 287 865095126
70 204 250688958
287 64 110867393
213 86 974966843
251 48 683146448
202 163 109825658
92 176 328611858
14 207 53433552
207 61 233596259
196 211 43452886
120 111 611532772
245 180 170210627
55 166 111223390
299 130 462247176
293 81 382339375
241 282 189600089
98 126 909434365
55 191 728831771
158 97 269337284
216 44 386371894
201 163 603395304
172 160 974420483
150 214 751528500
140 264 961130229
267 256 140567661
141 196 589584095
230 45 912618120
194 99 22997462
116 256 887128811
99 171 418657306
44 123 414268221
99 46 739056680
33 196 348744345
184 35 354198608
113 53 582902663
225 193 570519311
19 174 574357855
290 119 923030154
204 235 375002461
214 85 311354684
19 181 775539706
39 279 84123004
270 12 702282499
166 195 446274285
273 59 778345537
88 36 80835629
98 54 248377355
204 96 485372373
109 299 225685159
270 264 886136644
105 282 410647776
62 73 697581154
65 94 278906317
263 260 906151764
247 284 392964074
35 123 879910909
16 272 809092715
170 176 93127610
142 284 460045760
101 5 944459623
196 161 817542856
171 223 493563680
176 287 564095126
245 2 377881537
208 300 141637872
281 35 438266795
142 50 543320318
56 219 178639945
117 60 119772181
228 212 741719485
250 159 60869246
57 29 705277520
289 257 54034606
14 201 366972059
50 108 385331459
173 140 739974693
67 281 364253742
285 36 359062312
181 204 357256423
61 131 584521235
246 132 632026093
43 189 910418774
114 229 117280430
171 294 384033730
230 95 469346789
288 267 913667328
80 34 449422609
273 70 738221696
84 250 873192200
6 11 166896230
192 8 416309762
237 102 291492002
10 215 138522982
91 137 668981475
20 66 113265369
160 53 613012535
87 184 459006120
47 208 194566441
43 291 998333443
242 49 990079305
23 292 764039864
236 228 233600717
37 289 104039383
118 79 281906819
244 150 134175085
112 9 898691989
299 148 315432225
270 194 748649532
11 236 409922575
105 229 803991423
209 4 72926366
72 239 143720794
140 28 631826182
122 197 507039313
240 141 300877562
124 252 187720423
165 2 228718870
89 272 725811863
220 282 269737451
94 138 881171479
68 46 284559234
34 169 191177773
279 8 597551800
212 129 642204296
224 68 994116736
86 244 619070840
8 108 130079141
129 248 691180464
91 167 644424897
41 13 840662234
272 132 122488131
205 217 401426099
129 195 616109558
28 107 18061538
176 30 36672506
163 167 363666601
154 226 45219460
147 54 396763307
110 145 19464025
107 237 323244189
292 208 112095221
223 165 311459837
21 293 65058832
231 73 709751090
268 248 47543219
125 162 936861838
225 16 860394663
236 162 751893269
194 23 484653165
19 181 328411801
207 173 869373361
279 95 539580725
216 167 235244369
99 149 701399741
140 117 285283840
210 241 981013402
147 218 112691969
62 153 957882330
30 47 765314004
194 117 474379185
46 75 630772809
106 54 504466655
82 269 349403173
51 119 781691922
143 258 819394438
183 167 204215930
84 66 299822999
52 127 151435104
233 208 8331902
136 101 889977418
272 198 972132192
280 56 366891445
186 189 238231365
259 239 503727135
180 82 20613492
269 264 393982711
50 99 708180276
49 202 528633554
252 134 754719461
253 21 723607513
70 45 763709510
13 76 449431517
258 262 467837906
274 272 54173044
109 151 614869377
252 171 582694392
14 220 791177842
141 268 500495343
94 271 373561928
254 223 175691601
266 44 233779897
228 57 326083272
244 66 662101085
201 39 738720156
97 199 190148758
73 151 835781328
117 164 732350148
10 57 32194567
53 150 34233338
32 104 746798360
32 121 912383404
180 100 355637012
52 96 590934277
236 296 709022915
144 144 66146414
201 217 535434616
129 85 510870231
28 94 553149887
246 198 43423489
83 230 31377792
195 13 798169364
50 193 107507716
261 296 408824363
237 283 169957210
3 126 297595654
268 27 259125422
135 207 637240906
166 286 928152651
4 231 779839649
292 14 270896530
135 260 577014894
151 9 79458286
266 269 661859033
280 257 281285516
289 11 381490593
142 279 300106671
263 113 872915077
220 30 389815014
271 86 177968345
271 77 976641110
252 264 532631669
245 114 463356129
183 131 271935149
115 110 549303005
82 98 709515315
175 292 671234845
45 254 117379858
174 174 116369639
287 196 368837724
83 166 770723953
192 117 353406116
12 113 620086281
140 295 825755811
288 162 84271772
144 243 713075021
11 117 9761212
155 214 85972118
164 87 726432291
203 125 416843438
78 208 84528855
30 99 385071
297 163 298976035
77 2 354727330
39 42 534530691
162 185 119671633
83 195 344157102
46 102 655577415
263 265 631880353
53 219 810364577
142 49 221514784
96 130 694488435
218 127 761917197
153 255 887157198
82 46 47176291
224 207 86244776
8 289 271427022
261 35 421441523
75 49 506184488
79 102 347058258
156 243 460384206
191 91 469402636
25 8 727519662
21 160 559854268
71 293 939645913
161 216 803682720
188 276 717556060
110 236 691027146
132 63 810068095
171 141 653627548
129 296 638548942
134 239 849361132
269 263 138965540
282 36 658854551
250 158 911239144
14 18 135682711
285 258 451856886
245 67 56435122
42 198 457511184
188 121 139481776
187 249 60195124
181 134 293682362
264 155 534431924
55 136 249393711
6 137 473208568
249 203 105569138
159 187 232720195
97 183 126088761
218 277 59632710
153 164 539536530
228 103 765374830
51 283 345015464
112 246 600377418
188 1 111496705
298 6 438227594
266 6 520215996
3 216 13660982
297 12 488634965
109 229 488681441
118 81 676384856
300 61 705372758
129 111 66710440
144 223 462275386
13 110 883549486
18 159 841903643
211 124 396060648
58 178 534219563
39 174 708237275
255 282 827065255
95 152 348214688
203 151 411167348
60 31 76118358
252 175 489266432
37 239 185043493
174 256 412843252
68 218 645874275
215 275 842222053
29 66 234606778
155 20 949117212
210 167 45386063
97 69 767982565
44 128 882281547
153 79 733298473
185 167 773927112
77 92 115664167
128 159 901769937
55 73 947427711
159 154 971331176
188 8 314631648
199 269 613494214
113 65 396820082
229 160 222498361
76 65 157239492
200 249 515835210
211 77 181835002
230 257 849658860
166 11 767883785
128 221 323245690
156 108 371465497
203 59 444641166
168 171 890987382
149 100 121671494
61 227 212811858
52 126 653674906
14 89 334336834
15 18 962608190
226 235 889395952
262 114 956922172
151 269 104826332
100 223 429709290
265 90 681989812
298 290 629650463
191 51 7489141
148 154 696287967
105 167 27523107
139 233 411826024
128 159 308515710
232 172 812503523
255 23 600153344
86 122 133580466
27 138 731311808
139 135 790167449
101 78 532645751
42 225 115986205
160 30 761056723
66 168 649692308
41 47 631551818
250 278 327035389
272 233 911905063
67 70 757626336
85 97 161356725
192 287 14083612
92 139 437478489
43 232 644353213
199 91 993415394
273 208 966485513
280 248 378688112
197 249 119419141
38 221 145600773
200 39 119608395
288 123 618634943
212 66 324670229
23 158 719881067
211 200 811756599
76 150 149101141
269 122 906921449
134 154 202076248
45 102 490564897
285 139 437407269
210 91 642756707
256 130 92710030
98 41 223611747
226 116 120596604
244 26 21343055
194 153 41837304
287 122 648168778
287 7 490029783
234 51 346455784
182 87 249514875
50 296 111112117
9 251 688873846
90 100 996673138
236 77 196077253
292 21 577081031
246 266 784037683
102 252 662878956
131 238 180090362
13 224 566876364
48 105 90139751
222 207 600513998
290 267 217607501
187 56 560055200
125 43 805043677
229 34 524970349
59 32 531591814
42 185 679041918
249 15 21725755
111 79 319268630
126 178 357202735
176 100 130484393
274 141 429353959
74 28 51554166
25 204 368180408
1 132 204861994
49 243 582941977
115 36 544257661
132 284 442010527
138 146 766230357
68 272 863372934
154 147 835469485
146 172 793632126
104 297 131767405
169 22 994032108
28 74 281536191
273 123 718844333
249 289 942510568
161 172 467930204
87 9 622677249
195 128 826144420
129 33 20987819
213 230 955205090
190 33 698920087
246 253 664704360
205 33 805085233
296 5 497549407
80 254 273688695
200 114 665061366
3 253 545909527
251 147 235501806
223 275 91040939
41 240 95527668
30 181 678315953
68 127 890959957
127 31 101640089
12 78 367734694
18 158 124702099
65 109 64283612
230 111 333522464
208 113 698649011
66 87 875552537
256 127 847186176
75 209 112214757
227 276 654922035
136 155 616823765
24 166 984488843
269 235 329277952
167 299 593701660
179 281 98206522
194 188 465469786
56 253 521635873
193 260 287692599
20 35 571361407
28 13 924078735
162 148 10548941
79 224 783340906
73 192 297553092
276 111 121841491
287 41 626300171
108 234 209355010
93 42 106507815
165 234 261315874
116 5 621823208
274 85 718862121
108 298 295908920
148 76 602087343
105 200 857648435
297 175 39810645
239 161 65373937
109 20 562828070
270 165 788371111
136 81 617555596
210 196 750084053
69 170 298171237
241 29 769255534
261 229 632677062
203 33 725441013
89 81 376825340
85 19 33048052
121 179 792315672
143 201 972614336
205 36 95579916
201 297 301421364
5 66 161500085
141 6 599894813
26 18 332187193
39 221 289201778
252 61 768491658
91 146 596931029
142 18 400820059
265 160 242030111
200 65 374552647
268 17 764736243
231 21 886920460
115 213 459967418
79 238 779786035
272 277 300980007
249 280 881197768
58 122 265282665
238 15 666092282
297 280 498971042
7 231 257322758
105 198 706186674
200 128 448163194
59 294 633939906
276 73 885288695
263 44 834886623
169 44 60691054
136 101 87010975
300 39 799410790
234 35 842722521
275 93 337044151
184 250 82988301
57 149 676943628
2 207 985442922
107 235 460897346
253 249 730461389
76 117 788369532
229 5 255629784
256 56 876656822
245 289 757303408
17 15 139599653
267 198 398098202
219 254 150051650
247 255 134896808
20 113 812601094
165 66 962950542
105 193 886925159
88 121 170755415
171 76 374691270
45 72 17341359
252 140 450193073
4 159 930569171
5 77 17172676
206 75 158166783
14 94 987491395
159 10 95467912
201 166 464466604
111 253 7694877
25 176 959647352
294 220 677283876
4 223 3326967
277 227 422304425
199 283 869720902
126 189 875036376
8 254 276210122
3 112 681623131
114 64 379285849
170 174 305051453
46 250 714549728
297 244 189470199
124 299 634599922
91 275 42054900
215 225 957416982
168 103 235770522
144 110 12012327
265 164 246227139
147 278 606398202
195 147 831967028
248 244 241172677
227 240 61222772
178 116 309458671
51 258 288589797
150 224 781701674
283 92 805966976
57 287 519552485
83 3 762465949
221 201 630175278
175 96 587147076
2 95 641076219
130 73 604126410
202 250 6097877
24 52 997801234
172 201 706573610
245 236 149619553
120 292 201975439
157 74 992367741
57 295 54935941
286 221 768965888
61 274 439509034
131 103 633631459
192 56 540803360
69 79 648141012
254 251 997699312
115 247 104444299
67 119 499113790
5 275 46236464
297 31 844555810
190 68 500470030
229 128 698462503
115 10 532222257
73 201 210455713
32 21 747654243
43 27 432407645
7 141 46417592
205 208 248167410
147 264 409725936
110 261 293559118
171 202 382358585
100 130 115787764
54 296 134922873
110 68 748923025
274 152 111369746
217 194 777613324
161 252 749194664
104 209 880766023
113 55 521786487
200 216 369656499
17 86 331828352
201 237 177267933
264 290 198000629
88 151 27657896
113 125 59559447
210 93 941846293
33 5 524734096
48 109 60150804
271 273 752242910
209 173 647246877
159 241 737202162
10 142 80127850
42 157 669453739
70 245 594951142
218 57 214559418
164 266 275932810
108 50 63995314
4 149 477680874
159 119 765156899
121 79 336149323
297 237 484217263
11 298 591719304
260 40 626959561
199 161 724860905
92 78 486862713
109 294 24334730
218 101 114890279
83 104 212756727
109 263 198700098
107 83 447023228
81 131 327382617
243 141 171606614
299 101 9479505
159 51 39001918
15 142 435315395
227 2 963012088
156 271 416454641
186 105 615344444
12 213 177381358
61 71 854808292
189 151 294872123
5 146 87291363
170 144 164710215
75 2 196582417
192 68 925342758
138 46 123099711
78 253 360753381
118 138 407331786
13 201 740515798
171 14 830495021
214 202 160902423
36 258 215955268
51 179 439889211
217 5 312180164
134 248 557689031
243 86 368311228
54 215 63348780
134 32 462724669
19 96 926679270
169 18 211461735
141 232 59062588
263 19 796864445
231 121 154022975
41 90 434984980
205 223 531268727
187 217 878189612
215 270 143792426
246 156 744531809
115 226 148268557
236 146 679867674
70 286 46653805
157 249 248531776
253 179 372792948
227 271 584147537
206 175 79177959
133 114 340776028
196 28 934492397
174 273 778629504
234 87 575486430
90 74 770611675
264 143 47016613
120 299 860570961
47 251 132262691
95 178 449464661
231 135 124357036
42 267 272177901
69 215 703689428
117 88 39789452
73 73 890686291
202 163 35575564
228 178 685919007
240 297 753295557
252 96 34569660
142 190 831247937
3 172 135864423
90 213 922138790
290 33 478326056
269 202 95702295
220 274 371315667
62 227 453434729
226 154 874443506
284 146 533512155
40 97 679172450
99 239 536733691
87 241 837827062
210 82 366663227
51 71 611501859
106 39 64384412
300 10 798907685
18 72 95590811
147 49 577561817
204 32 439320962
10 123 246471910
211 274 426244648
1 60 133136540
263 21 491504621
189 71 626043143
199 228 240441533
111 279 374489243
47 297 623905266
158 195 171748814
174 98 408971597
87 160 236352819
96 70 540978492
96 71 6612904
35 85 916604124
108 25 898123647
250 223 429497526
183 85 606428057
177 132 947714553
242 289 464340799
107 214 178233948
3 52 475422507
73 147 887595277
65 242 951485947
220 29 209954283
95 188 324630807
93 137 759533729
19 71 284080166
27 299 992145097
279 292 684352037
229 98 85746450
276 152 193198353
183 225 695630599
159 289 576836893
257 260 969953773
139 54 366485860
97 147 244992648
225 217 845915671
190 243 543744169
38 273 814899761
174 201 683647610
275 176 706442962
127 110 972154986
178 268 874278526
222 276 419426485
294 166 229235690
5 262 349313436
204 239 914189952
174 180 382809646
195 218 850370718
155 143 633730318
16 170 763638746
277 48 863002155
214 225 671932175
139 198 141914750
75 191 187936868
65 247 282112981
200 151 183976819
4 24 30124899
49 218 665218668
119 124 773610162
88 192 441045831
233 168 713240379
188 82 138340755
214 272 293183853
215 47 239795
82 111 625994442
263 62 120473144
133 117 624558867
183 218 239544837
202 36 780330812
64 123 930564403
146 108 249204923
224 295 855891004
31 260 182450227
35 174 943276373
229 256 72637835
122 270 67331697
165 154 546580613
284 37 893194230
20 238 810059617
283 53 78390740
86 199 19375399
108 174 938466693
263 204 65145852
89 238 393843977
262 219 259981584
48 40 945671653
144 205 192440059
109 240 325378995
290 259 567256184
207 241 839165437
298 78 434668935
196 185 919523408
140 199 284585964
43 288 823040453
119 1 535126671
203 100 751871763
7 244 741232519
265 52 980284158
11 41 561087868
295 299 263974460
31 296 19508338
17 243 929410774
176 82 849572773
291 176 814960912
44 295 768851564
66 249 783882563
128 255 779901958
146 272 303490361
155 282 100358354
122 28 980565552
82 110 727535400
171 126 508126942
144 54 965839576
68 44 165819151
31 87 354425997
46 153 939125345
109 32 570621552
218 230 588838323
79 84 24187356
32 258 591408484
283 39 982183493
34 261 483697671
28 104 15474424
103 224 567132419
105 254 109195758
102 300 29307462
46 160 79339293
297 129 853040122
271 207 183210458
279 290 778421815
262 25 755165005
106 58 132948365
128 85 693699020
203 187 139506095
22 292 432814149
279 145 900023800
140 190 325017611
84 239 487697539
258 261 691553946
215 239 889461535
181 252 61985859
237 58 789178669
253 237 726650553
124 140 545273792
219 213 410867535
267 243 677857779
118 82 137886220
128 217 361574410
266 174 937760671
63 88 743148709
150 20 74179713
260 256 60520822
128 208 38386058
133 84 728282549
76 2 844826361
10 268 202245955
140 137 124816088
211 264 544392405
221 281 166531378
191 44 26959818
151 193 904099537
63 204 258148245
84 32 222054304
94 216 342033087
242 291 757590688
55 300 754057607
109 191 83973995
297 101 367324758
101 21 796840139
130 263 916590434
247 166 616037178
136 228 809682581
32 64 139221664
135 157 331304979
74 98 783722669
13 152 759858620
220 13 937570610
66 9 159777563
124 161 935537535
214 290 55127550
47 289 261696315
176 124 629423542
156 155 71346405
220 41 478367313
198 114 873736111
219 179 659828214
238 150 38889578
200 215 430703586
262 38 84695346
148 3 19912588
297 101 410798776
11 276 866486151
5 132 645122957
61 103 968763497
274 52 884473563
36 270 2360193
1 260 223964642
279 159 485777256
264 172 7639146
162 19 586390448
101 68 991137949
276 78 837918824
78 134 788932007
34 195 983399161
82 168 900108913
296 255 27816634
88 255 273864593
29 233 280856103
185 249 356052374
130 162 140023645
129 262 835381112
177 289 556337441
253 66 932316175
211 151 739696421
272 232 604329140
136 280 252466794
21 67 48970300
114 148 327696533
116 84 76898133
42 213 528754094
286 41 555693355
49 270 273547395
241 222 843769660
267 132 469032162
187 155 265582045
26 42 970409224
171 63 438390243
271 176 40973390
55 43 116452273
87 84 672466037
280 121 295405129
186 221 976407498
80 162 258424671
91 180 77872303
252 67 975698609
96 144 999496151
272 67 29597913
214 89 192384840
3 143 916196682
227 229 262118518
63 260 517657638
291 145 75744211
241 224 787682972
111 14 143339151
165 17 882409169
74 112 609222165
76 83 428761283
88 48 537480471
27 50 115592613
60 276 92512193
177 90 144476952
115 133 679696596
25 73 971718519
148 183 569345084
150 48 89092100
271 173 649057963
287 248 219651898
69 87 239264145
239 113 601384447
3 172 422465074
295 101 374972064
246 267 606826896
41 43 94437068
111 190 948743602
246 91 247618801
97 113 966761273
111 99 958183520
208 219 103999806
105 209 596594970
51 211 352165694
24 257 632830494
139 202 808763360
86 294 955708502
105 156 713865243
7 101 79089085
7 249 933789198
232 60 592220448
103 19 483144119
61 123 291524327
130 225 837986390
175 1 362526146
20 139 862136900
131 225 16515245
232 81 797379701
26 87 479108053
263 146 150792402
12 77 166523413
159 179 893436631
29 291 275828906
56 121 62568330
97 47 528636330
42 67 901521321
293 197 788050197
238 181 135176377
38 258 744159816
290 220 10102961
243 283 604799789
255 142 486433819
286 222 611521210
191 277 429173282
72 125 144072080
254 167 536531746
274 211 972864695
270 148 408779427
98 185 558141184
13 227 205071756
125 169 283360338
65 176 237743731
236 213 551366053
45 155 368267981
78 226 526435906
157 179 240912324
55 204 373834134
149 225 941716582
227 23 594455718
210 87 811159596
217 264 742620617
155 28 555362192
37 15 995337304
141 111 190891210
222 188 499559535
179 97 7527666
54 151 763800569
87 51 261461146
20 277 930653068
190 238 73085206
285 155 846344169
53 61 560262449
244 149 701273863
99 290 733415974
108 263 938378413
95 141 607716909
12 194 982995911
80 32 37080113
177 104 326232589
244 293 113627227
202 29 456852133
122 82 639267645
70 77 898617493
85 228 638784082
210 87 80551744
274 233 602872736
83 244 446659381
145 24 838262165
258 200 719397668
46 196 389554312
124 149 659891692
108 270 273030425
152 92 784332702
97 228 746684881
30 137 645945467
174 162 686706700
261 244 876496243
294 141 831631018
58 98 813572170
277 195 605489117
240 71 132983417
231 178 389882886
56 82 493999029
9 178 294089356
189 207 228602544
207 132 235917006
158 145 776266001
53 138 832645441
22 247 442135438
191 275 783484933
59 214 822837503
75 144 869561632
113 251 710408613
241 11 949028642
49 251 224205801
292 158 616491832
149 67 286308528
250 119 975282565
242 141 79225163
280 83 465017637
264 194 227247002
18 268 173288598
249 132 576172848
14 125 925265159
7 173 967250409
207 216 200590418
291 65 311991885
218 66 30467403
35 7 892680695
97 38 859687578
186 53 94526223
187 70 25147342
84 71 893950174
284 136 47450098
194 142 779736470
2 49 24444537
72 39 312458601
208 256 125077366
162 290 147462625
257 139 969233462
186 24 78907515
8 262 151838636
149 46 57588458
122 29 506565593
271 222 300315035
292 275 515558935
229 98 916272773
229 5 493797780
47 167 223416522
223 175 36870512
136 60 546661035
102 67 685067796
138 267 625379393
295 141 91252321
40 111 565500794
174 103 15375221
108 31 641466018
132 11 460797775
163 109 651321541
236 31 810750715
147 219 651289226
81 20 414946944
29 157 126871210
21 204 533528550
94 243 534885413
139 168 58161915
159 27 832835297
29 158 171364159
203 72 51342220
295 8 767715750
261 154 847267268
286 287 221420640
181 15 189498148
290 87 809088251
292 232 291789245
104 71 85399812
70 281 410511590
118 61 330880999
176 15 192822171
95 61 72267978
97 21 858605283
16 58 245978769
255 238 624488935
103 280 766998822
205 271 322309805
2 126 3406327
265 195 825663608
255 64 988096720
153 291 98987087
175 138 809656247
204 234 635887620
87 1 228970429
7 8 3851619
242 162 87402398
15 66 718184020
19 119 578565545
146 84 431741591
5 38 110547454
224 242 491379996
210 117 920548733
9 20 870802118
128 158 41923771
56 165 802817978
274 106 195499239
171 120 881572156
142 190 152825975
238 35 947176858
228 39 527652747
33 15 225134640
129 276 379928356
113 284 621850928
31 111 956991285
1 219 483844549
30 192 679416006
168 115 310704477
175 256 700019767
249 194 850768201
158 173 293646092
156 258 16750158
96 138 266551133
203 250 705221617
30 32 968649227
15 84 138320745
215 113 218087789
221 32 295352755
97 207 88299662
215 207 28010407
68 65 546226580
259 220 311044689
216 67 108812026
148 270 565110027
116 299 698224459
195 65 255111794
191 280 333557307
79 252 834092938
133 100 490807196
195 15 604009703
201 134 973393667
132 92 831644538
20 59 403896957
97 258 217562926
124 74 599526076
234 268 654261341
127 158 570645972
185 289 28095975
223 173 337315826
270 119 198325292
172 20 314408925
190 203 979212816
180 275 914519826
236 71 681848384
261 194 691452809
88 179 59465976
228 6 481757685
151 190 176415725
77 164 586276498
103 134 652156016
194 57 402064687
119 247 382229090
186 126 756210264
12 61 485336586
147 73 282201732
107 160 697546510
282 140 986482715
118 42 187600357
243 119 134992372
292 273 466949605
107 166 492514462
294 36 37596960
135 222 81325285
198 285 732629097
135 183 209071321
266 289 110178032
276 22 90210571
42 139 277363965
50 133 847217835
222 124 137088007
226 283 197816124
39 276 491294760
98 110 849253081
34 59 891243617
30 193 446598399
150 211 59286587
182 186 493806860
104 279 379400550
120 29 892483383
254 250 324364558
112 227 474683740
136 18 598021967
195 115 76608328
227 201 666653086
243 230 558525531
193 132 34427393
131 13 86872478
90 168 112408908
239 288 446120688
273 241 223000189
183 105 909997016
22 240 557174685
241 134 497097451
268 60 663606951
54 54 789332281
136 246 935861112
128 128 213371476
57 217 712073943
16 207 414365182
4 232 314946675
292 114 403422779
259 187 877609618
243 127 81318303
94 95 11285562
196 200 116304067
228 87 990455864
39 266 545543891
266 22 127891359
61 89 116898817
142 92 405049648
216 136 169224761
94 94 736624248
263 89 557786426
265 234 4286920
78 129 300327871
244 57 4434809
159 147 298518774
149 113 121968595
159 225 144742236
76 66 255411327
223 34 382008762
236 179 287047908
135 142 675187096
160 106 896040129
32 236 613213957
102 179 321073565
11 90 102963712
236 238 877288576
131 149 356122100
218 224 806345817
44 198 690390050
58 133 116710281
165 267 257883422
60 179 900260479
240 210 55127014
196 63 691303445
13 125 799245634
224 61 777013823
299 243 752499371
50 160 695117446
166 203 9917696
68 12 866124880
148 176 852879599
121 287 527968277
199 226 600710538
265 174 518917900
209 186 139541525
294 161 613616537
16 211 210595179
239 260 927736038
84 177 872966792
231 296 280812556
211 195 733288531
261 15 463130870
137 266 661346995
26 230 498699920
225 190 591230505
1 183 746935165
189 198 843102475
267 136 88370886
256 272 289086215
200 254 135638510
155 216 597254405
37 176 784333671
206 64 744620436
53 89 238274417
72 66 104082706
29 118 846323640
145 7 389494690
172 25 338611577
157 33 241308100
71 232 107501954
33 138 655834369
189 226 591701297
59 132 590554660
247 236 958137701
63 7 213368318
121 87 495788035
112 232 124046093
1 103 308737670
78 11 977598802
177 134 708628985
282 166 930124422
251 54 80406347
199 164 622605630
158 110 70585617
10 225 70529876
227 45 66185262
14 208 509519645
106 209 243635499
275 286 356903710
228 214 990926843
112 196 133859760
185 198 382956865
184 96 522551828
65 5 149781438
182 67 355436462
57 293 96115958
18 6 218143565
15 164 111013973
113 190 965855110
222 118 23975076
216 281 392875823
127 166 728391720
91 101 327256767
219 165 780025623
208 46 44835989
69 154 187572534
78 172 851506939
242 186 718234354
67 50 391459744
228 272 553814613
55 239 61411593
77 66 549407810
48 208 98209610
114 126 35455327
289 85 726697872
177 205 947499826
110 282 764046449
101 276 685857386
6 94 956568135
49 73 785598758
261 128 16392449
206 204 782808966
15 4 467805173
277 117 446449251
103 157 868522635
26 34 941978140
51 195 615448073
51 47 254559648
288 53 675359541
275 153 696219214
284 166 193630093
232 71 855435296
49 137 967575599
22 113 857307768
224 215 157173776
210 241 59493261
101 43 751838756
274 146 643266254
173 133 746977406
114 159 11981011
179 143 287058976
71 126 486139246
218 175 11145982
69 248 812805147
88 171 74055713
263 132 521595553
224 233 660473548
131 206 402219793
84 78 137724377
142 243 823555436
52 173 950344430
127 295 681967455
24 213 506266181
57 33 38529428
203 120 430239150
16 134 549917982
120 57 192060414
267 239 824630871
11 23 702189000
188 216 352610695
275 267 472115167
256 145 106848862
10 168 964763426
43 224 865950810
270 179 667718781
120 246 527241114
153 65 356527423
66 84 907416461
288 94 675690835
287 33 260844302
281 7 969825168
200 14 647241464
113 24 74199731
290 118 819395007
199 87 695632437
279 258 924451382
244 110 879963746
18 227 75159429
31 214 764774575
65 201 234017207
67 233 11475466
86 132 47493779
2 244 876555954
84 233 4928171
90 183 323656210
78 161 410462867
259 157 520298829
257 174 992708155
37 204 504838069
211 21 611393921
170 139 812470053
135 276 432697985
165 277 283959280
219 61 478501013
141 202 587306695
150 280 278095108
169 290 78107364
297 298 48903589
51 35 97900245
71 297 900788165
291 218 570928003
196 52 930661278
180 269 479745807
211 239 439864967
123 79 187962820
270 281 714639099
29 149 501894241
192 145 577175638
32 247 868159072
76 70 844651821
140 60 888154738
94 7 862659642
24 186 815660310
230 97 328745400
248 271 701810378
167 292 963544158
118 20 376925958
58 263 757221902
295 295 654689201
19 122 721649570
91 14 422013281
28 107 568250388
69 182 445575225
130 163 337947073
129 110 723866944
259 29 895674235
68 146 131464055
26 255 214376469
179 1 488282363
279 19 756114685
200 109 918661598
181 189 399367456
168 9 128893538
92 191 292018352
217 71 623574162
260 29 16556490
46 149 38120787
152 226 337644941
221 104 344820941
35 135 780324212
271 86 488806572
220 266 358422760
276 185 104348769
265 29 247277611
168 245 410921981
129 256 2124962
170 53 984430710
108 205 587281535
248 177 420415690
141 263 138522376
52 234 463251162
175 205 669131679
135 232 471897964
155 196 22157944
65 116 952825988
97 244 692801743
158 166 990275795
67 273 829228551
253 273 424036479
243 165 115498294
170 268 807212327
183 142 975389231
162 276 19396463
77 182 920643910
20 298 971149925
207 95 647005021
101 252 817282038
47 19 520101762
250 23 93109134
28 265 438674150
121 187 632088317
199 69 14674559
182 230 797371986
96 6 84529368
257 25 828457017
234 283 735044211
206 83 511448615
43 182 289584585
204 131 509250007
90 158 443376924
139 31 230487710
208 281 38866230
66 162 832611460
3 9 641170417
122 266 634184694
239 251 616996628
201 156 282407963
115 198 473210844
99 153 871150174
106 294 752778783
181 185 233594965
90 92 120811046
119 157 94848959
130 211 27621520
199 33 987256285
292 271 354968587
171 171 72730742
133 38 662857491
276 136 792934243
1 293 113619189
184 173 358553773
148 14 12342664
145 133 942176772
4 14 945428082
223 212 959142314
159 255 811776484
45 126 943407507
138 258 12967644
128 286 162557831
22 286 48911724
210 221 967922596
282 69 2594510
145 213 191793694
268 268 368131607
250 190 25295019
15 100 502501325
51 144 711714450
257 281 640375060
252 160 761693997
82 182 94305082
205 91 96019803
253 125 433123
14 21 75839735
259 289 122121303
165 290 166899344
35 4 197430144
160 54 421198639
161 62 58419220
172 13 329498431
168 95 322337812
202 51 855589255
156 3 435290179
230 68 926299599
216 26 123310639
170 191 119235028
14 277 578247784
9 188 312125389
147 49 116791703
18 272 152698015
49 140 287434861
12 93 717397612
66 300 115541566
296 229 484461234
247 144 868466659
185 14 488205801
165 79 368973678
200 87 865787965
288 285 542879465
242 3 40623237
157 51 973229628
217 114 287520072
80 180 79514371
246 175 54678351
179 121 288851746
137 58 904155859
38 274 625039089
267 173 943898875
83 212 986966560
300 154 665177714
188 10 455514416
267 278 532830829
138 58 752716208
60 3 255493435
262 181 967462107
7 69 11932864
118 158 65689789
6 176 1947961
33 259 837865473
44 258 542750378
57 145 416784339
172 111 747402216
100 300 957034325
260 111 308705879
46 72 286878111
252 78 760017680
268 195 921363089
256 201 287371665
169 285 428864075
293 28 36203432
270 84 707562028
8 7 416169490
75 158 302062241
200 169 444754651
78 214 751441422
241 218 510974299
120 237 332541846
260 244 136150446
224 112 275764382
250 104 33317509
233 125 779020244
60 132 115870650
101 207 281732259
141 158 29321280
291 287 761614793
264 227 3623962
263 98 914765298
260 110 265761294
157 85 353527205
38 35 573477561
246 267 615846385
41 79 897418017
142 179 870627375
100 72 492508784
279 114 71768122
124 78 895283501
185 92 575588950
235 51 34047559
228 207 410547344
84 296 133952378
44 241 945498796
181 33 700232274
149 174 519355005
23 273 704929228
158 4 849193241
31 127 408621170
131 63 894187313
81 49 638433515
191 28 630026573
34 164 144730868
263 259 68380260
211 139 179994992
236 287 447962065
140 61 6530090
219 270 32503993
112 1 992531271
81 131 890235885
246 263 492899486
160 154 66283365
33 239 963914728
252 254 464303839
112 216 478264377
55 151 460763416
120 43 429911976
261 261 583251546
105 72 992550246
127 205 405607928
263 150 398013543
148 9 3814648
165 93 633558586
44 45 978746791
182 208 132361706
211 262 647151957
226 133 894988899
53 145 433318111
98 249 258816483
195 75 485137887
175 90 6469636
117 237 313761596
264 153 37040341
101 197 468520385
192 130 234131044
249 40 808834605
157 265 198142190
55 18 556067534
18 167 620147335
300 114 382912861
238 288 587116350
25 156 578173639
172 171 422368091
112 271 788647139
96 214 288798269
39 163 106118560
296 19 996338725
137 126 946919794
70 195 541113312
56 194 623985877
117 183 601145416
266 207 870605471
104 78 141213393
147 190 341495064
85 37 7746329
205 128 567296191
65 175 224845662
241 11 875383639
186 132 952228233
49 188 566712278
26 4 203973660
41 21 575514718
264 177 142580695
56 75 647244636
171 211 558026925
200 116 256542252
142 232 256657926
103 172 756516136
293 109 17217119
25 157 953875506
2 234 654436861
213 275 853501182
30 290 834274810
277 97 166609484
164 268 491668694
88 167 950767061
191 8 797506792
116 163 733259315
103 155 557460775
222 232 958708132
279 233 118536317
40 198 80541691
173 227 125395132
182 255 689277329
17 119 818716048
10 258 668941266
223 149 659765525
66 16 16034487
81 119 318164494
7 92 665867425
90 70 478371909
107 109 959651606
149 33 537737585
181 214 207726891
61 230 764347809
208 292 323176319
25 214 435721967
149 31 63675382
188 163 816069052
81 170 710120095
257 259 847187665
117 65 586741325
175 214 782282258
211 146 120601623
201 206 768308905
10 165 69589148
180 189 122693061
146 89 135192843
179 276 135315106
83 108 533036975
77 116 139582933
193 233 73489298
170 107 120330463
179 69 552985208
101 269 765763565
57 30 724865229
4 209 804264169
216 106 811209557
159 285 614252233
264 119 236589392
238 247 491572108
222 192 710088640
271 61 556823298
233 291 569513666
92 143 955886634
156 200 185322716
136 203 875965524
4 119 168569730
13 29 979327066
297 292 124306584
88 281 18661082
295 202 657061873
186 173 331282985
183 157 823606675
300 249 107150918
86 156 802740969
201 44 127449623
276 99 56486293
105 111 725043821
22 107 120953664
57 195 924736444
39 189 128491446
263 127 510740670
248 61 191814578
274 61 872182026
143 198 875155634
263 98 73084277
286 73 122748475
178 230 835357786
99 251 530197144
62 8 738823238
58 98 657840879
255 60 997338705
24 59 19172717
1 85 587823877
279 227 69244226
164 242 91207423
40 227 87228048
66 104 225875829
151 202 486477831
147 16 993340638
36 73 322674387
114 27 426508247
70 102 193674257
87 154 595262741
215 132 443457320
241 295 540998961
115 86 15337287
114 152 922958590
94 54 841423044
25 200 891684311
14 236 145962483
101 101 290298061
247 223 982915362
255 61 120661667
296 275 870686299
15 267 665693945
275 82 578768883
213 195 880143234
254 289 962723839
249 65 504191491
259 78 95885778
93 178 395647578
5 176 105848300
266 131 98177012
185 178 255424887
183 192 351868853
279 218 331232686
161 130 280744433
246 135 278796273
137 84 811866037
227 42 725810714
4 187 195821044
233 191 648405271
85 209 277237653
296 93 677580930
182 275 145408773
87 5 369203790
72 218 69335971
4 215 168763906
276 51 361426989
64 29 391525882
230 32 405023068
273 17 544732959
243 101 646087267
148 96 829747659
177 30 818916785
150 116 131804941
91 239 494664658
162 295 345188225
119 270 941066775
107 86 344040856
188 15 92447187
208 287 139482403
66 281 443511155
132 128 397677751
42 57 962439780
226 206 342182447
166 296 15622085
76 209 116019479
200 27 922170901
126 133 98458738
81 73 518177352
120 280 82180490
174 97 586357070
29 228 12977450
31 269 187106206
62 246 106668463
208 111 288351658
44 238 506524467
175 137 929950793
27 263 772573978
264 95 425919902
215 214 295011633
204 88 924582129
225 168 813235008
126 198 790717928
31 259 528464025
193 218 305761887
103 13 469792525
221 187 365744161
13 265 639716275
42 280 783233370
195 246 741258983
79 149 358308222
7 126 77892241
266 251 445172438
245 34 980137648
169 278 24970317
256 80 595292530
32 300 512156468
192 65 697733033
119 158 102997312
88 53 98643010
22 131 61817910
44 190 431395435
284 207 925385738
174 152 878378671
73 72 102075400
190 79 179794880
19 110 175610631
86 54 166957095
170 172 631440953
234 11 847498457
243 32 110141239
152 127 343951428
239 163 67196735
276 88 923111438
98 160 440159561
197 49 924102992
128 67 844734253
59 205 420313858
53 126 290558081
257 59 238700291
213 1 711032175
52 205 65861953
131 143 528565515
117 170 101864354
6 267 60863414
19 215 135565714
110 43 68747433
62 101 372565037
172 153 449784262
152 162 255918773
143 126 37095225
269 229 855131529
221 60 993939471
36 228 83937492
289 234 298471558
154 252 444649773
68 61 702267015
100 174 99450267
88 45 98123919
149 249 739794332
21 91 166927258
246 59 342180286
126 31 462021197
149 66 593646725
40 107 512684658
198 12 364327261
22 79 220161173
188 230 924920646
154 17 603952243
24 166 695297691
56 238 290173633
265 235 99612243
50 113 189475473
299 261 940845191
123 300 455585749
232 249 794560560
292 22 93335339
164 209 125690220
261 62 559157537
155 138 548554254
245 245 349799143
229 209 147471078
271 10 354250642
96 8 259044602
286 130 650823153
86 61 975541502
145 104 235398475
35 267 427628384
155 228 356714197
291 82 120779834
96 79 164652330
138 7 950226238
167 30 524714548
8 177 202654807
109 214 872661037
14 299 604966949
167 143 911383453
41 230 864588071
124 84 389501450
73 126 90075832
158 221 219157962
188 58 214405120
177 277 27945901
124 284 849255777
131 145 324212642
19 158 203369540
19 24 986319735
123 116 766398564
194 292 521812599
243 64 811719376
126 273 184673148
139 160 137956705
211 37 229106533
11 212 254824217
40 94 31703413
281 164 505534570
273 183 209408245
107 57 526206560
222 2 736074251
172 297 48241866
247 174 583489239
294 13 358985050
150 223 324955538
283 285 858631602
151 24 162668047
163 57 109725911
84 29 9804845
28 187 774288301
139 108 120280703
242 279 289799851
107 277 520405224
297 270 883771136
47 171 299335410
236 205 942527595
37 55 367636170
36 217 46357426
146 300 887093606
242 79 23648092
42 218 74935799
196 159 267802029
46 17 561449805
122 14 993068626
209 112 700615197
219 47 765712401
265 136 295700808
86 171 617251124
264 68 793446976
169 9 181180254
13 102 11690223
263 50 168534781
192 147 404988498
148 268 157056963
74 177 931208874
222 147 757432472
274 111 494359359
81 196 304657581
157 211 298053048
232 80 189383308
137 92 900420310
260 54 256477459
240 297 547354605
289 145 145973325
51 270 83588401
224 243 364567947
248 216 783955909
106 49 709388456
187 205 39739367
86 188 514618598
294 24 157674241
3 283 43842094
113 275 998473243
69 15 730501139
293 66 85510760
93 41 764117302
91 288 237065869
199 146 947540917
7 84 217826273
273 169 988852560
70 162 146832736
10 216 998424318
55 28 269711144
149 149 513165359
87 141 738360276
46 234 23988416
247 76 832514956
168 275 658299253
84 281 953482536
257 5 868634204
68 126 445653918
203 135 584961985
73 241 543035865
216 90 719746513
126 228 261067253
101 26 103102838
169 24 610421214
276 191 419494640
228 275 239711572
15 283 110811376
270 50 252445353
87 253 117255039
224 25 601598879
88 292 408982820
100 118 269908000
4 270 417368825
142 138 467998948
107 165 658864239
98 144 937505613
69 158 226782047
96 128 810513396
248 266 688048748
286 189 562845124
16 276 852097316
188 127 921487033
287 131 214407254
111 24 49813692
258 130 670286708
48 279 29092852
112 47 932231009
158 194 953368088
254 193 685641654
53 230 419046394
177 245 991585470
292 184 680554448
276 170 41987878
229 32 736537653
72 42 522108634
132 89 670711812
283 201 274575110
43 58 444509903
283 63 137994247
136 116 767250476
281 292 638910173
50 35 161956156
50 62 458812778
179 42 94332509
32 166 389030650
65 297 1771439
129 31 575093191
238 125 630745248
241 107 684273711
239 294 276243678
115 275 116983921
287 76 58591755
94 125 580103268
71 4 43409361
80 87 350840078
181 203 172682126
71 31 538028356
161 269 84142481
61 261 616908939
23 199 969453033
100 13 413337507
220 51 792664182
126 145 640503859
145 267 146328062
205 46 604223500
183 279 831266102
208 101 350684033
16 262 289568753
248 74 239913813
286 96 44746163
70 247 766283576
128 166 600985278
210 43 5774722
220 187 144497389
233 91 111485786
32 25 148286916
33 285 256672217
117 52 864251230
169 299 601769203
233 36 858532550
196 158 58268596
171 285 170477613
300 194 253751355
274 165 740709441
214 97 527277583
251 128 111779508
267 213 371930044
135 29 993241195
264 250 764888145
218 182 303779832
267 77 579369289
14 299 857510374
226 51 783383619
180 24 997492884
20 237 351198932
54 187 743692560
113 205 563788924
156 39 309655704
2 54 270861653
198 271 392353287
182 289 13844063
270 2 459166614
95 279 476789864
166 158 925004887
101 229 653341775
132 283 920769961
43 147 433125418
166 3 742047656
70 56 269336962
274 254 911729832
60 187 85307873
275 156 995823326
240 3 813753805
203 220 645367014
241 20 231372395
267 203 99047529
179 246 212688275
296 163 796741029
204 284 844446985
165 258 825726990
148 69 44360876
120 43 932234283
198 34 199373937
202 288 629163456
167 228 924128427
113 246 582951430
41 125 54357727
168 120 49619889
296 23 583426325
232 187 74122334
173 35 914061202
300 206 822119697
35 103 257464430
71 56 549401618
79 223 475452497
105 35 688958843
86 128 963206967
64 295 583838638
205 42 440385161
29 26 507216199
162 198 843545233
63 198 92229191
111 284 544058693
141 54 717820249
210 184 111397223
258 41 103645657
252 126 351162136
18 242 214118582
8 146 341772376
268 174 578570501
218 87 602756298
151 201 163723347
93 12 193705930
85 204 744594336
133 113 445552019
155 122 73223759
264 74 63077337
251 143 321986830
233 150 47055775
60 169 526743200
160 87 982655086
209 289 181368986
156 81 945004597
137 165 236059052
172 50 898901264
143 204 966532786
153 219 127912459
41 170 51279953
170 154 615441203
144 213 965814071
43 124 609614757
80 32 95421197
266 187 810429877
214 24 3732194
66 247 540632043
81 89 385042998
218 242 640610717
128 282 363530038
181 152 767919543
135 47 195551607
205 142 224996730
114 221 311527561
10 238 618867448
287 204 45755023
180 21 484268269
122 153 84991910
71 123 68633351
187 2 55818984
276 182 663502935
218 16 496290034
124 273 375890775
205 86 989992947
266 147 519965537
213 133 910813140
287 64 103627512
7 237 144793564
116 8 558393138
166 246 619822340
250 222 232877473
236 191 12999741
269 67 926003213
195 271 286535350
42 288 337500996
230 252 889330029
269 238 650787344
132 245 457472281
147 60 399460540
285 278 264846485
176 279 122192858
248 214 739419201
88 235 312077119
200 129 65163341
149 222 310205429
245 151 518587180
225 171 736063618
20 54 151935714
300 201 998679025
39 237 197443254
76 112 951531032
85 59 629477998
285 147 875057832
3 98 769194012
44 299 301879486
72 243 993079788
51 219 606124411
20 238 244640864
285 290 758455416
10 80 853444852
63 155 854464215
147 240 141874626
144 276 876159472
127 279 540871021
290 74 717511919
75 145 596099513
115 247 65963831
25 19 482924921
40 3 304455062
256 64 77498441
159 179 771934248
174 25 509955339
299 220 30980914
22 46 499604444
142 87 128472917
13 162 80308113
125 28 873697212
208 52 97220182
280 143 50296384
41 98 289153900
181 257 158719630
280 182 758008254
18 232 274046825
32 5 876860470
127 198 893192256
244 210 624921669
8 87 65128496
19 294 672453499
100 25 691537542
236 65 733352391
187 297 651342899
16 277 152489632
221 46 526150863
45 129 206035119
266 256 27980717
273 251 414532278
142 258 109272964
89 29 883199309
140 128 219236233
33 115 274355149
23 1 273538146
22 16 693752174
5 288 192436219
168 32 653087548
86 297 427826955
254 270 792611005
32 163 680264162
247 3 816999990
156 142 300038670
140 174 32192936
189 249 450100337
234 22 417513204
59 26 692439792
177 245 401443275
176 83 568867772
130 36 645454593
34 67 403609055
248 14 613492357
189 221 800074351
10 60 654892576
246 248 911299424
182 233 925670497
237 291 145462723
280 168 654376019
55 95 953412801
178 225 923070137
270 10 830396655
276 9 784665320
232 250 521591792
134 259 407895952
210 204 422965651
285 137 987822684
82 74 648735574
256 105 450656893
126 159 46674188
27 36 717130764
15 57 254637625
121 32 191975286
293 16 346143735
84 149 869697993
287 110 794830997
138 95 276675785
221 228 27712858
46 235 150447415
91 112 488773673
230 138 169108461
45 204 984390017
169 25 43260101
54 17 106694716
188 152 679800916
33 139 417471278
81 276 231005224
265 248 46073251
275 45 565687137
89 135 591706548
61 64 930060638
173 108 503819541
42 29 848412617
242 134 748505185
209 22 725689037
76 106 892892827
53 186 820565854
176 150 349047153
278 124 127072297
66 212 310330884
266 25 92980747
3 249 749701707
295 290 535131387
12 283 788728720
148 243 709153793
136 71 166104598
262 123 806928483
115 51 760817585
19 80 55484760
216 198 988861072
299 163 607269248
197 217 79817748
255 263 538380238
41 274 583765872
13 174 470153015
5 9 582375285
103 271 337903959
137 137 967744261
73 156 370485793
133 123 111815690
156 121 488473204
203 69 578002620
250 24 589256182
39 116 370646508
111 128 670678781
177 185 67558389
13 287 306694511
271 175 208653000
84 248 269964655
276 132 322734477
117 287 677293349
120 241 426622017
91 190 25454892
272 281 8923360
231 143 313239787
63 19 352590671
204 83 293080609
14 105 794154436
13 188 616629735
219 215 815991266
247 31 233616452
95 150 329290892
64 240 182832333
55 264 185137365
214 194 67455507
253 257 4972477
123 160 580063559
84 225 983149064
219 290 34489603
105 208 252054618
70 207 600176148
21 1 419843750
264 64 436543689
148 119 944564852
13 84 167070098
19 36 774738206
148 211 687643917
6 294 64998093
21 264 262937382
276 68 256459142
93 137 368297848
292 209 128263200
41 224 110460864
82 71 45378434
85 83 89422917
282 154 260866805
239 1 59784415
55 58 484289060
148 131 328535175
281 106 356636142
22 250 89615930
21 293 761090990
21 86 700352213
136 167 795264635
69 3 378449270
137 37 517361623
293 275 922006875
59 82 172448584
118 229 251835814
192 261 899690871
85 35 368068372
166 55 257144465
155 127 839279250
119 262 403532768
154 30 894469870
23 219 184193358
97 211 342408733
171 270 761792614
54 139 507343094
120 83 841997554
290 167 874731488
214 33 826359095
78 239 972627221
79 58 276513083
298 211 635911464
219 285 140245282
177 133 902897693
109 55 688685814
174 160 129382352
219 279 406038834
224 21 727807753
264 234 184305037
58 63 536621675
278 193 337626232
212 190 235099694
176 108 607491330
109 284 972162762
253 144 103637216
66 69 174363276
70 287 288693106
103 211 493801226
107 174 862788711
143 283 800283673
118 12 850598065
201 224 269781006
195 151 99786014
224 259 229839149
138 264 149832793
53 29 326592261
180 98 119977000
286 253 519468210
163 59 957346435
274 202 407454417
198 71 694935728
15 271 948819803
20 165 952501753
133 141 551259564
34 278 647990927
26 82 783898007
138 14 88363157
237 299 967425209
246 161 1408267
232 186 227133720
200 136 328706890
128 150 496270361
82 169 817440177
187 54 47191317
250 87 862719246
28 164 367661180
186 1 736380393
142 290 110086343
50 287 982580255
69 219 69167193
40 118 170130828
30 297 988585577
42 79 646828797
218 17 244646502
287 266 11877840
84 45 98355603
15 230 535704756
259 72 591385945
201 173 637383731
108 293 631044549
200 33 684855519
127 62 641236015
203 155 154038545
199 72 175764861
53 110 110190878
292 246 457823874
95 260 2561856
250 219 980251627
146 171 915867451
276 278 958301244
77 177 187203076
295 3 783796189
261 257 244350943
6 156 238823866
118 208 666922628
196 199 391366473
121 45 484849284
276 46 831235102
202 191 98159325
105 167 563169502
248 243 147949179
175 289 22629181
163 249 28311438
57 6 811824745
22 124 617815604
201 71 458161854
273 191 283735451
109 167 777724796
110 120 384032187
34 224 592557705
288 223 34345899
66 97 394252287
198 11 166029235
287 67 356231641
283 141 140624364
238 41 334430986
92 66 690442676
94 174 63737642
89 35 287083862
27 121 128865137
131 108 694866360
229 225 24806956
15 174 607515819
102 161 982311185
142 195 945565977
57 133 311686470
42 276 472039135
269 69 616505960
11 157 723805694
224 184 597130366
60 66 94616773
119 295 921763149
27 61 248682323
245 162 808718435
281 3 413696229
210 111 386464013
179 204 332667288
265 173 241074208
224 235 36893217
269 158 104156500
135 217 592970817
159 88 980133011
108 166 217444424
282 162 765901585
16 142 686768840
296 103 120670550
109 281 107070406
248 245 483894730
156 220 314881164
272 189 592146273
23 23 592038841
139 233 9425228
2 40 426661445
225 73 746230606
61 140 655476600
200 136 99965402
202 296 243899835
107 243 706802679
288 98 810212599
51 121 130451639
23 143 559617461
15 34 749875893
95 35 622990085
39 11 280158709
145 71 677583849
196 23 81478084
297 224 583338131
131 82 810798573
262 69 709966323
12 171 317734595
250 193 885743538
262 259 564513023
154 53 481659709
190 92 854628019
299 288 154352241
299 183 215084863
134 231 10012786
264 62 351239119
88 75 17625887
10 86 29086957
157 35 977768601
146 296 455709660
168 201 177368064
276 143 864372555
146 193 820502794
86 191 996202676
101 24 48986659
38 287 665205520
57 74 109210994
195 136 43732031
152 44 746703917
52 189 630260464
263 56 296793916
227 31 369294358
33 228 980436850
127 65 660321592
154 165 637910315
112 203 201573853
183 11 162110779
28 205 82003766
10 108 278987409
26 212 491321597
89 174 136035704
105 152 989756734
14 237 317178113
116 115 567619377
107 268 808681742
174 132 755410696
278 66 759045358
156 146 984695262
273 155 18996422
81 181 134684733
129 21 639986206
232 177 417301610
117 243 478487146
229 58 496561960
106 216 320245079
199 141 146006810
246 119 196601728
3 26 728724473
16 299 491139779
137 131 378035211
169 260 19671232
127 243 417874460
236 60 89422902
33 40 719786111
192 197 969285679
70 95 475831919
132 92 146031389
11 146 289478515
283 214 840693413
213 50 931179843
24 271 52259402
207 149 45000497
266 136 194127156
20 168 521850195
182 59 595788992
12 180 77141638
231 11 721318830
19 21 139882275
133 55 22559940
297 268 830799190
240 291 256833812
193 197 88133660
89 214 447033047
96 285 106986414
143 167 269588424
34 230 402567803
123 160 504447714
4 231 476862586
31 115 196020541
270 112 5577708
259 103 136085650
22 47 607215598
233 188 836842011
279 283 471936848
244 125 379769866
267 210 382143095
170 33 954888455
135 36 949070037
120 66 949133651
160 36 500805414
219 46 535265168
20 68 104772315
17 52 106843702
280 31 735606484
227 26 217943561
92 293 297127570
238 162 902816502
244 48 608845538
180 167 260129655
283 79 174196090
248 49 886876736
16 69 507521755
130 137 124264806
183 168 36655288
218 146 204195966
78 289 191442558
148 227 105995571
249 170 452302718
138 50 559742936
93 84 771820414
134 31 651661915
221 46 482836735
75 227 872560471
33 109 215224191
72 79 277732036
137 156 292370225
246 3 641281851
216 4 131871720
285 193 565726221
221 37 891979004
286 171 463951835
152 91 669426232
86 218 760658159
209 2 549524019
199 73 771630297
34 262 497436905
158 259 171555059
208 227 696801262
180 211 239570107
200 183 354958543
4 221 69679013
190 72 123124604
121 158 727849773
31 66 155602974
102 16 148072198
250 49 909453411
254 259 631189170
13 166 124307748
126 97 136079158
132 297 783795393
175 52 839276865
139 293 101669136
194 165 758841645
166 248 683354862
191 49 90432977
289 50 110324378
151 4 182882936
220 68 801906853
267 193 99267850
277 77 493208498
221 3 23191449
137 141 710717593
124 35 520180457
269 252 917270904
282 143 304029304
11 131 452085954
140 281 711394109
175 253 400992476
179 271 922715020
228 299 663615496
25 271 831168798
225 107 347570291
169 231 483428225
226 251 671625076
281 232 67763818
137 294 672433000
290 133 395086033
250 59 719428437
225 238 917251607
196 217 682183758
244 242 945503928
293 218 399005335
183 87 996873465
107 64 202982667
35 96 995655098
104 232 875389144
56 273 99992828
40 222 852349087
276 198 786881124
234 146 855373140
191 89 551033633
171 81 749570403
205 264 161701041
221 122 307606004
187 208 809588899
136 12 824195383
131 119 950995055
259 158 606414729
145 133 191446878
20 66 628806523
111 9 287141863
144 179 145105344
198 135 255299959
38 55 248637580
241 293 501775988
291 180 934995351
25 11 220728669
32 269 606578326
260 113 664489110
189 184 311712627
264 294 230432635
126 189 71185765
69 86 380460999
27 123 7648153
159 115 860762597
198 158 82943077
248 182 402095087
168 213 918211455
193 224 336157619
154 113 442814702
180 128 946072195
215 253 101996436
231 74 955125121
30 152 372191996
234 10 808286710
131 207 630547219
259 206 958136201
45 73 299597765
151 17 261346641
121 170 34829705
222 102 101369832
68 68 748108884
103 298 972668557
276 27 30348809
271 261 22303570
132 143 597792477
151 101 249359934
103 145 492701907
19 47 491945775
159 167 59064297
163 140 505770098
294 259 915012165
78 114 357976262
286 89 67639741
294 59 199134401
64 242 318255543
92 92 507946243
25 246 22817939
83 265 781082085
158 123 823929003
154 286 741657042
251 279 37887452
167 108 109583965
28 94 764388053
268 139 227008063
220 202 305730705
262 45 631103196
156 70 866294442
246 152 163418558
30 61 78789480
84 214 352269617
277 216 232712448
129 82 468226855
93 110 736514100
146 129 215406639
8 49 779724392
112 62 27259837
60 270 59889258
253 215 517798209
110 297 597965170
89 80 359454435
158 57 455519751
205 185 653689632
59 277 164456693
111 174 202944322
249 182 673319622
92 45 41321783
228 156 372446104
185 108 984477819
46 269 363531715
267 110 186053146
101 267 341182802
151 171 571840838
283 281 135094867
275 91 795332940
148 91 632079473
69 183 98548818
104 162 383393225
107 47 647874433
77 144 760443701
43 110 799890510
89 210 118484476
190 113 801454398
228 147 464510779
46 173 549200421
285 21 418413612
158 141 556907446
127 296 139425407
251 155 78373105
235 231 891548748
188 274 881950209
249 62 556515571
277 3 370764583
174 282 830903229
104 27 101388201
125 12 237680173
288 221 60582414
33 99 168965761
291 49 230243615
296 36 81410146
195 223 938513419
204 223 840122932
226 199 274905134
8 125 667217216
288 228 4670394
140 104 377564905
65 91 123012925
130 123 44595975
190 114 968158224
105 161 951639511
250 55 902967185
120 10 474548107
103 235 489899458
36 294 897959282
3 33 15754709
297 173 97518865
53 237 856632655
30 66 555036230
104 7 332154995
279 111 266362055
189 112 954238861
73 231 277735623
232 33 940851557
289 121 871900303
222 123 49268735
82 171 279377759
46 224 947391195
101 253 671440512
30 56 767975119
176 35 319754981
130 275 555673893
242 100 119277975
64 31 998173808
173 71 24815580
275 292 13904154
109 73 970109925
220 171 976030500
266 271 154678804
78 52 698134459
248 227 132104745
228 108 555712820
72 49 724442219
147 113 965357401
6 285 915841471
285 259 178886414
138 119 770246938
214 38 787441908
265 4 87103978
268 133 929302081
79 132 941158507
223 111 94068014
94 183 194785815
64 29 816014827
64 34 603639311
186 18 282075921
51 207 900593391
289 173 738569481
96 137 595911736
226 157 144060668
158 235 708540451
17 209 904073361
282 3 138849643
296 66 532147271
122 182 934656404
284 119 223708973
104 170 413209132
147 158 473266804
227 5 84945192
62 282 550406748
81 140 272818634
283 156 531769243
243 137 735487745
138 185 313449062
8 6 231010595
264 42 404013814
288 197 863861483
219 43 233316892
74 21 447305596
66 134 150480630
265 266 567111369
99 248 195905376
141 243 130930664
237 80 566973048
150 139 172563706
245 154 551341947
158 142 837900043
292 112 785347738
283 186 279738158
278 3 769499392
7 19 103724809
227 169 285922157
54 9 925197499
18 297 12916830
217 199 81227420
174 143 64785674
120 52 892333267
15 43 124562978
252 25 939774315
261 54 422912469
104 113 124384188
213 39 22040808
21 145 90102517
19 162 474122465
200 130 635033363
219 4 656362157
92 123 89606308
210 189 651143650
140 192 426807426
6 153 11386880
175 8 407878992
114 220 35911482
221 240 91389726
89 10 557760739
6 261 1997569
120 180 449180272
77 23 303167146
136 233 254374587
186 124 235633978
63 129 231716182
242 55 12120590
285 220 533088361
67 141 80541653
44 281 432194314
183 38 600963175
151 158 668075654
174 286 403350128
71 121 994087160
157 58 122398783
135 121 580575664
68 62 939013918
9 99 27130438
222 165 866966030
74 260 401139562
287 142 103773500
213 44 314933909
266 269 838466594
146 40 616494214
257 196 5193124
140 82 726338044
255 150 496348557
72 210 723103655
161 131 295031171
90 256 303520831
52 243 306333372
103 207 10499068
11 173 12681836
204 70 468565175
269 26 632523671
92 217 445224004
35 171 285866005
144 243 19086615
298 155 30490545
69 245 105652153
99 48 119216695
22 150 82212753
289 212 105166925
225 167 1494746
199 135 60250672
121 279 108866188
125 65 727916959
29 208 708933253
195 206 79045507
192 26 557736103
144 176 693628250
90 197 295528151
242 186 825853362
19 162 975586828
164 60 213739115
35 233 692986993
123 57 992184857
81 137 460197617
33 32 115096222
191 223 809460899
294 66 141779774
195 207 123418922
298 148 59844707
259 166 521288020
139 30 271281332
205 64 794864664
249 238 389778372
57 18 489372108
73 102 817765191
46 45 405448165
44 38 358073182
269 284 647373288
91 281 355561236
149 292 292836653
69 182 755661582
100 86 509319398
63 34 810159935
186 90 238616505
93 215 503622358
136 260 684223002
100 56 190670891
182 24 716594275
169 114 410037655
56 15 949370746
109 83 15213079
242 234 116271064
191 48 503080749
78 233 167826991
282 77 570707405
39 212 679334564
193 12 8202071
83 245 994056995
257 165 465350960
164 221 481928674
61 81 565078156
140 74 838597089
3 265 97350136
252 42 583632020
42 23 934298497
98 113 819631108
113 5 497594371
184 140 326261467
278 96 100489332
237 11 880871904
211 72 107729484
18 211 94272709
59 265 644788273
146 216 274468814
166 9 74447188
14 158 548345753
73 271 380387509
144 154 761243348
210 131 260023896
193 119 286766806
96 81 643359177
131 151 345014087
240 209 360518952
64 106 192954519
178 271 10147780
117 36 382806137
169 109 842780507
278 252 250789312
277 213 895856842
72 158 800883113
178 5 742764093
54 136 991610643
193 127 238536203
244 242 580890909
14 119 454823131
93 288 794631367
82 156 124979427
40 185 90945330
152 162 18790542
145 233 566553451
257 110 910073256
202 216 862112143
296 108 516942821
51 103 519353562
159 116 143813181
41 261 22317920
259 94 145664475
285 133 599273060
14 36 144387021
8 181 893546605
158 189 281002267
65 90 950113182
107 138 98409789
27 188 791443743
189 98 369653210
221 138 843185970
240 97 152397215
166 133 435034748
277 147 646920583
249 206 536427915
154 63 51923504
220 128 641204145
253 286 295880482
93 13 107005069
35 253 360501518
144 225 806160256
266 216 796161704
180 133 455485288
279 110 22559986
114 58 368692691
128 263 60436854
31 234 712898433
128 186 188189570
9 278 150736734
130 64 119893486
47 208 797022062
154 225 351924029
109 156 930263862
197 135 836347323
182 248 214561432
73 75 958452795
78 158 201540028
262 285 893936314
131 45 839084143
65 226 975910907
2 25 526586166
216 178 334295890
96 39 403953645
109 287 23110531
231 168 986170778
163 292 534595005
109 121 867790362
236 134 331993698
1 17 223085494
44 133 648070820
202 186 819967544
267 101 397452273
8 249 176686711
152 57 465672497
183 288 286969617
212 202 9270760
16 10 545529133
29 297 608643166
78 50 91835134
172 145 440809066
191 46 480491152
234 64 7903452
258 71 80002700
269 274 479569109
17 208 190433648
233 120 427157749
245 187 853226910
77 268 817664806
94 45 919440455
128 216 997637999
293 158 880684696
44 143 242650359
248 101 122863581
99 69 72761655
59 137 967971462
6 122 647180133
154 66 644982672
115 194 829169439
73 287 384250483
27 166 385827651
178 211 629455408
125 254 787617651
84 253 257766651
164 104 69105471
270 162 687306607
284 168 104372380
168 73 624540845
239 188 350890190
277 260 39547229
112 38 782347094
162 267 872615204
69 92 790842710
171 227 397449414
21 142 772438017
43 164 100410331
202 147 719283650
181 14 56215722
226 253 669466161
267 281 376699772
295 144 949873362
189 5 239141280
292 126 125188223
153 296 850664549
267 69 243466543
235 163 523839506
65 64 364787604
166 245 560974617
40 222 462415921
100 188 898280954
224 183 252820197
85 123 764377654
16 166 62408731
39 19 82014726
287 285 638511346
181 271 948487709
238 36 404283124
141 201 405237268
110 240 133440041
30 92 234748929
35 67 453743863
132 203 720255585
37 218 759415650
67 256 362066768
144 295 778174704
290 175 780177475
50 165 321001762
225 5 119931214
293 114 85697906
33 196 887767997
13 230 460390315
175 113 48405517
159 149 743471234
61 267 523292042
228 111 386016136
184 152 280142762
58 253 729511426
19 177 951426083
232 169 506861348
137 254 858233143
185 18 608855125
299 193 11547489
67 103 830687890
53 163 128685056
294 143 840070066
281 26 308386969
142 135 629607121
220 205 60529998
2 136 858909218
1 25 158184823
196 261 193105741
20 12 417415833
60 78 256403387
249 182 764451350
157 175 861175544
174 155 472234321
43 49 377805155
163 20 751406159
160 73 712968546
130 73 348190222
52 268 397355535
292 39 468338446
176 99 314577175
163 99 679542957
64 255 939044183
107 129 479096990
227 171 579844138
233 85 675829757
143 297 718479929
240 126 67172353
62 177 727623821
196 221 13722159
93 96 937014857
119 10 33222508
275 73 725997462
110 179 560442490
99 157 697460912
188 141 914143497
296 283 123536593
124 223 37065770
76 284 107883146
48 231 86643518
7 75 538246366
115 193 719095075
22 220 246157348
236 29 833125078
225 179 99716235
189 66 128768675
185 61 524204910
229 236 146477132
98 63 48808267
195 111 628553849
213 169 354052323
78 35 244913567
4 57 128164186
251 292 647881066
181 268 430644844
267 156 761332361
193 92 315773373
102 20 812447808
233 117 23560723
151 12 824219585
299 224 80662905
273 53 729905539
140 56 657686347
225 59 590002790
143 239 87297358
186 205 552063665
99 97 45928857
71 199 397462228
31 183 938696845
53 34 482548556
289 84 968177231
93 57 81312883
231 196 246083290
178 172 856129448
167 14 449609138
176 252 273722242
93 50 14786491
101 172 491974089
128 202 409311223
24 6 110573456
179 294 781863692
61 86 72201548
295 17 931533295
285 246 488023118
84 164 389552084
174 92 919281387
115 184 838543388
205 36 463111459
245 215 310466113
168 239 551651718
175 169 863404212
266 282 326386497
165 276 523020465
11 12 258476110
81 148 975272574
216 21 465739917
2 135 429425452
189 92 764774387
299 36 574281653
11 255 91611391
29 130 356861212
92 147 485691993
188 64 264449320
105 126 86700132
214 206 513606579
239 121 994777799
55 174 656452385
158 114 513416828
244 113 57645216
49 175 698448770
91 255 251433651
2 46 645947198
246 286 511740013
166 90 927829038
149 55 87270096
227 46 527098916
77 152 871629590
113 10 959405503
241 5 106054467
156 53 769526242
77 144 206505248
128 197 575362994
77 195 760035031
89 60 431025472
226 260 846810426
21 186 540211523
289 14 271935975
130 178 176441936
84 170 165987440
151 77 519886845
144 154 329751540
91 281 952442736
136 57 431201482
166 145 325444393
37 122 574387952
15 195 544155089
89 183 82039954
263 64 844494932
198 147 197453201
190 49 198559978
234 192 546264031
173 35 344515363
60 170 386744819
142 88 889725115
34 176 928768936
238 242 296179082
26 31 814021764
180 45 911475627
211 243 400462526
163 184 534520574
192 117 935692366
22 41 515515852
184 152 144321321
154 293 139692860
268 79 80139588
256 68 812471929
189 93 729417759
253 24 955429404
131 234 666948798
156 149 29963381
282 40 416876349
299 114 157439241
50 49 204094792
22 203 988044485
82 222 539765415
69 229 581129182
49 118 508807226
60 122 552323150
63 4 408688235
112 212 275355683
44 193 55918175
144 191 444123388
284 240 637003036
275 261 21301938
11 94 191777912
177 214 77199892
58 263 121230609
136 22 842924530
185 136 6273634
219 299 11740445
154 94 246361889
128 237 793313979
215 272 20628918
50 246 777660730
140 9 204102276
203 185 380093141
194 295 118105255
3 130 72728
284 14 981424963
269 284 286659813
165 137 93224306
253 264 523027494
231 230 880992265
200 280 223729763
182 171 539284471
9 73 72454507
49 266 551852701
104 20 338802630
231 56 838143795
246 24 606048079
10 241 622903867
168 245 92112983
261 228 457798812
78 127 209480743
192 60 368460713
262 120 831549337
268 169 823430155
21 24 317850126
150 254 157733781
97 251 54387457
275 261 19551597
93 128 4620793
175 88 97876320
187 217 24979799
229 108 563591958
194 121 622847778
230 141 582840398
36 161 709158721
162 62 1875474
42 158 147448325
50 184 285053437
298 29 655398764
191 203 486544503
10 89 659482920
8 70 102976479
66 263 356309652
295 244 639420592
92 280 209194704
264 141 404434617
89 234 63284127
165 284 791791310
201 281 917892738
64 171 533701393
67 181 244499733
38 240 259768502
168 5 653001116
119 51 403230560
262 194 38919691
265 157 172885931
82 298 667895764
108 162 430852999
69 63 628792880
59 178 971368902
251 296 703941034
283 33 851489074
137 201 830121330
252 71 115201933
63 33 437054926
153 49 209871735
135 130 435527832
299 289 113987893
249 110 382821707
128 220 44911685
282 170 291835032
15 204 78041965
288 92 64058017
70 96 606192839
202 158 491350671
279 63 633758920
213 197 437852201
196 247 966914642
41 196 12737551
247 75 50762722
83 56 57142491
267 71 833925646
183 110 640880690
299 231 278492385
289 132 855023994
260 111 556878856
31 75 261975605
283 271 785693651
224 63 411402346
26 61 620410921
47 144 236604628
289 110 111408150
187 44 96310560
176 42 578982242
12 82 117076074
5 93 705196036
113 123 553213862
117 158 96657384
119 133 302030846
265 159 404672307
237 257 302009802
264 298 285878363
114 184 286836306
125 111 221457999
66 174 695936280
191 230 54138173
178 42 782338947
240 210 318390804
75 29 481724737
221 45 137594647
127 281 336763255
228 296 136373052
190 161 75382387
195 285 794671949
293 103 572734122
224 45 117109252
196 275 837192545
95 266 994959607
98 40 376104087
286 260 392028331
32 86 368175963
139 65 541151610
190 6 169847071
229 200 55605607
77 244 777409461
151 168 304851058
154 115 343126432
198 209 150482149
256 59 118542888
42 44 254372200
224 128 110126037
86 266 987814202
48 155 25831407
118 83 511013959
276 212 812303502
237 62 330669021
294 215 120248688
77 164 110865096
125 172 325941754
212 213 99719750
63 137 717277377
300 274 367894242
1 73 40459748
59 190 810356283
17 166 472255794
271 154 303925107
91 199 569957121
78 275 665093436
26 99 731777307
279 62 146112820
28 125 5161008
256 124 677097833
97 176 703074906
197 234 105455647
79 251 939845664
224 221 983654417
130 63 246765667
2 193 367273141
37 218 200691691
296 248 865564205
167 28 616262881
174 283 562913756
258 132 693331031
115 80 738378816
214 210 356554718
177 133 212678590
46 14 637419453
112 15 456058697
205 103 74428714
95 98 376020313
151 264 608036892
31 189 487755827
86 147 235587710
68 13 891992289
284 226 119842198
201 103 243909582
143 200 715603195
95 11 957396509
43 215 339415663
156 62 888405261
20 212 455510824
212 295 898409713
190 80 746716111
299 200 556021275
187 235 579264501
36 187 461324155
17 29 38371006
11 123 852138016
71 165 827447383
233 72 164990796
245 144 730332459
169 107 139735253
33 296 808629285
95 294 430345584
169 232 595779318
221 267 661485204
127 35 840141833
232 45 621685007
100 167 462173424
182 99 288552147
129 96 329357842
287 264 340111048
192 48 513600295
176 194 232896940
111 62 389993271
280 35 809764189
283 161 883602923
67 93 179629019
26 192 655238985
201 125 502364836
147 5 609411831
289 291 284407146
288 234 425760493
283 109 485220686
22 271 18808999
45 250 605789933
33 285 412520346
108 51 772338538
226 128 94931581
211 28 207746857
46 227 275775161
28 267 29348951
273 254 165752537
17 288 936066145
202 62 180700768
252 106 790403017
285 190 131690801
282 49 897222304
19 275 708682531
51 237 733277611
207 34 407043337
67 61 911853903
269 33 440336708
105 49 506092048
102 2 489500509
69 253 485588066
37 289 304118907
238 270 828695956
293 40 91464582
123 142 895147418
85 48 447142003
221 166 651827463
75 187 498643647
235 43 413351047
82 144 733686700
42 264 478459604
107 1 105976045
165 290 28756366
272 282 19139106
53 104 729604899
122 241 662867899
276 161 94703264
138 288 612009002
136 222 675504945
234 55 73773588
33 96 692548404
137 254 617199704
281 170 684450993
146 142 791524574
103 246 499619329
254 120 542012869
152 95 178264882
267 285 172745621
269 172 113275442
13 106 63495448
252 138 660389795
207 26 242062900
162 58 112633669
54 256 805830762
279 58 413118760
60 11 829645079
80 214 207584425
261 181 198764261
181 201 301828233
74 265 782643738
73 268 227413827
167 175 262081753
266 36 845139910
287 142 5344665
148 120 614351475
7 231 401765237
37 11 30453851
214 271 300153283
74 204 970356183
106 29 421600199
243 102 875142566
270 268 876048040
74 286 746549028
235 272 318580169
52 119 88698740
226 178 556524071
214 266 116585381
116 179 799663903
250 253 778505258
284 58 166384887
282 53 879314588
248 74 430200507
139 147 61105544
66 81 32147015
186 132 854188386
126 109 87832063
48 75 120272180
280 190 454060459
234 140 140477511
92 123 333867920
30 157 964359072
69 104 111881145
75 294 38515891
119 112 294435924
185 297 884985907
70 174 277033668
184 273 872344442
264 252 406404783
274 238 179367974
184 81 14106549
203 110 332220705
27 230 8853008
171 56 477600553
214 226 779979664
89 111 87086861
95 232 192653586
262 168 800687559
255 183 732806862
138 156 641191751
211 39 451831131
159 293 36142592
263 71 273440721
222 242 446442377
175 207 616253102
290 295 667536264
102 141 601963896
88 155 64917115
98 109 471635397
111 298 128695552
62 209 29091442
144 119 506690986
36 82 525853257
208 55 50975750
136 281 120574356
238 271 734117702
253 72 924075342
148 211 672513648
262 60 146744357
10 171 310721306
161 284 786263414
154 127 145026285
140 214 14197918
196 122 255147672
245 9 50508805
252 246 475228275
253 251 173941998
146 150 339303561
194 164 772000520
102 173 57356090
7 34 541594725
173 239 971514852
157 78 940808117
274 25 870398890
197 269 59245899
101 272 976118596
27 224 288553246
25 122 451030096
285 15 528466259
56 168 992497131
298 226 824334616
222 150 53070155
25 58 37911084
42 31 452194309
283 280 199411929
181 80 400138301
129 107 641007476
274 183 846094797
21 219 540430263
231 274 870758230
14 271 852832708
129 193 420400757
235 269 571005015
171 10 318843397
79 45 919063576
59 225 274690708
11 53 860953066
187 79 851792648
183 99 291545718
298 82 247180091
227 95 333600914
186 223 239886558
295 210 790068226
109 80 777470388
57 210 72491932
285 20 586895108
292 31 296798513
209 269 490755391
8 203 324828541
25 200 327484222
15 179 343735916
80 64 50434591
37 58 353166752
263 218 289843483
250 275 165175444
33 11 178574563
40 2 435211845
152 262 723578413
94 269 742285416
187 293 31763115
8 59 315286093
276 139 298203409
166 175 548399466
17 189 194428336
51 190 850100710
294 222 992029220
256 14 894904573
1 165 272196186
65 11 123180354
280 197 444435498
147 256 630625356
139 231 720383546
247 148 101080273
165 216 562783761
300 266 735480751
161 259 691663172
32 267 870742485
256 19 569517202
141 83 131259064
294 115 28280260
243 261 293097715
198 151 121963698
96 98 712796445
168 14 271279061
128 65 87255026
278 225 178416137
102 8 870820603
238 263 304712973
291 103 498638955
54 148 899916669
13 142 392825581
280 91 440135432
177 186 192565981
221 53 198516694
233 233 504932258
211 262 814429734
147 115 119038341
101 53 18695355
73 43 80564257
179 149 985374456
100 213 177561449
280 192 435234239
11 120 331292725
243 93 819333529
136 25 609624061
145 287 142677775
78 185 257641489
70 285 677774041
24 109 677625336
132 40 388454436
139 191 986025248
287 170 468468192
226 233 105230611
102 175 461625303
30 63 661447680
243 207 791952766
117 37 884073051
105 106 661145487
198 182 427883048
33 13 682924687
120 152 31219777
67 138 865593898
258 63 626182482
21 164 505551509
123 246 554734023
54 188 278662281
220 4 491766017
22 160 18116275
108 57 23892056
55 141 442173968
93 260 110852819
21 27 60006409
171 36 872352623
252 56 731700539
12 231 457383684
134 284 364058823
215 255 889371026
83 276 995994485
109 84 214219594
264 190 369155334
184 283 701772494
254 55 50612672
162 225 31627707
237 229 455080915
175 240 930081245
110 126 823109080
232 92 926117187
109 226 123178614
145 35 75438849
238 50 210780939
172 233 917162273
65 187 225802627
36 100 854812252
94 36 135406332
208 262 868103671
4 71 165187348
136 2 452803291
222 162 222717517
35 7 198079003
284 244 550263452
174 167 573961185
46 231 85057723
24 18 143559474
227 164 769302710
58 71 251537023
181 75 342613394
128 262 111623347
219 183 447937909
287 269 52584267
89 4 434749310
240 177 668621077
76 274 455972059
150 298 847414929
24 276 874577392
233 34 992540362
207 214 836417788
200 93 81835101
299 63 949876783
207 49 121270504
173 189 966422407
134 129 401146136
262 256 342603961
73 106 16598510
201 129 130458386
192 113 819589919
5 19 804613132
245 271 103231724
145 269 20765339
280 227 74898787
135 151 168743776
241 284 852563756
28 298 700319911
89 70 502102668
198 270 696438796
283 213 610180060
153 269 789830779
236 213 135553401
112 110 53938569
50 89 697956895
36 223 120192645
263 215 607911480
18 295 829734477
81 135 94150046
248 84 101089467
296 119 872613779
155 271 106296048
85 207 491070412
285 18 108771973
205 67 56761161
299 154 13857535
295 117 946483502
27 134 108301548
55 266 989399282
153 214 311407917
219 261 499753135
250 115 226541206
249 252 1417964
212 236 75098781
285 141 173381699
197 191 518649152
84 238 132161268
237 264 718998154
84 70 979479719
117 222 268224984
233 193 281672744
220 194 630003059
125 142 808079410
288 105 951455197
220 89 114068989
218 38 993877680
69 121 416106617
89 57 841183632
242 192 98843201
60 60 135751723
144 44 758031367
239 263 985779560
97 87 630325053
258 126 182738257
107 45 604307498
95 14 951793935
274 83 91571455
142 171 675156263
273 112 810849906
226 223 488051665
100 118 870685808
166 57 311021823
125 205 183084561
29 215 488291987
285 21 6775583
134 115 59400697
268 141 17332831
274 282 160216901
88 7 912083764
93 232 252413138
209 31 596913656
69 196 932290764
191 72 36031168
151 152 273763334
289 188 891909754
172 22 857055769
120 289 15595409
150 15 636151642
50 102 707391748
165 247 180675279
202 155 44270309
57 223 908724556
72 165 759817579
292 16 80390782
125 56 200666070
279 227 577467291
299 46 15104731
159 195 605149845
52 296 875275247
200 160 341363545
278 62 786433699
139 170 638720574
246 294 209245990
177 285 976061805
258 161 985009061
227 191 242863339
217 189 809025337
248 99 700827883
44 151 78487879
242 50 559121790
86 79 542626403
137 269 478431725
110 267 151344870
299 143 744880654
256 152 90351466
268 131 374634357
258 99 159817797
294 98 461497196
29 142 620856898
59 83 492772299
248 169 110435029
3 5 518115398
279 166 182087016
248 216 9651110
253 223 81198461
118 242 449911491
174 200 693257490
171 245 826341187
18 273 306828780
15 31 157479163
113 31 424688583
41 33 42374387
290 11 206806204
205 10 274713671
14 262 222158594
275 79 739182735
117 253 921165786
58 175 724616731
97 192 555396155
276 206 639475586
238 18 93525868
172 110 755140700
110 100 660300862
213 56 107834871
284 70 547656084
29 96 365083262
15 264 639783466
201 22 679058140
83 118 796920831
237 145 614228436
174 135 476269605
141 6 493479367
192 116 183973118
5 28 729837873
75 63 140724742
210 91 202864889
72 106 513653453
289 58 471380626
29 140 49871243
259 128 113503139
147 2 114722773
103 194 330735079
169 86 656430794
86 90 151132473
59 217 237037436
152 126 841336978
93 249 703213835
297 238 743833792
222 18 392846283
16 28 205647463
254 174 969196564
27 29 334568509
105 197 351871294
298 35 238954836
22 145 251137652
57 48 641108529
235 140 921434378
21 136 436931367
165 109 14141284
147 124 155017663
9 130 768756237
224 156 889175665
33 12 9755313
278 61 461951947
13 82 828119791
16 139 101499939
145 125 337473630
274 197 49694318
92 61 709542626
227 260 71922502
89 20 397820731
125 244 654476438
241 28 320108349
6 57 903663609
104 122 408791042
295 137 220011732
285 281 31179008
166 6 545506705
183 97 359344965
61 23 718056424
114 112 827288544
244 288 508754239
33 281 97022018
81 286 943963174
241 89 141048895
182 135 791933184
14 171 685208216
73 89 594824722
277 23 662746770
242 83 50599293
217 248 618432656
212 191 135003095
202 275 342002627
219 55 249186564
45 47 171023205
291 281 935632339
126 46 202062962
242 118 455272350
115 95 597471172
84 88 190718407
128 56 306936554
35 268 196462697
230 221 513773271
156 140 431492978
120 236 705801776
224 278 892974356
214 104 918055153
127 45 107190471
128 159 710919717
100 294 88587856
258 122 958251311
63 156 852231330
59 137 131798503
82 45 41458494
159 164 377690829
86 139 986577106
294 104 512566861
246 283 935835605
68 110 408757115
36 261 741561809
91 218 689881682
254 281 19633037
135 91 423368026
237 172 538056570
230 82 465401585
210 168 376426275
168 213 59279330
228 158 716023712
85 278 654448122
151 13 177056434
159 156 769534352
92 161 296367484
181 47 101502174
106 284 403744398
75 265 634587131
259 175 499832150
85 94 744970162
14 21 140572672
226 157 793830149
299 8 120695013
32 218 357238768
35 10 19261780
18 190 106479027
144 47 750689010
193 121 698382926
23 131 474735252
73 215 918839445
86 228 395778718
257 153 841388674
105 203 516942781
18 235 16519199
137 269 882515960
117 39 134566101
143 182 196037647
204 74 604987167
229 148 531848949
181 272 648016563
277 58 717802042
94 14 604712747
68 171 815713149
100 240 527859683
50 76 215719404
9 192 323143442
209 86 804150323
155 289 767517148
273 218 847831047
221 150 692407819
135 126 751250328
29 220 312414893
75 39 169731663
23 138 296412002
258 240 49694678
161 300 301357821
102 209 305364107
276 115 664918895
275 140 930921464
121 112 725590713
291 299 672798791
218 27 315808062
211 101 496007200
125 175 435371689
279 132 2937080
208 44 228702980
28 145 99751840
286 172 959604954
233 146 970798545
96 19 960148857
161 9 133221507
51 279 502785833
212 241 526070933
163 117 871306307
3 95 918867991
83 2 31959034
162 30 386239231
201 67 785858902
106 299 850851548
151 95 134080918
59 7 622922126
265 57 626174556
197 20 751220396
281 234 872824013
239 236 139913759
29 18 749667961
215 179 708477142
245 79 321705408
146 237 106788007
245 87 847162753
62 197 120936711
240 161 895875967
95 109 45337638
243 141 212812571
207 79 686188806
265 160 320919776
25 126 640675754
218 70 450241285
126 267 709221321
84 264 240930759
188 77 5518455
298 16 988722267
216 163 693328027
205 157 497923019
75 63 273813549
232 79 939867608
107 156 85593285
213 73 539680754
149 250 645537973
269 85 401500136
279 24 794164512
185 73 298969580
3 288 542089894
281 244 274745850
99 18 74794164
47 2 82148594
207 160 193960749
191 72 823740474
297 220 293193175
69 240 709106860
156 270 476193335
267 154 10356608
198 156 912505347
291 188 227977191
292 286 22101060
55 85 981065761
249 291 130823773
49 181 407018144
222 229 817439216
149 297 71308307
108 152 409556177
194 171 690217630
1 120 607047638
148 163 853374225
290 154 779636763
149 261 807132447
62 261 728245237
134 9 481084769
29 283 605331798
196 131 599040646
3 290 11195098
79 183 193508720
60 236 592434739
197 135 602579401
274 124 351204907
36 24 60589067
234 137 665396827
122 22 212105287
190 103 524454921
239 298 43122551
285 300 34764092
234 78 123056527
105 138 318356462
95 86 385685596
196 59 553021119
254 146 547496794
220 131 497662031
198 252 239373304
194 184
257 106
104 132
168 159
51 103
181 153
257 177
238 18
155 52
299 133
203 214
111 252
223 296
278 242
193 120
55 282
87 138
270 11
170 242
45 189
42 272
148 225
294 50
153 137
21 148
113 203
206 275
22 276
217 128
299 300
33 161
299 106
116 171
113 20
208 37
8 157
133 1
103 207
95 178
77 7
210 115
141 242
217 167
295 163
162 185
97 45
150 246
116 147
166 18
54 280
136 126
178 114
20 20
249 280
39 167
281 26
19 248
114 122
36 235
171 160
257 249
194 267
114 106
123 61
41 31
208 177
42 176
248 86
117 61
227 196
273 155
154 260
133 291
277 20
231 168
116 147
166 187
293 61
121 31
61 167
43 161
89 269
106 84
197 36
283 222
129 175
186 256
298 34
53 70
289 275
173 284
222 156
216 38
68 214
81 89
249 129
149 175
11 37
124 254
227 259
185 159
114 55
141 71
192 163
137 193
228 181
88 10
99 150
115 4
144 167
47 247
174 92
181 195
200 184
142 56
214 126
233 78
200 79
242 73
17 92
24 130
191 245
146 111
166 290
156 12
259 9
101 202
148 132
15 33
140 47
224 208
37 54
184 156
280 237
28 177
7 297
293 51
161 197
186 138
149 79
87 93
294 159
290 239
271 141
239 56
15 111
216 163
70 52
288 151
28 50
46 67
117 34
282 90
227 29
107 168
12 127
286 194
184 6
198 275
83 155
17 189
51 97
148 284
134 120
221 187
253 161
246 18
107 121
150 228
147 85
212 8
201 158
215 197
223 137
43 165
53 5
154 59
94 155
26 53
240 279
192 247
264 244
65 137
116 123
207 214
221 14
224 118
66 174
10 138
2 41
97 52
162 106
260 250
55 7
285 286
232 294
289 228
65 247
69 53
18 232
298 276
145 239
164 221
58 263
3 225
28 112
217 151
153 241
299 229
214 207
252 283
263 197
143 240
293 79
10 264
239 10
300 7
227 135
97 215
191 37
200 151
2 218
210 116
96 206
112 208
243 9
205 63
54 205
283 100
63 46
108 292
51 53
187 107
74 29
117 36
238 264
182 16
184 291
196 91
299 279
288 7
121 293
197 244
43 175
272 179
222 105
209 79
238 272
53 96
183 11
274 169
185 120
111 155
298 68
98 6
65 48
40 85
81 237
163 236
166 123
280 135
265 87
111 188
35 202
212 215
83 217
37 238
144 19
138 147
204 141
240 236
72 20
257 31
266 152
27 119
5 183
270 6
193 270
171 132
46 280
196 135
72 128
199 284
182 267
108 36
271 86
105 99
130 43
194 113
284 147
30 272
277 288
257 51
234 222
201 180
66 279
158 148
132 189
155 56
144 13
