300 5000 300
284 73 82819078
160 293 551399480
151 273 600481440
45 192 333816893
216 199 493339610
228 83 823643932
132 102 203566159
244 80 605334579
149 215 51635156
150 194 579452868
231 177 519997192
61 36 740457885
140 239 151680909
132 283 860733700
224 198 568197151
33 177 233081085
17 9 960482686
75 4 858201518
105 204 122528932
261 53 487296077
128 284 448330653
172 96 827949641
156 287 724995779
164 118 632514313
115 94 540466463
265 178 605756839
250 194 181809199
87 20 733700202
56 125 83631457
240 137 611375610
16 16 348281345
21 187 377167740
61 94 101950626
91 257 975627796
103 124 479499789
65 140 959422566
256 89 91556412
154 228 79467483
56 283 675974007
264 274 490260195
173 290 396746211
117 10 620461949
208 122 49348943
286 212 687604451
181 14 395962174
221 131 595135614
138 86 518205854
249 239 978171933
132 46 833235368
190 10 58441441
85 234 141086230
47 51 234533091
195 258 314215312
189 243 957645023
140 175 649852889
265 95 931305371
178 233 407759308
284 233 261023898
68 116 77315696
135 6 87749805
176 142 461250890
257 188 988551240
100 134 604367650
63 23 410650744
186 162 235544671
126 126 706032865
248 56 339086949
155 91 226263334
52 158 594513149
47 293 972326754
103 220 554997047
93 228 34237534
184 27 588059220
285 142 560778342
81 79 345032055
51 204 336782532
115 151 983681739
216 57 803935529
249 108 480748539
97 207 142323431
3 9 404650702
101 153 408816581
87 89 389354160
206 73 512995101
99 153 589900779
153 203 122440434
136 70 41919436
175 37 756097092
55 285 378513651
93 133 133968457
175 187 815244018
228 288 31074870
209 126 327561310
268 31 604038283
220 129 828705587
198 33 384591542
131 168 977729011
266 94 504753999
157 149 486897135
207 293 371187919
216 220 129953106
233 199 23222445
154 107 85233470
164 126 756561752
298 45 745469280
36 294 102020812
277 124 15515231
39 141 617117925
137 297 415797125
271 256 892301369
290 223 41470440
247 207 267955039
243 112 980571745
64 27 273707423
267 24 807840819
246 112 172872713
9 88 343759888
291 127 509905429
67 15 279922777
291 286 32325584
12 27 901082306
251 25 553953312
89 19 874529824
86 134 42889502
208 100 958037926
178 97 6229737
90 105 572056476
178 147 780730802
158 214 842039417
134 256 242879454
118 267 354438832
23 218 306670656
187 58 827830074
162 143 855666907
163 102 146742906
240 280 151560054
128 121 119622810
104 50 918962756
257 207 19214169
125 41 541206877
278 210 672209543
209 232 158725312
216 170 416192870
241 31 130216664
99 246 721987766
56 185 851863345
109 13 397748817
18 168 998371367
74 124 16152773
94 249 583532165
70 278 880318774
65 239 660111258
28 154 329379279
297 147 910136310
213 245 2820907
178 1 860438291
174 109 46767255
290 179 281347922
156 4 197427446
281 97 342077946
197 219 105662523
23 35 695136361
132 62 269686467
110 111 657142913
171 23 418205309
177 252 847100209
68 125 800420370
22 114 397788600
144 22 705651303
141 54 448255351
86 2 166807621
60 24 533517655
221 155 412143469
39 17 218877931
3 187 83937705
211 64 729310556
172 183 711892532
293 204 576916097
292 99 175268970
294 291 523103923
144 76 908985825
265 136 65749800
171 108 653507107
191 146 1637023
21 200 872792209
277 110 122309924
184 281 758112106
215 273 679482362
112 16 167768612
81 9 420398303
156 205 631965730
232 221 55617065
31 91 944037724
89 34 714397821
111 54 876356620
72 83 848119430
147 266 181819162
53 181 677876187
266 44 734079102
29 176 56079211
31 31 797164567
213 14 419110087
229 97 160466129
53 185 433376162
73 48 309234468
45 119 871978750
126 265 555952267
187 69 220531199
25 86 442631642
127 115 102555270
289 197 18373300
55 109 509136966
93 38 935563362
221 142 803675946
135 266 967628093
154 10 152728363
255 135 481286680
21 74 711415148
20 98 80145186
113 224 50212700
82 212 747048696
134 18 655135257
199 162 977573094
60 83 215948987
157 269 379628052
2 122 197483262
16 76 222666748
295 148 784481321
95 167 413319519
280 280 695776794
279 61 687932358
226 194 39467127
282 144 169491189
127 203 90987023
113 112 237330791
65 113 622789664
78 128 119342391
225 175 282941238
146 269 334117405
216 248 420535236
209 226 939717296
218 203 467585942
245 237 660761785
133 63 307324540
155 228 63466503
145 44 44299415
60 121 960100694
50 97 292157020
187 294 899367188
243 209 714392735
278 170 639962712
126 139 275642167
167 83 424050003
103 215 915275665
294 69 670300844
296 265 363720887
162 76 898051759
208 125 643443856
127 12 89411201
15 254 944240610
201 284 461257931
65 109 475879169
131 27 27571452
133 129 138342318
249 123 46662439
293 170 842378955
131 32 148281531
90 239 83712555
197 65 784129618
297 131 583650124
58 32 902809307
40 148 386357167
109 278 649363293
12 110 57622173
181 110 65941995
119 154 295338317
126 285 85077848
156 126 100293986
62 22 485660102
32 70 140543385
7 180 926820216
265 219 42002363
31 79 761731992
123 90 657542753
95 23 497226662
242 193 803600916
258 18 792902752
57 225 510667577
94 287 305371950
195 70 266427071
231 76 338073550
246 40 834085669
160 122 82858947
103 296 964481189
155 90 617294711
69 83 940478303
136 92 628927273
187 148 978406797
115 241 777662135
64 188 810822904
134 118 366571931
136 116 347718522
4 27 140619843
250 130 99671890
90 36 724947780
252 104 492454914
7 239 992498906
79 177 15190305
75 291 808306746
162 106 415057385
17 292 123469254
248 127 712878921
21 130 77805100
216 131 127463429
105 273 76945716
136 224 570962272
250 230 265630362
155 8 953852739
259 135 998813329
56 296 410916787
92 12 751557478
246 11 211325304
18 32 476822285
117 247 778391015
97 103 785545387
113 239 115580111
284 188 414006192
197 94 604718200
235 104 223671986
16 160 343496981
202 3 332565144
131 248 704932055
134 18 660832586
18 134 45919284
84 231 107347686
123 95 422581924
85 130 336593263
276 26 989364256
227 261 248601560
12 28 775128271
144 229 984001773
288 59 851207673
142 244 89624890
79 13 777058523
262 96 746004705
299 270 220892799
275 54 625201428
137 82 77077306
93 8 825340466
204 72 278869645
174 215 143548925
198 202 23452135
170 95 129904578
159 173 792244890
34 186 641380437
190 185 315372959
89 159 77286212
168 47 898675445
273 139 531742505
90 42 200159376
234 267 99939390
58 165 416164044
292 86 1249038
221 245 221059663
110 30 121515200
199 219 957446984
257 59 708985994
120 279 860209141
117 251 252997031
121 41 135951225
248 26 136716343
237 84 386777807
232 127 442375993
22 48 393135789
36 209 868632070
235 159 614869540
71 115 852740999
64 287 912480577
156 103 871165579
139 275 554136471
163 222 240262897
205 210 925610132
164 142 781113958
208 215 641711657
196 250 447131766
17 184 543787424
56 254 247051591
206 70 486726829
34 277 161488583
113 167 803079357
35 29 464174878
231 286 97230887
14 201 970927780
172 108 939030946
180 55 222600047
45 71 90633931
121 178 58128636
63 136 834070157
291 169 131183986
73 33 202467152
129 68 36387233
158 298 769660570
96 12 789064970
228 235 242009129
273 114 521628835
20 211 496556157
2 83 781660634
289 145 934715969
98 135 720719090
235 259 158319222
186 139 654169189
270 296 301048239
39 143 24566502
60 70 458354288
240 95 244123253
174 166 829005163
230 219 314336497
216 207 242136141
36 56 804163627
25 290 309391185
99 228 413414523
187 197 432924870
77 288 465153113
278 99 333543382
217 39 829642976
270 212 28568293
284 142 168436911
81 109 12410170
21 144 394558225
200 221 151097767
284 19 484495946
259 257 431139994
228 34 760690481
40 63 967245080
274 280 145329270
1 1 111539181
194 284 67463674
4 64 794763382
73 137 933186978
250 36 350937198
116 71 58849616
261 81 416126124
106 61 18782257
187 100 448933572
118 125 312418003
87 126 853358803
19 71 605793838
93 74 31543254
26 199 372743190
155 148 138589977
152 15 638474799
219 27 285812180
295 132 366043340
51 70 344321391
274 239 406706068
228 77 382840345
182 96 301292515
120 240 183015840
173 17 40420490
114 172 415548337
90 75 17046203
188 46 624377329
119 40 521198061
110 142 173231582
201 116 695206621
168 95 84968797
64 277 306573644
278 96 574968483
69 268 242465752
59 81 537219723
195 222 367716649
98 161 940289794
78 280 523581633
138 89 988890775
72 41 637667142
192 260 782328736
88 23 128750712
132 52 135243259
166 121 980833278
217 179 890780310
191 125 3674331
240 274 663022844
85 52 302121675
218 241 139530515
244 12 519570756
137 255 553981167
124 95 920569390
88 226 478176993
146 143 704787113
276 112 345852943
185 54 816922820
68 293 135042945
163 78 72074296
237 47 706763989
151 42 359827252
106 230 726470707
125 53 744179501
166 140 719527278
258 38 79998872
223 65 68060035
65 249 220930489
136 68 906326881
181 230 769571710
28 166 334246608
116 69 441758701
20 174 729775130
178 50 833140983
130 215 585639674
7 173 122514463
130 95 424598627
65 211 235188828
53 47 410475747
85 227 760965877
247 254 293813594
154 122 296033062
207 193 139711388
136 70 378829737
170 199 786473852
96 257 693337076
58 138 951690170
137 202 464935132
164 6 344962078
62 91 431846656
138 89 945146810
184 294 149175583
297 200 551243875
284 36 582855096
73 257 135672394
76 52 486772102
251 110 863636739
272 298 186842693
203 161 824804098
233 222 388880540
188 112 648643728
149 47 790856622
231 43 109794273
257 27 630199108
52 151 742761165
97 226 33120116
150 176 476306777
41 147 496919774
133 101 182664286
282 33 944016060
274 221 394457323
53 121 827801669
74 52 392598511
99 60 81075589
106 164 272062639
122 260 604549864
190 162 624390691
118 202 283275289
292 86 46138790
129 119 110459622
188 92 760600794
162 145 941709115
130 270 655476518
193 68 305663229
281 226 622607992
272 99 447015904
135 288 265659065
278 158 647206918
266 149 925985803
55 29 484348873
229 269 6143965
74 130 697563861
40 12 349465182
109 204 71642202
238 184 346810379
229 207 917730877
284 94 522556517
148 71 637594074
265 36 612279674
219 143 629277602
44 123 337636622
208 248 426781352
20 288 429546163
153 148 738529566
54 85 287323501
284 66 347990608
261 49 377597101
277 249 533671
202 213 352591958
275 184 479910752
128 227 492949674
250 186 857342222
201 257 367313861
215 109 678341108
132 215 948603545
232 198 948192810
291 210 829157510
143 238 4640358
65 139 974364623
23 113 516832458
226 241 116392736
200 190 779189421
173 142 760335429
185 56 556779589
292 239 92680455
288 222 862332053
49 213 341014314
159 107 346251052
268 172 368152690
290 194 18998903
247 119 780583643
182 70 843059884
54 294 780692625
234 178 728060732
223 222 276210122
177 209 859947943
81 10 532297507
195 168 670855914
246 187 128673185
135 177 110857630
189 175 97320000
183 109 433526322
66 214 976818815
142 148 947027693
25 70 727526766
146 298 414403226
189 79 808366235
195 273 591089654
60 270 767213841
44 156 163619769
25 45 444623543
125 227 431650603
46 45 51374017
12 186 916645564
156 211 436761185
221 56 851884982
247 296 729381712
33 243 557749336
287 2 683238905
127 98 179035813
195 122 359106257
189 298 561582935
292 95 777009379
60 107 638594565
275 262 579431927
259 235 23215234
292 233 829892430
156 265 384277372
291 3 209742325
148 129 582444122
160 75 465756744
216 16 809516541
2 59 47249836
81 118 8291794
97 92 639670107
23 102 668911541
56 145 215452025
85 300 382625090
108 291 466553092
133 138 234449873
254 297 849935199
249 264 757632614
242 265 94225424
29 97 206054941
222 193 567315784
180 215 762252785
21 23 200299982
197 159 905806381
286 267 141554023
130 151 738265460
102 156 580009208
252 105 25891523
118 98 637495340
41 126 191830036
82 99 32522881
265 278 33973095
2 50 776944969
183 247 386298228
115 284 951342946
38 113 829305096
149 266 307661503
257 218 147136207
131 35 567311156
270 75 910403481
258 208 742254031
138 225 997500209
284 278 902602610
153 212 967980556
232 26 133808192
277 115 161605904
224 264 990856270
26 272 324010839
285 102 918702225
40 124 869155851
273 81 233943011
55 218 727863135
115 253 670718064
225 105 557775075
32 88 999873252
123 64 286050267
79 39 7087930
248 65 448028153
138 101 929729754
114 192 647237129
164 216 87347609
174 271 987616778
160 85 234534083
123 61 900011787
49 93 927897175
1 267 269533190
119 45 754224929
200 44 542150245
252 181 632961697
157 294 741454088
186 210 335579956
46 83 452560626
176 295 647445362
258 117 970320423
196 218 94199067
222 218 300373133
64 88 602964878
192 287 845346921
188 290 204046454
284 146 745249347
23 83 43144156
278 181 331673891
255 56 338701685
17 65 587461953
191 12 635729770
157 234 335894739
89 49 974007126
66 292 262187564
139 179 795947853
92 214 210050451
90 288 299216133
298 18 855825213
288 24 720010820
24 92 126307036
176 282 974725648
246 138 898196533
36 279 18769233
162 96 238152324
25 234 951012402
230 25 495343867
280 167 612600806
112 164 785846823
177 151 25191599
48 226 273047790
284 101 352252172
283 98 209520161
267 134 145224891
299 47 909814887
22 123 53669772
275 52 75803297
193 31 131530215
98 143 558961978
73 71 394805180
71 118 977761505
160 153 747809257
283 187 340678207
244 205 92263092
234 255 976571038
72 276 108305960
144 2 283415712
292 246 711950742
6 44 545643536
183 168 492835658
262 238 273537928
18 149 14057380
174 132 246668719
180 127 17052123
71 112 49009530
60 236 23144205
120 79 300533959
283 70 524006304
176 127 158678399
212 61 990397066
121 22 896870255
148 91 151145756
80 16 105475739
198 196 821896717
272 18 445633580
1 130 886501215
58 249 50685745
168 283 13990466
223 158 907945592
22 121 144029452
39 242 117047225
46 141 804760415
201 220 807494631
291 169 465928078
207 141 872323847
38 193 3252976
53 2 819537776
197 169 604593958
163 92 775404968
254 165 25097988
158 255 551541381
82 300 775756722
149 252 416834093
231 242 868925862
260 200 854116854
6 238 421416598
234 42 593969300
109 238 377341620
19 152 295539863
86 158 359758779
25 15 560395434
258 148 646836433
31 48 475260237
23 30 298626230
184 289 938831130
289 47 546541219
287 280 8257712
38 88 669633649
257 158 102208553
72 295 508895310
50 20 886239724
283 29 56321723
268 59 971385371
204 81 143958000
133 17 892484041
14 5 236770987
184 291 32588166
95 80 951989705
296 37 452085915
48 160 455765409
257 209 840642528
232 244 863291356
54 263 151984966
276 166 418524747
228 50 89385615
220 116 313651719
206 51 217772362
223 146 395716841
79 193 77343129
93 240 558191088
154 248 50535849
233 179 114772844
289 284 397738506
154 12 227209423
152 291 49295472
166 210 360376839
237 167 854478390
298 141 392374187
190 271 643697879
171 116 563174370
258 269 807182617
58 201 114478695
101 241 246417030
106 147 174382993
28 298 42334583
52 216 447788544
242 152 774999510
183 201 614104702
269 142 64577473
299 12 431020088
268 270 21714308
236 79 824786308
82 180 408560149
212 285 925020795
104 65 645209344
39 116 658511411
182 109 278578714
244 292 723183614
145 260 93075656
69 11 318114319
56 278 103974340
63 214 353707919
23 295 182087898
171 258 839369134
217 114 700244698
12 152 519042765
23 33 656140174
236 28 818531665
102 173 251107776
109 241 597566386
127 49 273598216
167 163 86385881
285 185 2924427
34 55 122147237
67 23 765920950
217 35 829096501
233 109 611978785
58 96 889567313
174 197 128483137
250 57 393303729
87 236 115049177
202 154 167950140
34 190 376792924
161 223 2654031
297 41 970554253
298 9 630735639
150 242 641709599
34 299 429538495
298 173 422438643
186 174 566002052
15 260 325826687
243 214 658403240
282 299 917439629
258 211 137540103
288 259 158073795
92 256 679285404
283 105 72734045
281 191 699592595
127 240 378392719
170 126 212758544
73 192 947740104
159 134 414484669
150 116 846861767
30 125 100312178
184 112 149499488
78 255 55311944
281 237 204395100
177 270 356211390
124 96 105360830
242 17 432842907
286 89 879444998
41 299 265248983
61 200 53172298
79 281 30073274
8 164 641056885
196 242 266742792
39 222 832833928
90 151 538588949
280 274 108513645
161 267 522595713
219 4 494320854
168 96 202032104
250 156 156649056
200 235 275611336
273 294 548975400
210 189 134815041
101 279 564932014
280 69 912060364
129 100 728309037
125 260 97103456
137 230 526169459
42 97 668279855
298 46 937919310
153 297 886982296
288 270 468297342
287 179 126331230
279 279 473944961
193 258 863017281
256 86 649759580
45 210 644565391
100 99 132793972
158 192 141373968
64 189 640587065
126 93 683605562
173 81 300502731
214 119 984851809
196 98 855911939
156 290 894000696
288 297 342739734
219 93 310642695
109 244 172821645
280 154 276113789
299 217 970034877
63 42 116266670
176 215 990420502
206 128 288955420
166 75 999202817
156 282 538611058
52 269 819240507
137 187 569400199
183 47 738709943
28 78 853339196
116 76 434084164
144 191 566347806
265 66 694661472
218 24 434806151
238 241 765629426
106 97 13592607
16 200 41712976
222 36 204782814
272 218 147367513
266 297 149744690
113 164 58321018
177 60 513683560
34 24 199437877
105 294 416086700
55 231 853514541
132 88 220149689
139 155 557476488
166 76 60751023
131 100 745648692
143 65 784991141
233 178 602375804
202 106 872870263
61 139 565257539
37 295 669958132
89 49 328443814
29 181 392433753
169 71 400539008
156 236 24516435
230 66 833766234
273 209 272031051
13 193 192650080
269 94 29707485
283 154 54583775
21 242 109424069
104 30 629034517
169 110 84077249
22 278 635628519
29 133 30434006
163 114 473276524
97 87 111523584
199 99 94919876
178 67 186819121
262 102 48388526
236 122 879065967
204 278 947454497
272 146 812101358
273 219 988123536
291 247 738030220
49 162 122572434
172 10 592431572
255 208 80082422
282 85 40417141
102 98 198822342
127 33 120555563
93 288 33123992
141 11 412455090
299 283 650982608
186 26 1761907
257 74 636793068
142 245 242358677
113 251 90489784
235 232 226352820
175 33 827138917
216 159 799948201
130 3 254204740
74 144 818943050
163 194 283273085
170 131 430307010
176 87 142995183
95 281 747130479
271 145 501720129
106 131 206716712
77 57 343906644
145 24 666711154
297 206 201679856
136 279 601299951
38 193 825156444
222 114 418921926
131 42 268110265
165 136 347810245
143 159 102969789
123 16 466187672
34 93 772848328
29 237 74290452
182 234 343585957
89 121 466375187
140 158 2596879
135 131 455749992
261 13 827596433
225 177 607445621
221 71 185139879
61 193 356201694
32 278 199500238
60 6 689658075
163 187 184172460
119 276 84731780
105 167 915311790
35 1 959185572
78 261 794143785
111 237 268214313
83 157 128527636
161 218 24287528
6 249 719759758
244 60 853818263
170 222 798206902
29 92 754605529
60 248 176830447
1 282 37521747
125 60 460634060
261 222 861761296
273 4 441230053
108 216 7042822
188 273 320354570
245 216 859046330
59 137 549924903
112 165 884059895
192 277 180342842
138 29 293886976
137 153 827925935
96 113 167605208
291 138 67854063
95 297 566328730
116 184 19230902
86 180 478577170
167 291 634025606
221 154 522265023
15 46 80543551
109 235 224172979
184 71 617371584
70 166 54283148
177 157 803121985
91 3 844932082
220 119 56517317
21 256 305121097
142 174 2110739
48 94 93176792
170 109 185441137
20 217 308250572
250 152 499126842
33 221 71220360
281 97 33776068
65 187 680540370
198 106 18556088
215 178 73210495
111 20 851033568
49 119 606982914
140 288 372602074
29 59 180750242
152 8 325314393
293 41 486736813
52 73 832622709
19 189 135858847
41 87 110257604
180 1 627566233
275 163 166361904
294 263 360670222
107 154 732756209
80 182 68196119
21 33 886130227
165 78 508962819
177 181 138460691
37 252 430262179
83 292 81815717
38 171 444605917
171 197 381302931
74 191 188984793
96 49 813344647
156 181 292339980
275 253 934221365
153 118 90631994
71 294 980275874
61 31 489445425
291 165 151197368
8 203 131571439
76 125 208810835
7 198 86465477
199 45 519001926
297 253 731538606
29 279 904825758
93 131 364177775
286 201 448847821
111 13 138942251
136 3 127868967
255 62 673369221
193 138 403009245
80 144 335667295
156 94 832013591
281 143 624804343
286 171 634752021
296 15 747986851
70 52 325988003
242 162 654699815
144 49 16900818
211 4 199439431
231 248 941888868
128 27 330584763
274 183 701995557
164 215 427014951
59 201 92950221
231 248 191571787
182 17 108478938
136 11 528980251
51 154 942521152
20 64 500299007
50 47 333885254
218 226 357123433
280 199 951446315
188 62 193404881
238 172 109505033
210 103 457088880
248 284 452850549
37 171 545637859
40 221 726909412
91 240 124534176
197 290 116914074
2 259 254541999
134 290 725601597
200 230 214622810
181 219 346409982
113 181 608231484
293 128 600590519
293 217 649475089
251 256 262101362
62 98 602853801
289 294 576204542
14 47 124042452
212 233 576952294
60 132 636929623
22 64 436022093
103 177 214663573
38 221 869458553
8 213 508885969
148 215 366958776
209 276 533681773
210 17 361870318
3 30 185409664
107 294 213939596
200 105 251422780
274 126 638747743
266 280 337935871
139 17 953559691
243 24 643502455
263 172 100885669
238 132 905135097
10 93 33301265
127 96 602298246
42 202 866668039
138 153 109561296
117 126 840568121
211 91 111131201
182 281 381998369
124 275 253760145
31 237 228407968
151 174 568043199
247 235 728035992
163 61 137107239
109 155 66783040
99 292 651564744
194 160 823349269
115 70 723191411
67 3 565754744
35 127 73014170
79 157 901339307
46 7 122721632
197 6 418326567
88 168 2540779
126 28 60773933
117 179 806965624
260 72 197571335
280 238 18822457
142 56 608654859
37 91 625660937
207 221 860826793
13 19 972587152
44 215 13560757
10 54 722081576
89 179 700447856
21 47 815327634
297 6 28798557
183 37 328912395
139 230 531833050
150 267 19558892
286 173 45850065
31 237 986598183
134 280 114879149
242 42 306212602
217 182 697705780
24 254 61174426
257 2 48183283
14 185 334597971
60 75 643609900
109 276 246006518
53 14 509769290
217 44 41270226
99 177 963230958
247 170 693978051
200 86 236052284
279 162 650227589
156 118 743469591
90 183 418382327
112 242 693788253
63 103 178342229
281 207 350221542
122 123 922769337
148 273 868572765
257 271 53708934
159 170 52775771
294 200 566221132
82 107 261889002
224 248 168577936
2 59 762683978
155 121 133589232
283 153 448336238
176 275 605291412
112 174 738536584
28 182 667983606
61 40 994812375
283 85 974277726
67 166 815037732
268 90 122824731
103 91 527203989
232 297 229334461
215 31 622706314
52 206 69605188
115 69 316334013
98 148 473607394
155 208 87919733
81 243 100356017
206 9 161143834
189 28 13752775
119 130 929081518
159 114 600918314
20 28 60121745
85 132 509429702
124 246 871611523
36 96 15239970
129 250 846540330
13 31 418288372
281 236 1737932
166 177 6261659
141 295 600437488
10 154 104498453
123 225 947001081
19 61 281314312
173 184 712729557
147 271 832299752
216 99 160524854
245 163 839700884
268 195 549138271
299 60 103874747
57 252 479251394
297 261 202472199
49 136 502871623
129 206 708188683
92 130 740544918
1 276 63757988
4 192 3951638
257 188 501561952
240 208 656944946
211 206 336277157
109 15 553311361
2 11 237129073
100 111 988648608
174 240 425540766
8 83 57235247
25 83 902827223
12 87 682589366
201 43 243062005
252 35 2533512
249 245 815258170
58 105 834981284
118 107 367173046
190 258 663815556
150 132 524426247
15 139 82835782
113 216 199257364
135 279 263539802
100 180 731175245
5 183 146897279
168 132 59844175
237 189 426407031
72 6 20804537
269 247 603057947
225 96 971006178
223 162 390386968
4 275 749228883
220 161 963806262
221 261 890587093
17 17 178616975
147 184 189873558
273 173 408117646
204 296 91693303
292 265 625213250
38 241 702358797
267 215 896154359
87 219 968867885
69 190 970810245
82 110 437087157
26 127 758244273
101 273 641847809
58 298 903155933
256 201 377149928
210 192 136035544
59 282 991111984
108 248 171838199
18 86 761049969
202 155 958004658
246 288 26242067
55 66 401970145
127 218 232086170
187 275 428950667
171 282 271487019
99 192 927983410
42 2 559046843
278 109 283167143
76 126 343247628
196 79 341033534
153 77 92847474
271 131 489276539
268 9 561454056
237 248 499253582
255 118 710792764
173 268 992797607
34 62 117965008
177 39 493686469
19 166 16116346
298 61 654122525
132 265 83547953
5 235 36447083
243 254 976096891
98 242 249377890
31 196 54413308
194 120 473385775
52 154 642330836
212 82 404876826
180 152 80345591
77 149 134819803
53 280 673787767
105 36 428524254
287 278 800999407
230 127 875815749
119 158 81923944
178 103 395843716
153 155 40525769
240 66 132566002
66 297 102615205
108 125 441404653
211 178 195000585
277 282 603734120
30 21 9398150
89 2 120930376
37 120 142617085
232 50 932734688
247 254 189113494
167 193 29718511
220 10 800752559
124 170 518331983
229 80 541612012
13 108 101624246
184 190 234815766
33 278 622316167
61 66 513503338
297 49 962790587
36 48 148596392
229 266 8218885
291 186 504083946
49 9 864020815
284 237 75365646
95 1 959389854
240 237 649650395
157 269 94630324
75 81 170145389
113 130 663152237
251 165 969494584
43 146 982214550
79 136 686394487
176 237 332133247
143 220 213351836
188 66 525050836
93 58 575997072
187 214 375588693
10 289 897272425
250 153 283665354
239 103 172534871
274 197 900478116
275 27 202246303
161 203 26075639
108 45 595330810
43 284 599107476
30 129 991546233
254 67 859979198
146 129 974206186
222 78 405279590
76 68 263473645
146 42 697384741
113 16 272780820
215 229 788713122
254 36 666751518
15 130 982261653
90 159 694633381
274 112 158549800
124 9 763608528
261 283 384987657
251 58 685839425
95 255 488174766
187 119 479240933
6 33 492916061
79 38 861333396
248 53 502877477
101 194 90082788
133 220 51462751
232 43 762606060
159 3 825817842
216 5 524763451
92 99 31977757
257 286 247938875
241 43 227409459
102 122 143948797
49 69 297920401
126 221 435915394
113 54 107029065
263 285 466207907
174 196 45207162
67 163 396790066
17 254 636946617
25 262 463061554
99 202 147915696
10 3 185254869
206 52 389314238
206 229 447388158
151 41 54110011
16 55 220545948
274 229 857788143
235 295 55856957
253 64 795559110
69 88 270102071
222 239 958726772
169 248 206865627
238 205 875852030
127 162 468563458
184 12 927599050
47 79 451905204
246 53 509120684
40 287 72546979
296 291 224496594
205 59 144430933
127 32 932805223
198 201 817028922
76 190 941050826
5 16 307824039
214 199 648231251
215 297 774334229
219 242 4857233
202 281 679974720
232 276 754025810
77 232 863957121
62 58 620313852
284 8 876044404
206 135 963887293
83 192 125673108
122 105 661306359
224 20 624897055
104 290 942023849
37 243 470474881
8 227 266107109
269 55 124479640
289 116 20727250
93 100 61060357
96 57 157377291
41 191 185530082
248 64 466598539
106 287 75665358
13 143 22184799
213 179 110244841
93 238 969941519
1 206 973255074
193 195 117132789
142 39 186896240
98 134 147057996
240 174 643701587
222 174 984651050
60 31 670653989
269 95 328560983
219 7 110712913
111 100 549600850
230 152 251766955
155 44 933684701
143 185 215667939
283 282 826277425
230 274 729400450
68 195 50710123
270 6 156545506
158 26 819287300
240 244 685992059
252 54 374618310
253 35 151273161
107 189 992952605
260 84 772900241
98 118 699660075
174 47 783125748
124 115 61343694
298 84 148396099
255 293 824981024
255 284 965799619
65 287 681096724
274 239 940813859
34 97 423238799
190 56 245504334
283 206 741990351
57 79 912271198
104 254 105081164
97 252 305071299
147 206 182895591
222 212 919631374
240 276 478507912
115 1 704093350
273 87 405703698
124 28 811990954
57 10 696172111
160 66 32008241
257 221 548899795
272 69 2589598
70 267 697106803
212 188 9287767
37 179 772608194
148 294 361686395
249 18 780311881
146 141 873953608
151 250 268028170
61 109 957162935
102 117 282032708
96 140 451464828
93 209 613855395
47 172 446701782
265 208 768319961
159 55 112323006
53 3 567008423
85 148 260647716
144 51 586228865
213 111 990774925
100 264 386557093
259 59 878656532
186 203 624660892
80 2 807465763
214 266 199218870
226 124 130944476
231 228 454219578
253 64 279780577
168 208 419618427
84 172 422421590
108 23 467681953
52 281 104299312
83 219 39895966
74 50 119062367
288 263 203602633
57 240 66124956
232 170 773348436
161 175 253068599
290 42 84271758
116 178 534986082
105 37 562374504
110 89 153502437
173 171 907318355
138 297 142710356
157 284 601347519
89 93 609098858
196 76 278287380
283 289 323405154
82 278 5099895
191 145 467149524
172 250 995296261
228 111 828613549
264 283 698274271
270 120 228939319
25 28 228074455
95 116 747414899
105 64 65388774
284 46 193764714
37 179 707290591
183 70 730617536
207 241 686167137
19 168 41621347
167 183 753795829
289 204 715102900
160 229 44604928
14 75 798420895
64 179 895192110
189 162 108267008
3 198 690714186
93 133 579321755
28 39 161592148
16 57 999899867
62 275 100263702
142 15 370002005
94 174 951825133
73 239 4629660
219 2 432481738
129 191 366185100
136 193 981661249
21 37 284010081
28 65 592897471
27 132 51103327
193 194 44790253
294 87 419716168
299 180 109853093
283 252 490759132
42 171 162365533
280 51 42577423
131 186 177675867
231 258 422435104
112 37 359989020
82 63 676504751
161 8 266119996
265 1 882630583
32 51 946172114
77 86 501349518
8 127 199100040
240 158 934615790
115 40 668680127
233 271 92007236
36 134 783918873
7 215 758523535
110 127 868237442
105 144 213324295
239 227 163786097
5 3 671447982
22 10 593455961
261 2 362291770
2 168 344140510
228 100 225696132
163 188 438452365
135 246 427823031
222 55 97427810
15 212 492056953
161 202 883942979
58 206 382938982
39 279 332320443
199 239 41936544
269 240 259397411
130 219 14895263
261 82 878348850
225 268 914779895
207 189 800693150
16 256 507241313
268 116 64538614
147 173 123789872
80 264 333828250
22 162 893753789
266 182 443214980
128 63 798375599
90 23 903759232
239 299 690768399
86 206 622959340
287 221 421085847
99 189 445955862
112 87 566388187
135 166 601314450
85 239 144190611
25 256 262341145
204 84 447390207
54 225 777550282
285 216 838757380
236 1 763867237
127 39 945274958
273 137 580070198
286 300 552195936
172 135 244591153
21 219 989576291
84 243 681604247
80 198 432588782
138 4 257425158
219 40 181945873
51 275 825963525
87 153 990171263
96 177 34326751
45 163 170452251
80 86 227370337
32 159 833876555
275 294 441273749
173 73 492776898
154 210 786761601
111 181 79503441
36 231 914287167
260 69 914072120
275 217 204976848
125 261 527924510
275 93 6852348
11 176 538042106
17 150 970717099
17 22 419734823
215 227 332485484
167 90 486519364
107 125 425626546
74 136 913674267
245 110 895937483
292 235 657519095
254 261 750615039
1 24 567300115
206 92 802183316
156 109 136868890
178 75 3945616
161 241 513355005
77 48 699559281
274 173 536005617
240 169 717897978
174 212 427046764
121 217 833904225
159 217 870873400
125 174 519314491
241 81 925533951
130 258 729792325
297 171 423883918
202 247 234795817
34 220 76815189
250 212 421563209
80 85 621500372
143 205 204551189
219 116 30084357
18 240 636141983
261 232 993441163
11 61 374233073
188 58 258486843
5 11 837754541
221 44 537662712
61 46 271885623
121 125 641393460
92 19 303705316
32 238 9436231
189 7 30919023
23 267 317820654
185 30 7010015
57 269 807465424
151 273 232541886
191 245 981798681
255 57 443757778
177 229 336317154
236 20 86523573
4 104 233313962
134 44 795045368
256 66 143548635
10 2 909390416
176 59 969846684
151 261 601317708
188 152 38599304
268 158 358506660
146 34 687635688
199 22 647486759
23 25 295127414
84 210 808125657
152 166 675139822
238 227 742127424
105 154 383321534
188 4 857208994
47 191 854060697
150 210 911539354
9 55 154046940
148 6 222976913
58 28 569518237
72 164 908139846
128 67 269760763
2 56 119685289
177 160 22472494
110 99 80555097
55 145 84024039
204 294 162161649
209 2 758725703
300 201 915066060
112 258 865189940
248 29 842411303
46 209 346808221
60 262 669412976
1 138 572132335
94 299 877329333
191 105 38838029
229 8 390225022
229 269 142513323
232 268 540887675
43 80 527802132
182 79 103416813
236 176 75857373
56 236 120263634
283 288 831279371
17 81 444742469
201 23 670378273
229 4 214763833
250 232 989438501
24 215 853481920
50 258 177354651
282 191 530574930
46 179 378831657
18 234 139369244
251 217 784389331
21 285 188880764
141 238 580882286
65 166 749450641
297 168 4231125
249 243 103949439
221 293 668704348
271 26 711169439
100 71 778788717
209 88 218370402
252 90 699327470
283 162 793792255
146 2 84126792
83 66 609169109
24 115 759144228
248 115 676565471
138 35 607353215
286 6 226793240
76 157 343335062
44 65 180319701
245 17 858010790
167 51 60204051
21 196 84158304
164 30 747735469
224 53 823248435
152 52 447619350
74 190 179362836
40 227 490800841
279 2 470057350
40 45 790931314
240 41 297824682
281 207 922610432
131 279 706685679
34 194 83449061
54 118 97318513
189 21 310074217
190 146 973149258
225 185 755247984
18 215 72572537
267 254 703911633
32 245 867635673
166 225 968104832
297 107 946595010
128 192 444782056
288 297 219318725
252 185 29349245
20 126 108988142
277 103 213072278
212 120 568394892
200 138 370807397
232 169 948113141
57 34 863355617
88 83 176738875
149 262 119904866
104 1 145621762
280 4 77137999
124 24 214589276
217 52 884822078
194 16 283669949
85 215 28673886
33 147 615797907
173 203 342866692
41 42 985007026
67 242 101420939
284 98 923041139
198 77 252218843
48 253 251544618
23 169 41651369
153 115 82819784
153 251 447622399
291 284 692487197
49 208 685049851
140 249 245931544
118 67 321727285
56 51 62251834
295 248 981791211
289 47 814727363
6 121 522564783
74 273 318375749
210 178 918038800
208 168 544877683
156 216 999521890
6 107 997843390
249 224 569097409
185 280 980672459
219 274 935739358
29 14 363952456
143 19 627384676
177 144 315890801
26 53 713140778
125 12 700324845
259 167 598273612
300 224 897337418
42 224 435039642
150 109 165317573
60 27 158695998
269 107 519910111
224 1 500504529
51 177 994646972
151 254 937673577
128 78 924690388
24 88 353217307
135 140 55787830
105 181 130849854
246 82 752647014
118 193 130914792
15 161 247444398
277 136 621995898
205 186 629650426
28 37 736267380
256 216 712401909
196 240 102931697
2 126 464927688
83 230 91200568
88 227 108396801
201 44 644672493
144 110 340799705
141 86 560730892
190 42 79334377
116 122 917533665
47 77 788469533
55 272 392466824
203 25 327799149
190 160 196836631
109 247 582102557
161 200 501430853
53 43 113517514
209 236 85756300
200 125 476200793
129 292 279497966
145 38 580805043
77 93 862361466
52 47 624868191
101 237 629145750
131 97 858560348
139 258 65758999
191 62 529140142
105 271 53697229
156 222 556393453
300 50 224428297
266 247 89036434
8 75 567652478
125 127 763208125
267 279 140631061
216 109 348670909
216 247 790691766
114 190 816398828
55 294 766591798
283 201 54517919
88 200 612027921
184 165 209171819
69 224 781902793
47 49 575204019
71 15 769390997
83 283 561300357
243 198 533034656
9 11 38541097
136 118 486304490
285 152 519630190
55 291 614718989
227 226 51068854
45 295 114517529
238 93 962393777
8 163 924598492
57 297 335310126
265 291 348056323
120 299 733628785
216 186 21167654
57 170 411853806
98 277 19629748
39 203 363891074
92 300 386190568
172 289 506697060
249 296 488618674
92 104 325102822
217 69 364820412
291 240 250979563
75 208 947462748
29 264 925894470
186 62 93308998
33 100 61734252
106 243 40342051
173 114 663551539
84 114 359083087
209 205 896327690
30 173 541618410
194 163 975473550
56 238 88950557
155 18 220870272
124 203 38346533
121 235 713647384
73 41 297841678
75 265 905446944
14 101 498856957
52 9 707702914
193 91 14778586
103 36 620656649
4 143 111482238
60 297 655906655
131 173 370816409
16 293 570808543
51 117 324806835
81 192 19001852
224 257 12607004
232 60 941724612
145 252 689006554
283 106 619273241
231 109 130987883
220 220 24129580
226 51 77109152
134 118 383235596
276 220 4243165
263 300 127957556
266 223 122963012
69 155 53375323
180 51 110489474
186 33 540956580
278 15 172766540
161 234 242353560
92 159 970587910
195 44 953365179
42 72 51816398
6 34 416299598
161 299 804778072
24 67 716108778
246 298 857994629
172 235 950246913
151 213 761005928
42 125 106786613
101 216 643495624
262 162 741949367
240 203 825472738
138 209 71388923
87 121 646183421
10 145 267495939
88 142 877051089
268 13 16371775
180 215 452214887
159 257 20601011
72 57 598176078
247 19 114565591
113 10 100488794
103 199 265221554
125 37 884205074
146 47 785435070
36 134 22286864
224 101 852733576
99 32 375280843
237 191 910178851
200 14 699781159
129 260 567192029
220 124 465776639
213 226 152384089
166 51 190797626
291 248 238311672
261 283 11035005
124 259 71994957
51 109 518922088
245 45 965338678
95 296 223064043
54 125 83077454
134 44 139844630
172 8 366321955
161 225 538931057
238 215 451339004
9 227 76074439
213 50 290188449
269 153 257536457
56 97 135366053
86 244 944278249
180 49 987481825
234 182 527026020
163 106 663399627
69 18 366856903
26 255 816570217
281 263 355523696
219 175 300971497
219 195 358163549
275 2 607413398
180 139 106383541
80 19 407371489
104 4 77569270
223 218 287786227
101 286 485373744
203 63 713645798
271 96 210914060
266 66 840729886
63 285 822571880
63 259 380394834
160 190 627021072
252 269 638030990
92 72 201534745
62 46 752344262
240 198 361814200
84 152 716359262
181 123 972351157
293 140 58380675
278 254 559603559
210 69 438588969
143 280 830702959
214 232 532740127
56 23 384698651
200 136 913604548
14 76 782857446
113 159 64346949
26 91 869610571
35 83 111721063
109 113 239133568
167 74 610011636
235 216 684285016
193 181 568337247
172 288 374572521
274 240 328043757
121 253 421569884
218 65 288008294
167 90 641004784
289 124 396506119
251 284 395242183
271 150 459784856
6 85 970528971
21 29 259528303
19 252 112297491
40 225 435403982
248 98 276159334
231 67 701410450
124 233 427516591
159 274 279345267
277 276 315277150
11 246 94915800
66 252 909366536
88 24 589332316
291 43 667553268
233 134 233760744
166 81 201559293
299 11 353806360
248 186 754848892
90 44 979330165
56 73 138971241
6 83 325422038
105 201 443661489
92 288 883007313
107 30 64313107
126 14 509635040
70 179 252049572
214 177 8093882
73 176 623325319
217 266 33715962
281 73 193320986
73 78 644866221
163 234 848136521
151 25 626177208
215 184 91032938
73 9 60033903
12 130 263551382
135 96 830261058
216 168 166606086
286 84 847586703
100 117 152548175
285 241 249284005
57 103 380193638
277 6 159676315
237 272 177064350
226 45 99911010
228 108 14493392
109 243 122370787
219 210 777349554
204 196 586794938
258 295 235069806
32 31 8629046
236 88 85411049
126 64 614110006
40 300 625216877
241 225 35561121
150 205 207294129
241 13 392465471
127 231 451685380
181 186 8279175
70 143 800995521
75 227 170639052
20 162 614592339
120 39 833508254
277 130 453564006
54 70 418308882
174 220 787776786
154 160 825519099
76 287 66829581
156 167 825797967
182 288 655043661
255 62 854598487
6 133 526262801
196 5 50230239
149 281 438693469
154 34 868716838
188 260 292727709
73 113 20186769
23 189 25981155
204 96 939976773
22 29 201484912
282 283 340542673
221 288 70811805
21 235 182736061
211 84 585392742
179 289 756515075
269 176 436696886
277 1 128199599
197 23 781037739
103 278 846896686
227 51 334055614
38 85 896026397
210 5 555964436
267 77 928462071
27 287 699543906
120 218 322773946
195 186 216461074
32 214 20898426
282 163 709088748
172 265 905410678
157 192 583145828
223 229 102370564
219 191 612650668
6 209 197797996
28 287 203010083
185 107 772013100
31 53 626040237
156 84 57819202
281 66 87536764
180 237 593690429
57 146 221289672
37 68 466786700
100 286 228273242
220 43 724044750
115 123 989353637
297 7 609592643
148 89 46309547
236 244 31168530
238 276 249918247
153 156 631080084
33 264 726583429
104 300 870483896
156 152 811324233
97 71 957585227
247 237 237728949
83 234 56332008
77 133 883651996
123 121 641182692
4 110 497306167
251 262 866143874
186 295 800590138
214 150 588823489
61 5 333214492
245 102 793897462
223 48 873703099
272 182 775641484
79 10 124242068
26 184 545545088
217 187 949886097
136 137 277318211
209 22 121531857
298 287 703816706
139 99 195992163
130 43 121298764
244 266 908813963
242 289 547891396
277 119 648123705
196 144 108336788
184 61 812215526
32 196 157161815
194 156 774255736
50 154 947629775
108 292 695251473
170 121 533477768
85 64 419893885
47 57 444745125
294 85 811847143
198 281 257368286
37 216 275007598
114 299 509554893
28 193 532186749
16 294 143493302
290 153 637330745
114 74 641880865
33 158 508590181
217 256 258645437
141 249 372720822
235 198 975058402
121 234 316235969
118 100 493623267
63 127 637054859
163 142 573095305
116 183 153044957
60 297 425412331
176 29 364012540
56 298 25143196
45 138 809212044
66 125 69375494
119 297 61453979
87 166 450179378
105 228 392713505
264 142 368344798
220 257 472186681
276 68 252006977
158 244 93799805
198 51 122491754
245 95 77795244
188 212 624073768
81 82 871211964
12 220 94217429
289 25 655161409
93 40 86230650
143 259 235951159
23 286 889137326
199 196 392702721
155 93 402721172
109 37 882870818
252 276 205872482
271 109 346784563
234 120 326875735
114 160 934736559
222 253 364970950
172 95 338157860
182 169 859858597
207 119 355485492
228 273 41567436
51 133 943247624
268 136 722254452
149 106 447963412
164 91 181828483
98 205 374029042
108 126 269794946
209 49 237470992
268 230 749243860
116 189 909636878
108 168 664966203
295 218 137723587
219 185 553187923
222 86 240465680
33 1 70768823
15 98 285798427
156 257 245748604
2 165 36850005
293 184 895053786
205 299 709497274
182 106 725399541
184 153 197998110
71 71 157647447
145 292 810220032
76 76 60049484
98 90 676462481
24 245 4260989
180 298 703383253
84 43 817019836
21 247 205029334
147 128 75413592
87 64 469740044
297 186 183772666
195 82 939765909
126 157 185683184
109 255 103352973
241 30 919320669
29 209 903381219
33 44 440489261
168 65 132405007
1 211 741281686
44 49 932085501
239 97 990023686
204 291 25833219
264 168 574947076
47 28 560650430
271 20 121258059
192 48 355034920
110 132 298831015
122 299 995183779
80 52 711139541
217 95 172097842
118 86 576056790
255 289 80663833
174 253 496139000
1 51 587564480
30 74 178886399
140 265 126882099
211 126 134934830
26 299 20064429
256 130 692332932
149 46 374637578
90 215 389234763
231 222 919897152
63 147 611423356
63 147 649496558
194 228 137469731
292 67 699696247
242 30 239557324
272 55 197542222
52 62 411088651
235 210 473994649
212 51 465829363
275 282 81649184
78 44 199803682
185 158 690207228
42 51 818542955
273 95 558585274
271 36 265369103
95 59 90241809
216 162 28387170
219 96 495977432
267 8 665110434
281 282 111842967
217 111 64322511
298 295 576237120
226 36 382634923
132 60 514918669
105 31 99970456
159 125 272725115
267 92 758279776
189 10 101483724
72 28 971941831
5 61 463921564
272 277 497320074
34 274 536077068
5 251 229689103
27 83 568142263
247 239 103649145
203 98 370734369
217 64 124489212
144 4 70969622
167 75 241719301
249 80 250051261
12 103 30131037
185 136 634278663
52 140 752701365
7 219 203942099
21 165 546586138
65 119 898518935
233 35 202498650
244 231 486912454
17 97 100254128
170 46 560150459
30 109 125928061
219 294 566942148
133 97 459429840
297 103 38542410
48 123 966682174
285 187 48852293
19 171 557777879
168 167 104255061
73 235 84734858
1 104 28708155
59 186 400096515
272 156 991187308
19 40 895606657
258 36 490527311
167 135 196607886
293 119 117497524
237 189 623930595
267 57 545429013
228 181 100446047
37 181 235733703
243 292 348826888
257 263 27405695
17 33 53232434
173 43 31524821
235 261 166224956
120 253 3918974
244 241 295642163
290 260 243893171
202 187 335584451
48 275 523486484
50 217 515233375
289 225 141785889
83 241 117569821
216 165 607047715
137 100 943729276
192 271 799329380
117 214 75216673
179 203 329169032
101 104 665441518
152 204 873801692
187 5 835474060
161 46 98038784
201 128 357715877
273 96 657595641
88 284 193238092
215 175 308734763
294 291 121583176
66 222 960746631
97 74 519137786
66 277 897202689
9 163 35707746
168 75 430963491
4 275 962891970
80 300 832209265
72 87 922956548
164 53 401358774
278 46 271334917
5 164 681043490
235 260 874377663
73 78 39438240
61 86 699711702
158 6 75464129
300 9 603448703
270 140 958784302
86 211 748518640
186 126 916380992
159 103 114217090
227 160 564727253
216 94 449596864
31 218 286783793
70 279 97573379
23 188 274988736
51 188 64552296
106 209 823979935
159 294 915899997
51 179 681034223
242 90 133150077
283 68 393830736
187 36 276339182
51 66 299813199
43 187 213971829
173 209 54522817
60 12 957462356
7 117 33166064
41 275 966359557
90 25 385032088
264 19 690542429
240 53 154225496
128 240 309641131
109 42 31166996
59 136 63274034
40 61 400641243
208 120 823765454
263 127 788611722
226 219 253964348
234 60 968341973
173 23 405674643
201 263 827663095
49 142 504067286
179 2 31967727
127 60 550664563
260 99 10247523
54 6 538221694
159 20 199139372
80 297 669496843
28 231 865194102
52 155 319781725
146 108 18926139
292 156 356458080
78 86 461233081
256 264 485580692
218 276 790956391
292 81 989432048
238 240 185953668
61 71 266203664
103 150 49057946
205 253 919548601
81 98 273250760
219 90 559357215
250 219 645058152
282 174 709004216
73 144 519502143
15 187 624676823
263 124 700810062
282 185 241546285
245 287 795817134
243 243 36997287
95 75 223277736
54 293 182321577
220 294 418196095
171 275 667901721
138 48 629586664
80 62 18531150
103 76 225473226
116 57 449552262
200 54 360265100
134 296 822805843
72 142 861988917
107 195 496740462
284 114 83518555
130 284 788588982
150 122 245016081
65 253 96272594
167 55 331790570
92 223 842556378
5 122 42257331
204 7 684984078
98 130 690285219
15 237 183927865
28 272 872752878
34 101 106851114
15 3 742710435
147 67 4865687
41 233 517993694
10 76 982904516
139 80 493660789
22 284 846079648
199 81 77158377
270 147 262691065
234 226 732482936
64 260 757246437
177 26 857399639
163 225 515045557
49 265 896198990
94 274 783882217
61 164 922614797
202 185 377694532
49 84 971927264
77 105 419818263
42 90 218107988
277 153 155347699
65 29 20126377
155 191 57460101
12 292 363621465
153 137 122917390
69 198 177904253
117 151 423355738
200 199 396772273
64 27 640955429
126 68 487316718
165 45 513641723
216 161 121748851
292 16 611897594
44 79 988953637
8 231 770910673
49 51 645705922
201 220 107000172
290 119 853389422
214 234 962032049
242 111 548135468
112 276 491666264
134 243 402387225
236 234 842730692
281 277 475225870
17 36 901104452
242 84 51732302
115 36 407273273
139 26 640389192
60 239 280556377
60 233 42560388
180 44 849541915
43 177 856848657
67 112 84606990
210 93 295309718
131 161 61953
282 102 26813788
236 217 700953123
108 55 150868400
151 166 773331891
128 278 209299023
267 157 798602866
81 251 907401494
137 70 657443757
178 279 513143601
247 110 463454662
51 143 984320315
238 78 721446483
212 238 634349689
264 88 428935707
254 267 67236584
228 233 802420492
193 13 126153694
138 201 588307063
194 130 884127642
95 76 193874003
208 126 566134245
122 115 757673375
57 79 323248312
45 42 608280951
251 295 40811318
186 222 515916150
29 166 735653715
123 55 704356315
285 248 64179997
178 94 405401772
232 53 285632650
129 227 731686416
103 283 444516194
66 79 280023087
116 30 159022633
133 267 143330206
135 48 31548671
149 222 288628577
115 258 14464625
211 136 279749470
135 119 695421423
184 247 98317149
151 49 62399483
145 114 369501761
283 282 301076042
116 166 776875261
221 300 599319908
244 200 747080029
20 67 808462686
96 29 520111873
266 163 75901592
240 98 746998790
140 249 438560491
74 145 326351356
34 127 18652337
128 294 408791103
188 215 865200154
47 158 123533206
127 177 888146572
164 25 75736600
37 42 91705063
80 281 926717312
121 172 459943412
211 245 135899556
167 30 939641535
155 157 30191980
257 96 845848394
163 142 123192151
268 20 3368180
139 184 353357456
90 272 600393097
204 103 144929229
116 223 85283000
27 134 188886596
135 52 972725425
121 206 442908234
100 163 523793929
294 25 519735123
96 44 30328194
127 182 11519477
234 271 688453548
30 175 989548350
158 42 514319025
157 68 996293358
152 254 319371761
229 74 797173866
162 226 543523480
242 271 423620756
216 118 560998899
210 297 843804480
86 230 52806803
286 260 279710929
287 169 451234170
211 26 27319937
20 229 701416843
180 209 560650068
246 122 635211593
277 64 475982515
33 279 353638633
131 188 976580829
163 26 550682910
217 11 971305269
145 297 88409838
114 260 987279615
202 279 856801195
244 211 522216356
112 208 573916977
256 184 388213340
71 216 189873271
55 99 304192258
35 261 447722483
244 177 161433845
165 73 582358342
254 186 929847701
120 87 52711631
266 83 417805541
21 246 674819648
198 201 219793784
189 23 771315999
159 129 447934249
69 163 240936661
251 159 55646389
196 23 171774361
189 28 40554746
141 147 394340185
123 164 82031167
264 185 516794112
63 134 186356964
46 74 566702239
297 233 11468567
45 53 202269482
106 3 837271540
94 250 592812714
155 190 557302841
152 82 423054239
236 205 46868102
154 220 803477138
265 282 266798323
81 80 825044997
219 76 520606781
237 172 657675933
118 29 536491287
157 123 318486689
270 29 438536830
162 232 826489412
252 168 387572416
206 21 392107735
43 38 367431368
118 118 680820747
266 88 956108222
98 24 346260746
230 142 387182274
168 298 134519196
108 20 465078576
238 233 566898808
149 185 686836427
16 90 54406247
102 184 743951436
169 53 89312605
16 18 657191992
289 115 311574516
134 96 107246009
8 16 28961658
55 123 669534177
183 60 143815462
242 260 169827046
168 27 351986087
166 128 641253370
202 297 9459923
106 64 134167092
150 52 535981659
165 238 872579554
73 297 238001121
30 103 245700344
59 285 39246755
20 226 445129767
217 145 850921793
203 11 501246921
124 264 616052869
98 121 23644032
90 22 385161335
248 186 194349172
253 10 690906168
274 92 861867871
169 202 24829207
123 273 746688985
141 189 714283629
134 91 687052091
6 266 408945806
174 64 969277379
157 153 25238800
191 152 740920938
163 156 223569799
182 181 649630690
4 101 246186843
111 276 452021015
247 116 289476603
227 249 963056045
218 6 114012711
275 179 604322874
153 35 420669978
105 226 99035681
242 140 364515888
140 73 602595369
182 77 764007169
124 239 887998044
39 185 272214112
193 163 62544460
190 80 170301418
100 107 653988796
125 11 94799683
2 115 25379060
134 108 492592451
121 300 187346023
41 233 676540351
62 56 132488289
57 146 6911525
168 91 14093688
280 280 693603219
97 79 306902277
144 255 970751888
226 8 415423554
37 141 529321862
287 13 241049313
10 54 347720245
212 115 95521500
53 171 641506798
129 91 275152740
16 70 106999019
87 166 956091049
263 9 426751703
202 287 792167310
256 23 3889902
169 10 573919014
81 71 809882719
225 282 475788185
176 34 312149808
25 163 591181698
264 230 227944667
182 68 245256484
282 31 444589592
36 284 625776378
45 239 814195901
298 159 354956962
264 239 582889232
282 163 27049413
167 91 672442147
274 115 231011661
223 131 864335290
189 64 971048958
72 46 858054940
15 81 496105123
245 178 153139414
197 175 358479672
158 138 205691563
189 172 189978977
201 38 259379767
299 63 760433434
259 285 115776364
201 225 284923927
158 48 76483524
249 62 64690505
271 6 746744882
36 202 979052908
208 59 335533598
122 299 626069669
198 252 178965658
65 2 453855020
150 261 746952156
13 213 433685380
291 70 611827527
15 18 578484540
119 40 106916446
152 128 568868199
111 87 466780410
208 208 236058660
176 105 51236011
233 169 289787313
104 70 182724225
259 82 594382037
90 73 348326058
216 139 302611227
208 257 805859018
205 160 11208845
103 270 129656731
164 178 366894238
224 105 912900343
286 38 879571163
298 141 27340133
74 152 324499966
62 241 55974590
119 209 298247528
297 116 968525636
215 20 813553795
11 174 517417617
142 90 710617994
231 65 724257298
125 50 737301187
240 100 203604680
124 173 870119931
89 235 23048671
231 105 979251131
158 154 464695498
146 68 438814569
292 130 322992895
108 271 584010884
153 254 162959900
251 78 406043249
189 17 160597300
268 140 904313573
198 281 789123159
121 211 163352115
3 120 329611668
1 265 946277187
69 257 24557517
63 116 546625739
198 269 879376092
97 271 788225270
98 159 857777138
197 127 115371830
221 76 885509310
231 248 76680520
46 251 692165691
65 251 995457756
152 71 357659564
120 186 443672379
58 83 816630547
250 232 53307717
271 29 743521428
8 225 238360006
289 146 407943381
198 76 980352929
69 173 787356131
60 238 441132133
67 141 380495503
82 260 780955488
160 17 79039323
259 18 585190554
27 40 410485134
6 100 10487658
111 88 847060755
292 286 709327583
172 54 613156607
54 165 35643144
186 283 480613436
140 64 267592295
228 276 648238164
202 286 649410781
107 64 764368121
40 70 850887320
249 180 24340207
56 223 22752444
238 146 922804550
96 199 269178566
192 84 57332249
127 224 349957864
22 203 738211439
37 156 596272576
17 262 124932640
89 1 920229409
260 249 73039240
219 4 138789163
214 293 655381160
263 89 705138659
229 280 434226494
229 158 223140169
292 231 705351523
83 267 959899878
158 36 424492139
297 176 362129791
257 136 930784140
149 106 535064995
263 19 884299940
222 34 591645580
132 262 545261411
178 242 225760868
146 233 753252599
69 15 628491117
198 173 648370852
289 221 134808980
79 230 86176467
170 78 379329872
265 92 742054342
156 13 244638075
135 197 8775988
145 74 91800329
64 219 843668962
214 39 707626028
31 289 427427752
234 277 128006773
13 55 287141554
279 225 125354983
102 241 633952574
244 148 320831838
118 282 891131434
58 178 484110559
186 241 470393030
299 155 407846720
179 237 256371508
230 170 145492236
254 235 732305991
207 213 505145967
41 15 999077159
266 258 98399506
204 127 247274939
89 236 138448516
48 174 702713808
29 172 693323414
48 50 738768450
56 32 192452472
91 285 336668106
233 244 110108170
51 284 39586184
109 250 572189193
66 205 100038920
4 45 189460407
171 144 227221280
279 172 909506852
292 220 648975853
294 27 20539684
217 169 857237821
22 154 593695464
91 204 60300299
227 65 891004900
19 182 259157456
290 186 55889401
197 56 617827644
276 86 267881568
279 78 708865187
84 123 754699065
219 39 845842733
39 112 272151238
154 202 833737842
253 180 87228758
104 199 278507139
160 240 507364276
260 136 59732332
255 164 195874169
122 194 51564146
260 277 775636120
124 196 855509858
209 286 185402521
146 140 170389575
39 144 702573554
48 299 206660004
187 158 782687844
14 169 472633831
197 176 651202894
166 49 932934588
263 9 819321116
183 184 330902163
192 144 324915549
13 42 100089440
87 132 716724135
40 180 65824533
244 118 259064443
139 131 499816911
169 28 110942286
115 245 212838487
254 207 809337995
69 89 212688930
132 33 268734026
232 45 397108167
171 183 136581898
57 274 426900329
189 269 546570598
231 107 2956981
194 276 855791808
31 142 5981952
217 95 357607910
163 215 981273099
45 46 142552783
70 29 469300427
136 251 836938309
85 7 948039982
266 248 9265451
263 178 655818909
143 123 507817836
102 206 68981477
5 122 124760771
115 37 199509538
65 81 66580883
47 150 460955764
125 37 777690914
85 121 586026821
18 138 804304368
220 153 691587997
229 295 600210972
264 149 641115577
193 153 27140298
215 19 125172186
152 135 442867466
187 181 101476515
250 57 350623851
263 141 179407724
35 159 14728461
54 78 108189365
3 58 905198360
74 22 671612660
50 214 560897864
199 128 930661883
85 32 319726869
50 218 165612902
217 167 790136758
119 181 882753099
142 216 96534609
55 21 440746738
119 23 571208396
230 96 995737417
189 197 488347982
105 96 173800861
287 232 251605592
107 33 640859409
108 249 655034427
166 68 219305208
116 261 624731275
224 15 675616995
213 186 916066718
208 115 946291413
276 56 112439362
257 160 736618157
170 198 501549040
113 4 145066772
222 112 473680573
300 29 985497940
207 144 417475652
133 119 79309467
28 31 636737804
245 239 142442670
9 266 268036725
270 275 279450536
78 144 254829633
117 256 218933589
241 229 632342600
13 229 990226128
204 187 27853623
55 20 989243341
273 99 20174723
76 43 839339813
46 103 294992379
122 125 727996753
58 202 164670148
242 71 856618155
130 11 297216536
181 75 141499716
260 278 608772902
182 84 28800073
274 109 224681871
97 236 965001365
261 33 48566320
39 155 735299744
143 264 466852497
142 205 892257267
97 87 861613529
32 267 848601855
247 227 838720184
100 160 101960520
25 134 717632328
295 282 174989763
112 242 616475496
31 33 162642602
74 227 92941617
70 69 809685821
189 217 89357859
69 300 859267626
24 298 814673952
59 97 835946811
178 173 764845896
105 168 769029577
20 279 392870371
215 61 931360655
68 134 112497181
184 255 805982801
256 195 868435669
115 264 744555968
240 39 280876117
43 97 233652666
5 27 484202038
101 131 109722457
229 150 75215287
51 116 429246847
205 235 907116880
38 118 680710587
290 126 789768881
211 240 948421644
78 231 710303434
295 25 61618083
112 29 104326109
49 181 556059839
206 162 296841741
92 212 943147308
39 169 657619143
170 258 385715212
256 247 937121337
289 157 253711728
284 287 194754010
18 33 574922134
200 144 82679263
108 192 187903995
198 149 807109556
138 241 38199020
298 31 960016688
92 200 242608797
3 208 986925443
92 196 618951352
171 179 883242490
181 248 60674974
214 147 532385117
28 6 487607660
75 204 36065061
230 93 547939901
101 90 10028083
140 181 624413782
136 184 629356641
131 27 109592836
34 197 571093067
223 77 871644414
196 43 925381313
64 70 984113518
123 144 456417221
83 126 491650514
35 278 32960703
17 118 442999636
251 253 254966171
91 83 258497997
179 168 412339545
197 90 58728474
162 285 772586916
274 100 341626837
144 275 101235881
164 57 416072658
29 144 471819835
284 212 81010452
119 162 338769657
189 5 232022891
37 183 232237859
81 131 75173400
254 292 116471785
169 18 298583536
258 161 404083610
190 76 321553419
247 105 598932862
33 140 98766373
237 10 297984087
145 198 973426291
135 286 939718525
45 66 620470207
45 72 34809398
81 292 665666467
216 249 792122227
26 138 428142955
244 136 212862811
57 169 31758850
81 157 180347059
19 1 913593608
209 135 489996493
85 232 174411610
143 276 25567433
193 56 963534525
259 271 34972425
238 48 488600663
292 43 298040950
202 99 82596770
251 232 775794926
61 250 568921426
68 211 546515513
112 295 940815044
273 138 679509771
206 82 26555126
130 40 985567348
54 277 960630048
168 20 420780290
118 221 669983641
287 223 807006472
13 35 982349221
90 154 21954531
54 265 718057278
249 290 691127667
119 195 828491448
96 24 795815087
96 129 90253516
143 49 287433335
284 166 452733708
224 204 765397130
147 268 110803365
268 58 255062370
50 163 983137935
127 112 26990724
93 230 412188170
192 78 249748445
31 173 574643973
146 67 580508121
32 102 565381838
139 78 759345542
221 224 790710509
37 243 80914518
6 293 176473081
292 119 870717592
267 264 695674173
136 207 677897950
80 237 507988974
205 82 146577292
25 114 14443194
115 4 486603023
56 224 665030546
264 260 89624041
282 18 77305333
214 9 51164403
205 276 702328918
177 111 859290325
279 243 170380061
4 147 578367995
96 223 370687460
41 37 72163
63 144 84435587
60 160 439613798
300 193 468152815
284 106 5706924
87 10 784299551
256 238 363602513
280 268 993364255
293 272 100745101
87 119 971285876
46 159 317852064
8 273 899789208
246 84 360324167
196 136 780371459
162 119 188920516
137 257 751656225
87 213 721801814
200 244 924738882
6 236 720972753
259 22 109597071
134 119 957571381
97 127 751498705
256 124 8925940
222 71 966960775
132 233 407941246
147 121 383031754
223 208 742044866
237 159 49303610
270 164 327704397
274 122 450582519
96 7 493658137
128 156 457003415
132 111 277570291
23 85 247488913
50 216 982395745
195 115 45546766
100 89 221241525
166 77 20566183
227 46 141917698
223 19 686041172
293 114 624222478
182 241 126830033
248 124 946169396
138 199 590048380
151 248 543871147
147 194 996558213
264 293 699765802
40 210 80328430
274 188 357952276
72 163 811159146
43 155 549546112
72 88 383200904
257 36 63622228
4 173 157285078
83 75 926117525
181 274 483093518
146 237 63761162
147 29 557648972
276 2 719093259
203 73 875798421
149 167 330863328
12 291 577946115
115 299 926566550
94 2 506811275
271 136 713652849
95 68 87036074
164 213 967475011
226 111 133760239
197 139 458974292
107 41 232518517
128 241 140434083
55 252 364492525
69 119 31523875
171 212 235181176
145 183 123061863
245 29 386520731
19 245 874632343
81 170 139678854
171 118 261988692
262 224 452030484
178 103 668447025
13 209 165817128
189 30 474825346
64 200 364126610
239 96 138489644
54 40 724031972
184 110 161396168
226 190 956794337
131 60 225424506
122 74 833863582
206 3 657909984
282 67 880943393
61 256 80909922
207 19 36892473
68 9 403185968
111 62 598475959
182 245 857282169
2 223 999595958
238 53 864210270
96 227 910099395
177 184 517265497
112 165 531175364
256 277 168837871
129 235 756744189
253 2 87624549
120 112 432024463
79 46 176464659
199 47 195577481
208 36 334074486
29 131 1428012
223 59 502184895
172 223 357308511
135 230 732615987
157 59 955449022
145 11 242450575
245 183 27077587
107 13 738394732
266 211 390314530
98 118 87114965
283 147 759253248
94 121 240592958
140 292 189044080
102 178 190582710
289 34 178635120
162 230 337577430
88 227 775628312
74 33 91263724
157 50 994282186
286 148 484279656
151 130 277982754
250 276 285490874
107 167 729102218
239 269 139992147
248 9 834482181
67 222 126865562
248 9 252250488
12 83 495177773
87 291 179595722
73 277 206114521
228 179 56292303
281 180 731557078
206 286 291642796
123 224 388825264
270 223 313269524
202 289 167908245
115 237 47708354
203 300 832263788
127 86 112485630
48 158 573655706
169 137 860438036
171 169 879569515
200 75 871643101
95 249 730735576
11 270 794913299
234 223 95327739
131 38 117039975
284 292 45743726
23 118 267670012
52 217 629617369
110 85 320898158
97 7 914462426
212 258 400833752
64 53 656598001
139 115 526780022
189 48 993345645
228 178 35676782
254 213 611056625
280 287 509630242
91 91 616026058
59 200 136358595
268 48 126920153
294 259 319267811
145 22 5044363
297 213 130624129
119 101 451727576
215 28 693812006
48 282 52069418
172 261 916312657
165 51 693994647
22 161 663803798
68 129 686178145
121 174 493203556
131 70 104006777
245 67 806872441
173 237 691681142
200 151 558793321
105 198 672732602
275 121 784275414
131 285 308575416
129 58 875249977
78 126 510229957
74 246 127977782
29 128 276810851
58 124 465843517
298 296 74372153
91 195 948258755
212 52 123180104
65 78 210192824
231 260 571443508
146 88 675474566
274 217 658644591
230 290 500390088
111 71 519978867
114 128 722455290
130 177 90959837
135 20 77220083
41 283 375048034
145 99 741545811
68 29 93026070
276 175 975999809
241 148 906787177
83 130 571566319
222 292 463540789
188 105 391750068
277 287 163066596
113 173 321687867
195 213 573890849
81 57 149957200
43 125 129129628
265 152 525016254
25 92 212867054
2 226 702911983
72 147 828161526
160 86 12910183
179 114 723001469
74 278 737840241
93 224 5685253
41 4 649716610
140 99 732643486
20 63 973393037
73 139 899956180
26 140 23493857
160 211 991879803
286 122 882641940
268 300 713202853
288 126 279555082
128 218 953886005
232 10 816276361
41 202 608271959
78 221 127931573
214 45 351255011
245 123 37545803
201 282 758370265
3 19 977269187
294 38 791025338
98 25 362705315
179 204 13996984
184 136 171307546
296 228 132077847
154 6 730470219
178 219 638984563
40 164 923004285
42 64 137957719
7 119 112006389
145 164 5544127
34 262 246605103
101 140 720513207
84 75 285470042
129 70 443708569
127 275 927872274
45 152 563870545
60 192 251659560
196 285 14733175
14 43 697487545
203 239 182564609
181 273 35683570
183 73 388915861
89 208 196147488
182 89 421138457
203 215 229709784
228 12 44760335
172 71 775094178
83 18 458257115
58 84 103057
254 38 82933896
262 218 350291320
283 100 164880644
196 241 540698851
183 174 354086191
291 76 32087806
74 4 862722969
61 175 632459891
238 10 116819208
204 119 306274991
161 72 312833628
108 34 142039245
27 68 893013297
70 263 286268989
72 197 607276362
163 188 4776690
220 261 554125893
288 21 524227219
178 11 166740228
137 214 348914446
128 74 768237418
207 181 459790103
204 259 311772422
52 28 860583885
192 100 7404681
153 262 25889620
242 181 440715781
86 220 1676201
105 149 336381411
132 285 903088525
30 164 554416950
299 123 373300583
1 26 710030741
174 129 582004421
258 20 677404120
291 224 55348733
210 166 747926065
142 251 617859084
43 107 2640384
5 291 314056468
181 20 415931384
131 18 768582406
65 70 219081483
257 295 660441911
177 5 231449030
248 295 391895553
280 256 146558170
296 150 49562773
179 192 625136579
262 196 892536169
82 129 53192340
65 259 875342509
222 75 671293130
104 31 752816625
114 260 833013229
195 207 771803975
147 239 595078482
69 234 743552531
241 165 71418674
271 178 62541970
292 259 30076350
31 75 970889708
192 296 668348034
121 151 127449364
45 264 487747175
25 158 721612882
299 57 441944272
281 125 691634705
163 117 646092321
237 87 602924799
258 130 581221309
107 213 996913236
266 104 618582983
199 276 665312034
214 21 797542297
189 97 951755507
122 96 667330863
293 128 795859239
149 42 534387055
170 278 213083593
120 235 724485023
80 93 974300035
115 58 690387490
250 8 691524165
183 222 583043037
131 162 197957334
237 283 160587381
151 27 66011660
189 227 657782701
95 148 859835531
140 267 734712117
262 99 312488810
48 213 269088019
289 214 420341427
153 96 746214748
90 227 439487861
175 215 369257295
55 66 977467321
166 6 513301699
18 153 917820047
148 292 498979865
265 5 838002463
226 104 784317428
244 92 956507741
270 244 19885437
269 85 477025515
129 259 279683481
23 65 95190198
295 282 719404904
246 300 244263708
292 147 177817499
56 163 949584003
271 140 238895958
98 84 31108149
190 105 722777444
26 126 44430529
192 254 899057439
273 29 447245556
170 75 755006537
125 72 185155788
232 63 892496135
82 171 169288749
236 141 475506089
193 290 932752524
241 179 108853128
37 257 307571705
217 148 263363411
55 172 198001891
62 94 88954465
51 218 7071889
38 202 312625151
224 283 62143173
273 271 388595713
213 163 781332902
288 156 49378833
167 192 360102589
172 108 43046036
182 214 82925360
272 276 869898053
188 78 828401722
176 115 202700075
279 91 170610610
251 115 534233680
64 27 384981594
217 66 901446149
249 232 658921140
237 103 406869799
125 284 191833213
236 7 166089640
140 195 84645617
261 70 985173283
88 48 612685125
197 299 283953539
28 114 179517317
21 30 232128982
222 31 403158014
13 19 176116
212 143 139063052
24 130 165304358
215 269 20370852
183 230 563850774
17 69 108369273
242 17 716069523
32 96 775547236
149 116 773168018
82 89 758310700
195 102 238561518
163 13 961999213
166 88 11549142
123 2 109625711
27 184 937146992
52 252 696813060
176 193 264267228
299 225 321226823
286 125 105189790
55 206 517602279
154 153 69901780
24 67 21474444
36 232 711637131
177 106 11512184
39 184 5745219
130 287 532025870
41 163 55555615
268 161 7771639
290 198 125740315
180 253 789074272
210 106 253447876
289 129 519037242
132 216 429938125
114 145 151454883
97 183 556474718
15 65 208848405
184 157 69461567
298 125 706900079
88 166 896711176
2 97 117095580
226 58 421331286
1 46 605528866
195 229 779171182
19 42 806323726
53 138 796612208
271 152 392216324
227 88 437432781
293 85 49045157
23 173 695763922
250 226 187811571
130 151 190274028
167 204 625569426
32 98 662655854
165 116 718203148
90 169 98690785
250 191 514896689
173 117 646330376
253 161 401063812
209 235 934352284
83 184 929485162
105 65 323020364
132 283 368405767
257 15 437194964
63 179 959326080
210 21 791286700
246 270 489551542
186 142 410452658
213 147 181000670
25 107 655579304
60 189 435932439
21 293 786639304
237 177 834063886
3 133 183735052
167 247 614823983
198 208 933654403
149 206 789354872
290 143 426658065
299 56 282996763
168 132 554899770
271 191 790647358
9 264 883083803
164 200 169966779
2 202 129382063
153 120 276501862
287 17 477012969
89 165 387155226
212 206 669308969
229 204 822320924
91 71 99771255
60 93 288528597
270 102 318078112
172 17 658923811
2 18 384504165
264 223 79497784
225 209 408263453
146 50 162087869
271 261 830522575
291 189 529052930
14 32 733646901
220 91 804916493
69 112 178794146
180 283 641919163
243 36 733388132
259 300 784419754
94 276 114870715
246 173 805879064
67 196 351832376
93 186 179388717
22 252 571544848
74 223 935716890
219 43 62552202
164 223 687650936
178 217 980979872
210 175 924437423
215 268 794525450
181 266 68256923
144 32 837819770
172 124 67490255
140 197 137138358
87 271 146535333
228 189 384209775
129 104 20756149
117 282 715098265
88 243 704256639
110 157 772761759
211 38 476360724
185 233 682174107
54 156 220724482
161 295 621064778
270 81 469358248
2 61 275554088
77 189 365930092
125 57 234921773
90 144 468433615
280 5 703401723
138 216 54696812
13 152 328197945
219 206 580770200
52 118 991802295
30 87 985355427
277 89 349662839
217 217 294760380
208 41 360815336
180 182 528807580
146 162 428207236
268 51 1023403
180 116 168029355
76 86 767044860
127 138 423109229
173 167 568328115
52 195 54269555
290 111 412626971
169 18 516672864
105 249 228989145
236 146 958865158
71 166 479062661
174 97 265942376
128 172 854194761
39 298 317060650
67 223 570572116
233 274 641636463
188 263 100775073
110 132 18950743
73 288 631085243
270 223 258128541
27 45 750966006
187 218 16810802
214 97 236377225
27 135 137919122
276 253 123304196
144 186 472855169
206 125 388751232
130 234 18269115
124 59 869707802
119 28 176907576
259 106 515559320
264 45 739202790
117 258 163350986
141 36 260081473
214 12 599987125
210 207 603912410
178 112 31159586
161 293 589322920
275 117 352624330
128 235 845020257
255 245 582924914
75 260 340368258
216 76 88325368
101 216 680991003
173 129 287942166
250 90 479750972
159 268 750570235
245 128 201175028
16 155 555548796
145 34 444776782
53 289 126987526
66 115 205663385
176 30 697615160
295 182 691736427
97 55 325946307
15 4 723548997
138 214 209916016
73 210 173798595
52 277 633465849
147 173 16174635
228 225 793799823
5 43 186933437
289 270 934778266
100 264 53201647
126 112 802285053
32 126 782015608
80 264 448822074
95 36 833864035
290 139 526464412
90 285 731763884
224 212 147299061
46 216 355994855
34 256 698219524
299 55 114814787
198 232 139287998
202 15 59581324
262 95 60478439
287 189 40033226
221 178 51937064
184 20 651738748
20 243 136731411
80 289 633902578
234 22 348915633
109 73 684418439
195 22 479631070
144 275 913016184
219 236 560639130
257 274 927383219
134 195 892079748
97 130 88194567
96 149 384418662
6 228 869519150
235 213 287978523
67 21 574575047
57 267 782510368
226 111 271618595
162 29 118882630
243 38 183189956
161 171 740855550
61 20 875892879
279 115 172582180
140 173 73189807
41 159 491259672
16 226 272494944
62 34 384226763
182 260 113226773
276 173 76625353
57 115 334900942
112 28 928086765
113 140 908119884
244 170 631771750
223 62 235773774
181 154 354028533
104 169 187968010
48 283 422010643
10 164 388303854
134 191 852380178
38 299 374878745
32 111 883182772
196 275 826921063
131 218 441771832
232 192 964670093
258 73 117651347
90 176 41210467
251 275 457406149
93 36 853781464
299 221 649438654
128 11 668293053
72 42 93534615
95 289 666018889
257 171 966671459
41 102 315558150
185 111 490901474
183 200 131444750
50 202 67231976
250 47 977457212
14 45 532896284
19 172 957658194
23 296 291676587
137 90 610521875
278 47 379862997
36 87 378955351
37 271 696089061
111 154 537809013
112 255 92083214
139 204 633438660
202 269 402695556
186 288 252234080
179 10 556932975
266 199 52491364
92 176 418346662
89 263 96270700
291 51 903449923
251 213 810052028
163 24 857287482
29 163 207595137
188 116 862240106
196 1 175693745
127 232 816249106
1 249 877440804
16 92 730320431
130 180 341559445
81 222 26715996
3 173 129207908
130 87 632996284
263 115 605313098
52 55 876131913
109 250 830865366
153 76 574655297
10 128 104210997
14 195 177537988
296 76 27015620
293 157 31599241
40 159 887377913
299 41 984677000
34 3 415579714
231 106 666041068
296 214 991272969
113 66 643509496
109 76 32199975
105 141 209835770
192 188 299796245
211 180 398352101
152 271 261469612
16 270 846684452
215 3 716316806
281 286 77961812
100 281 646375925
169 93 449769243
64 253 304390870
191 109 940197962
160 52 87510949
256 15 792921981
157 218 83147051
268 233 792426772
171 200 701241075
76 180 119935760
139 31 777159092
64 199 503776436
158 15 726959440
79 205 698402748
140 116 300677051
140 71 855765265
72 279 247782982
275 298 216624467
146 168 894450366
72 296 401873097
283 134 404933727
226 249 894905226
13 106 220329792
52 236 560891048
251 75 126424763
202 267 69243533
166 38 492732164
100 64 953327561
266 262 2746881
31 33 504790576
79 68 389936809
105 293 9594210
82 6 108499315
73 109 401108403
20 60 122586729
134 13 212961595
19 178 170187685
182 29 77412048
94 294 432094161
174 76 82958746
249 154 2457913
210 259 672783457
119 92 597711814
185 165 504202423
187 236 795690734
16 122 920337446
110 140 586424175
46 73 41733904
46 166 355407449
6 40 569378825
51 40 790553830
215 249 571349840
72 67 659188432
285 252 126915748
59 138 682906483
192 153 11134456
89 15 475810495
164 60 127215819
267 105 213645285
167 163 442878476
91 265 467189615
273 180 529031864
112 251 637999430
43 287 755107981
190 46 281465919
25 289 192176323
280 78 847684437
127 241 123210649
45 259 96167005
129 125 198647667
56 268 366127732
271 240 601065111
134 51 428759613
63 146 594406699
296 87 454725144
14 111 657922033
236 143 124334810
225 269 292904002
273 65 205363512
177 194 364604436
244 1 45038303
27 271 889735294
289 104 617528897
201 219 887607542
99 214 531919680
95 279 380855443
79 266 445549285
140 190 906844405
141 214 39440269
152 91 909498514
39 86 959897615
194 164 657827185
287 152 384835441
235 52 778921811
28 202 595194276
208 48 115118754
250 126 235904271
186 265 952718913
90 157 388773326
110 60 492750868
24 151 610782853
238 44 814029716
174 82 556072919
266 17 413155722
276 44 979684824
3 3 267934423
8 252 230793849
279 137 550146965
243 278 666381422
68 88 489893433
36 163 532771083
140 152 692569026
108 25 564055260
226 43 59725976
148 18 624737771
23 73 938493974
297 80 234366377
45 58 957904266
110 300 15952043
83 120 152982682
115 207 425978344
50 46 647352995
275 205 327450172
86 183 851105314
213 82 849756583
84 156 918598255
9 152 25265435
237 197 258178744
2 58 570057096
97 192 349673815
30 6 942296121
74 107 811223218
20 82 623001175
43 219 81186557
108 132 451451438
243 215 565996993
97 275 692757644
83 263 915043592
179 265 930485449
274 113 110497340
240 142 944972698
112 267 966682604
81 39 720712437
255 81 771117456
11 189 30139987
200 131 975034153
244 279 396810279
140 114 529834741
231 44 184528157
132 17 229358921
223 8 964793363
72 119 374358881
28 199 105408471
116 154 632875952
71 216 365415692
209 168 152784274
13 111 766096304
143 250 83133569
236 233 362074812
292 64 25493480
213 286 423063387
27 110 349597005
159 137 321350256
30 252 108807961
33 75 793156676
224 35 383396895
49 48 740492906
152 242 114751407
121 177 568699639
132 169 737855754
212 133 732717092
50 211 350772701
255 69 263737889
110 98 339808740
170 130 55135414
197 105 144890601
92 153 879075748
149 57 64566541
207 229 526165018
146 60 153432038
251 23 323210170
42 73 705325480
294 79 526653200
82 240 40085450
122 161 878498179
287 57 964856136
239 200 599427240
186 100 548307796
127 7 747147724
296 204 558021836
33 154 6423610
202 248 515416434
33 241 434597312
232 23 937832851
281 196 133931011
212 234 668564820
299 173 925131171
238 110 644122971
286 288 645324329
261 283 644918532
296 67 85794037
158 268 848151584
91 52 987796577
155 36 915950551
157 68 824938598
20 31 622412483
239 29 453262807
161 267 49081669
183 4 621919256
211 264 402973291
194 12 693159457
31 169 668204277
166 259 885949580
242 113 20532215
144 270 817070335
241 41 301545765
76 279 143847346
82 191 90885964
250 74 543485767
158 284 101310830
48 178 174899341
56 260 770674909
84 125 256570320
164 119 67182884
30 262 992861805
264 255 20054445
281 30 669841975
26 111 867355566
89 113 109234539
155 270 40803222
236 17 12012851
277 124 256141110
237 208 326372287
208 71 357986605
292 152 971967318
148 168 140736672
293 200 191739853
219 225 725723316
284 65 791768728
174 271 864311697
48 206 198841865
98 234 488518688
160 223 254062795
46 130 233940117
50 173 301199221
119 73 420394088
143 117 598103187
195 35 978173863
162 19 798975727
189 192 309027249
185 239 904606554
1 89 318162040
189 248 320368614
283 293 167796595
252 94 927628868
72 212 150276292
111 54 150760608
297 1 451440142
211 214 919670460
189 103 369718804
137 39 842388394
42 40 349692082
181 228 287329
46 262 973062773
41 265 773488666
260 36 78565030
251 198 29028535
58 246 669135387
199 156 724608901
111 44 987217803
214 232 26306493
59 274 188200484
241 206 108902111
121 252 600023225
46 292 42987589
63 251 591510777
292 201 665986874
79 10 717035420
165 208 575346627
165 18 39896223
19 283 419711454
264 42 471915227
247 34 219702285
210 206 278408536
186 3 520863279
74 66 22179029
102 57 637664781
28 187 665564790
199 52 409835549
225 268 937631167
47 39 176219501
101 2 115472594
179 248 957598879
163 157 555402037
150 42 881944839
128 168 563232304
108 21 530345813
40 100 812313899
229 298 930788302
130 223 757861570
296 21 985784208
248 173 493379061
294 52 763813908
72 266 463539917
108 116 192580310
199 243 846439029
2 103 16626850
266 142 74163349
117 123 588600299
18 252 282767973
239 299 196562593
198 246 602211966
158 239 824147669
118 63 229555634
286 170 949360749
195 68 356942644
76 122 474480346
277 139 792154987
277 255 828047709
275 25 991994060
247 15 74141558
292 213 103226056
157 122 194720146
177 291 306222708
110 276 993135778
211 223 842436897
6 298 417358370
203 26 100762361
189 2 852446415
50 277 160747891
161 275 931012006
271 266 854055670
78 174 423257943
123 50 254949086
231 212 960152661
260 174 288998035
108 179 235407884
78 81 668525409
238 21 367546663
104 122 68555591
47 35 54320165
4 5 226435683
225 134 334597756
267 256 907986758
52 186 176158321
165 197 88473194
251 5 706906724
35 134 505939256
195 123 130242128
57 226 407863050
247 24 35828784
164 27 940797240
46 251 78510825
153 270 938656980
10 73 532491118
130 237 853149014
175 240 595583918
98 26 29670551
153 220 108687625
281 29 980048851
282 27 214567526
17 242 38222953
108 287 10103503
32 140 258499824
211 201 333328297
80 31 47257933
94 257 246835824
163 55 462437149
66 259 67620021
90 239 577414749
92 272 765409627
118 288 833408469
170 147 7846955
224 178 328355546
248 141 850404647
44 220 602668929
128 13 673621585
152 176 622685691
252 241 103284150
272 30 98175440
20 122 15222612
199 291 595287151
267 160 779166298
73 135 497887227
71 134 837590567
269 177 183283787
197 57 240632251
133 260 752703526
124 211 306717218
125 183 158844600
64 254 141650873
27 204 469703563
30 170 33741974
179 295 843869608
205 65 11102642
124 33 868769370
210 281 316644078
60 165 601562589
138 288 185962052
207 164 137462486
6 280 33478639
30 58 196969195
292 87 903793564
217 17 571864110
277 222 824503674
170 45 69665958
291 6 57503538
169 117 19187055
57 254 19853142
260 161 572851358
45 218 71324437
136 248 235527694
130 291 513264633
293 208 683701549
255 236 97242022
280 105 738960266
38 95 349689123
127 263 465028140
81 72 690197193
75 31 36946205
232 76 811603423
120 211 860852422
13 40 801880412
97 84 373462071
146 90 419467006
167 70 803514210
285 107 99405757
107 285 918753019
46 118 420667642
291 192 938595325
95 175 609998552
169 294 320872314
242 58 268185805
6 155 208248940
276 52 712925830
234 218 459236499
295 202 369363257
151 61 353325993
22 106 577795410
263 148 915141001
39 295 643246827
190 215 128404620
3 157 163691130
207 162 409854636
247 137 550596687
128 122 683159304
26 117 251535458
134 267 752897918
226 288 504791175
136 3 49928775
288 41 572740569
67 231 589862683
138 285 962147539
267 244 343991900
2 242 961374189
140 69 233761410
144 146 817184126
153 279 663564445
222 256 839139032
96 143 322124586
170 183 346083727
290 249 226047709
273 86 282888845
111 53 932276588
163 106 234976229
103 246 903913597
112 141 103357894
290 45 497639672
134 266 145117628
17 113 476103522
203 35 553222004
181 24 872236252
89 48 414067238
85 211 194922442
273 73 624656499
153 175 253866096
102 38 765710536
195 79 116757980
267 212 912422697
46 281 804979510
267 235 549389896
123 115 13361719
174 255 344306719
63 39 799339729
4 63 427485353
155 216 190117779
250 17 320998416
238 211 342344095
269 229 917719258
266 26 886262938
127 45 275132424
22 167 725378738
292 92 20598644
10 155 591164635
290 210 369353297
42 64 295173564
20 14 420022680
36 251 552291243
182 219 337102571
291 236 624606997
29 62 890908041
104 135 541744059
242 127 596834950
137 188 322764304
71 178 766970914
120 219 406627629
83 291 790567842
115 78 242051144
57 259 877835515
227 249 610343650
175 29 949587764
167 133 592441398
25 126 257298976
27 262 288467216
130 85 632769493
195 204 422723863
24 38 995931753
217 152 378424282
113 208 60029192
227 187 958465741
28 113 517545921
191 280 159885805
241 56 463380482
168 82 448628596
283 264 706794780
275 158 312265035
290 233 707696572
294 150 18144776
76 14 90868183
167 240 968002069
259 267 126669782
132 210 310295713
136 202 60623920
70 69 121973002
265 52 522139965
296 78 880612074
230 67 751500607
253 113 630406108
128 240 759379721
263 106 868773312
231 117 568930530
64 248 809439139
228 135 887773240
148 204 61231809
201 220 470798412
165 215 896726189
90 144 466771708
248 149 176866720
255 276 257951859
27 290 770056316
90 221 671645832
120 36 185299031
110 16 470901718
2 215 139318021
210 115 196725593
273 279 644886507
61 120 501098503
268 68 473058151
39 74 431426578
297 101 467071968
165 190 400512740
148 9 210935027
79 171 61150894
196 172 159267908
268 133 479775422
260 105 397329752
219 165 792542972
21 185 269432039
23 275 310919412
300 272 528901164
19 188 939634254
10 35 817081914
37 165 970683284
130 60 140727955
138 80 93480439
11 91 594706443
163 9 246164860
134 81 662111044
224 103 724444418
35 155 691116841
51 173 184700980
204 235 24326315
169 271 100324579
5 152 883597491
11 41 365979422
150 52 891679612
144 214 810617273
3 99 623890905
46 22 952042308
116 108 784047114
208 158 734460938
188 113 56312872
254 34 813054294
132 90 65836098
174 100 121409838
295 1 164583641
259 145 887654554
231 147 640714604
87 245 988163125
46 112 798468585
159 19 895499442
197 258 776439007
220 211 405852840
214 95 459456929
111 268 930495580
100 263 59932881
141 221 147507977
146 203 586869375
250 289 40128119
126 35 789277682
110 245 672918553
4 193 875751710
62 113 127136173
101 78 674880167
281 188 107613886
260 287 86284048
292 179 60119320
220 25 987220622
295 274 196511563
65 151 787518097
247 13 101836393
251 16 168894686
212 77 897522198
84 229 953289575
102 209 402032914
88 220 365162052
35 264 7260631
255 183 68499555
128 229 42109780
290 294 768770782
238 292 194434794
131 294 919633961
216 205 720807289
113 289 3807617
139 142 933124577
52 229 439253749
3 16 434644364
185 22 66804398
91 149 922603227
22 191 747201672
104 128 329877415
197 10 343549008
110 225 516484512
98 89 975820100
67 227 101468642
295 30 1044022
195 33 908313937
58 269 588430410
156 60 176097711
182 81 867827401
5 184 156170280
119 133 290446390
226 294 439550414
237 91 206037255
289 209 838163781
182 256 295511963
55 150 238211147
244 208 526038315
153 115 80009374
263 48 794750455
263 52 291548690
143 222 764838874
84 147 134254967
197 135 973120610
151 175 137759770
84 56 561297025
46 163 535502475
92 106 347536834
158 258 64204500
232 221 755592347
138 235 21418398
279 129 44076419
253 212 167115417
219 161 54503551
80 63 239609978
150 146 118870633
174 243 103394947
100 86 396464152
285 244 439025010
284 227 259691582
30 64 726291268
179 94 142477997
249 46 503730860
165 17 249600272
268 96 733607135
245 297 498947932
29 223 988618275
28 22 145862012
79 7 644201107
88 290 563644933
121 72 403976648
89 250 456744942
237 251 339305039
48 167 333395555
20 134 117169803
54 130 975871199
37 211 175829473
263 238 547514395
275 68 996011853
281 208 733009994
266 28 514101165
65 168 65736467
258 156 431992317
197 204 632500483
151 275 574280869
5 80 496943450
156 116 371875212
228 79 302471101
74 105 685195269
226 137 811589076
120 102 793860455
136 219 505784323
154 176 794871378
70 72 17368833
205 275 570360607
225 279 39970186
74 134 777661854
238 62 919537532
90 187 169008288
258 113 465242524
85 284 76917878
292 119 408010996
14 273 767783171
243 94 495539443
128 50 777191717
234 274 582426147
172 100 34597581
277 37 14568194
160 126 69852380
147 136 48978344
270 272 832439727
247 263 639370398
142 28 535506822
213 23 805357667
107 150 81423417
275 135 790501290
121 58 134567441
153 34 780464377
298 193 588212255
30 39 243006342
225 9 408952065
52 7 27393528
101 201 161664107
174 113 754118829
40 271 527159230
8 297 198629565
250 117 513532722
290 22 102046908
119 71 31193300
73 100 175012891
266 25 146231851
130 128 21768057
9 280 62148857
268 205 35157421
196 244 288849543
78 4 600416939
42 253 404802108
115 242 736602629
222 60 167935751
222 184 63621151
12 149 30186227
214 31 900070706
70 39 165161337
179 6 360964941
99 254 145355536
42 31 599756539
280 124 219701943
139 238 434726485
267 212 582843596
218 185 399749180
20 248 833482280
198 161 440478610
255 230 953164401
43 108 533203758
283 259 934715511
270 300 389891593
261 31 97361568
203 170 718141806
87 188 59311917
135 157 4581553
14 228 23930900
145 177 116108160
255 183 302881389
207 225 351432149
164 259 444401507
127 229 870639006
171 241 935594288
39 143 191553109
196 282 375118097
264 116 359257705
216 181 355076733
115 25 97794109
174 31 192513244
162 289 99362768
10 153 884340327
168 31 545317807
273 201 682051747
213 239 366760441
21 186 181654022
69 149 414608789
274 64 612857569
106 178 314915346
166 51 961260728
109 213 505058117
29 274 332027621
207 142 229401103
65 166 734553803
111 130 649879994
103 151 693521479
25 219 777306528
113 192 905816691
134 49 102982869
231 267 337429571
58 127 59521835
226 207 620691809
246 113 170373702
100 177 579206519
103 39 782784549
148 142 972660899
78 218 228986369
157 30 58502313
300 215 668801813
20 145 10195331
90 255 422679758
125 180 710650564
185 178 610964429
86 277 816422805
204 131 566626496
204 278 523303237
54 108 573139754
123 264 130744835
263 187
299 50
246 282
72 130
139 200
80 196
80 2
82 257
285 217
172 39
34 116
93 76
129 222
275 200
164 3
189 161
262 178
160 188
69 208
107 283
230 207
260 238
246 9
277 42
80 231
46 148
223 165
86 190
90 104
106 60
272 5
234 47
234 234
141 93
127 54
260 299
237 56
116 271
12 234
164 92
240 143
7 261
151 214
69 92
203 292
48 227
273 175
160 281
126 206
11 52
50 252
8 270
292 38
24 123
215 56
198 187
148 206
171 257
100 298
41 292
218 3
229 88
68 190
147 140
191 245
197 157
178 292
30 256
78 169
224 53
291 44
1 174
130 190
239 224
215 229
283 279
66 132
21 263
102 186
182 167
23 292
284 78
85 252
120 65
169 163
258 96
269 159
49 259
234 98
78 287
18 148
279 61
23 83
20 299
217 177
168 254
31 291
242 203
267 168
30 113
208 135
46 39
49 228
77 94
132 282
129 155
267 149
284 159
209 41
217 55
8 125
115 85
287 91
258 108
221 6
192 39
77 180
108 237
30 126
159 236
90 214
62 40
198 56
149 97
152 107
283 65
201 159
249 150
257 240
245 258
296 229
161 136
73 73
250 20
255 154
67 160
199 97
204 181
277 97
255 52
117 180
39 237
138 17
256 39
297 95
75 252
140 44
168 287
6 212
117 117
29 13
109 184
116 227
75 12
64 144
24 29
18 232
300 114
152 155
1 8
259 200
244 128
114 98
61 111
280 172
184 178
113 8
286 292
55 280
123 61
141 118
101 146
259 210
65 101
108 163
62 117
296 118
216 57
220 110
281 28
205 251
10 216
207 69
48 295
107 261
131 171
68 248
157 231
83 27
241 273
142 190
8 54
163 137
246 275
2 82
84 278
193 259
27 145
139 151
164 127
49 298
245 294
276 116
194 153
178 59
300 134
188 19
155 59
33 50
183 153
182 87
97 266
110 127
277 175
1 300
49 192
185 49
217 293
198 213
23 110
296 75
145 22
81 183
284 51
203 165
3 166
183 85
263 99
274 44
95 239
131 26
127 144
188 67
31 43
204 137
211 53
127 199
81 107
158 259
123 64
281 112
248 178
276 215
258 210
201 1
27 105
248 31
149 153
247 135
272 180
284 150
49 234
93 110
68 181
297 250
61 243
120 277
192 9
270 147
148 201
5 170
252 226
130 4
191 101
32 76
277 214
199 67
177 25
206 291
240 296
290 202
230 53
113 161
60 173
126 82
252 259
184 130
186 203
55 65
192 76
289 138
205 168
193 187
230 133
180 98
51 221
273 170
82 280
205 137
271 141
99 30
211 274
228 34
98 96
171 283
120 289
157 211
150 76
208 101
250 79
