300 5000 300
22 203 624952576
93 215 262614677
92 181 257751556
16 144 217756176
161 7 408026030
237 21 108506856
102 146 21008007
55 19 131040659
68 227 653238697
231 193 457149013
100 214 288201067
175 58 744943181
104 149 751330361
59 164 452884257
34 77 922779063
263 13 806138535
71 166 428890981
277 220 830000151
187 39 872869378
84 270 410213022
248 121 876812436
14 296 530103245
46 151 145931594
206 209 806939309
262 243 143888237
76 257 364251050
211 79 394059815
243 55 913754387
293 294 233571977
22 77 7426298
244 76 547406919
131 141 330982766
75 186 620768516
220 91 674515724
281 105 562496918
117 180 692738127
18 142 173746205
33 84 879045512
71 77 939676705
147 150 861394833
245 93 101348908
163 275 652772700
128 50 555576685
295 21 266123927
18 53 237298683
88 170 539363663
114 187 683490104
270 271 98568988
181 93 467116816
137 240 662002965
169 184 945956810
28 98 195790784
79 277 794124485
263 271 886889506
42 40 986057858
224 179 235517779
38 44 999520318
242 14 524641640
281 246 724636133
148 83 833075772
164 3 709903207
273 83 902525356
109 161 889408632
293 176 996354254
250 217 45361593
260 140 156476624
190 230 317404767
7 223 554408580
147 203 451566278
131 102 96038212
54 265 349219214
160 290 17490896
167 150 606142309
150 142 818233784
103 144 772405600
147 155 558472791
70 44 715799020
37 51 780390742
68 249 703333296
45 79 804259849
156 132 745173366
22 43 324547007
269 261 738171556
77 110 632687849
60 212 894985392
11 110 68671098
154 180 684230042
225 268 446215244
219 87 26751992
114 132 855509122
215 39 765562405
280 112 319331399
86 81 419341459
93 157 807517568
241 269 332730331
285 31 40341340
182 236 939343571
123 161 347141790
166 79 818144577
209 244 656434560
82 210 958049950
138 189 72209962
288 26 868921842
46 118 806844250
265 111 704210970
147 95 185943953
139 276 810515988
61 151 998758800
251 68 531063130
279 29 110762274
190 162 99665135
139 300 685396024
252 287 750051001
145 85 179285271
247 101 605786681
16 248 777056975
220 86 614283602
60 146 801696604
59 148 932994872
189 178 592479452
14 67 783143113
48 258 123064612
23 209 636608051
76 54 743114887
246 300 250102687
226 67 195334486
52 39 766635271
205 98 460897669
209 208 625263468
32 96 77877246
183 161 180206264
195 261 37784121
259 35 427853482
61 110 219336187
299 55 71592838
285 32 688834404
271 83 962037542
93 288 554234591
113 248 611667999
281 279 517917246
78 161 236260959
241 107 13847919
62 117 93623205
143 229 373121467
29 227 31627973
266 264 674929405
21 234 932599087
115 78 123953326
5 191 198172373
155 223 940767451
101 300 796734363
259 240 549216222
129 1 173793990
33 195 159592071
151 275 397208997
24 292 841780160
228 65 688640045
266 179 556940275
292 235 55062165
16 90 365818239
19 242 862053038
233 200 576489177
254 80 399427130
196 164 758720376
66 15 21188751
214 38 963457794
26 265 421845558
70 282 63422288
296 25 442422575
112 41 170514416
150 59 765615057
187 43 316501808
216 49 837022587
245 244 273316950
272 61 998506364
274 274 896735153
268 299 790416369
77 121 464665451
65 116 895952075
91 228 134964967
206 77 122471577
262 16 507722620
269 231 692450668
107 227 702966063
56 198 846344523
72 224 372311396
176 191 975163195
245 19 48572667
47 135 444447382
121 225 922882209
40 130 849695386
68 91 939456301
87 111 621170483
206 217 441748709
268 25 864944058
142 96 911945281
238 271 398726523
84 267 747133342
50 13 873104376
183 186 219062201
192 225 955521230
29 292 700612873
181 131 770838935
263 88 3222004
23 56 671079028
280 249 477949075
161 186 320567297
35 21 989350064
176 122 801479176
152 5 357939413
104 196 88663037
185 276 673670681
109 156 620684963
144 118 622156550
147 192 233567857
174 171 301263406
100 83 50070943
296 118 455153664
159 45 270116937
87 248 234375441
199 51 975844088
288 288 344218263
120 96 131470618
82 239 811287987
183 137 825419078
40 62 891324301
145 161 68432583
187 157 460503152
250 67 962152997
239 153 151519196
179 104 542631247
119 143 648559434
281 262 22432981
51 95 730058120
289 277 332205908
119 16 794922670
119 160 448673830
253 99 466543038
257 100 985364005
5 38 511648609
300 217 550819912
98 87 896573654
131 67 75096867
12 169 854558161
183 210 562146790
190 28 726397905
11 198 353607617
241 202 641330515
130 158 897236614
34 214 243959204
143 214 63357372
106 11 183791558
212 194 949480024
30 257 49442445
191 191 442450454
132 132 658955833
36 195 737766530
204 187 304864183
170 16 115719241
236 50 542550106
39 244 31843271
110 101 126229982
267 12 31818727
242 42 918526135
86 284 368926677
191 115 715226260
23 202 752347554
104 158 781480740
87 27 269168856
279 14 53292257
136 52 645499552
207 161 596610652
40 179 508231916
66 121 455460209
152 258 145370044
180 149 140108210
39 223 18588963
145 79 134419920
84 217 833964299
91 195 14458712
147 30 772378716
198 288 318565328
102 27 836810107
69 144 129109427
129 295 949938436
172 226 889231236
133 17 458460011
295 161 395391289
67 244 857405605
217 87 812738551
80 233 803940232
295 183 862853920
123 36 968225946
181 104 4391390
59 232 742392736
194 155 403673014
282 287 850942130
292 33 689063990
80 99 552035685
136 67 709026071
138 147 65843756
221 193 267988290
292 67 912070325
90 247 211354480
31 5 768784611
18 251 287279817
231 232 201915603
160 223 236313635
1 54 377410186
138 241 459169552
8 130 348566798
215 50 670496991
4 94 743525457
128 183 256978656
159 213 487449660
69 230 89909610
237 213 806106093
39 72 241982767
226 125 792930920
211 262 873905212
262 21 445127841
212 236 15571743
2 291 448090836
210 171 415943770
65 29 71005582
277 150 713218063
138 86 893737875
231 125 316023499
49 102 669138923
169 12 210152536
32 25 795574056
273 236 196279943
67 289 827742134
254 251 454547304
23 67 140566284
56 43 802067333
70 233 578846619
245 215 525336095
295 263 877849396
169 183 866313059
4 215 97380283
159 239 772134219
2 5 266104559
187 10 470300409
190 32 494216776
25 87 825303318
258 156 111018702
28 152 452436316
222 198 944055279
269 66 231322861
79 121 40660627
161 280 964680065
231 33 723985621
290 271 766668130
298 212 508671361
125 236 726033599
243 193 131972907
44 220 620227158
112 193 64368908
90 213 428504373
2 291 627818794
129 204 457886225
193 134 114986609
14 175 426862079
195 225 700576290
108 49 76695525
106 43 209803470
12 87 678746741
122 250 8861434
129 39 635545998
201 40 720080789
146 220 64878792
122 113 294590577
130 178 822804352
160 124 972336876
101 231 89921276
278 37 148344519
47 48 111141657
139 221 430749006
124 49 51221844
22 2 908915735
262 147 44491307
105 21 717595919
81 202 209764248
284 62 435148071
111 162 754935102
287 191 747675290
205 289 692825189
261 128 63128310
266 251 922953558
61 272 405838011
247 233 287084110
53 89 877094430
23 170 143371931
222 205 365295044
193 16 243440058
146 54 707018848
135 10 818351237
275 270 256183964
284 287 881894814
94 99 183546138
204 97 881218722
213 150 892307711
294 224 363920032
225 146 118860036
20 90 834497303
277 235 748236756
125 121 860939265
261 147 283746486
276 131 447407424
241 276 403143922
178 231 764904419
152 196 577180220
162 189 410083595
93 165 620862440
280 185 202213881
183 161 56556667
190 37 931566087
207 49 77616386
244 24 286816
268 17 32596343
89 246 875350273
59 97 520665420
230 10 140603509
25 154 436085525
16 134 919890161
97 68 835457474
163 9 889806310
102 215 606320611
187 159 388667986
154 178 971259602
96 18 390157948
20 77 379098096
192 58 977871406
252 134 402914259
176 150 625603044
89 298 627918711
162 160 863130720
23 13 44694686
233 199 456357096
219 104 545525373
272 251 567859791
219 271 140781119
67 162 841469576
172 165 932525110
182 40 34810159
26 128 55571308
288 41 493816167
259 64 838659880
145 48 167718830
240 18 481279834
265 290 664455584
255 260 445112706
73 26 343916619
248 249 353987183
9 131 763926275
219 208 493624054
126 195 378537995
193 154 13507110
24 50 4852009
105 41 888724327
290 5 341416368
74 259 900569727
231 83 650315205
2 83 568524205
184 91 58110987
210 10 744678594
64 187 108662089
258 79 718224894
19 154 618061695
127 11 412013235
253 300 350637592
172 125 149278202
299 56 948716185
255 57 442937467
159 292 416983509
246 202 53148118
291 265 112035305
231 274 87461235
76 44 670602141
270 170 29176851
257 175 349497902
248 46 443504527
249 96 608825782
33 102 894410990
251 13 801730981
260 10 799744734
29 300 529559950
285 231 222230975
72 6 891264918
64 28 394030140
66 284 766734614
67 231 55827411
193 179 161878259
126 264 735202360
115 214 196840272
148 225 604902981
81 6 556585433
83 290 160549715
57 113 135020720
75 176 655609199
14 241 429295682
179 60 511750464
141 252 199735395
199 78 441966658
59 244 386414423
282 143 450062200
163 276 686058105
147 58 58953794
61 114 213759559
32 240 116044834
31 5 352535527
64 235 420213186
28 76 762582337
222 274 693501466
131 84 107381562
253 66 805953604
104 280 293995031
208 126 396033088
54 238 39331454
12 269 115155045
197 299 165017650
23 115 660686584
208 142 510505611
97 115 23836637
62 245 935882020
75 249 148514737
231 53 414121416
61 12 994320193
1 65 197144430
54 76 10131199
98 273 941406049
199 47 272781015
183 255 810973856
45 51 313269022
181 164 516600466
101 291 364931667
137 221 603292119
205 281 622772630
97 33 334843347
279 86 100747474
129 236 36529846
29 134 52275045
44 68 10647199
251 113 231777701
273 293 556651664
290 145 797683354
256 34 613342726
274 238 445108459
56 86 541529991
202 64 941938777
175 244 466522564
173 273 575266297
217 16 486405617
267 18 5413429
67 290 861159073
82 280 989524570
88 235 686508303
13 261 71264392
271 68 138113029
262 21 84198645
90 247 772168788
153 171 995945860
101 139 880827227
117 105 90303097
297 223 232609786
222 5 381896817
43 92 50579504
145 104 841949964
288 127 936329883
216 140 963529903
260 229 729330201
248 133 417744272
259 285 933563510
38 154 139951467
134 202 416169489
271 123 23901945
88 165 908315836
191 61 387786592
6 100 54906318
188 16 303721357
142 27 928686837
94 26 396325321
165 37 281903105
127 74 924342158
245 259 34088612
233 229 767268834
278 68 670956451
165 258 431659763
156 15 120643163
273 254 728536030
281 95 339537008
217 189 873298534
89 105 30799170
194 283 545382495
203 227 654835253
114 212 296799933
200 189 657001
202 105 669502310
264 261 145285825
178 285 69370130
159 18 700252425
167 286 324811965
252 75 360793021
21 268 741759104
267 222 460178030
119 88 784735641
3 287 739333881
255 188 84804938
217 203 503902698
193 133 609082534
122 43 851549451
146 261 12506637
162 212 488279411
283 284 413287230
138 250 564388603
167 120 123155790
160 123 561890328
92 77 551548667
129 45 376306922
178 237 9324606
212 59 179137748
262 256 77799709
50 118 431125372
160 152 269913908
41 289 287031457
144 207 842345977
85 66 85173751
13 210 16171779
179 38 157358724
52 216 506536760
57 179 133076018
105 140 442261626
165 242 53872843
188 153 886251746
195 194 976124734
204 89 341218892
280 173 61237158
282 237 285578819
60 168 541499756
235 219 890451723
47 276 89000901
216 132 841213093
41 48 159594934
35 235 384942186
180 130 783058431
65 33 65815919
157 64 61403144
66 45 331710432
184 156 428286451
91 143 874921770
214 189 385973697
266 104 140579980
158 145 216540327
43 179 897496461
81 111 305878642
11 227 876201974
82 83 8361489
77 200 935014585
8 135 524849393
211 226 935224635
32 191 525193423
128 208 132864478
107 118 495466722
133 160 224422053
145 240 205982215
287 3 416271941
212 84 49026476
201 160 165482975
37 219 903736610
29 129 657803487
163 160 318135329
237 39 973733036
115 197 170842405
188 81 364025665
140 226 495774056
254 212 496629658
47 123 284924741
222 75 627095152
296 112 2334971
257 192 543963351
195 107 126902063
75 43 137124801
111 209 420244250
67 97 487768030
131 288 89708955
187 294 384462018
296 40 248229193
137 261 689371967
240 8 347937630
210 17 896259222
113 211 122077728
227 286 403102922
79 148 19682931
128 214 172317179
258 97 85427718
64 35 112480411
82 30 374779902
274 166 68836314
292 106 360132622
122 67 857438138
195 231 71072700
74 157 319171637
47 236 575467984
229 115 715836850
207 72 251787546
225 136 531610480
287 269 51935309
89 242 950203127
202 233 853509084
75 106 616704502
264 52 636269085
64 177 39104893
200 224 962336728
236 152 383757895
185 111 86103718
282 87 11599505
113 73 544707273
273 213 933656214
299 115 572850999
234 241 810229256
288 205 542050208
272 268 595424284
164 219 225970759
44 154 600856211
38 90 449946873
207 123 153637759
212 235 529441983
184 208 99623096
150 258 785533762
48 244 947306602
155 231 294896106
14 254 751891325
298 169 784947544
256 264 674565449
118 53 136581891
90 260 422784413
200 171 917299848
83 54 377096207
230 203 899860264
191 2 44133807
92 157 279137689
250 170 388624642
74 219 116732263
169 227 573280926
170 96 994544879
12 186 466627838
224 137 1129308
123 219 995272913
229 200 382714868
45 90 736306169
51 234 571308777
40 183 429772899
33 8 759639169
195 229 934361995
21 98 112346643
251 109 38507280
88 84 718998016
147 259 535777187
11 187 588467886
78 283 662603876
199 34 410524461
227 125 274609395
125 157 6750002
46 104 949442882
140 176 924737131
82 126 921730991
261 265 215725227
29 163 724019685
15 173 676226923
200 251 972207206
227 201 508610691
187 127 712058715
81 252 676208623
35 297 517792678
268 188 957575453
299 22 842618178
241 34 344581394
267 114 612078056
251 128 492897429
174 80 222270731
131 58 536504131
121 245 859422757
287 77 473315860
61 163 137822608
239 183 639821348
291 181 91658721
221 173 679325654
114 140 826852868
222 90 70017547
150 15 144771226
132 197 271266836
14 17 154996132
22 55 70568508
282 116 582283023
41 54 787066205
288 96 462171537
8 68 529330009
114 234 56783200
33 155 63518090
79 56 783310656
257 239 188368105
192 252 82268421
123 273 587135728
182 254 674145943
156 47 566124448
12 34 220646695
100 94 332847215
9 207 394791048
108 239 723588954
49 69 959622009
57 77 30193647
261 20 324324350
233 194 848920522
260 128 782330728
154 283 262377574
153 47 781398759
300 146 578536652
214 206 38149610
61 66 987090500
166 114 347893221
26 222 265328997
124 234 863181017
173 219 148961762
194 230 340723389
221 84 873265272
46 288 91202670
205 287 751674415
208 200 89043221
170 12 160092286
69 177 880856051
89 202 34645173
238 25 514860458
106 249 551253976
167 143 583477806
56 115 138194241
279 213 781527728
248 169 586641315
62 76 738898566
134 297 780574178
219 66 140289806
222 206 777667460
146 143 575417136
3 300 857863185
79 167 326442479
84 222 910969393
224 252 431370557
103 199 964012025
269 12 792463153
35 146 954873549
164 116 290850066
169 37 295769572
180 182 939993766
216 185 86703666
200 15 884861032
78 150 527705605
122 125 888502656
131 227 910971206
255 196 494269317
207 282 432472914
208 145 33157930
273 65 29696766
296 245 161767300
162 160 91713636
27 111 223306102
110 240 287506151
166 113 127540727
173 243 819904853
78 198 508788900
46 156 80575081
160 115 20870277
141 88 617447942
158 83 353008238
57 296 97935597
244 74 267642259
145 183 336054350
195 100 214141262
173 272 38306257
26 101 67528654
177 199 651820661
10 110 893539476
38 250 936051515
79 107 75126349
116 216 250757745
64 159 402165718
174 56 266727653
223 250 372149152
137 175 311965576
293 200 997148128
98 128 921966126
58 137 223925187
185 175 231150536
151 5 530887995
200 173 432388510
244 288 732398420
61 214 801707475
113 136 780338177
17 272 795831251
192 16 520607902
271 113 463457029
249 223 409986418
35 159 381066344
123 10 846661100
17 209 159778924
126 204 418355412
197 264 595065525
272 129 25963612
100 197 925190936
50 140 331053751
251 110 16113416
31 58 779674238
248 145 220308396
143 267 126583757
95 283 868593965
218 160 254645820
29 56 129355984
105 79 317001164
17 178 337214160
4 227 354476899
6 229 218453860
121 260 998594818
158 259 476374014
54 154 177909280
62 248 339121314
227 165 539882273
98 246 217623280
181 50 174051811
196 118 336989688
107 173 207300867
105 179 305593247
265 299 95323858
234 157 986479117
99 262 917674422
178 23 30538169
291 1 189881985
15 99 961544930
146 31 645625232
56 279 268086501
144 85 754119674
262 242 139811204
8 258 736241802
66 243 28118410
134 41 383233071
55 218 633202246
275 260 794103546
111 26 825615496
193 171 4577727
76 227 205540457
76 122 60685141
1 83 629521382
104 142 130503039
206 207 267257633
215 92 811126473
238 198 645051542
283 224 108154153
80 35 740316578
28 227 611678449
6 2 748807927
262 129 636178348
2 182 186123282
36 285 851719623
26 242 580807582
259 209 212382625
231 198 811602823
225 232 114039046
177 11 162089632
155 38 64783158
55 43 25293911
181 4 311708392
180 58 678146273
261 93 116935109
235 170 364316703
168 128 595893111
193 111 899930108
167 35 909629939
12 211 271612501
244 117 811493291
153 171 386366385
116 103 201772241
259 282 318395998
231 294 70791742
291 281 589462511
293 200 994182291
255 92 96077553
114 258 687683487
204 22 582186949
5 17 519904518
247 169 112514640
231 36 108825243
271 294 850047376
68 276 522304322
61 267 977315702
224 11 353438153
214 266 158021597
66 131 55185206
4 35 158968027
204 39 483976043
221 37 947508764
161 267 574860099
255 238 382771145
30 57 196871820
151 170 839129938
4 93 821345849
57 58 444445366
253 123 608358596
158 178 75231830
137 81 969193920
131 54 101738156
294 214 711747275
245 168 148477164
189 249 730323820
160 152 85628041
98 155 98819633
98 263 469113590
63 267 292587464
210 177 109441093
92 13 649345074
63 143 137236627
71 189 685630392
45 133 403351611
8 73 140447659
79 232 124255562
20 29 627058317
104 126 559843131
246 240 375598898
209 202 982027174
102 45 390612338
127 107 85330432
205 229 13690220
248 25 455584504
158 84 941268076
68 215 372645460
130 234 883813888
98 89 853668266
28 34 726653957
277 243 963645910
102 96 639875954
291 222 429570713
23 178 286984693
294 125 71348818
150 34 783656601
77 153 6748215
236 34 826251700
176 131 193503041
293 211 725099474
49 239 418661168
111 41 531112863
216 83 416832336
128 105 65572565
21 151 310447589
290 300 112358074
42 76 759235327
9 64 227851260
260 239 997780543
300 231 628866305
74 31 496707443
141 141 288363835
56 57 394447818
243 236 752806174
8 8 377129124
196 297 428033875
170 91 994272151
48 99 6038466
207 58 642114004
1 58 461199734
5 131 42465964
300 23 202074957
34 78 579902665
203 21 605519800
177 28 270943760
52 275 942490656
227 196 961366146
229 243 186834796
294 150 592631954
297 150 224777011
282 207 660885793
297 206 467103115
153 291 879574545
169 194 315132417
69 122 986832944
80 173 762672770
35 99 49977266
133 79 460498108
28 72 74602909
33 120 890072211
43 153 535772317
287 150 213443374
202 54 358932864
298 223 219204957
114 43 399582178
9 122 129710003
178 208 132589601
295 92 812558532
3 172 470622555
263 204 748895675
73 299 813610327
141 285 559748828
114 238 336869782
78 235 429908556
286 100 591868598
264 108 798726371
218 38 140456178
270 32 135973222
101 86 119595945
56 49 831439948
182 173 53831298
160 14 595139435
288 179 922467472
221 8 620422659
76 294 4137410
25 9 207928318
95 226 699500855
124 195 381348638
245 296 861453424
41 103 66934472
289 284 592896696
38 195 122596061
72 182 869475940
96 102 44985547
106 229 868329840
215 253 444123700
132 47 197044425
138 223 964714320
176 219 412208267
51 260 10148821
274 248 654915304
69 37 717667098
230 161 758153032
269 256 113242885
67 61 212845214
159 27 501344966
258 211 777468513
35 48 886704735
254 275 965026853
272 25 132030812
92 50 71672911
247 119 690300800
296 100 730537560
227 120 967367015
12 186 726244527
25 44 11307505
290 54 177967915
54 88 778242963
40 93 898513989
245 64 547718066
108 207 645306015
271 205 784174533
170 200 939436032
281 127 980566451
47 190 805067689
173 266 281269584
77 7 853295837
244 61 570707224
106 152 103250768
46 148 10618383
11 256 302958889
26 278 340220293
210 199 840069693
194 179 413176471
296 225 172783512
284 149 479219677
68 277 686346283
256 220 424148195
232 77 579330147
299 123 821951694
182 133 136560001
270 210 594827978
15 172 739572776
259 65 153848306
29 112 952505230
40 148 566820778
68 267 8102455
50 222 306834526
145 153 388743603
143 152 4860025
288 33 555418209
89 54 833207819
218 68 179952442
246 78 830055406
151 158 174148569
281 249 312266916
10 16 378196382
16 66 225232804
242 262 129116108
244 104 488064359
120 143 17728643
128 283 21067849
98 201 985785916
239 146 162017946
196 48 257907703
265 80 298755052
180 90 763779667
62 157 191844184
217 150 154580445
224 145 936351300
135 264 359108443
77 144 411928225
125 241 542154977
293 232 489361474
238 127 407396022
40 91 101280201
91 23 990351142
210 136 935227651
93 52 390227900
238 27 596611845
289 161 411755860
131 238 538561803
8 114 662753844
84 158 816800775
110 95 683274353
131 187 583806796
283 29 830665018
277 238 507078105
179 31 133246156
178 20 395834334
74 8 77874295
234 191 902127384
236 250 37145097
231 85 26262407
157 194 473948201
210 76 195659239
157 59 785117868
74 87 858620105
230 265 460526487
137 194 745417458
70 268 649644318
164 253 384831860
299 240 362908309
248 171 978544993
54 79 573619739
254 40 703012214
145 196 173035324
12 21 974040210
168 250 893770874
55 86 27487920
64 156 266770487
81 71 728407139
40 122 950959678
300 69 449698300
45 122 41423779
283 127 114443170
296 271 547530566
120 282 876383686
81 202 608080636
7 8 580900273
126 71 338160580
212 152 957735851
2 243 46786172
31 295 494972992
283 39 623526013
13 73 463942491
82 68 506848962
47 239 242395995
33 72 529203696
20 78 680314903
144 255 293663426
124 166 166377229
226 219 683288171
149 1 912337265
140 283 684585855
4 295 721137327
294 129 577520247
255 175 426769937
2 259 242926608
249 30 624793837
204 174 747343191
229 297 729861508
157 222 153272278
79 70 968535179
244 261 330381213
250 264 280234160
277 257 932537188
123 264 687337214
11 265 421017925
219 265 741659954
255 168 935196279
298 96 487271127
205 252 208136700
83 31 144579169
13 26 349120581
225 275 740254244
184 3 634439001
271 125 243556516
37 136 104970080
61 106 157948796
166 112 377774864
145 109 910628059
171 66 922885611
171 148 802868393
291 212 610397318
124 136 735090944
167 20 45570247
219 42 971871823
234 78 940765610
265 138 47694567
261 56 64936179
124 200 444866339
82 122 64830204
44 44 930616403
88 87 10760114
105 210 635642550
201 76 938014221
247 295 997895962
221 280 207657692
31 245 135800981
297 205 376502136
127 80 717473787
66 213 793470709
69 9 517662304
24 96 182111390
137 253 988454899
138 153 529463427
210 151 439575973
272 71 962349052
215 153 907785448
47 202 581317604
183 28 360720383
269 93 9138196
229 214 154489356
285 237 894609551
74 125 544928803
125 15 693054407
3 224 532040257
175 247 738790880
78 161 401555532
278 208 420545133
81 142 860695861
16 162 19390405
163 143 108942618
18 127 765001606
268 200 998327483
223 76 444562797
29 78 894238120
38 4 50282119
117 134 415319779
100 111 682701138
285 243 376411979
145 258 66442441
201 120 251295935
171 137 743602061
128 157 430504912
210 79 300459388
58 159 587961617
130 196 880071221
148 64 696686306
26 164 93075968
216 148 650557810
194 44 582368568
86 244 602679139
120 166 13462528
32 294 709328284
144 255 87721562
83 13 546729472
99 142 913359568
171 289 483951783
76 66 955028946
143 281 304685245
153 227 393616540
172 64 241213236
10 236 808934301
37 267 714297694
272 110 808147249
285 192 387562113
157 43 494264054
276 213 883567894
158 41 118277059
256 183 586125392
252 87 663524870
292 10 416917933
27 20 950116868
227 108 859240087
173 132 722276148
73 116 692200792
285 272 356975634
90 299 301704598
183 157 370557638
93 164 656610721
36 115 515454359
205 106 676940769
190 132 596265440
109 111 286890899
295 35 458145430
95 107 50266946
86 143 462501269
119 232 608207968
168 166 971338824
206 258 64471839
178 46 487259553
236 250 485834859
4 191 153927342
143 300 300471304
194 46 639764438
23 140 832470344
268 225 118667486
237 95 845136269
256 263 42928234
131 220 535353144
169 97 908536389
21 32 678519190
31 36 262219481
173 230 314786832
176 123 842944977
266 198 421486417
109 165 595128293
147 153 868329888
167 160 247828502
1 290 251665421
196 158 388967717
84 179 27706100
273 209 139788635
105 133 879029817
236 61 679804191
113 26 257188
181 186 743172105
173 84 371050209
12 251 492099469
165 3 930175058
185 198 602265168
53 281 143112998
253 5 38553406
239 110 62791
207 97 623079751
50 261 252401428
89 141 867981813
293 66 293521097
154 129 226671899
174 294 857846101
183 230 574913198
50 35 138925930
147 287 228403486
205 277 105565347
95 184 85198344
97 233 862763804
124 21 712264497
88 66 228828714
84 271 133302694
82 144 820998587
134 26 101130869
83 128 510150903
12 274 928281141
298 230 495310217
144 76 795300652
139 172 508056636
95 47 486351709
191 135 325874326
156 270 397674696
249 104 898884991
88 289 759680268
156 72 582325695
10 83 362450621
202 132 138608450
18 28 615894678
122 166 564872701
157 260 90460300
265 202 60639286
190 57 768930755
137 58 147039310
227 145 200294699
147 52 356126470
141 113 605976904
213 14 325733136
215 31 473476863
292 204 134406428
44 61 876318340
143 25 558960741
128 267 116195050
83 155 828807607
244 82 222829703
94 228 399392206
263 120 868646018
267 85 411388631
154 299 375446613
68 42 556120617
147 85 313983629
186 228 282871005
179 55 788657071
228 189 934049226
86 185 617932459
140 278 599987038
245 293 315055009
162 11 125586993
144 164 875224143
208 231 179861136
124 129 604370673
204 15 239213052
9 245 145027558
131 224 90744947
56 9 780953583
166 200 710915460
255 144 941789752
216 57 79553362
260 252 302455777
3 159 83973859
190 35 411030388
162 238 12460054
113 246 447223598
171 77 684032421
169 184 404210481
103 102 830587480
14 56 215071975
166 271 426309983
79 231 875690134
208 285 791175392
18 226 433919078
205 140 412872116
210 252 715938213
107 174 131774441
279 94 594430025
211 248 279386478
42 262 81598133
16 179 873669056
98 9 781186238
183 216 531890174
127 234 158158351
104 190 411845090
71 100 384679794
284 258 221690019
24 289 13620713
300 199 98974512
77 241 483634173
262 8 814422151
169 158 23408160
6 40 265564327
231 166 772348160
81 270 512339102
71 92 792964501
116 75 618997010
34 99 821952698
98 98 658558397
110 227 664434289
82 188 202135996
233 56 550489853
144 113 437702345
270 95 802432510
82 175 783632131
83 297 794173323
235 112 402510649
44 198 35385847
142 295 844777997
190 104 110073575
230 186 60354362
225 170 126838469
130 65 238195781
74 34 631349175
235 115 464457001
118 249 149364350
92 183 70751013
140 279 450307010
39 120 6685757
87 61 133829060
61 290 20403797
222 266 480832118
190 95 538522182
22 220 459038316
196 155 719761382
48 272 980514131
249 63 886777413
262 254 910064591
223 292 872328362
179 78 284643474
239 138 811444215
287 111 654866581
205 300 70433127
186 21 643329847
253 268 881021953
135 68 567141576
17 16 348378390
81 29 627243043
124 252 291637735
285 182 38856812
11 172 831490202
25 159 877375912
57 115 155868764
236 300 52648184
282 5 756612404
286 191 732218423
261 207 128830590
50 287 17199919
144 110 552666122
178 147 889398603
42 209 13742775
95 285 946102433
206 94 19826047
69 29 773435798
5 62 518486354
260 47 122222744
282 59 270191802
71 160 996654589
241 3 769224750
62 181 460230648
65 274 206832108
291 68 967956993
75 25 103504586
273 94 683908014
170 150 57529827
176 109 400359273
19 90 984570631
121 212 11058642
261 153 402033644
262 266 154166076
162 82 306312749
269 72 394996568
61 146 445077093
298 118 612423086
263 40 654715435
289 215 181082895
61 285 71227536
243 157 453979947
284 169 51572751
28 183 564155717
55 44 733643798
4 12 426296122
71 125 735698767
215 122 239226837
100 137 710316128
186 125 667452994
80 238 85376530
115 180 381762187
114 216 110813607
264 295 189239189
132 49 929785932
82 104 391802296
103 227 690728920
21 141 635103093
57 241 908832829
236 178 421964306
29 10 722340443
159 124 499564574
197 289 912178989
103 253 67250035
192 136 266427436
23 217 816023939
270 71 963552465
289 92 154090106
234 200 852576298
14 136 713726475
219 216 771139884
61 126 96044060
187 22 142418948
227 125 814353652
262 68 676003888
97 90 166046156
87 60 858260227
252 100 193377570
9 85 410625021
6 99 220318708
232 69 289911624
168 182 557296649
227 68 256752323
26 294 794059547
78 7 63490214
17 155 994830255
172 242 979881966
150 193 561890618
271 201 228475654
292 258 35953552
199 189 963837673
74 56 29435754
23 34 437345073
97 60 99744618
243 189 83884425
208 205 361224631
14 128 42756472
232 30 797065116
1 300 778240668
154 291 838859425
158 242 397680566
230 15 225843973
235 89 271910059
59 185 825781418
228 179 259360758
104 138 543619262
135 204 402152141
106 135 840703270
74 187 905166570
241 40 858683412
118 249 921572505
183 230 383745472
107 164 802498960
65 274 139617997
134 202 189162127
91 5 14621565
4 139 315859268
45 297 925273554
114 70 404755040
235 10 835295731
99 179 252849180
255 61 473769409
126 220 380008525
138 284 261427950
34 170 365255951
160 12 332926008
176 16 820630046
43 60 428673594
148 225 249089063
87 212 765149825
170 62 815715303
149 16 650982416
109 142 496795135
285 279 477579870
135 12 271634391
185 223 285803103
44 99 916221618
290 193 417558429
35 41 778000453
98 179 460263316
274 48 470514077
276 248 582841593
91 109 180991334
177 93 919978612
299 227 791937775
289 164 986030949
291 207 516879699
8 248 700343292
188 283 166727984
241 132 320788814
8 105 145305162
85 80 450675261
177 223 858152169
162 99 452777114
73 149 790945340
99 138 795461855
99 128 94219962
198 188 65398761
241 75 285155495
24 67 2579226
37 75 835336130
150 159 451657862
263 87 502526836
183 248 484738186
196 72 728388135
188 222 505111072
42 20 953226451
155 217 136439538
268 209 177341465
62 284 1416331
40 73 773960157
69 274 112970667
282 236 601289453
117 171 272424200
155 66 898869871
289 5 125080592
12 99 789603664
162 5 556802432
252 272 979536541
168 86 77050324
98 125 170132596
207 245 256604870
173 227 639658757
226 95 177446427
277 249 175261345
100 289 276565201
143 300 424303499
206 162 270245256
238 165 27272879
230 32 980541864
153 181 985147788
201 87 581459485
170 260 368618463
178 237 849151557
5 213 212829658
1 12 335524546
1 207 574863646
152 112 736589759
7 101 957142423
185 30 266379454
149 235 518233534
288 135 339181173
72 56 137160332
134 233 71009520
43 289 560636584
252 289 357427748
149 290 438979954
294 141 594896865
104 147 87013618
26 83 189834047
31 231 685441181
165 271 596483967
189 94 327050922
172 280 221833507
91 74 605761795
274 25 506613484
221 173 53470125
126 219 670635217
91 22 628354015
208 48 953899397
106 130 480329580
239 294 192792350
205 182 525263543
279 53 846361622
285 195 857754495
279 221 624788171
14 193 630470844
38 19 7215214
6 161 786578335
120 120 630735334
17 225 806065664
248 163 683319209
97 120 601677143
91 98 550816147
65 82 601745742
111 112 20135214
182 126 458379606
177 215 207975224
90 221 716335284
24 40 70473403
58 108 312739980
273 55 128576194
181 203 114466013
23 294 302493062
270 58 61974495
163 168 998672107
276 49 324232084
281 225 92124550
57 66 120468370
292 90 742650262
47 199 60053269
26 171 258039676
271 51 676885478
36 126 546886923
197 147 861889280
244 9 37196100
102 36 845079200
137 68 768525777
86 176 814751042
256 168 770333331
217 214 118524329
37 291 517906051
264 261 946765002
94 48 564327379
216 297 216376625
148 240 209691185
247 93 564406272
198 229 886385139
74 14 88635715
16 269 740009634
98 237 58463947
79 26 914287689
281 289 583540701
182 134 33205349
12 50 418291045
236 249 653288636
272 195 736870228
43 144 845784256
234 218 72155269
300 285 388967990
233 134 686356326
131 264 581922603
71 245 481190144
271 178 913560777
219 190 278437778
215 177 437710426
150 149 281091172
229 243 653659216
184 176 176456685
205 227 811718269
194 159 887326354
171 41 669288918
174 111 380544714
217 134 115342391
145 104 143042032
123 19 827503909
48 220 83451909
220 201 622775951
235 84 36893879
219 288 414441405
239 233 347944516
144 104 895867156
261 277 677529719
126 245 276472904
117 89 873385707
48 211 591591877
208 259 84380049
216 230 88620449
167 164 450097332
45 134 945998672
149 124 112776104
164 267 489302307
272 280 510016235
242 105 803591679
45 273 136105768
251 21 785996278
280 228 43489988
228 196 337161717
76 62 173187032
7 106 728022617
30 6 813386740
234 222 21638459
292 193 22066690
27 186 342699794
57 230 803912867
124 232 548747939
154 211 404708918
193 190 455247713
110 265 175656626
293 24 897796831
10 53 593658789
201 38 906154310
59 82 436183254
248 160 861275339
294 216 310419820
12 92 804486051
102 245 640098614
119 189 49121203
84 298 972690620
109 43 8387843
292 52 807244247
180 4 482035937
41 115 374581570
94 62 142381029
32 107 294058696
251 118 113203987
153 271 90845883
18 90 270474372
73 225 841767521
92 33 977912363
186 76 259447866
84 255 499760770
72 47 573005884
141 140 501249897
121 223 627192604
17 173 459779573
3 78 547758744
38 147 148355385
209 219 716817209
181 62 281317193
144 299 739652169
209 83 537997275
30 206 582506822
213 47 161880413
210 167 284877036
65 183 114432860
37 238 455033937
32 275 651811584
168 235 606403354
176 115 438983516
21 10 862972614
241 271 538131248
167 300 946495354
88 213 315162852
201 174 786514770
288 238 654609805
247 26 32651942
284 58 716519768
219 277 976687654
72 205 654923120
39 225 729138530
5 217 163814452
104 83 753678951
109 223 924254263
160 175 29306636
130 162 548545025
86 108 89232651
279 91 904160960
198 61 141685336
51 185 371139340
70 223 726356516
151 279 946989032
202 83 423550515
5 191 591064137
267 103 611410311
155 284 769466072
31 69 32180631
181 47 2071574
192 244 183466834
128 46 35286118
19 115 849029293
135 18 340185323
218 271 194369105
32 275 63108696
120 294 114083298
82 148 133807681
153 230 629408001
84 111 781019847
157 2 862712042
42 181 998655887
112 200 696290853
156 86 684755470
178 3 980380541
35 35 189361367
82 206 383435860
231 288 296943359
63 192 478428889
263 27 17125099
261 235 522225652
202 277 135415885
188 140 375318784
92 295 673323569
14 224 976419271
206 258 560672757
72 39 17148163
232 269 662288502
290 31 413043493
278 293 6626472
128 253 740076306
32 206 501892534
116 145 327361273
151 237 770544519
219 250 319111243
41 155 19946900
250 226 641192891
64 209 444416159
165 199 120973442
209 228 595240034
280 56 205784839
286 139 962803544
19 254 569984741
244 104 18586577
162 74 550913578
56 166 147346284
208 115 997246061
98 178 484048770
8 94 757214120
249 3 442654647
235 34 262528154
173 19 739060292
68 90 860183297
108 85 1215952
136 298 835481825
165 54 44432891
100 13 41258257
261 162 990589735
82 169 112264880
101 118 966810834
99 104 560854068
153 276 486987238
96 95 247102879
45 255 21078615
96 142 726942613
221 59 388838818
263 158 26714130
119 118 134277791
153 251 8462311
85 51 65208428
18 202 309821583
37 106 243053910
127 201 680225305
5 297 896353211
20 93 57507852
84 13 272151862
201 275 982598820
30 93 891127489
72 298 481786640
282 134 364306742
62 203 981342443
244 240 300454600
154 118 208187153
210 174 417239749
220 245 928828341
123 28 430951105
85 228 115524579
256 9 728839724
244 132 261486273
235 114 825729106
29 227 93411760
23 170 920355599
123 75 203613268
175 284 485254942
223 255 638875586
64 130 391417814
20 266 984236793
251 221 444046654
274 216 905125185
98 203 228451050
55 231 479232676
214 253 967291646
65 75 640714572
32 1 327210408
173 224 923132362
259 39 43537343
124 58 108060860
268 8 99301732
121 33 908387448
106 182 574653702
255 236 757374532
83 202 995441436
28 266 736792663
151 49 189615363
258 222 623665638
72 232 115255476
14 107 800368686
274 74 794529845
205 195 679095030
104 52 568066863
257 6 287174451
288 88 929829552
76 167 121420469
238 70 213044117
152 27 689955438
290 98 896062721
217 164 370267427
254 189 949322701
51 145 929791547
180 249 364282798
294 205 333763855
44 245 317467395
295 72 135201413
263 9 427680482
280 160 374631361
269 201 46670058
242 118 44882973
268 123 772298261
120 173 33250358
218 104 31094006
15 98 898031962
222 141 391438758
216 188 506755829
180 202 833292189
214 233 560663201
274 202 312534501
183 143 909194270
256 162 151011193
268 34 685031465
125 251 42866469
282 18 645099418
96 239 73872058
205 206 816562997
34 85 289559999
274 50 558423531
74 23 165625384
127 206 7228278
296 213 306015992
40 232 11311225
205 57 905421875
225 90 57663444
94 185 96767082
103 90 45232887
300 175 890778624
98 148 61084773
180 274 783299048
216 100 104091505
93 95 68345117
184 135 153390848
60 91 392479056
187 67 816703746
30 160 29129582
112 262 568678971
150 261 499656797
25 110 950322545
250 42 38888470
197 257 372856369
101 101 713936863
269 37 918173849
68 96 818082439
224 282 14078157
169 12 446227716
50 175 893435878
73 76 24781990
269 153 277309700
65 102 914475241
134 50 954420349
2 202 551856949
17 170 865317385
165 237 758629233
156 212 137214366
212 80 58736229
128 182 619961903
57 254 423673331
246 274 508132783
245 39 786941384
37 224 748430885
137 226 791660086
38 294 690006807
222 210 596861895
6 65 904704407
72 29 282754438
200 208 907625219
255 264 53028424
85 261 366104498
67 258 502208688
202 294 647713111
86 183 27990488
223 220 356977681
281 193 405364891
27 199 991234555
233 270 833697535
23 169 673948842
293 175 110457057
217 259 315487818
166 25 418867175
153 278 187586720
115 63 576066802
3 37 988680721
183 17 143262214
273 44 650956864
180 28 943946333
114 102 785999553
8 95 797078428
216 63 253372638
33 280 957982263
159 132 107914092
279 298 894049955
32 300 518115343
5 183 965084360
170 155 389367955
233 86 695670534
17 252 166746536
21 259 415253882
200 174 641704644
38 259 917236023
252 117 744056706
143 147 769879803
149 231 22695803
192 235 711998737
3 156 390637143
209 140 902361929
142 156 933386980
229 228 10177490
110 128 390674163
105 217 95397521
27 168 395731090
184 62 479261588
39 211 922055818
193 154 417827204
229 208 109837959
223 116 501561298
251 257 389459905
230 186 412049685
219 47 366409064
134 152 505910680
6 230 493569499
47 114 437299612
235 204 231150974
52 96 393238927
156 76 593680534
166 298 74360101
16 1 825915458
20 230 572642195
56 201 877277841
219 86 86559744
298 91 265207574
48 190 9794387
160 124 647749042
233 227 349250989
212 134 826298964
97 300 174562813
98 15 443888113
107 86 420178195
1 142 113610547
293 60 914859332
137 110 624354774
210 209 637827963
148 120 287056838
41 105 641580865
29 16 971743598
144 164 239899349
256 261 95093063
121 67 484333701
267 119 967154594
13 164 909964805
196 52 671191366
221 13 744403775
136 212 271934346
173 252 779901350
137 280 366576417
235 123 625640081
135 130 631452441
50 2 914961660
50 268 48809930
295 280 910275093
299 227 438433244
165 148 898491956
291 283 5278319
236 155 701508670
38 44 41466701
154 30 998935023
134 164 306025505
127 213 554109906
186 262 15882774
115 8 657471005
260 7 246250284
103 223 554059031
11 265 776274265
129 200 347436471
251 289 909126514
51 143 285604343
26 28 716769307
130 154 2747171
287 91 922838933
112 258 1748240
269 217 149439898
52 71 37105272
282 133 409148136
298 14 390019188
168 264 759619776
82 14 884526318
76 39 95411598
234 220 318695351
5 207 26888294
89 70 563767651
180 38 692124867
278 89 555425889
49 122 199646322
85 119 482580835
124 39 105738098
99 172 963101163
269 247 53605054
166 233 683275273
216 237 111254431
109 25 353425301
11 204 919775238
129 233 56554527
18 34 22854900
39 170 742434271
125 293 562729109
174 91 97898632
236 111 928514478
141 276 181411362
214 244 301787398
244 104 770030574
44 115 587889130
182 243 904802962
160 12 462910047
11 50 966325816
281 226 657585808
41 99 148826151
272 87 324573161
202 227 132754789
63 192 39550032
213 136 924363535
86 231 203479301
215 164 569022196
29 75 576418107
175 86 277829709
243 118 155837834
2 159 21213285
152 182 837057223
165 83 656974701
153 198 164240993
84 110 322626880
170 195 633041310
123 162 867775874
18 242 935901448
224 116 860272933
232 110 88357303
218 112 477850961
2 263 831685242
276 179 930890977
176 31 104363174
20 166 506405583
299 36 759565129
209 158 599214590
282 227 635189631
181 202 330400299
166 186 651172408
268 103 107608119
280 156 701049934
121 131 756071012
149 58 257942495
22 78 393698060
56 76 940217595
285 36 806013104
126 69 560106782
209 250 926400384
107 115 35239969
166 134 42463371
37 113 674316578
222 285 62824108
285 134 422509717
79 207 212581694
39 263 460699622
85 299 947388457
41 176 392940426
222 84 585773327
57 242 386160093
25 160 882458026
147 248 405034438
124 169 638090922
283 153 365034807
200 284 837712914
245 74 267563528
66 158 561635426
275 250 24175901
200 172 142890937
178 228 248180830
270 5 991217989
195 151 184643236
284 27 382022856
57 61 339427861
264 12 314800744
77 9 554355917
204 74 850827326
81 100 10228076
133 51 445181299
21 228 82087378
151 197 956186282
139 143 814974085
127 126 332767363
282 183 572390223
42 198 661385087
137 274 959817295
253 229 780902820
31 61 72030120
6 193 78655970
204 214 386553698
81 64 234399746
15 254 652135789
99 80 897312614
261 62 313053848
235 155 411877945
221 292 884014170
267 296 144509698
87 26 312549010
58 83 707275303
27 38 29128568
276 171 673773283
122 185 632427436
110 35 794766968
275 47 690298381
75 281 658449535
19 254 719053878
41 272 573950974
290 110 779000851
300 167 491915234
254 246 10391771
121 221 269034193
155 94 518996077
90 203 132800563
209 230 738182309
89 56 612564242
176 126 417331447
253 166 112301218
78 156 330892728
229 207 145136094
214 160 338719991
236 32 593165412
129 186 847904805
257 27 755073960
120 236 64501841
28 76 89242296
269 251 93689621
267 256 961857987
185 33 543289794
264 13 150534052
209 278 638349711
100 214 593414394
263 94 984468679
219 50 1489057
78 169 586726144
270 249 430478320
165 269 896227822
238 236 850512177
176 172 572315062
269 135 840637326
72 43 147394204
282 194 208010169
27 156 439003062
257 75 211885311
213 204 511973832
157 174 224934580
228 90 815848148
249 27 554562335
278 202 700862006
91 222 438156240
216 45 616613835
71 26 722438428
139 52 201311784
300 8 753655058
263 273 987058561
94 181 818540486
225 108 484826776
272 108 784639754
59 137 679837408
264 227 566225881
56 195 594339226
190 265 255043503
217 156 141753107
152 207 91453066
161 169 105632438
74 262 623533718
159 186 928151577
86 210 63197485
40 268 436732673
247 283 916039500
179 38 899304346
104 227 681405062
107 196 470351817
213 47 557664024
78 260 7743344
268 33 627530906
285 191 199510343
214 277 539529804
250 68 202151623
122 66 888237806
273 244 888460943
18 48 671951222
132 206 961147069
48 118 957360267
223 247 266762226
267 214 728927858
24 251 14914001
266 164 609547429
222 113 297467896
144 286 611029161
49 259 116457104
44 28 260607303
17 159 446006908
185 259 666925377
203 181 162299424
129 199 890277837
138 222 179427039
38 240 252865902
18 161 731340966
13 4 199068552
125 105 277120862
181 148 12285889
35 164 938485048
43 100 231102858
271 2 742770638
94 182 38780789
183 20 41631510
221 109 655865849
175 179 273529961
240 243 391742765
43 68 603774769
104 300 650603268
193 34 204179483
192 128 225650482
149 99 377409235
38 244 73701617
126 126 748488188
188 99 416682948
136 273 687833326
49 264 711923569
213 7 99982836
233 110 526017287
100 54 545601520
182 297 162291500
115 197 337979898
49 235 939998841
217 112 711142519
104 299 830837969
152 187 551951093
77 235 605822856
297 199 896554514
284 131 848750576
270 282 327213281
42 163 270427678
241 29 762012974
238 77 397256160
230 294 214938024
100 149 404173722
68 300 178378160
112 129 106048594
68 177 283960492
133 161 168404974
8 130 557468955
289 171 507848269
18 163 245193397
243 152 999429926
103 82 844259471
178 233 528170219
199 53 320361471
159 164 908666551
104 283 5009027
196 116 561888087
221 175 957837369
176 215 738458391
44 284 66042654
293 227 131086405
18 81 726104838
88 258 562240471
58 208 175363975
80 118 412393738
230 222 436701673
9 169 292325940
195 89 828017114
15 264 76021181
6 60 454249464
211 52 429747642
215 121 547255522
105 208 726743831
175 17 519869939
49 97 957528356
138 78 998284029
210 86 73581097
149 33 56857238
15 99 653065053
147 104 370052812
210 14 158046615
4 281 163960035
125 85 84568894
8 11 448043411
46 111 279777759
253 248 488438488
134 210 79034626
182 110 613454258
19 176 754567456
172 22 240832612
135 284 138292377
150 287 430549509
284 163 991192493
78 170 940010855
240 267 747335865
250 220 530593965
37 105 726486826
262 286 774824035
271 57 61171763
27 280 956518484
290 114 620146367
18 15 334319405
27 51 793776768
171 180 577778637
26 119 58711304
42 68 46619475
58 104 392303531
283 118 316828216
70 88 582083472
32 166 841134351
15 155 316550017
34 173 166377083
38 251 702059233
257 121 860681712
294 146 90287930
49 240 375688349
75 297 352805105
205 280 100672822
72 101 937778461
296 132 766173127
198 198 531722133
214 231 372717857
297 21 719709807
181 277 268923180
193 22 107852477
74 122 836349916
75 196 837525813
179 152 690383344
152 276 22262896
264 271 189303527
190 168 853056424
75 134 486184307
183 130 423006579
242 10 604783655
121 254 166843229
197 28 315380250
213 154 949530546
277 32 166630349
72 235 430991524
267 198 29730246
293 140 951464514
268 266 217777047
226 148 995044928
204 89 985327389
211 261 49306143
239 158 982301822
88 122 12519127
185 98 787730458
186 221 818674044
109 187 190611993
55 231 669717432
220 250 345261549
166 176 884929497
45 131 565980137
233 41 804820298
127 31 561818807
100 119 820809228
226 55 124350077
135 240 162824697
278 101 958495983
71 155 553183813
54 126 652460962
3 291 595028089
151 87 951375420
139 19 31319312
88 198 149186643
194 297 620357661
121 275 99395615
197 109 605447207
245 139 716987607
127 261 316263413
291 66 354739138
53 120 50191828
93 270 102699114
212 161 497588384
124 248 136682133
66 142 2282182
178 14 106907656
44 263 943321716
150 207 330198406
108 86 605633366
220 76 144376732
157 180 144206403
136 273 785019173
201 236 42860585
37 111 17518232
69 228 975843625
150 105 738645991
205 201 430275405
173 50 213556563
278 210 46985448
44 129 188778576
227 286 438880555
281 173 97352179
253 74 115568867
137 110 672333577
21 178 769349305
45 28 26973709
187 284 102151461
291 156 42780711
54 134 123398120
201 229 660267100
228 207 155610437
83 187 512136310
13 192 685060183
179 80 877003144
156 152 372130973
60 249 172725852
120 135 385695436
81 126 659394143
143 231 471504028
114 183 280174808
265 111 82299566
102 193 22084705
111 257 884549396
245 136 417586927
188 291 786199179
60 102 818746127
12 273 106390113
299 105 374373838
141 299 541286568
221 164 654113751
228 129 901633961
194 282 575244105
98 92 772296361
245 36 460875948
171 275 460800090
1 86 393934443
79 149 139769068
292 199 947939072
81 92 418774223
49 12 675672638
251 239 378901418
263 132 684070999
219 281 103317690
131 225 26734377
179 148 331324203
268 148 389218141
211 279 520625689
178 270 816274988
1 102 935560179
175 202 202501642
213 152 192241480
130 166 692111964
81 84 871681444
122 215 468015669
251 145 751217916
53 112 360003715
293 74 113119193
134 3 969470814
173 56 155948768
3 230 361323269
144 194 92224421
275 76 807835238
238 156 230883474
182 277 133665488
102 227 534606284
169 32 189473247
83 76 492200821
28 261 287590775
293 133 671065830
60 135 913916560
81 30 396848305
253 5 793729780
290 242 641148335
163 175 747454364
2 28 139382242
285 196 148256173
132 31 15810649
104 110 115187709
78 102 115178694
108 214 951343780
119 294 826184610
75 246 636975366
55 287 223311659
241 150 456874934
104 203 510713561
246 188 136045457
170 71 397907039
170 226 556901148
131 3 287531301
224 162 893229914
255 32 440352959
264 107 21124856
81 213 443380843
140 153 790520744
73 257 196210046
85 254 47571385
293 123 534078007
231 293 147930732
30 123 29236687
231 98 849061700
96 52 373838684
255 68 415942
162 148 522523254
4 287 433825306
99 111 334292814
45 248 363308019
281 240 816610742
288 223 267560686
271 252 831345560
257 234 623144057
157 30 299332660
192 284 833579627
33 197 715376675
86 253 20551813
43 51 205979976
257 147 782374723
175 128 590814214
268 167 29205488
105 137 801933340
64 94 901561773
172 2 73837054
32 245 54079437
258 277 273479186
84 62 470384438
249 104 287832288
224 112 774549135
146 39 830622714
59 6 137614680
247 163 695972116
138 226 387448061
262 150 61104214
116 181 90779258
4 190 476889134
89 26 594473447
178 274 24841151
266 249 659834114
252 146 157727652
65 256 40165210
96 254 574707472
263 91 445216349
224 105 127352250
289 272 67931482
247 27 100533672
232 116 498084549
279 293 428619574
181 10 98118722
246 13 141473067
298 77 2013174
159 224 3911828
130 187 801618718
130 162 854244674
280 150 530594045
61 148 589778972
84 132 305278639
184 110 147477483
257 42 256724145
30 287 407567757
248 36 283147386
122 194 21077709
249 75 22363547
218 205 821936608
44 236 185933810
88 296 352618057
211 132 503911188
201 15 234286649
184 24 421101942
228 105 871674829
36 105 301282016
221 278 45056010
30 278 382736984
76 195 612057640
36 238 7853875
145 78 490573523
101 40 160750254
241 241 221501320
241 176 248929943
283 155 46187548
63 190 459779904
178 111 786687481
187 140 883338458
23 267 403867904
62 2 202520494
89 146 809890271
111 299 373305262
264 239 493011402
183 179 21518877
178 213 68068183
277 275 335194373
180 153 958561183
112 91 811762674
269 113 64646040
72 227 244180594
165 15 683783791
87 125 736073689
49 140 609994179
2 74 539831910
131 3 946688822
113 279 407272449
285 210 517832101
19 21 28456491
192 41 174398956
84 113 715200782
29 29 363748548
119 168 905583072
260 268 59003663
38 269 192995288
99 99 556487891
73 264 48185369
21 300 832900331
173 19 992287551
115 210 114718192
170 45 604060156
203 73 662833936
250 192 100929803
173 151 144169370
287 240 138080391
175 91 104181741
65 163 110541604
285 235 344870704
115 107 765730222
18 221 37399183
261 143 224523628
68 97 423800500
203 99 171529943
258 23 351269293
227 10 130561785
269 184 196722975
110 300 348958037
213 284 847055771
68 151 61364629
241 220 20341101
24 232 750900495
203 51 968243592
102 5 741151642
245 262 122691364
289 241 24382773
273 209 491737508
47 18 81243459
35 283 988569643
257 50 604165445
285 291 920318416
38 14 51746747
232 216 160059649
275 69 203058353
116 65 134189015
32 54 950137355
256 78 641500115
64 125 607426333
222 211 663490315
116 168 7079116
212 152 551406606
227 189 38904671
225 173 841580586
25 147 940783907
78 15 803011871
92 46 484566476
98 1 116009506
12 116 41547582
296 90 462655092
262 257 78904159
278 169 804175763
283 147 658811003
54 124 393710375
91 148 682150174
197 225 412765688
120 68 413280985
147 165 855562485
252 229 788896753
233 276 589494542
125 238 950958198
235 215 329969518
197 249 646846917
100 54 953337140
226 145 114532539
199 93 480975116
238 264 186853883
22 111 887338900
159 114 223930280
111 47 804054355
204 223 143717792
253 157 102516058
223 106 231855759
39 257 718125212
30 234 107937708
168 133 342077153
35 122 223555416
218 196 941971678
69 54 760819092
148 216 574161590
202 171 844654264
246 175 651201272
255 97 797978377
265 135 648829285
277 216 744948019
236 136 621001103
288 170 689754224
56 139 69521071
233 207 910831424
276 54 560131091
117 8 606914613
180 5 2140188
152 259 928293684
280 224 884738371
117 252 677327738
135 239 568077973
37 279 742996895
112 34 536422033
83 18 540724992
158 294 127319697
201 110 100260504
113 42 308297908
200 245 706464319
136 276 526615494
258 92 339392997
295 226 252734535
220 14 461233613
66 126 40961998
298 260 81375016
241 117 195808109
238 17 663455570
241 182 476455311
1 133 138524955
19 268 152675583
12 277 462703774
8 24 666073900
294 295 88819765
259 60 715662890
256 109 173673401
271 50 668650018
279 287 318272886
201 227 876940267
111 279 51825052
18 297 66188219
200 60 214833548
225 119 322572423
124 113 957482817
89 123 715077976
230 78 984296284
31 49 158379085
300 79 659613371
37 279 293292350
256 142 367713928
7 211 589342425
77 110 189826036
124 86 803525055
246 210 388206719
114 50 405104641
41 31 895180818
25 113 939810266
161 112 439833797
232 201 353674275
281 156 862819716
8 162 958311426
84 238 792824987
220 62 829064173
174 59 585619234
292 173 151309935
284 213 94315517
1 289 735793030
119 150 449425193
15 133 553484893
241 113 777428748
9 172 173081809
286 256 659148647
73 175 302979160
297 100 427145770
182 143 136614942
168 126 704013707
184 178 113638347
13 48 523867948
6 62 594315880
198 55 618274492
298 63 815974064
206 48 629273371
104 172 395482097
115 220 918125296
185 101 290442390
178 268 65021667
136 152 137043944
83 216 3868544
230 273 547780205
262 223 680002259
105 220 115870773
68 177 961180821
90 281 713790092
286 95 55279112
33 31 423783464
222 209 970613084
40 96 790083487
36 178 617987702
79 160 756267275
235 121 758407097
94 225 254352268
66 45 564668244
138 134 53536376
82 172 23935823
245 204 903012353
208 178 532413613
243 217 616153309
129 252 120386138
283 82 716463697
109 17 703734569
105 162 700473246
124 279 375170142
267 117 357098627
143 198 41740798
165 142 52254654
217 101 826566231
282 44 134729899
90 224 113789603
127 206 767613884
76 14 349015652
144 170 685480813
241 293 745396492
134 260 489943508
213 154 337944657
110 18 492162698
15 286 81413798
97 267 928827393
96 56 971970617
150 235 681347522
285 10 518258088
137 205 388593057
149 146 251737402
192 31 967326661
299 243 146446266
55 105 255482983
4 119 902481868
54 268 472372887
146 63 876276642
214 264 939611976
188 248 231358937
175 84 602735742
83 285 459248339
284 176 176066869
196 227 962806312
261 33 566240168
43 37 186106738
163 142 501488605
249 39 499632019
142 253 294326582
270 140 358218882
106 66 187808217
199 148 468575401
137 132 650949629
106 27 372358055
69 288 823261687
136 82 348339575
125 296 29005516
30 296 499119607
48 190 25619759
82 159 847402550
63 16 482726067
179 215 467667014
32 51 758995497
60 208 324038176
66 28 309241315
52 215 970087896
179 40 766608844
146 69 466144339
152 168 650003728
162 249 110315338
63 11 78438106
29 242 304591420
195 273 953056322
191 32 199899682
266 97 7927809
132 200 795897224
28 130 602431015
23 276 76501435
261 179 717740502
141 41 672991151
230 155 152988613
35 184 493024754
54 130 14191326
228 72 219954309
9 90 482671757
117 221 625605357
192 300 702127386
58 22 593759713
292 35 947105592
94 227 492817484
196 156 78297938
8 191 38789373
114 296 841958802
191 223 99318074
300 283 134905363
8 152 110478335
164 95 143608535
202 153 853421156
214 144 558576890
157 237 761595816
140 132 425309624
30 192 923123714
102 57 117178561
56 247 108014136
81 298 95530118
195 6 792687021
229 221 142865716
263 174 601013568
19 140 96148363
160 296 640977900
228 188 466042383
151 217 724330426
16 70 908866782
228 125 886359129
63 257 581794478
233 151 772811883
5 132 642565756
120 94 40667129
139 164 413392068
2 76 560362516
153 3 121879603
135 205 28757619
113 272 24818640
94 199 246988765
74 14 352135121
52 246 327679424
86 250 431583655
41 122 807456348
222 260 13751364
189 261 756529239
256 113 502418493
158 300 676728749
28 112 202583720
268 257 49678318
84 31 31059383
104 134 537224328
79 271 918409230
133 12 464963451
33 285 482933262
96 225 215950675
286 181 157509939
230 90 773653438
78 118 493744301
197 137 226649310
266 220 6211240
49 75 971773625
128 154 43631995
209 286 716868458
59 70 32150142
221 165 255385467
147 202 946936947
185 131 81200536
223 208 539450205
175 156 346504593
84 174 896836112
75 274 100128939
251 101 431546144
46 62 322671381
203 120 433477351
97 92 777715415
215 238 816947517
161 175 53592147
248 149 16894407
205 23 56921662
297 159 780901287
61 285 514859960
251 236 501054713
294 33 657894774
74 287 302859945
224 83 918883489
291 297 721916078
259 209 869467652
57 209 987708000
63 165 422897775
277 161 549169933
115 273 77768417
175 223 832983204
139 268 5929936
164 42 165993423
8 17 197840157
48 59 504339254
26 17 589976714
229 126 683436722
229 188 29202186
3 216 973777699
287 31 266515723
255 257 7545198
159 147 628412265
146 10 304304658
68 69 468699727
125 169 899312885
230 194 118124354
243 122 178726279
217 102 98013066
54 156 490455434
104 142 284438316
179 149 847338024
176 59 680209270
192 204 145979531
2 24 547508751
128 200 803680419
12 181 488926964
265 175 472716038
43 91 742755639
61 197 426976247
46 52 222031440
113 230 58205988
136 105 620999446
57 49 768858102
287 50 815259025
89 177 663075076
8 240 964129156
171 257 160914330
208 299 789383673
99 111 878739369
145 208 107791820
84 20 595573102
224 155 497112058
121 211 293337306
222 249 141069855
98 38 361525783
173 97 1501623
180 267 31638079
10 227 630661429
34 77 749101092
202 273 877412499
173 108 152550319
126 31 274368925
184 152 70561236
41 125 244655836
248 223 491645125
30 147 615209521
104 27 104275988
134 88 136593266
215 121 602400642
106 74 781190714
256 298 894994921
74 124 854535604
99 59 280812207
86 99 942682831
73 46 360439205
98 76 344640052
218 231 564447230
57 65 328258717
174 31 130490889
67 136 997366762
180 143 741710859
153 217 811612634
208 67 851667792
114 204 7729991
144 276 273385436
149 73 862676263
52 43 777104094
281 151 753339710
49 25 274560892
237 91 237352379
198 23 371643021
208 227 829983137
94 134 591774355
285 299 875061558
275 142 777016934
63 42 641801958
225 145 84626152
70 125 62281855
31 225 858845979
22 161 634268221
200 110 169739295
273 70 212770473
209 163 765381006
16 199 813415804
273 226 299557698
258 288 584245891
68 264 12120436
219 86 144912
273 168 876578037
103 242 624427049
76 141 241058711
70 113 320700232
43 74 822447894
200 89 155518544
56 113 622609469
105 71 202138808
195 190 904266472
130 108 63645609
294 133 581099576
82 287 583705617
82 62 308816110
192 184 128074074
123 278 723978999
268 229 688305239
12 284 896114352
32 88 829455974
40 35 130132063
63 216 735285122
171 209 707197006
198 42 904713693
115 124 814619754
276 67 311687189
1 190 903653766
100 209 60933195
38 272 449457630
141 4 368784770
66 43 403160504
180 105 269737971
154 275 116145732
259 224 671478173
103 90 412678696
257 65 433322363
97 66 54109404
163 217 97487712
157 254 424008536
238 147 951248639
107 264 733863181
10 144 381151337
233 297 104242363
64 7 336752186
236 110 514902776
284 118 947510240
46 214 467681357
101 128 946878773
64 284 925924079
299 274 153447977
237 80 458906440
269 142 677464235
105 74 544406483
267 137 766930190
105 124 954781751
280 107 70064568
271 204 129498533
28 4 184221061
52 68 147681696
82 118 469338069
10 107 370491301
150 75 401785542
236 232 537991467
19 250 42738455
160 54 587504678
110 85 437485185
229 56 878518688
13 135 817230944
173 238 351109663
121 20 904163380
41 81 280157086
41 282 65470313
182 218 641254396
200 288 111751697
54 147 961198051
32 8 262045287
168 236 256770942
155 300 118089076
250 225 497911166
112 45 469644937
92 85 39254717
229 126 518163299
193 59 436351268
88 259 485708755
285 12 285682301
287 95 643570008
73 262 481952795
215 169 930329194
242 118 25436618
259 282 767473114
295 125 773260399
112 53 118322476
262 246 204444886
29 85 717102744
135 69 404067208
35 55 326602
294 180 648398816
240 146 374286184
185 139 700252353
3 98 124890634
268 92 404880758
18 255 672896163
193 268 141890808
179 48 10668144
174 182 833430813
233 216 128925919
87 261 306682398
202 200 475987543
237 85 607446782
89 139 198971279
223 106 572722322
232 124 915438277
294 68 302831496
53 298 466220544
197 172 743830525
161 104 273860093
179 190 699879253
77 143 356357153
119 79 26139337
300 168 439695127
30 142 659464932
152 125 16258207
280 171 775881075
75 275 995294772
270 223 244118395
295 83 926419151
287 262 895039992
239 90 798379735
143 208 715757265
131 260 494908584
257 41 113240677
241 244 975634302
47 223 607501972
273 50 3250846
197 19 26065421
43 65 804343803
293 51 172044616
237 42 583333905
271 236 366715565
187 67 129636376
271 75 71067616
247 15 616247960
48 114 533132034
71 138 124551335
69 34 856726406
289 129 473487770
43 121 101211873
59 57 439777966
163 79 845543201
227 18 49679619
2 288 639365994
170 286 126583608
229 86 232623373
14 156 880850011
201 276 771590996
106 16 1481076
127 59 791906697
199 117 595456905
64 279 210511436
217 258 352827553
135 259 369830192
128 180 522243677
188 108 638218662
112 174 177773470
174 74 144158945
270 231 415956861
245 57 797511019
93 8 313382387
50 123 841872165
137 39 307244974
189 174 134104485
280 53 246034664
108 240 111799824
270 104 264531997
39 277 533815222
135 298 923859552
195 295 760669108
65 87 997972115
51 188 75546538
68 24 691451928
41 264 42851553
25 243 769111406
189 51 701847797
212 72 73684100
160 110 617986677
181 244 958862874
184 191 97793768
191 255 679202407
258 58 151062046
147 177 871367770
126 217 897979833
279 294 600728428
184 234 501857230
80 197 239584901
132 56 844201262
160 288 459865257
185 171 502533747
205 113 474750454
11 122 689897763
56 20 989847839
177 146 534362007
210 124 605028400
237 59 152914385
118 190 584787081
18 21 17694836
131 180 690485575
187 65 821986145
186 269 730414710
139 31 561227031
253 138 95002351
191 15 875708948
97 276 93682023
49 264 518032981
233 81 703125970
14 150 722645091
201 280 899609722
128 166 192882738
224 103 700257906
133 241 658486688
216 245 513598426
18 135 841993592
265 284 689135667
87 32 360785782
267 16 653768462
88 81 365217663
178 34 634301942
252 161 625919259
89 84 842603362
247 217 611621054
134 184 622870099
211 201 718714685
2 165 581000468
120 3 519788551
201 269 687993319
114 56 817885499
176 286 484708984
269 289 673916644
280 77 765043680
41 23 635988448
146 209 700494331
196 119 906080031
81 121 128454495
300 292 166332449
3 193 980197817
21 58 830725624
171 234 440560961
55 202 709313549
150 181 682382478
29 273 60025652
176 171 500729760
258 66 370609579
188 198 364175051
34 198 23078194
182 252 3072086
50 272 367990596
26 142 925502329
38 248 867458282
39 98 819777715
116 178 477580339
267 106 305003561
27 63 72401127
257 3 56036776
7 88 984394625
100 270 229779576
138 71 332701299
233 148 111045293
13 186 49520540
46 224 527076389
12 39 456240167
3 57 178033024
163 83 687916586
141 91 449519940
17 97 738781228
193 249 574549249
269 138 937021819
119 122 214473619
111 186 142432904
51 283 135245927
139 295 727811517
157 49 127638973
280 211 687974408
218 104 779427398
157 120 618689347
184 64 228838447
284 84 465463136
155 203 844037657
173 13 847613394
76 115 491132276
254 254 299404722
222 162 750011070
246 194 471233
105 111 123186336
55 19 26709507
101 255 695435370
199 238 64176206
134 92 760600608
242 264 748270220
235 91 929221935
262 96 830532140
36 17 760957353
157 15 46014246
189 119 78652108
76 173 455874527
82 25 768979081
204 275 592515018
109 160 568536862
216 101 59001877
87 87 206342968
73 101 850838763
64 136 572817132
217 292 352433398
14 233 25145616
222 8 927930241
148 90 679476617
28 45 361139544
197 153 585865803
158 120 50209404
135 206 306816442
254 31 994302842
168 94 117106029
99 62 425237073
148 76 919167205
16 297 574599112
56 144 270758653
224 223 703081197
67 171 788259301
122 29 434377220
277 215 94737878
218 168 698563208
12 87 781418053
292 238 251743415
264 85 8069890
168 100 981565938
132 207 775589733
236 131 11636707
33 249 282221877
85 70 8398457
205 98 396651971
34 16 358358090
193 79 744355577
145 70 979977914
211 34 270174850
52 253 787575650
189 136 165143256
221 72 934870638
227 156 457897339
156 240 320089160
112 196 424171858
283 281 76961873
124 173 830311103
52 18 96292872
217 280 5176957
167 32 476130562
216 220 83752797
223 193 803835020
61 171 486942075
199 26 626365967
158 138 803967562
267 172 819517443
91 295 224095167
293 99 94086084
17 15 91299016
125 181 518771147
238 148 63101118
187 71 647362310
206 131 988224133
133 81 515392110
299 290 237264699
112 257 550493870
206 47 518470417
173 92 885549915
208 108 336742981
223 284 437191762
269 222 679504609
287 108 81341131
248 13 872539261
80 145 68545393
290 195 136932335
140 7 649355591
110 212 240326089
178 84 887638580
44 44 392618639
224 266 760443223
37 235 172275596
246 273 859352203
28 220 330540767
189 52 72783364
233 93 712445958
267 232 906012464
9 93 178033028
98 270 900086463
29 13 18775206
120 289 625398272
194 25 91243158
189 22 626894630
291 50 584747701
157 290 100510152
220 274 542090444
230 241 146753276
245 249 170025220
172 98 425343990
287 179 355808554
92 298 298161894
215 191 837079419
272 79 209614792
53 121 644592793
54 29 14552682
157 1 93072556
53 230 17084748
180 174 435944848
99 46 589978946
288 32 71858324
294 175 126717973
287 90 515001115
57 113 408983345
149 166 668016865
93 271 327675145
27 179 755708845
234 231 517080274
81 110 222834600
228 209 198488497
225 196 196644780
100 241 236078654
24 228 647221095
138 36 668798908
82 236 632739425
198 29 123790347
43 55 242461825
187 288 383360656
13 120 545756465
12 99 899674473
108 24 722975021
287 175 223983013
92 199 995827640
287 36 285653728
46 170 598043363
22 67 430105691
268 109 501426097
144 48 52560784
199 112 658143555
116 123 49086554
240 282 520401429
12 20 143946503
25 111 898956101
16 149 152947689
43 194 462388258
6 215 200327376
48 234 989407485
145 78 142886484
280 28 325328295
235 195 612083869
40 135 349125350
168 198 585613869
222 222 410144431
175 238 617421780
163 32 728761173
72 89 81934740
47 137 948216473
183 33 275100902
66 12 445948682
112 298 6516276
280 89 561510862
181 8 833907460
101 230 47689081
132 104 903716070
11 266 687642154
135 89 144994342
174 135 410911030
199 18 134301962
52 135 72760626
233 299 884430575
61 30 618398364
22 211 647581771
181 11 115927300
14 142 627423755
135 204 482502472
288 39 996068060
282 264 220964247
111 214 146598516
25 18 915857350
250 250 411618100
276 10 540931930
39 84 505440540
162 264 595790502
213 29 369609896
68 216 444320499
291 255 253716189
251 236 879731705
97 99 123099870
12 123 258921587
113 72 733145537
213 47 257320698
94 138 540441581
133 51 268931997
286 263 342997377
281 82 666353792
180 73 779159747
220 75 826409582
224 223 71530680
194 234 501341354
232 98 336085877
168 62 312711176
218 155 49615613
50 39 751930015
146 25 683065329
23 5 322961663
166 236 154121487
212 156 172612861
246 131 451916383
77 76 138630568
31 8 1129117
107 227 598513779
282 144 324232833
46 246 536243172
212 91 830335296
41 165 428635452
3 31 922947788
89 294 272021195
1 239 503071025
135 68 444229853
202 98 649386560
118 256 409235738
96 290 128581734
281 87 200382479
204 299 893569969
99 91 256174286
102 145 102032868
289 233 62821813
83 285 112434352
60 119 732466571
112 20 719227120
223 189 261318227
260 37 818934716
193 17 999241255
71 220 701651505
92 70 609230795
29 171 897457139
296 212 720452023
8 46 103344659
11 105 645535077
133 268 190686548
52 190 887411836
279 202 186741072
246 146 265423440
300 217 807185759
156 60 199912380
50 88 19722403
140 135 42079966
214 194 686489911
272 257 161055968
148 89 57491635
147 141 730216177
283 171 735948978
206 116 55788123
146 168 890116091
56 23 985019202
36 125 596671741
290 16 827106575
155 282 444178221
65 253 707804677
132 153 202968865
167 299 501414257
195 33 11942727
124 239 258521695
198 84 387876062
189 139 806690036
42 226 124194412
283 215 237846328
109 69 573130509
129 134 233391613
157 17 864164717
222 235 656136368
178 129 496718400
57 252 277684590
51 150 559425673
264 90 706676464
199 131 66832989
11 165 512134004
190 274 84659472
298 154 323415657
162 11 536942174
179 284 635247008
298 213 201062689
97 269 117821840
187 71 146345289
111 34 881781830
174 233 456634313
215 295 467574477
170 184 446741602
193 181 838313908
50 94 350096070
275 24 185056953
134 21 697127165
122 170 750765786
62 108 751978156
202 218 941156690
184 144 124991422
296 110 132709468
24 279 497124451
26 171 496399583
285 272 363926476
254 246 816386200
206 132 362431472
122 253 646264341
59 66 798085748
15 20 229837718
4 203 795680361
277 198 119995722
244 273 9885100
146 50 107557022
228 34 883910794
155 287 580921291
54 244 833835522
78 118 843716175
218 176 433417792
166 190 896769311
83 245 968068913
195 273 956467262
116 268 182055187
67 113 239057936
188 92 818305770
281 247 122411108
72 52 483914552
45 129 157492321
271 47 188877496
263 264 35080938
273 98 637259334
238 292 120404107
151 159 322257426
37 225 887427391
273 112 312313582
294 145 813358828
1 268 59465680
252 12 265581960
124 283 372939306
120 297 884656169
109 21 30570266
42 258 458878309
300 161 289576019
226 249 680032143
68 221 442836407
249 266 461899603
129 267 465626670
60 270 992885833
119 94 887393267
277 213 582566763
97 21 827691984
15 114 443354193
275 114 238537005
94 91 542779254
136 158 447655226
94 158 771470692
196 38 636636758
17 149 232100679
150 20 10322072
68 48 865211136
283 144 831848808
166 158 547494422
110 133 837584787
215 278 24377329
20 113 142783086
45 259 62664695
36 206 597380985
45 223 658913985
24 124 660329304
95 243 679598951
183 225 453895447
290 142 13789056
263 4 818158088
49 218 861611265
277 289 824180730
114 33 1219240
161 69 2110045
297 165 997512519
281 188 980312494
37 35 690419589
139 217 857884213
85 258 867947407
241 273 311447010
280 21 279436379
297 50 314694767
178 215 864877399
17 127 553971319
113 175 18613284
184 156 343420323
129 244 538714509
17 82 469706977
182 219 968246535
240 211 139376659
249 190 115649431
279 238 921442180
245 115 257087047
295 131 185248725
166 296 303308200
201 231 122695807
175 59 303740850
184 128 231074983
160 9 358593653
146 248 847569563
104 248 221193505
135 226 341076742
266 222 883916357
12 268 703447939
289 133 801781534
88 85 881462364
94 260 775319275
43 143 321255502
177 54 82187962
230 200 926064061
244 3 16847160
148 189 781457285
290 155 92138258
246 218 961251125
136 206 647799910
270 45 22914246
85 138 577498105
11 232 702782347
12 109 720990301
125 90 452884852
185 33 185326306
244 181 33964095
280 170 625273101
289 167 216340370
214 2 139898276
75 23 256804072
20 160 132204510
225 170 774873141
23 234 268401301
175 58 118866290
226 243 878870375
32 238 64574355
78 270 722087676
278 258 735326694
147 171 955222995
274 297 741107170
146 69 121925229
207 45 725512798
199 119 725641731
300 294 57016341
241 271 940667983
267 54 950992872
173 131 16931941
248 160 83139799
293 7 963383921
40 32 157980570
109 229 837327638
89 135 431439582
186 86 495615100
269 85 603360845
109 77 355045316
243 44 788511169
66 216 790238852
107 216 132985111
157 260 885606669
77 299 40518153
46 107 2007281
83 195 607311268
216 133 631303253
168 153 194900889
112 13 416970465
79 255 881415060
100 20 652809028
251 178 305756395
261 34 575583854
82 111 270030753
234 208 982720611
14 43 835578658
33 258 406634042
85 177 421528494
273 289 789794706
290 119 304617012
49 218 916988283
76 168 643840461
122 181 273346046
76 262 63856256
28 247 730900716
190 260 406774358
247 45 227949467
188 129 690041144
33 102 248926584
190 143 259651102
53 191 363242220
236 19 202455139
48 140 57758619
193 215 519792032
201 294 776557178
116 236 682577690
125 182 845164834
91 122 895621862
286 206 881366015
221 96 71884109
223 148 643558500
194 135 806747270
32 182 14690461
103 75 990455576
134 27 561622421
112 142 858395256
101 18 568869090
186 108 99677963
99 146 872350368
166 66 381713715
74 40 932385015
173 285 441352549
94 17 257489483
155 119 949109157
182 252 137616883
202 115 553913376
210 267 604772993
151 152 370661552
265 3 394136549
232 168 71608215
99 241 220276706
165 166 350867891
13 259 518353259
95 113 927975077
3 46 804558080
237 300 924659447
64 209 118340513
208 111 935798817
160 75 125172571
8 58 715311438
274 208 630615878
32 72 219677095
74 85 584209654
132 231 443936718
60 286 789313864
291 222 34479863
37 38 890346323
102 245 778298685
70 156 945498559
40 216 821845368
177 241 936536476
6 272 74473247
1 97 529524583
6 228 706663614
175 287 112548551
38 278 32279924
252 66 872287461
126 167 89860506
162 288 760693313
272 27 573889728
140 255 158607021
215 13 30089192
113 65 96753189
96 70 876952268
61 244 298661507
11 34 18955336
234 37 962493201
195 215 952648320
152 76 925219507
16 48 857895686
44 187 465988292
116 153 232629556
107 17 524980220
247 112 779766289
67 224 145957185
173 234 412866770
8 220 614974906
208 166 200176972
79 17 241738948
238 84 242708447
175 179 172414485
66 294 967393537
22 153 259667905
93 99 21213117
234 217 368758192
18 89 857302626
187 148 76675397
144 108 194131262
16 186 4563430
15 123 268665213
61 49 412842692
45 115 595702885
233 188 699851337
137 32 674557588
205 265 396773904
197 282 17678145
174 220 703709292
70 64 122393251
131 131 521345637
260 145 383335011
172 205 566257060
263 1 388616426
100 233 83042665
36 69 174515996
123 26 295319061
179 222 443925394
23 147 180685414
66 216 825606729
217 46 726349959
5 57 829686755
267 280 525809211
226 243 987131811
103 94 33564443
167 129 777291363
15 4 92042040
127 182 641541961
220 256 840642807
233 73 766019974
113 289 759288371
123 45 825011427
277 12 84370707
87 289 950208901
249 92 18228894
43 10 840798374
206 24 239958577
145 202 317516110
58 122 238632765
116 106 412050538
90 219 960162678
212 41 404314823
91 18 980358334
249 156 107066622
101 105 25572465
294 147 966402175
119 104 809104450
196 1 848998352
257 110 382525625
222 225 737855330
11 66 593110548
88 30 379673941
262 120 74715910
147 68 204045665
21 168 459827721
285 213 23110168
11 31 228733423
113 278 316223175
116 235 927121384
240 208 607103561
169 218 122189678
69 57 231668107
9 19 613066626
18 165 203272293
234 237 805010360
255 274 141542424
174 284 348634155
248 148 223793184
23 263 379502918
206 254 759428825
118 175 628137794
96 243 93276151
102 3 264191421
228 72 121241937
172 5 624010674
232 11 650586447
255 236 19887782
61 184 541019130
145 206 915495192
214 163 230874298
191 281 519979072
84 76 80952766
34 177 440952968
106 156 379728291
43 28 248808047
216 11 508019958
62 17 885506893
243 78 462518628
272 274 850245633
16 187 533358348
13 77 413927628
236 213 319175855
101 298 775738431
268 104 101714687
10 146 352893266
56 61 481768176
113 174 482398192
158 168 703417469
137 192 73651894
270 207 267571681
69 271 602154709
96 258 853022421
250 58 965967319
32 77 205180822
270 86 691904867
235 141 902666479
262 6 635535752
254 215 762916819
74 51 825828810
168 72 592283268
148 140 293154490
8 287 448421547
29 236 139037204
47 20 510987132
220 41 238966917
238 28 276817310
16 289 280041915
19 242 839180329
189 16 269267531
251 235 568032803
218 82 121350842
260 89 195665629
258 169 110153016
14 267 493067787
145 186 446124628
62 123 27249507
223 190 13177895
37 260 591340689
117 149 465155356
247 99 708273790
149 68 440784023
243 27 264840763
271 285 33466432
38 298 565144698
125 194 917572736
4 7 782655410
210 229 63059200
104 265 99352559
44 133 506968659
299 80 259219957
188 280 653422425
210 274 835246903
125 296 253114939
156 34 46063736
205 210 282629482
140 213 496746388
2 174 817748117
1 29 378192933
11 73 17261166
222 71 856736697
178 11 464652328
254 272 962358902
57 96 398038397
247 251 734360182
135 156 611875691
216 47 181742255
3 48 618693028
19 100 788422257
52 163 134786981
269 84 417909851
265 13 51097361
44 19 327649885
45 127 807375480
94 73 228773283
175 207 156987990
218 122 509592336
172 125 774274436
52 195 14093487
260 298 328402049
240 266 929201484
42 282 75711749
155 26 421355267
239 122 653895293
118 215 26446765
300 90 437589772
89 7 22470145
277 230 572801569
212 33 463881216
298 292 368869313
299 283 10059731
82 25 244189164
230 179 683393589
148 117 995064611
140 234 429756977
205 286 16798166
228 126 925612924
72 102 337943506
93 65 872482938
8 115 22686182
272 113 70823864
202 246 287322188
166 228 575794866
206 75 116408134
68 267 11504768
145 171 47407105
62 150 676070430
38 273 112119784
295 65 129829600
232 72 890777014
265 44 428396778
229 297 819374024
268 214 844453203
186 120 72473229
219 239 157329395
238 83 125468465
242 197 972029266
124 234 14449239
159 280 678046303
258 263 279218027
172 228 186833722
249 208 263469470
24 175 900798084
26 112 487245855
207 31 17877393
1 268 774966028
18 262 775309924
183 137 649554709
21 295 735643888
276 252 758576750
54 123 593555829
175 124 458888636
96 199 346930063
179 277 833474974
133 183 887447856
78 183 520353476
105 200 779598937
80 83 46287373
40 155 285054919
227 182 920698470
128 235 549027745
9 161 745923168
44 257 35791466
58 187 115602194
184 72 352795876
39 149 757218259
214 253 306854158
102 84 826249192
126 123 329852599
144 101 495710680
166 228 308074167
10 236 953776779
29 32 696287987
246 89 436405874
140 24 513892645
215 63 946625693
173 28 362087397
83 182 535587680
74 7 969197602
272 203 103593754
104 68 992320181
222 129 786481769
200 157 944967152
187 102 814706392
112 241 81690816
108 208 485884630
252 132 695124957
48 214 46559790
279 40 881443797
32 63 42380951
185 166 597553370
17 139 95988798
137 39 136126754
288 277 458791407
32 140 327068600
47 247 93754207
176 198 221099190
84 297 310925004
174 27 894513543
22 110 154233757
124 294 880763623
293 62 939726361
290 199 284898751
195 238 612568779
253 269 359142318
4 67 743544716
262 294 712401665
52 78 480316913
55 3 582878139
149 24 694315648
5 199 918223193
79 191 246920955
292 232 171923405
294 178 785681342
273 130 755417511
142 134 15339077
258 95 51330671
22 198 411033600
135 252 141007654
25 152 122696629
25 209 250997827
17 39 123464617
123 30 688602148
127 24 935053525
69 48 174126506
31 189 732889691
59 146 557613638
81 220 869397535
232 106 831682739
85 182 191499142
13 206 250564150
139 275 594674089
207 149 16071670
154 276 799655645
30 96 557994792
88 178 355264133
278 288 82492030
15 121 452080149
2 52 649378106
240 137 404747688
81 201 117537245
183 40 705969971
23 246 416966820
192 152 274967547
137 233 65653494
180 20 396958523
112 50 284221710
242 116 483806430
42 117 259262634
248 108 46565270
87 241 525960022
183 123 243412013
254 197 174902211
225 88 9032762
171 276 238406246
16 208 184632818
38 71 433118519
47 64 688960634
229 106 526589403
162 105 777687562
283 243 781237902
4 125 492837276
169 78 507159772
279 2 692793412
292 224 996877487
237 239 534955846
6 276 957259917
124 75 198798080
110 55 564166837
212 268 850227941
225 250 19278135
179 5 483821960
254 173 802345737
278 151 96848991
89 142 789782914
227 131 651833705
273 136 227443532
141 12 800834106
20 121 413360912
109 84 619253879
1 8 170110980
136 186 739375885
95 192 275493309
183 169 100849112
273 9 76992405
39 287 294845787
43 11 86525723
74 151 442699786
232 223 347295906
143 83 31936189
74 83 126824548
253 218 413198886
189 12 383896477
298 195 251109797
61 219 707632257
265 9 750341343
52 103 619225606
26 177 419028608
63 160 201064782
168 54 529500964
108 127 107081447
107 132 953084364
292 20 403848028
120 69 261718174
116 129 476060144
172 146 836656853
267 249 847858355
124 274 737108183
131 88 157756794
113 255 670648748
176 114 600070626
74 220 116133409
138 212 105696629
17 31 549286297
142 199 400267878
185 122 883117423
237 140 145197071
144 263 125548896
226 94 266872683
220 206 768980689
19 133 663809102
296 207 783215173
105 96 687881436
233 164 614220719
181 5 813342817
258 189 697912690
232 178 165755330
102 21 688612692
49 298 538029737
31 269 62554894
71 287 791689127
172 283 685030233
297 87 400695280
32 71 490015943
150 3 67226747
218 261 460904187
108 192 655188764
189 46 202971536
232 94 988844334
69 177 23080302
162 247 828844541
88 171 6207675
272 167 818786761
251 198 929827483
145 100 36099785
291 69 390387897
78 228 23292889
93 116 637560886
181 100 653708079
266 168 43639855
19 81 428853254
59 221 620641024
133 192 254734690
45 195 871532039
27 91 85253790
64 82 709242759
60 211 293927986
300 55 857581154
285 235 88814953
116 200 378175472
122 219 935701252
75 29 405597772
198 162 325411616
239 206 95838062
178 285 206893052
267 48 578319685
177 159 818505795
263 159 140189202
268 195 41308736
20 10 68257788
291 132 391600306
94 258 545213534
66 208 535305147
33 146 180661905
246 75 411111289
197 94 967785788
282 270 388556946
28 284 401750356
129 251 792410551
217 22 66761960
204 64 973477143
161 158 941409353
94 275 738683260
241 59 325066257
97 4 572090384
185 252 712493077
124 285 160549798
169 13 210188534
177 193 866474084
27 161 775770458
238 64 611220421
33 224 13557930
85 70 388380756
96 62 61100514
4 158 980071617
287 42 57219821
115 217 165832105
213 85 976930617
46 13 335737262
181 39 431044422
90 277 183626238
11 61 132566661
192 145 528111930
48 292 905567191
261 295 298110700
230 282 264337393
150 96 624549409
54 60 619820046
23 157 651899658
236 90 513198797
9 179 975512125
146 241 12316785
207 133 417538481
88 180 929860472
31 192 726865366
130 173 233159899
23 74 161237147
131 180 524163258
128 254 679610415
86 241 51601756
134 249 710875034
158 95 973683375
294 53 853584707
274 140 591476138
245 222 248458181
262 52 657118806
13 126 22161479
159 8 214451010
116 136 210918015
282 273 347299755
237 106 907157004
123 15 74115998
197 8 685776102
155 281 417732893
44 277 28069915
124 290 667414218
181 2 747586843
260 212 598169902
21 80 133950737
36 61 564378061
290 50 697617966
245 172 66731632
294 120 979003139
95 274 557003671
88 17 878077347
54 192 226638589
71 73 130814590
265 84 456875202
166 156 728983681
255 191 479266793
15 233 759326294
233 229 280037217
164 223 15082936
155 17 523080861
125 156 395507129
124 209 880819921
112 31 341170745
101 295 798721080
54 213 467921935
86 167 412207678
231 233 978878062
124 217 75090090
241 81 627476112
228 287 174328581
189 111 133380388
217 234 680185097
189 97 39705979
233 250 254497174
164 3 627761286
251 141 145965404
228 71 373487588
241 194 7945805
130 186 968588037
294 114 234417423
174 2 214953985
13 218 935758719
9 159 181019267
88 143 376517516
213 7 831645019
250 257 980418159
153 236 154620081
40 176 408544374
196 57 727260960
132 50 125852773
106 275 979917026
191 288 832444495
261 48 416771453
127 135 926584996
243 99 13122554
113 48 144306062
123 252 732343197
203 44 608628372
228 239 700768028
87 123 488754630
111 228 294400404
188 118 103602091
183 130 301577491
87 257 222999877
134 251 974882776
187 63 37503823
248 237 261861127
296 139 316409570
167 66 61611308
147 205 318570730
176 67 174221610
231 255 138485227
274 189 557185709
64 27 53793265
40 161 562374467
167 99 62057981
42 47 385778317
168 94 688155555
37 13 82766772
144 159 296872928
126 86 456326795
35 68 246078101
113 41 498571341
21 156 630577967
237 248 421199327
155 114 736074326
135 155 719509024
51 74 103846617
157 110 202748181
29 6 11949039
156 183 577752876
102 217 194560096
54 81 113456436
194 154 193568444
61 142 952863291
139 297 71256456
16 131 586251763
239 182 759710336
8 38 908041746
88 118 797890003
79 26 895309485
206 127 227038153
101 181 931561233
89 74 418580786
284 186 594406428
126 25 21412624
81 40 614173706
243 31 53435287
231 90 584901977
28 229 291340546
130 7 617107571
114 265 871046198
118 117 4267230
150 205 662825655
88 188 477299441
115 13 573920617
190 146 836247156
147 140 541337138
286 70 940520827
162 97 89062756
207 278 851428314
30 143 805370378
279 260 997965395
108 110 395186151
62 197 190601091
254 63 189589855
170 4 315925252
178 150 303342692
215 135 616585213
94 48 163694562
149 7 742560739
14 36 101009582
144 14 466079241
90 121 621847302
240 234 134378198
82 240 155627412
237 109 854491215
288 38 550176017
231 5 443600751
244 98 824700099
105 298 984814605
295 11 393568192
276 154 69490705
269 295 721882077
70 235 13567962
120 16 421847801
283 4 373158562
150 44 703747399
166 26 659984155
68 269 329873304
266 125 802477601
222 120 634258064
213 147 630585069
269 167 641940364
145 237 916026450
7 108 643444417
159 90 13784121
120 239 48003516
119 156 196928941
225 224 929661962
129 241 409897138
81 215 380195209
96 179 941565756
265 148 117637074
180 44 972707410
81 102 51220369
297 261 656287011
269 80 494914901
284 250 117280057
77 175 819499580
138 55 131306272
75 135 184998386
236 231 226660465
191 247 325783212
116 126 56765055
226 206 285690309
246 254 729374069
56 223 613491248
157 258 346821950
165 34 884317624
96 223 113400630
267 50 131515864
53 285 130470446
17 227 888333092
180 42 752076869
86 19 637728226
94 265 188731580
62 72 123903754
162 280 638731911
211 196 782661345
186 291 190386719
215 258 566772468
130 62 144530152
276 78 717741878
67 9 256561072
36 94 881178790
13 188 347848106
192 1 460339678
45 162 418601109
208 124 487396105
52 9 338740595
170 275 956457204
90 105 673027965
241 80 567629694
71 146 966045602
242 233 630073448
183 246 140370835
89 189 783860887
66 286 321518501
126 193 100165624
30 296 709152585
225 217 409363659
180 6 37347415
197 299 18541594
290 121 946311992
144 62 572735476
143 244 535540273
29 84 23457962
215 201 865424999
15 27 995140591
291 56 752815138
275 32 623802654
285 264 879908312
100 160 813145910
293 201 846290030
136 96 235901743
212 238 863159838
284 266 75912422
297 181 187015522
295 247 615070248
237 237 699989056
226 263 927996187
132 248 960581550
43 47 323289461
4 91 731233262
85 227 855491257
227 138 326136895
116 173 136057360
37 170 921629892
211 216 4372991
58 205 484452279
65 182 71020342
104 13 25957189
105 55 239126587
266 58 876553777
27 142 589583455
183 120 98434744
29 236 938647917
141 24 838713638
184 234 664056905
174 44 262334661
205 108 386362043
146 211 512458055
86 16 520531010
124 281 928759519
252 59 583433613
7 293 720455032
250 22 908016319
66 214 369513543
155 97 144478576
160 23 553014371
120 227 590077279
262 124 741212541
169 209 114485356
78 84 738217888
148 35 343643398
60 41 933736791
144 291 539667664
162 108 297493377
256 263 833876525
284 174 153190099
54 293 887370025
284 7 664985700
175 125
32 260
43 4
151 272
269 78
170 211
106 11
74 160
20 267
275 50
227 34
207 258
11 125
2 251
257 47
171 1
261 183
186 254
225 55
132 89
51 246
256 2
213 156
122 30
131 284
17 96
105 57
234 223
174 168
214 235
235 182
65 136
89 247
54 2
90 66
63 185
238 140
295 18
99 203
186 169
16 230
38 255
177 121
40 271
257 102
36 253
88 244
242 152
153 228
45 295
232 295
134 107
125 169
123 181
101 223
204 61
15 116
288 294
16 243
97 27
31 273
216 132
283 170
150 157
204 187
181 194
1 135
55 67
247 125
99 178
290 47
214 55
48 4
298 254
32 63
87 94
277 115
284 54
263 11
198 133
27 166
300 130
196 79
255 54
283 194
292 53
159 272
27 206
211 258
73 77
222 242
56 159
265 199
209 92
224 227
92 158
288 2
80 143
196 183
77 86
191 231
202 120
77 49
7 281
57 287
281 79
289 278
176 88
179 253
179 137
46 155
208 22
164 33
268 40
125 112
94 96
215 15
64 295
27 292
278 122
200 83
113 10
98 240
193 40
176 276
182 123
145 222
6 90
129 60
223 273
68 253
20 68
115 283
274 83
256 141
276 3
13 155
94 88
127 110
137 38
161 3
276 19
108 57
168 281
6 288
292 143
210 73
107 11
145 24
165 132
135 100
6 140
279 199
60 152
189 105
159 196
266 101
209 134
167 125
112 77
271 172
296 156
166 180
256 103
234 11
162 172
63 68
18 168
19 41
145 77
25 259
112 4
189 290
115 20
148 55
278 278
133 118
50 274
76 51
61 5
228 9
129 274
141 290
30 198
275 211
222 226
229 51
40 33
52 170
224 206
184 200
69 254
227 68
118 118
174 2
62 230
204 101
142 242
140 96
7 171
97 166
216 280
12 77
246 255
213 115
14 222
175 148
215 135
4 153
154 85
14 178
30 267
209 269
117 172
94 100
265 123
154 190
19 180
186 165
279 16
237 150
297 45
179 163
15 264
100 182
111 220
187 165
134 141
12 147
246 250
124 157
99 262
193 277
193 117
132 130
280 171
267 121
283 28
291 145
79 298
269 142
7 189
81 155
53 192
193 144
1 50
11 68
44 99
267 255
85 288
210 98
270 64
143 177
73 253
2 186
27 203
144 270
177 33
276 224
120 281
31 168
235 120
270 93
48 30
17 236
85 132
247 227
155 55
59 89
274 227
182 112
133 53
137 25
248 9
290 113
280 67
238 72
164 215
244 207
142 263
94 13
239 227
33 92
233 145
123 91
202 258
10 4
28 34
95 147
259 28
146 136
207 238
204 84
42 122
85 148
160 184
162 230
22 150
294 194
36 254
