300 5000 300
158 267 660788988
127 43 421269756
40 287 327172972
97 25 968503294
18 174 406242902
255 119 742011518
84 16 891846828
131 253 918186767
230 121 785461330
145 12 637540048
15 169 614062166
54 48 368323560
209 87 328123899
80 183 213080423
26 253 100846248
179 207 945433266
196 43 24440934
275 173 619454486
293 102 385880058
275 298 940189922
274 65 833915742
239 118 357061489
299 79 209883127
97 158 99318062
271 235 836803214
19 113 816133172
236 60 548638066
169 87 58287739
107 131 563750492
164 105 432167942
37 130 349995506
79 69 683054875
219 119 99453
146 267 480818563
59 289 93715497
224 7 97549510
47 295 939364821
213 163 658491907
3 269 878150238
246 185 236317494
187 273 370533724
192 51 747377444
119 22 882655862
71 219 809525580
233 277 888550668
82 200 73093727
43 246 308588021
63 210 619474483
222 212 330240304
211 158 826765540
56 96 49240112
279 288 684096115
74 158 88395036
235 228 324536354
166 213 344354482
34 46 132136281
260 88 61563978
180 202 681275640
14 175 49559003
169 85 730164560
208 141 860292956
272 171 789939695
86 245 54676004
221 231 949568631
26 97 512985195
107 182 986124840
139 193 171569779
168 72 8684833
159 137 155961907
62 6 344067592
121 265 514352084
28 236 184832754
274 73 955403398
77 45 413752581
160 70 664373177
206 228 153364910
298 118 248788802
176 286 111749225
8 144 361720661
15 205 33976118
158 78 102764783
141 157 322359470
46 131 524339943
196 259 649617587
276 118 875245109
204 76 693060636
13 73 940233154
14 248 530842991
138 8 146165786
98 74 835760543
168 231 182308172
202 123 46101628
171 168 922113310
265 63 12502869
104 38 971871638
12 241 165721165
199 253 727659937
204 266 534290437
246 155 741781144
132 5 211126669
26 172 581361899
297 73 71871621
124 295 720004940
186 12 628648903
206 115 916588792
95 178 248197785
60 128 924324437
96 84 898790255
132 29 283344461
227 212 587191365
95 237 696823436
245 233 420038160
217 109 79195007
57 294 51150270
11 199 133005184
2 293 757553913
286 52 617857092
275 200 654147875
281 31 249785604
141 10 403452415
58 156 950908852
93 101 926979436
5 17 525249444
263 125 372864889
232 135 629812287
67 189 825512332
79 226 273169835
22 252 700444734
297 284 494143817
52 125 396048226
266 234 469800981
169 78 149280333
57 82 653841550
300 44 261038626
289 275 894487761
227 41 28326801
210 171 58237178
245 245 908543330
178 241 183068213
194 292 165156289
271 9 441998922
204 230 562935900
236 286 800521733
285 37 233951429
263 77 61858903
23 4 974798396
75 213 730323818
52 209 946292262
281 87 129367954
246 32 529336497
86 3 549650306
108 258 846250935
259 193 198634172
191 230 279533108
219 192 314328985
274 266 932834088
121 40 665593452
190 143 933260561
204 176 288796499
209 121 226345082
206 206 141954536
211 65 357942193
197 23 23588386
168 266 645251015
227 236 336485058
11 261 139261923
150 133 786941114
202 23 485243456
214 278 995228631
64 186 352481203
245 91 722157461
181 53 546256325
73 1 92746400
210 220 162149417
224 147 135900452
233 157 780891113
155 7 924436145
220 260 149375719
76 225 402002096
158 288 664199582
113 232 317821024
273 164 60000377
249 289 442021277
248 198 662517897
264 174 1023343
268 106 624382951
232 13 612914457
28 232 189760368
147 7 435664892
294 217 491940879
27 29 437449763
151 53 414146078
27 1 927455666
255 1 853483264
103 16 542512589
97 283 625995994
248 266 948228106
156 294 148666390
24 140 7521596
115 185 930087764
246 212 416329744
8 62 188404996
37 140 497602549
3 94 584152449
218 249 315236816
6 45 121723399
251 292 194568716
209 148 753176209
98 223 651954300
45 37 292905085
209 282 45260848
152 41 521809909
200 78 340101700
248 132 89641145
48 49 285462493
163 54 781105438
13 56 53469281
129 264 862952128
237 61 104347050
289 158 213318939
173 66 681808672
20 269 947266013
280 220 128869742
79 167 301559173
23 266 23850273
216 129 133222926
205 193 665738533
185 21 864592497
65 10 583483909
166 50 829934366
4 222 386547983
228 293 669654504
140 24 867658923
233 154 330680142
157 228 642870607
129 143 119467135
206 99 439742180
38 284 93231752
186 48 833112061
147 213 16370110
212 269 935910983
147 196 636995527
50 87 493950002
224 71 994359755
265 227 80382283
272 55 37480077
158 260 646758576
237 297 814203411
89 235 402766710
1 81 369311874
263 44 927157842
197 190 463145989
176 291 924542327
177 215 440216597
84 231 16760675
166 202 972992129
194 112 147166588
269 100 57538937
131 240 421218023
40 293 969171403
214 255 236366146
107 203 461866588
248 78 462810878
174 7 811890644
223 90 987269675
197 255 484334928
226 200 422553539
265 169 94184039
53 51 444974530
75 91 455520722
229 4 994709076
75 162 555999631
214 109 71355208
291 35 592274866
87 257 408085655
61 153 304202561
288 130 318105661
79 147 949069881
269 199 11298631
98 26 907558621
220 254 859678076
47 80 647331190
129 293 881147598
289 36 43218684
154 122 868728340
109 234 79469945
121 273 795919274
33 51 870275620
113 71 212594271
296 169 391576896
268 140 81427601
244 238 518512533
185 67 164698277
234 55 482795712
18 260 989728185
57 120 820249018
1 241 163725843
75 273 737679493
46 138 46359416
216 133 977191084
163 100 543244275
64 95 739228064
96 279 121142082
172 213 760341536
36 230 954133996
72 38 110605115
290 39 386473807
232 165 99845732
276 210 52307121
91 178 402640253
126 40 615952804
52 103 699406499
216 250 5365229
197 174 414976593
285 261 118942922
32 32 543541612
198 21 63209902
57 4 473867066
188 32 350821427
208 174 54150904
112 52 680465096
115 103 458675250
265 70 907293900
94 267 896052025
238 3 55228985
12 86 227069316
123 283 84338389
24 39 790762044
141 278 84019775
167 237 715503701
123 48 809888552
118 215 762934954
19 179 18903676
170 24 141387742
194 262 300794096
178 273 598740381
246 95 850864415
86 170 443640006
229 10 476912883
156 228 855506520
256 50 834577519
159 219 177562333
112 238 288900164
187 107 321439887
280 53 395190800
127 282 776579472
59 227 714180218
274 12 271202939
279 293 68998348
13 148 163420576
284 155 461136877
3 13 790095996
287 176 314005885
150 115 940160443
89 146 564611695
288 273 95104977
212 31 611225955
229 56 197313019
220 86 644128211
167 99 740724010
94 134 350087764
71 188 134624376
18 175 562301503
202 24 946990117
296 164 135110663
91 152 279973587
219 63 127802917
25 43 87012125
195 262 896208510
5 129 737337660
66 274 318422446
229 44 621524033
156 61 676721107
11 14 625430183
227 10 789091146
41 152 415411149
127 122 428453311
296 146 99946906
220 41 996062167
281 97 890830147
193 215 947671421
238 195 627722864
170 103 426113177
29 113 804331890
263 39 555055799
60 80 95412950
9 258 225541023
71 253 851633269
176 224 728551761
243 205 500424709
241 149 907976123
161 138 6326470
177 7 77583772
253 87 536565884
42 101 182779274
193 161 151334605
194 169 722205463
17 239 875711115
37 167 403896391
149 109 350453447
109 49 305236295
232 262 439183732
1 138 373819790
172 142 638381929
207 183 858300329
280 127 675182489
185 73 356955909
47 89 332073900
213 177 700483366
3 25 310762826
49 133 53742426
295 116 877093587
78 168 113571876
168 91 336774117
148 297 203548552
176 277 121467330
117 161 185943402
225 259 622517790
76 223 987856466
93 226 863027542
218 26 895939375
196 73 552117142
134 150 132854610
210 69 568251900
178 216 247391249
81 92 648019225
111 260 626503137
212 236 905048447
102 12 359366269
219 156 245869346
113 126 915011124
139 21 672027896
280 154 661136097
289 115 403639166
141 45 242951733
289 125 184857776
165 235 757056135
253 147 169019071
299 300 605336834
19 270 766492789
265 82 815766114
40 220 806899234
187 200 322018440
183 240 474695606
300 132 601704850
33 172 759111075
208 36 68381609
43 288 715459855
165 38 27896306
298 57 141031076
286 73 770408057
152 164 664482977
37 50 227889328
76 232 593481719
282 232 329512051
283 264 535887922
57 223 713144910
118 265 487786149
272 181 764860087
178 178 608765695
53 216 265372319
61 67 649691082
289 103 138782583
116 231 688750214
235 264 260782197
237 246 245313912
110 3 827203135
19 120 616022351
268 143 780790632
6 72 779361161
152 176 525710376
70 237 540637094
203 225 778524197
85 93 118939179
250 27 331544942
99 15 870562687
210 124 347619841
296 195 978581660
99 162 36457055
82 219 844109626
242 70 247603154
70 191 312312990
263 145 260271166
11 281 466850658
289 230 378049536
230 28 323379850
117 290 543762226
109 37 899825220
169 135 731871333
175 216 804760651
252 210 432291572
205 279 879836414
146 241 797086258
12 252 27856390
269 292 555864319
5 222 199441299
106 90 203901240
31 198 396447276
150 118 245618111
234 44 237237078
236 296 298148987
7 252 806580565
72 98 155685258
229 109 123987261
118 77 830425752
289 133 459062025
239 239 27942414
178 269 589719464
153 171 122974833
15 104 664165577
93 40 762434024
79 98 812866975
44 170 980293772
1 150 524985580
261 20 766309409
264 60 229798441
189 298 91348879
254 175 747239300
269 79 97294922
102 94 873387077
30 186 732792768
253 16 107803566
179 59 583288587
151 111 956334088
282 123 254796459
190 87 34540018
283 27 200038767
13 280 102677593
64 249 138903772
285 102 259368117
62 131 996275002
281 135 205322469
298 13 135542028
236 215 500167990
24 197 570671265
182 138 177477603
152 120 779649029
118 185 110160660
11 248 906215608
282 233 848337761
98 46 748176343
151 78 220681729
219 76 78720894
98 11 302587608
140 34 122300156
4 268 304167946
6 119 77989417
86 236 387629801
145 298 832844749
205 279 363445533
65 128 302878
108 30 33758607
88 1 866583582
81 150 787099093
289 289 604155578
196 44 572549497
241 101 874304515
158 186 414492103
258 83 443273500
58 287 952068831
90 103 200246210
219 262 184080640
126 50 961410940
107 130 372811841
151 170 65934982
281 66 611451625
77 6 891872078
44 215 834329015
246 173 548983097
197 230 647082635
179 72 124449038
289 290 581774999
128 115 92258600
19 222 29588030
59 124 401383599
140 104 182461816
17 181 971957922
294 224 405410388
260 221 165416312
9 169 84820442
43 48 84617365
180 36 460077254
31 215 97475069
230 233 715910742
11 43 102483365
210 235 713864869
225 251 975121101
298 296 760556576
286 7 337179748
249 15 148264116
142 58 998394863
106 289 940334550
60 19 305647464
128 1 760777248
221 11 826019391
85 272 272341577
105 249 6162727
5 298 476903974
232 35 666377980
79 284 976084195
95 125 905621604
209 231 726922892
111 290 726795763
174 169 997498815
274 89 568620077
116 225 841543149
192 30 703762549
270 86 274719846
43 18 812341781
174 148 334561016
20 294 73681640
223 255 966837370
167 65 326621811
181 290 250510031
247 263 601896419
23 78 40813396
123 269 576093125
171 290 740405762
269 84 441791531
49 258 17430179
216 29 468102172
155 4 644718726
77 222 340130742
39 102 7469332
170 48 112544446
140 70 628859124
35 245 533787644
259 115 833492734
73 83 857394717
203 183 124387926
181 98 610556555
205 5 74038558
182 81 94273179
224 171 250572532
255 40 540435431
300 180 532481952
175 214 920771596
71 225 261583263
256 297 977120445
224 199 437273980
150 132 124088529
156 36 111245733
165 269 70615665
95 192 181336488
126 198 988885527
8 250 800191906
259 124 508585372
155 246 837642696
217 201 380285992
113 125 430823142
244 26 154167973
225 181 723455360
209 45 783404029
26 191 674144720
13 68 108179470
39 75 493020019
297 33 162558194
168 239 650581640
15 207 643099440
106 72 702539016
147 15 100771941
72 239 153387473
31 148 81907817
11 173 390671559
131 237 625218526
200 275 178500500
270 271 435515785
163 190 464519623
2 204 232127982
94 61 862944953
9 260 499277219
2 31 265213310
174 113 124515309
143 124 315233
1 6 73949569
227 257 334303843
278 226 286602666
62 88 439431407
137 142 777916411
118 235 239892723
170 295 551150782
288 296 718374912
97 170 170053177
157 12 984556900
89 12 541063505
257 290 947752461
100 268 550160138
17 81 805812025
123 217 70322466
185 34 839307252
8 255 962789047
89 243 394056142
253 91 139012363
229 248 427049174
80 36 353870838
184 293 544695879
296 144 178024798
33 160 689373379
209 34 395777595
227 219 381881781
230 278 658114535
176 66 576269429
170 70 401559772
32 298 258500871
206 77 147407958
195 12 142230602
173 59 577272645
171 143 444169456
1 52 182352442
295 30 717221660
127 259 993702537
162 187 562945854
190 56 143326524
61 87 757414073
231 44 389765402
189 290 433960365
242 163 837751424
87 85 3815066
194 85 590479669
35 131 668067698
146 258 780919109
234 171 39306595
88 60 689802650
63 173 723935988
87 155 716239432
240 95 725616521
105 37 296763135
80 175 607704071
145 68 347812707
14 155 912866638
263 300 389780347
171 234 584152017
17 73 924767428
218 187 960670000
206 25 655393307
289 17 451312601
61 121 195691189
296 200 613285363
118 96 780931
25 161 245563037
114 124 359820636
160 46 894805321
128 63 413462945
155 32 59120031
107 237 146739708
265 277 213571024
165 38 546090696
154 33 129533795
68 150 525264442
50 226 618729603
186 39 930513326
22 198 946567423
194 77 853682137
139 284 194176469
21 142 544502757
228 106 620900434
203 22 1502371
298 175 835588055
44 295 730861556
238 44 35135582
240 230 513793120
117 3 409130870
39 196 157817198
128 34 832103181
196 107 97691522
252 86 609975527
37 289 672784149
107 38 481808575
261 134 650334169
69 71 31658213
50 10 723860094
121 126 234244096
142 216 162648243
240 43 70019129
20 290 867993135
294 242 555826320
20 30 199606060
120 137 345423050
147 149 122811083
167 217 909550953
231 18 176888614
224 191 855337391
219 32 891464706
214 271 843985401
242 43 54559590
76 36 920206383
47 107 61826213
7 279 333437801
56 125 718112849
290 291 651745618
294 222 169471687
7 145 785084177
249 116 612746661
106 81 105243631
6 22 652227325
248 97 646356560
130 143 255155919
42 201 298893197
194 8 111893321
143 49 49523163
112 42 290924584
150 100 264990381
79 48 205964648
39 154 276495628
21 211 546602449
46 158 736794597
157 288 402898391
75 81 744519892
271 27 812114851
43 169 875978000
106 32 698176641
89 181 160632093
21 11 413649040
68 49 906241245
247 70 629877756
147 167 344150865
143 23 116750604
34 150 9503185
177 172 60879111
79 215 988991231
278 20 298101514
271 160 157681646
63 181 205332157
202 300 53799705
299 299 513360626
6 145 236242244
170 40 16284767
74 73 666193168
110 1 779827939
172 79 321598753
154 109 193545124
167 79 834075284
164 141 213212316
120 94 684404515
177 92 81696565
54 97 246658210
98 19 621116749
216 92 607970573
183 201 804255925
73 124 22087655
126 277 137443763
249 195 701017241
284 58 873440181
199 230 773394327
166 158 454604570
130 211 399465019
239 60 952126537
139 275 81856080
163 209 945640480
187 282 14424255
42 159 572165931
4 159 621999725
97 195 321607282
277 93 728837111
55 258 750005268
225 88 750988731
243 78 115513390
31 269 564896717
210 131 912815525
41 70 644130458
295 163 80440268
225 166 415290079
49 14 482755173
282 43 496047865
145 97 844605375
112 73 757607914
94 15 334230043
84 45 195588511
152 6 654686594
76 46 663263863
86 40 95924325
5 264 90111742
83 64 199359708
55 46 444592050
172 242 451719446
246 105 527862819
211 199 72487185
253 34 37719082
264 185 505414587
209 12 126246885
171 97 209607524
47 154 32695140
140 236 217509455
247 43 85657752
148 214 218493493
94 211 218538298
164 121 836780896
300 73 41251029
181 88 396845413
120 296 668895924
104 218 354049373
127 16 532746026
218 208 472792313
73 154 804427055
24 54 876214468
217 147 237792630
214 62 941736750
161 61 27309575
89 242 837583262
253 113 879760758
76 216 522138627
100 94 8124843
277 12 132863850
90 84 95715355
244 159 341271408
64 75 173767806
93 40 121067367
295 200 960689980
269 40 877838373
30 292 230443485
139 120 144752200
166 219 535404745
260 248 730063556
209 37 651270791
115 32 384684202
23 147 296280928
180 292 604599268
99 286 851452819
78 254 225576259
102 35 976331350
186 226 477646721
237 143 231055392
133 102 621819739
289 62 122732075
31 176 243252158
232 250 7078105
12 130 357035248
79 280 529827633
149 109 257797538
207 210 378528224
9 147 771780449
229 135 812209191
172 267 507939292
10 7 844350953
236 90 769675881
194 73 772669130
50 84 732131211
197 214 621645842
81 63 549386650
270 21 98224711
193 81 498603509
42 62 895275243
84 233 528677362
176 243 128873420
80 178 199650561
212 123 273176634
242 224 350765269
204 172 184499383
198 4 330864497
247 273 162920517
10 166 362031498
218 259 405844159
13 42 525413891
126 269 195076785
245 101 685048563
206 12 796130437
291 5 682884161
159 261 407377684
293 158 646922288
189 156 511831860
106 165 233150977
155 135 582660087
265 147 372568381
255 272 110815149
240 268 199300401
154 173 555183665
190 215 951134069
202 74 676831881
86 66 648890238
25 255 121728494
184 112 46087710
13 266 68055044
99 230 935422090
279 236 881898913
180 227 183842581
232 132 893420005
296 74 283807820
117 275 558287645
197 112 48842510
187 188 791369616
32 124 948789479
93 136 883133596
237 286 852762477
278 17 235606365
43 248 374225691
23 179 658701723
279 227 885164896
98 95 589015722
42 43 177631886
104 229 297935673
171 12 314275296
102 105 312318083
297 93 22207769
174 122 669029085
90 164 68629884
180 186 715277862
154 165 721705740
201 14 186531234
275 108 639102577
160 263 580826357
284 133 985947421
180 286 900553477
262 283 245215921
82 208 955356842
218 297 765391506
1 228 711678843
15 82 687638859
254 282 829595725
288 256 843320732
116 167 335205446
224 151 244103130
44 82 371319616
72 95 599988498
192 177 487904957
134 146 565642653
291 147 912459980
85 161 39575013
96 114 832152647
120 153 731724954
3 20 915923821
148 244 387717623
177 39 461381656
192 163 596717650
241 54 520966078
197 239 903156024
201 281 664433722
133 66 667560682
197 161 339275347
243 32 866108952
297 86 887164071
269 233 688299766
143 161 255463457
98 105 489208619
199 97 487267524
177 46 352480663
52 246 555272243
125 130 659837460
6 27 353815172
104 269 466801103
55 17 547148688
78 37 930063372
95 179 7131933
203 28 854706689
121 227 220259785
197 155 444212530
159 258 944723928
153 82 634253957
213 139 257410335
184 242 941313004
239 49 975235972
78 178 422586709
150 24 376115539
134 227 444687767
274 99 77537393
158 295 648146847
140 205 912188504
67 58 386612437
175 22 886462975
10 257 456048168
165 247 108960616
88 25 289913445
296 226 834690069
135 111 703786647
53 84 533895445
145 241 517316692
143 132 154014696
98 250 704294405
134 125 975476926
8 186 26410135
227 102 471378781
195 189 562564257
39 185 377513582
259 71 628391392
105 123 22420727
102 19 74828668
93 161 639893151
40 10 957305401
45 143 366352077
122 202 271927162
208 128 320376363
189 22 486935651
245 113 46708087
279 71 375809209
122 228 66410431
49 29 753598201
268 173 233003013
18 264 269329722
70 8 249190764
246 182 911565465
7 89 565018345
221 29 465993666
24 26 609437578
10 4 682556501
119 177 536620728
101 225 410558408
154 192 821686232
66 262 924018895
288 31 274367155
51 277 848207936
68 35 524467724
264 8 627041653
129 31 718493978
159 92 28854633
259 210 186515009
38 63 66412186
197 216 890858477
228 33 857296090
274 20 70514073
28 123 44348149
263 242 608274535
39 205 82669594
143 85 101952624
220 243 417864416
104 253 406214177
112 42 985928691
97 238 910606158
26 217 413249591
267 191 615705062
239 218 914646984
239 233 779189877
274 271 69319381
67 113 808578218
243 84 753887612
210 187 440320417
86 50 404497358
129 199 762009548
86 276 482026864
128 242 193600906
190 181 466066124
125 119 852663156
2 144 730376078
134 263 873730190
103 257 558768525
15 166 109313011
231 3 269427712
240 131 253008462
187 269 950913737
103 96 72955979
208 37 542165611
283 162 402890781
290 215 115922377
267 100 763929991
108 203 448866247
32 269 293628264
194 199 851913866
158 190 962168097
19 129 240029817
156 231 393715912
286 190 743964149
48 173 57937862
280 162 114826928
56 181 983950727
146 288 178920181
244 20 601106549
207 265 543346599
225 122 410137689
73 141 816005717
189 48 95493899
100 85 589686788
100 132 469683212
13 111 735629974
140 219 822935854
67 116 457847393
247 60 346616764
96 18 451073329
246 242 745677502
234 14 630921394
102 254 57718741
252 54 656574577
240 205 117138160
203 218 842300271
28 57 505532341
281 175 165731656
26 174 976797167
89 21 232357137
117 266 931809078
71 252 594870144
164 53 609053797
57 57 220592302
33 48 25966159
193 250 230596876
215 278 654344084
155 10 428642159
262 35 584927632
129 124 724307052
117 292 242643369
294 62 697557920
289 278 610089125
238 34 75730881
291 118 536686328
249 62 315155029
124 28 294250606
108 234 1941616
18 196 748591802
101 76 28301577
204 192 292144269
272 237 990830082
292 278 902764059
116 267 790697644
48 257 311205414
27 206 581425527
255 29 443658255
161 188 108468640
128 257 36555635
181 57 762265462
58 260 665438905
226 284 530401394
259 275 804539423
270 142 96906789
13 189 480612145
278 215 981621650
5 221 683048531
111 133 239236870
150 260 78828827
137 141 491784735
250 250 202411647
7 175 453352930
300 133 794682856
74 154 983974197
62 167 801990537
58 196 785418203
260 252 101928575
242 62 193255908
111 264 913858167
289 100 717359859
276 49 779546208
222 55 245077834
203 106 104784819
158 179 113947572
6 292 915780090
94 50 821487786
148 61 117528889
122 2 542528951
229 112 909989314
48 153 108981965
58 128 901772365
18 101 806315772
151 55 205529929
221 212 51437908
93 269 998495551
234 114 674798652
271 261 914485212
260 134 253120113
10 115 782456577
75 162 581323429
291 219 846538108
255 288 927995908
78 139 984082462
7 59 809480625
166 203 240680945
16 137 79673958
268 107 816910570
31 118 554319355
44 127 632639869
272 253 818246630
300 243 533532201
259 250 558042788
18 27 989372578
131 33 932306389
207 198 353308143
251 266 168157931
160 233 50859890
81 15 118942907
135 110 914935934
4 81 906377338
85 132 349732733
137 90 146774482
177 107 956334708
54 237 836459693
94 143 986070990
37 145 108696855
167 56 879135939
156 136 64389806
263 23 65062215
248 78 516126096
185 162 851421227
117 51 917485717
50 227 347348175
10 32 125091064
2 126 912711358
243 162 950890003
150 80 24333658
40 236 802469246
245 198 987099768
260 197 63381445
55 133 702077258
33 250 436719408
101 51 530383386
276 60 119925418
191 113 990168243
248 108 346936356
202 257 505871335
212 48 370349422
57 45 206797171
276 4 782666867
220 110 856852200
129 142 779085901
37 243 696142451
274 270 269389263
191 160 335286027
285 159 879903734
292 113 716971942
27 24 725626590
100 132 822773834
71 159 73475889
237 130 141342498
236 258 582827591
288 46 315416885
91 20 538974906
253 210 378592717
279 247 746981676
165 238 152580840
6 16 914691163
247 116 393330946
232 186 723083604
220 174 819846933
69 162 238214542
112 149 562389488
148 239 175271507
154 243 49302368
70 274 27166666
197 138 603284404
136 195 841075971
150 142 258374438
295 73 61976975
50 45 34550449
234 165 885463410
76 276 246318110
263 124 813257001
221 29 855669343
88 98 413873868
6 47 662741605
109 182 24277200
31 32 76623593
69 78 642554617
43 180 795546161
191 113 234489778
252 240 837180353
214 254 476583828
114 226 839158756
8 66 156014206
176 71 174131852
232 179 46092533
183 261 391620116
275 29 604045546
244 72 406452425
256 14 323720389
133 18 594063981
286 231 927356334
65 44 56418012
173 103 325518677
130 30 614341347
81 262 378686777
265 144 459630937
233 171 115548266
278 114 260932089
254 69 77816502
42 254 156697619
174 291 743893549
208 55 505177644
219 279 148735599
47 108 235924928
193 240 282003589
269 205 16281485
5 137 515382207
122 166 421860372
10 119 383778492
212 212 635626345
182 86 867100635
83 45 407301542
26 15 95387820
176 61 939890028
4 253 967456367
92 273 76695723
128 29 659228211
34 151 319099376
105 160 167794346
297 123 676517158
193 57 291848143
28 139 793659987
269 216 90887053
240 92 804015313
19 95 252418817
38 238 962267989
260 66 245710117
71 151 70809819
98 8 993466479
244 4 649045653
1 248 194244961
195 275 520441599
133 295 690362267
85 235 226210
97 253 833442004
113 290 29562293
153 2 752352210
169 124 517193961
88 221 598464268
218 216 379941623
222 268 497252370
283 162 670013497
233 46 453010191
99 130 646662977
108 278 190861882
263 142 53063271
108 294 867511924
17 215 588403347
129 54 239869620
196 23 137188735
70 244 661910555
192 278 253366868
288 211 557734014
130 61 665899043
207 221 86909973
288 183 368152914
110 42 324412208
234 59 53914322
232 187 479985427
203 135 743575649
90 256 198763344
244 147 187277122
11 134 934591284
124 264 131068096
119 222 924417416
91 261 853113951
204 70 946719992
63 55 957587750
136 39 107943889
262 241 143736323
162 30 2455730
6 25 476321777
127 88 87864310
262 263 995126225
157 81 844770498
273 223 975142658
75 179 144338680
166 293 367354134
68 129 937625072
156 142 947537465
130 4 534280046
59 9 359763371
187 187 529870658
149 148 602335920
125 4 95574553
23 28 96496527
180 102 120738405
159 268 197745098
245 87 233947278
68 294 856814019
132 175 662437322
30 285 702096882
200 172 310553468
209 20 127431067
180 144 578765071
232 166 146521950
259 98 978782952
215 8 727300771
112 4 349663157
241 72 806330350
160 255 93555024
133 284 66309260
115 235 495882131
34 195 175170650
101 75 951817394
171 58 523109211
20 68 864188760
23 283 119394720
293 146 656081223
101 87 116906046
202 246 596890301
177 130 335346736
137 244 692038723
267 278 196836917
169 78 157109943
162 300 815916001
124 71 122267968
236 146 49420602
55 190 942602648
177 291 888277734
123 192 595776231
75 121 727535460
10 257 838168656
284 223 238229285
101 91 55148414
43 4 867691113
95 180 527412035
163 115 13094132
264 169 199521822
263 97 288874612
48 219 792515555
78 293 803999675
290 55 389636231
145 38 897823706
81 190 503732748
94 285 11697104
106 79 944825983
292 293 19824497
24 257 208603717
245 271 314728513
208 19 307621284
62 96 931655976
89 137 79728382
19 33 591360872
276 113 663390361
24 206 157959497
127 63 185951576
109 107 574667268
257 182 373527176
25 126 525133947
189 85 770281665
272 198 557262912
100 286 466129501
281 5 482533733
252 32 549737598
165 55 17856803
61 233 312131518
88 41 107457424
56 49 121961357
83 125 997616082
81 14 433361618
97 285 516680815
209 84 904089701
261 65 837740857
293 68 215457988
242 284 393490195
45 97 531018227
14 184 425384420
89 291 96413268
45 74 310257545
178 206 676613058
95 3 355617442
209 263 131443026
61 223 936334542
217 215 361652861
157 157 70788345
151 253 74216841
77 18 410406276
96 158 801507567
216 202 326080592
212 131 509259297
169 225 973841699
162 185 129607061
239 298 442684883
80 266 248125250
93 122 95665758
89 272 855679562
181 101 840298179
156 248 862011736
174 215 42781589
265 126 380223819
262 46 160216395
260 208 899440131
273 146 501984728
207 278 658107394
56 70 435782467
165 210 375983791
226 90 9729591
56 297 467436990
43 171 845519257
231 135 454233934
1 148 970194080
295 160 601533487
278 132 184727884
257 38 803595461
150 146 524821782
269 10 419195191
59 288 265965232
1 43 475538181
190 138 996905251
98 120 861179737
132 121 577620937
211 167 267554196
249 144 765619279
132 153 514501068
45 2 762324813
26 270 309788975
269 80 12573114
300 80 858459056
80 22 119523945
82 119 133516665
271 2 133177385
7 264 131238851
254 212 879657547
32 96 880418199
251 140 644144552
264 217 606619074
90 185 143825553
203 185 970526285
110 16 701641906
155 150 887724376
19 172 130491278
55 230 252653041
257 183 708259505
3 266 829522200
253 216 125069291
257 231 267206207
282 72 527644492
86 274 24865728
270 136 234408095
227 290 153176844
3 60 347384415
132 114 394651744
224 70 415049378
228 125 321680243
79 77 334078111
69 85 362051441
28 66 420421913
171 204 521762638
198 173 524532673
292 152 548255962
288 206 578965521
102 37 749838734
198 12 44630804
175 240 48031980
170 18 935427756
80 139 761028093
272 166 278935710
184 36 485492513
122 285 203741138
246 28 135323489
8 15 20480294
180 169 842219182
166 66 853193193
221 292 614178184
100 161 102180002
107 292 999816992
199 264 721779009
109 199 648226896
273 72 804026380
10 18 128618259
198 77 70146674
43 256 681028742
276 173 208432559
221 93 67407502
104 244 727117463
57 51 79189606
200 1 780642669
208 161 956931268
3 134 129818039
134 143 823835656
293 93 292272784
218 187 261578592
259 163 334108164
169 135 259525009
70 238 85861104
184 47 896027854
290 246 8602407
58 154 997487767
77 208 53209152
116 94 526991347
223 86 554157839
107 55 860221625
298 65 139918239
113 233 246440873
73 54 646484063
277 238 442227809
230 227 338521806
288 36 204628711
207 113 688775419
258 280 152537364
256 202 19500101
294 60 212326655
271 109 264562119
161 222 384639051
134 294 492481304
148 270 167722693
156 252 784520119
161 291 681065307
124 197 109256819
242 207 756461750
205 162 593999403
5 208 914142563
159 230 683502523
129 90 383671096
279 223 126689642
234 122 145902911
127 277 894887814
297 190 382246757
203 13 752951153
273 6 617759211
22 262 798629573
77 18 407269132
191 228 451383161
113 56 923406250
9 86 922295625
250 19 94535346
212 197 734869575
178 194 181820116
134 148 787499328
38 121 798231685
149 194 661521846
173 270 101902615
104 212 626667942
16 25 352896297
265 85 517743082
189 34 466205952
287 297 513491249
61 226 296635442
76 111 349220189
155 149 633018661
291 49 51976255
36 273 905125076
150 128 106607688
243 143 192442964
39 107 693785648
272 48 589841733
223 86 879030481
123 198 456239707
164 25 556232517
105 179 784476417
165 169 906214265
171 256 277624689
199 157 600944116
138 99 180072058
101 189 790931117
200 212 355816916
84 186 969264801
264 9 218660698
122 172 285824722
91 28 810772552
207 193 591735872
124 115 142752879
12 13 713209835
28 150 634807385
237 2 260441825
253 253 107856236
120 88 348289273
20 52 790199481
169 225 435255005
290 15 632676032
93 274 15481224
64 97 193195891
42 160 365912403
228 239 197787505
212 176 881264158
188 180 110128011
75 300 31769850
148 71 967671101
280 240 784136878
284 229 184883344
16 22 954386917
291 137 703894565
81 179 858514625
236 106 724223915
240 70 628578142
49 9 215024774
111 84 986864373
261 283 470910795
213 262 180792034
90 246 107365515
34 13 61403788
250 3 634642724
67 136 822351554
43 71 337740112
257 10 815615781
99 110 73969441
172 221 515624624
296 181 46419658
242 93 751521320
76 183 918700965
242 268 33150977
129 269 962868931
204 35 48534366
158 77 508576036
269 86 393297797
201 184 583963807
141 107 43218427
217 154 655347859
274 95 535506851
293 222 172864985
9 163 899789252
37 291 375699273
120 247 599456907
285 104 987125836
273 124 410413621
269 76 350414756
127 268 22154014
205 184 265012119
163 210 697383513
266 254 57609287
2 263 748022249
6 51 535058892
278 170 53361938
36 207 977799293
171 179 646111068
143 199 873913043
298 78 440207362
63 282 8102298
281 197 624017507
46 214 891990660
32 215 583239074
180 220 730913725
71 249 2916246
260 285 595264652
252 155 721567682
171 298 922606781
113 47 339894810
127 110 164133843
24 142 50671739
130 187 92564404
189 218 610160471
15 150 355765542
139 220 705078891
236 232 110073775
240 183 410392381
121 54 16448330
253 218 278656377
162 44 924203238
105 119 365584679
295 248 5216918
151 189 195676535
221 203 390018484
262 93 123301656
252 28 448887987
278 267 197093121
159 140 14028126
88 92 626122396
116 6 473583291
253 110 564513110
284 156 522929357
201 6 93339045
35 226 711497599
71 188 255802391
26 191 434202371
264 221 989445837
136 79 200649528
62 218 285387520
257 34 288587325
299 286 374382786
108 21 593445641
217 221 890856647
213 256 876776272
112 78 759486411
154 155 244065954
224 118 440588674
13 5 611963304
240 66 922121821
259 74 502236954
35 73 129028292
220 232 168080512
261 148 624610533
59 61 546811240
82 172 177217469
293 25 786614523
198 249 528923092
23 13 601236296
226 252 17582262
46 263 109116087
252 297 496904711
195 269 745461243
106 229 230231390
290 39 897070550
181 120 309992673
149 164 724800150
271 61 575695350
262 135 704640462
10 60 312285013
123 158 536532875
9 161 518487724
20 55 780015992
14 212 767079672
103 202 370535410
5 82 172192181
129 283 79020045
278 253 40117657
127 267 496073692
40 276 911367803
153 98 208121812
279 158 888572672
102 229 934265026
245 242 218312090
16 97 660291691
177 153 364564124
158 281 655830506
2 259 173221711
10 137 445660829
101 177 74384156
56 81 76973953
167 111 120095362
139 265 995620391
216 209 154042984
205 225 973078180
147 101 54829232
223 10 561805165
280 11 366289775
290 21 43978411
18 173 4544239
73 280 560272271
277 147 100211734
91 37 290333998
133 4 763171406
116 209 138319982
248 107 933798783
231 29 26832692
195 9 496441755
221 50 382743627
84 120 34328351
122 192 362563731
45 221 428087929
78 11 266957265
75 195 518469468
32 10 400936628
214 9 427166787
248 292 109207715
291 238 660438975
45 159 254082277
223 242 483282096
274 115 274938939
56 159 706026759
284 288 601673621
300 114 957499915
19 146 780064977
247 59 894963337
33 58 357024228
199 48 580569166
126 93 931887924
102 67 159991617
249 92 416908131
287 147 115426090
246 182 60789929
18 233 838300943
285 252 916163240
13 198 580180450
49 282 616667707
129 232 904974054
146 109 794057598
21 262 666661965
137 210 262148208
67 197 90563707
208 194 579996388
37 211 702436221
31 247 976352672
222 259 655198721
171 60 166141154
177 240 470904037
282 85 229926346
180 105 549806707
196 241 913827217
3 59 449443165
9 267 10164958
249 55 902698920
69 137 84544967
192 58 40800777
264 228 666429688
69 156 170972279
105 137 282481363
250 68 490393919
109 263 102185211
177 266 534763370
141 26 756070836
50 274 531930242
169 94 848126178
287 37 473338235
116 300 840263214
55 68 713052469
234 225 701712757
248 226 747785325
67 86 370448487
177 262 684366804
46 154 927587630
233 203 532623703
174 124 54427597
3 162 174384685
137 277 842660985
2 84 782946704
270 17 466145880
179 264 269668506
103 82 448353991
41 259 768545905
245 4 827171058
174 289 339427113
128 214 208012988
176 217 517473649
261 53 13642578
97 55 362949461
52 76 736366577
232 6 121407992
89 108 155951274
279 201 942181632
235 145 867378787
45 70 540129927
57 249 639848941
244 125 867178357
44 137 547972761
121 285 522495367
281 36 356314995
209 19 751144400
101 107 307285260
126 138 395186060
109 72 699213604
95 168 851988225
174 224 533617273
114 219 503561049
270 263 936204237
282 83 674207821
49 116 205551209
243 24 143863927
142 124 463847186
253 249 613854975
212 57 362433198
15 204 389269266
291 77 33790289
216 242 209041960
264 263 579981574
253 244 160251708
225 292 312801823
233 286 626514847
12 180 75315122
249 132 962637571
23 44 788212879
220 110 419419834
285 101 396388362
26 16 211483755
37 31 879368017
10 283 800530261
117 208 349982204
40 192 31522490
38 255 301328221
159 203 761651952
281 225 660196095
160 197 401206957
45 233 131640057
59 10 942661724
13 46 337833006
230 107 253358141
142 276 215961300
97 67 283710043
38 104 600468298
158 262 482599600
110 243 396475277
156 154 704528525
12 250 943512257
20 8 704765819
95 21 344814816
253 2 443640823
93 195 14011898
244 291 221246216
286 29 986825919
283 238 91098832
235 47 644186174
163 255 991849879
287 18 700993429
95 38 873037888
213 184 866950660
129 136 414616113
203 280 316564507
252 223 627810750
67 261 379877330
285 243 874092467
268 229 724624466
142 91 591669420
272 77 728950637
52 172 120624526
140 136 709352810
299 16 538001197
264 218 7411477
70 221 38577651
219 287 62693411
200 23 680227054
67 291 78810882
32 184 507436525
3 155 965599801
291 207 954362024
17 98 178489012
278 148 130279227
74 111 958406197
202 181 529398169
253 151 211985008
263 51 992992630
268 169 668552572
202 252 882851007
226 254 627737814
78 296 456722772
154 64 242843769
65 93 705567816
43 219 112027379
291 120 73754259
212 72 776108261
119 87 746450363
100 54 711389383
72 7 543033434
30 232 538084639
143 10 278009987
214 215 30917650
134 31 211193143
202 73 356837661
80 116 327779032
190 27 310078556
150 145 366429642
265 244 882092047
299 67 935876654
233 97 35219985
223 291 850754546
209 257 189358712
11 90 377005142
153 291 249005767
265 70 763766782
196 259 155719060
251 161 784331256
144 177 495112351
91 175 956614918
96 159 756722666
32 82 523173408
278 42 860173564
241 52 863083254
183 256 942502996
249 220 357943818
182 168 35676328
141 118 751808788
48 14 810340616
198 104 70144843
167 251 74254901
232 282 65788134
92 259 322754528
155 252 23555379
60 134 936932887
256 82 567208358
25 263 242160825
52 155 124385195
240 202 580311108
107 99 344546963
149 266 352969413
50 249 493314794
135 40 468854005
262 247 468945756
193 58 870595189
79 65 775324422
288 89 94383884
13 141 541041690
259 132 194596391
166 238 255193041
280 87 826930206
44 188 224079607
37 74 117298298
93 36 219276196
100 228 393096554
240 58 433778718
161 45 699266507
96 109 225236247
185 67 616013078
227 284 534453967
68 15 198187405
225 58 681468292
31 147 755117466
281 291 741889453
176 91 665339632
129 30 314917241
147 243 257830637
5 38 736240646
251 275 579565164
80 201 368115300
146 20 298954366
51 245 872535424
194 27 139722322
111 7 716852712
63 235 777905054
46 63 193474536
86 261 738885578
223 265 213554767
220 267 306007441
283 98 915872694
134 244 445827213
300 46 427833909
275 291 233456036
148 102 685024594
259 216 149299428
265 262 871893443
300 47 286585355
277 21 92641672
43 240 515298638
136 275 875602036
129 108 708005831
193 159 210697428
202 185 65145118
289 32 731499071
82 43 951648739
162 7 390933752
4 6 364271350
158 34 129492171
29 128 127869562
219 263 86452336
206 143 78388496
188 88 402632406
215 289 931719491
284 277 657888422
207 110 3024616
45 271 40000422
248 26 667323079
197 184 771361812
167 264 270704092
129 182 766324654
116 139 731645249
211 26 759976736
217 292 131669376
159 276 80179204
132 234 290530813
148 278 617056336
169 225 79132861
248 173 815862096
111 40 67369360
102 220 53985993
108 35 503830384
8 298 272392009
243 266 275401001
218 176 430518828
221 7 469244561
85 154 195743290
220 75 948766
81 74 249132338
228 236 69786177
39 38 295812548
84 197 161147435
267 204 596695684
227 198 5089701
127 115 318048976
54 87 45978282
266 171 44418588
155 91 500853962
20 223 935123835
58 202 971106370
186 241 879505659
234 24 279162707
120 42 49206410
3 268 507162559
203 95 79667825
278 200 846901411
111 166 951910482
98 72 864267724
159 92 663105998
45 149 16803751
115 34 140213991
273 19 644871766
80 190 182091107
141 192 876780375
152 146 856856921
276 175 552839572
187 286 433972889
20 83 696000161
295 294 192386504
244 38 467231552
94 152 147870537
185 177 530116008
102 8 775115397
9 200 332080741
235 103 353585386
7 79 10194661
30 265 200403198
219 36 116113232
231 30 110695077
34 273 266756215
37 118 260435718
73 2 971239246
232 104 678329505
229 164 283429257
169 98 293701059
6 156 788812737
18 185 468182053
15 103 283719488
199 85 804725469
75 118 694305993
289 206 969264811
159 279 622332264
204 210 298380119
61 190 179499482
117 58 847503431
275 116 159248886
212 133 520091771
216 148 216521325
204 98 944537710
24 172 749043779
117 213 97271085
27 71 989606515
42 26 956166076
161 86 624581518
142 202 474417227
25 229 711774942
10 192 199365675
232 107 990108974
257 10 200118071
118 34 940088042
148 202 181807806
84 280 480680376
50 21 365494054
278 181 809545639
95 75 801297093
73 99 634449473
115 160 245299164
289 92 954544570
114 100 898421532
284 269 881655517
77 168 451068870
83 252 723410049
210 53 173527669
63 30 99801850
54 176 386764776
298 249 176887174
170 115 334450633
285 103 232063276
206 268 233730075
189 3 989021443
257 131 99497511
226 265 514945714
174 175 77488918
195 289 890776848
96 94 136940075
71 91 437879475
144 12 505369989
128 296 391293643
204 202 85759410
130 90 641401712
25 99 850824943
87 24 895836907
100 198 109634333
217 92 5194922
116 187 97097015
243 9 39154058
17 204 613299169
206 31 769864217
248 286 463393770
10 116 444825711
73 140 448331909
215 226 924981233
74 25 450700082
158 293 199016125
231 161 122247563
98 103 607159171
55 119 683154474
75 76 684684104
91 76 696327690
112 85 951815305
223 157 145201096
131 124 523466221
63 249 306589097
296 106 719542289
20 37 210651701
282 186 211824703
252 240 865973474
125 66 825951649
81 209 188085576
22 20 333101960
78 242 459951569
273 73 566942992
93 187 107462192
289 183 486110797
229 254 265632785
30 236 543125170
284 187 210258361
57 64 880331527
258 196 28241587
233 217 412349606
45 46 329997648
13 18 82033972
156 162 593439810
247 150 314915244
143 130 445476398
180 211 107370833
101 195 760274071
262 3 87340586
240 260 773254481
126 245 219376149
31 289 377520894
230 1 392889811
201 156 641465472
163 154 429836973
6 48 330062955
103 227 700278765
187 28 604825459
158 41 762192862
243 32 850848973
224 157 206363017
172 239 14353305
218 221 587287757
228 173 492109364
152 35 836280317
276 41 958427765
230 195 976700843
95 82 434224722
205 239 541257762
18 233 883164193
91 208 488185601
159 132 768671592
216 49 54619812
272 28 280580584
288 179 39993719
156 207 500290811
72 136 106948257
215 282 114820538
188 187 989214428
150 204 964954161
194 46 520326920
147 205 169676151
38 120 143039099
201 143 538338279
184 182 144522809
254 38 243946015
116 161 166670851
173 127 465492432
10 15 597752570
190 164 325644126
2 109 500016071
21 255 32264127
224 44 936741598
174 244 653252593
152 180 673906474
61 185 540016263
175 1 62526076
177 225 365620402
109 286 736040316
30 175 567559931
155 176 743343440
26 249 456609146
204 172 476028642
202 45 3705385
146 249 877769016
219 9 285696901
134 235 432812553
209 112 573547877
110 272 675239762
78 1 727102637
208 156 399123364
199 233 211628864
145 136 481778935
238 89 910161732
274 234 182599180
190 205 296130440
42 90 642185174
194 298 239950585
270 159 407435456
31 236 742392357
19 196 422981764
235 94 96703396
98 290 500854083
185 227 719659072
16 201 111403657
147 142 349994313
286 183 975447302
59 76 902805051
296 97 497687962
151 179 496136349
59 198 465710144
122 184 854785490
169 281 119971531
52 165 884780558
75 232 710467010
31 78 474799903
296 63 610959785
297 174 256791912
48 169 133327808
61 71 620839938
9 130 593914587
205 3 304191470
194 172 815815803
224 275 610566519
233 49 598605351
194 131 667564180
296 126 261057095
32 175 21269268
143 222 40667636
102 34 431720358
240 42 84303439
78 246 421398642
48 139 244742065
102 115 55187791
20 47 719878539
222 241 907767021
202 288 116331199
296 20 321018373
15 214 277149946
202 16 482413879
159 7 432946520
298 136 299490718
191 183 84315608
255 36 907392722
45 56 358535321
235 29 148210413
255 230 751217900
153 277 631033919
277 291 896966733
22 192 534860500
100 103 165555158
272 100 382965293
89 290 343798728
96 296 863871263
218 40 406265770
138 26 569587599
50 32 873917280
1 237 727795557
272 213 857524399
104 235 303771443
55 34 498257045
64 5 525284644
156 145 511285585
235 241 848485580
50 210 444588771
219 99 19473696
169 148 333423727
101 200 502770063
257 171 848531076
207 26 500373062
49 80 88193547
293 195 44939052
88 51 227649348
172 37 163090988
3 86 463689397
173 57 487979895
68 277 384172894
47 77 903486294
261 85 381986716
36 292 864124542
149 92 589792973
296 85 724547168
199 224 503868770
246 96 271556506
234 150 596514344
182 23 32491700
229 90 706625228
122 188 787799505
267 149 561359141
283 236 32312184
76 85 504430076
248 80 328486212
15 278 29765235
236 223 972069082
142 208 3883332
185 142 569796754
36 70 541799395
215 243 105831335
171 210 912146283
212 244 514308018
295 19 265205954
170 18 548000933
181 85 965181062
168 20 891879337
249 213 343703096
232 149 784341737
185 236 554291506
32 151 890241649
66 21 548194810
300 232 910137705
117 279 840194875
71 148 928159292
155 81 603610828
269 248 665385548
5 248 90072660
300 180 326702861
189 116 555251496
94 199 334860146
294 264 158361019
155 263 882080550
259 132 95879980
185 254 746640328
129 160 720396860
156 128 194398459
255 132 140714206
267 184 268260137
127 72 294316653
222 217 465715851
220 211 888289067
238 117 474182581
239 76 737704412
219 260 649093217
46 140 903833577
57 296 319622904
15 250 640856888
220 216 358722271
109 42 110077142
61 16 154245710
263 235 676436920
129 172 782394637
10 110 382256564
73 28 316217575
142 125 364953315
18 181 132074610
73 247 987999711
260 219 22801279
82 27 710665820
223 87 164393887
85 101 13812921
104 230 122316644
292 291 519469254
7 115 6183433
282 256 329099510
148 273 208614342
9 98 839126389
171 57 213866207
249 139 601093933
69 113 147642571
255 197 319227971
128 53 856655552
171 44 234107894
76 103 189289409
9 136 76326016
118 283 94018589
159 43 119539086
199 213 793744394
105 162 622840432
89 282 274453397
211 288 197796293
82 115 774338745
285 286 638991741
179 61 26528195
187 121 400649330
202 290 978824812
242 201 450678306
79 99 99176818
25 256 799637979
56 44 115243960
4 255 62905000
97 88 951401314
293 72 608082251
285 250 552417064
79 188 790589184
8 142 356730826
271 135 754423626
276 266 675310324
246 290 38289831
24 97 739423375
136 101 483902581
235 197 590955420
200 241 64721091
151 226 844340193
214 4 119102132
149 12 112816573
74 282 477051160
251 10 478828625
175 255 764409714
105 30 809151210
131 217 887506510
163 203 49788258
282 103 70335199
225 253 440655424
169 218 187277127
52 118 563365990
77 244 547746824
236 194 591097933
60 120 497628839
173 277 214461168
134 159 561871585
144 22 602765087
101 55 141059341
299 31 79803893
122 199 528964862
1 251 279131432
190 27 834518075
165 14 802064768
97 73 562114540
35 297 447924516
55 130 903950774
291 25 266612247
129 178 126864354
70 228 549428184
14 102 83676635
176 102 996195485
207 43 957350363
233 208 444192428
152 56 83033952
191 143 638284648
258 197 624128429
132 187 928071806
130 15 747386683
183 136 4924610
267 150 141341011
1 25 196429364
37 283 881039307
151 267 447950366
278 118 635744121
229 9 794565763
228 266 138876459
108 149 935580497
13 31 787442964
147 213 835523199
209 231 12141448
71 283 698778924
87 71 174567058
145 273 274023924
110 250 651730642
130 230 722318102
293 209 81194467
103 69 189859568
152 133 462409298
267 280 878224362
217 240 134216593
17 62 19095327
192 148 676539698
50 292 768932770
225 101 740466972
218 283 674176253
219 27 60861614
238 181 524651482
157 84 846134014
54 102 625212245
267 19 719327136
111 87 269819698
238 278 178151997
187 79 472846989
108 4 306887741
31 221 316018375
184 192 442288301
49 181 382123034
282 37 218586717
295 90 444155019
92 108 746867489
127 219 138865575
276 156 23960904
273 94 724204183
13 201 218652038
153 232 159035110
80 167 267671501
280 215 330788381
113 196 538245317
82 242 204967958
152 85 209180666
240 264 537616384
166 239 61886791
69 263 458531584
51 275 201516236
88 180 178791367
98 259 769565933
50 290 887217899
131 155 56398746
299 236 123242488
9 139 417994072
74 78 659980635
109 243 971538226
299 11 678302488
34 114 958153115
269 201 117977846
188 50 621278704
220 100 467893045
271 282 334911199
216 280 145952586
103 288 345172224
127 113 531953953
113 221 992646995
38 271 456244958
278 56 794435671
244 25 78387523
89 212 614619273
192 183 375835124
88 205 840307105
87 121 251313236
124 275 961305124
248 153 737012488
252 266 263535361
199 55 602760531
156 84 918252287
278 27 411526863
52 115 261375626
124 58 89880860
47 146 784260465
3 284 253429537
239 107 620630563
214 106 303857616
1 58 668124033
61 256 832451687
144 163 32692123
282 140 521965749
196 191 270766764
21 67 752890221
132 165 288745518
148 168 360727501
284 158 967305108
147 71 306166913
214 123 909266870
246 236 474284677
84 131 604948939
6 112 948211678
7 7 287493121
70 79 237412539
242 210 321288703
260 58 84461422
260 93 925727579
119 291 511425001
32 256 578566176
53 253 538170111
30 37 698030041
220 94 828914604
250 100 342350662
170 221 499713840
208 163 95917701
162 174 915222710
284 133 63574755
14 4 309088045
167 35 660652901
142 139 786393353
104 220 371277441
196 140 447997287
99 89 686002286
60 10 61091907
151 269 178672721
203 130 474973894
13 165 163239278
267 231 210773981
263 97 776261267
163 290 768968006
68 93 368211577
60 40 473908216
146 138 591818656
84 249 156919665
242 151 259140133
262 53 72285115
207 65 828299679
36 83 157944109
117 46 425159757
35 260 355996446
40 27 193656990
17 139 636171429
184 284 364970718
140 119 722405518
156 60 208189668
141 73 770757221
255 279 177847237
233 15 640518120
194 183 172890617
250 217 583101276
296 9 362576155
237 77 882592693
218 12 443664528
35 151 731793947
205 59 660589206
172 199 113755731
244 153 861234709
133 137 623814475
52 30 612269009
68 280 750343226
95 27 364554186
149 263 118080762
41 180 189863873
269 267 171722176
67 171 73091686
224 94 300596184
154 90 631553488
115 222 41746924
89 25 541636954
50 144 408899685
175 238 147015211
112 87 654673225
73 179 568045157
97 199 104618075
272 265 134281145
257 189 422773090
192 94 888334779
279 208 413846152
255 297 787308976
208 98 34130219
244 272 737411157
254 83 112244295
278 207 41222325
286 3 115493424
260 27 771884240
156 35 670983980
146 227 926548374
276 205 252328481
28 211 124655129
155 118 155797326
74 61 948614649
282 66 867661283
28 96 31017989
252 81 333581344
75 41 94557170
215 196 92069856
46 93 921682882
219 121 919982439
52 200 128715449
180 54 942035219
158 179 768841431
106 160 756149297
241 187 263664744
281 139 154400224
24 265 238006516
145 231 796248412
1 277 809448056
134 247 313423876
172 298 574538375
173 230 232616881
291 87 469273259
221 244 874435019
269 184 265379157
112 165 830811647
88 240 686225912
103 137 308538894
66 189 663701870
122 22 235812269
49 246 572165866
176 118 354966847
56 108 34979833
114 80 118368529
84 101 620277864
241 264 424242180
39 51 863842820
102 206 591186008
96 271 993308896
65 144 844410717
85 193 916990262
51 120 192279331
297 175 907280438
82 288 388384070
162 124 391739522
125 64 328495185
5 154 58083988
176 256 965996093
235 51 553512615
130 167 630081611
98 252 509126955
12 54 617703374
42 102 188427748
232 235 543089687
201 96 556124210
74 273 345426825
158 29 741809179
97 256 284013534
241 190 133095136
56 19 100239502
118 168 126291605
72 179 930900958
145 273 721550760
144 204 238253546
130 156 894345142
240 229 867652466
164 138 877384994
294 235 344934601
27 175 156454590
162 282 10286560
216 99 750841227
220 170 141558
278 66 97950530
189 209 804064933
34 91 211901540
27 82 8167168
44 245 226389705
37 291 924653139
89 69 773986266
278 231 475385347
289 198 363964698
116 117 96334919
225 146 290199385
254 86 839018545
238 172 433365735
77 250 481881516
196 294 329992713
100 82 719508503
291 171 786958771
108 148 665438653
154 189 307704002
103 56 135013719
222 280 635817816
106 285 531667054
2 274 208298625
237 102 265090374
4 297 569694767
68 148 852013149
70 190 309496471
193 297 246082970
297 203 524575558
299 5 748331813
169 226 917493292
236 83 835043228
89 85 452530201
165 73 834372102
139 76 841252450
157 144 847044598
257 265 333950739
227 209 370924436
97 206 138383738
154 256 852809694
19 124 905504520
162 111 144216654
290 200 702931938
142 64 720048810
96 254 677448786
45 163 610157281
194 119 385166445
233 46 494467754
20 194 456016211
9 99 724999466
2 117 141463941
273 279 341227451
27 20 855957050
164 161 598984066
126 256 835398871
111 1 134896233
43 246 54522004
187 178 51256301
292 197 371182094
2 205 243907644
19 259 712732061
159 231 252697691
110 257 846331410
11 173 651196122
276 298 649147578
299 160 386470930
131 202 710210775
134 140 806834205
234 184 47265653
279 185 569888858
123 204 932546216
135 62 893258598
125 223 743726307
186 234 39397631
159 261 647805028
36 259 803946339
17 142 265462492
244 275 417519931
48 261 459619114
100 291 847776251
109 113 306990806
76 299 126210367
274 175 204211442
232 112 691918375
62 271 893347935
189 58 643898994
279 75 930984135
270 18 809125361
152 117 329578973
166 268 863527064
168 77 507393628
73 204 973910727
91 177 220808753
32 160 241902765
206 221 540905235
93 161 619480092
186 139 864098266
172 108 690003235
184 260 904029203
209 177 700925471
224 44 355613599
51 168 800639802
229 258 781779031
282 290 42757590
146 247 475489463
32 39 875263323
223 276 898541862
241 199 663303921
27 83 587069432
230 43 981973860
152 266 695793455
150 68 35519022
103 297 979877280
285 30 585596021
27 227 544593619
289 258 897701658
163 232 846368185
176 172 469060984
297 199 279938118
180 180 608578560
292 31 23542077
146 232 179705944
168 86 903497240
199 123 120757421
271 149 220872899
289 189 892232556
98 51 311865540
235 227 638837411
218 275 120700461
87 206 808967540
298 197 109596822
174 43 378201905
117 262 415422591
109 212 708070613
129 234 151419913
128 274 220959953
135 72 939437703
74 6 762944081
237 275 354783007
49 61 154540265
289 110 291673361
62 283 167008455
67 99 816064568
209 207 71235331
173 88 518116764
285 215 553818838
37 101 76043209
191 227 636190766
24 163 703322492
182 211 557376504
246 251 659447713
207 13 33078195
13 131 857973893
81 39 742664752
111 211 955391839
75 247 569544405
64 35 477355005
124 225 843205531
189 248 158449745
32 130 543788108
235 127 808188158
247 33 766279422
293 46 796263804
137 178 313563894
188 40 26250304
26 166 643292002
182 229 680616236
87 52 930177061
269 292 859951260
66 23 824721841
73 257 979029068
82 255 467062652
156 247 455831049
59 136 613915178
53 23 160034018
8 101 464820683
210 282 82094012
197 120 792929915
109 141 381002807
21 206 254667881
61 278 118785290
280 111 632802744
284 266 534831143
84 77 682844378
62 129 672023552
79 188 605244152
13 149 757083286
176 46 752379605
91 154 139371345
49 174 929024602
29 287 812611131
18 18 450835442
14 1 315009659
8 85 348881235
137 198 866014063
288 28 450207503
292 92 39720851
277 268 20203048
133 110 469314802
130 210 804556427
31 290 998133413
14 8 586623883
55 73 184574135
113 80 100331571
300 216 947811368
262 255 739563895
216 246 792926187
267 222 42508606
114 107 281241067
167 236 890126376
94 18 976348765
58 31 658693524
40 85 569963396
127 250 950022227
297 1 481714394
65 262 837063449
211 230 473829894
149 196 1613368
54 61 172793474
120 228 979257909
147 73 55063978
112 182 507790109
135 274 493304445
283 100 326616646
261 96 356607946
155 160 301808760
3 71 612426589
148 271 180698636
215 25 174311596
140 196 767612975
300 43 912642847
178 206 165083681
86 92 406526654
130 74 674062253
176 87 68022048
273 241 388733760
32 295 375761282
20 142 674547152
255 109 180116328
3 248 321193524
277 300 692937818
76 177 419181623
56 14 11134814
9 143 891277140
113 70 9630826
260 95 700426618
19 126 948211612
200 198 79332053
104 152 800434013
31 154 431794613
154 183 805188112
123 258 975678488
245 65 156088553
211 125 134690047
2 237 90615969
179 196 380474263
296 267 306073688
159 218 332357185
163 21 640023389
276 52 403383894
88 257 390051676
251 132 217702285
290 76 51419401
42 38 445213325
288 91 925662661
56 21 413305809
218 68 444360175
258 226 99619744
142 89 348598965
282 116 76446868
276 255 604356976
151 205 625267107
88 246 410875235
88 287 972316172
213 274 758416115
25 82 926289535
33 299 28879403
59 8 14397328
3 150 667208068
267 183 787745635
86 158 955288289
161 61 680056845
68 148 937729790
102 287 736912028
225 251 359777254
191 276 896941435
126 8 581395185
180 67 719212193
159 69 495265994
227 87 549579976
213 172 285538034
154 84 945708194
298 203 600309093
140 56 300760131
19 33 639758282
172 223 395482557
106 100 833755116
143 279 398936134
135 138 190645354
28 116 557481740
103 28 280924863
88 181 112815347
133 231 383453001
77 122 798680357
8 140 35846289
189 64 853366911
97 169 30048111
12 11 447285641
46 197 266960478
199 224 861313393
191 79 870606373
105 218 250127705
103 51 679934235
4 127 655304808
260 186 60635100
300 74 255702363
262 170 137448031
24 234 992299994
65 31 539470442
242 281 421709018
287 171 41112048
111 276 683217565
115 130 146250115
50 133 735551494
209 144 899365479
208 143 129966705
270 105 822837726
253 128 811733659
298 192 200623341
239 186 475119422
156 224 45219992
203 34 896882619
220 148 142922649
286 249 19309433
179 158 472206977
10 117 242494271
266 87 331021875
91 91 325386955
202 88 967842446
42 78 82897883
163 234 679350306
207 188 332838791
277 107 588458339
177 145 683692239
262 75 421328948
138 84 862003565
260 101 113934803
135 192 314570693
189 145 308727580
186 238 488392257
121 153 275273742
226 111 710484082
169 87 477240840
207 16 574310484
297 277 589760859
245 166 275473794
9 125 761415995
211 11 722941538
255 251 971784082
34 137 413599671
242 9 818475023
84 286 936662833
217 154 517562072
156 112 704095387
240 109 220604915
98 53 539297632
143 113 50151456
237 75 641737319
274 29 934409469
207 62 601043057
78 55 724535965
152 190 836754851
285 106 270538504
256 262 466861616
294 253 109416424
60 102 472048228
291 244 416760592
98 233 204971966
216 258 3769394
37 165 974396807
293 294 457762813
258 145 876624803
260 181 793983208
63 188 539595221
30 233 687771325
105 292 975756026
284 34 384055822
275 132 821570354
40 99 863757511
185 187 334917727
143 180 648650672
208 189 623431369
110 148 48439001
169 262 588719289
242 44 505916673
266 148 168119717
144 184 114626050
265 158 100619833
70 250 767838384
132 186 50691170
111 81 402737601
82 288 695997289
250 97 472257788
51 17 2057602
91 258 752258345
63 224 537309144
79 67 829258227
181 83 897382537
113 204 94137686
248 87 980842123
218 197 679376303
118 279 352535742
259 280 24428890
298 82 341555307
299 224 696026564
95 287 775613987
91 117 261106305
269 49 536559339
5 214 423543442
42 161 490848829
17 130 73393225
19 300 672343655
113 10 911131487
2 7 985679368
208 58 42255644
72 204 29227930
210 294 672264998
167 263 85992899
205 19 518515112
147 113 590186372
227 129 56730554
203 199 615852553
210 11 668582362
196 13 687177768
15 220 378729077
58 43 642978281
139 253 869750874
89 119 593337788
87 75 711121559
298 273 317239871
121 199 97567551
74 154 878964549
26 63 866482960
39 10 937068024
7 76 579758695
135 134 490581538
115 24 150183242
141 112 819670112
128 250 35601486
238 299 74037159
108 120 278342309
158 245 721910162
159 271 929600724
170 9 517578185
193 67 619005561
187 202 128654846
276 68 75753969
69 208 837600633
280 88 647671382
18 25 876997681
276 185 968282252
184 94 125739296
298 252 817737718
121 173 712859879
58 65 350799897
18 4 110286850
163 31 634299018
31 100 645103625
115 131 441071164
149 148 28290489
181 123 281550525
32 59 445902470
127 56 400310874
297 228 863775046
175 285 625879363
171 2 266382518
121 216 275866048
190 299 509545899
114 113 934575830
230 261 439073677
70 141 949592952
94 224 891959610
263 103 693116517
188 99 430148044
234 25 325665081
96 247 146156834
13 119 20278150
12 8 876299348
111 174 404337412
92 103 252063725
168 172 148992317
171 17 63405441
232 31 826075095
48 219 402222645
144 204 504707969
224 51 189363667
57 63 861443886
106 126 7763993
205 288 978460318
169 79 362087672
93 299 39452895
261 169 292106511
53 101 270983694
247 200 671362612
43 43 62051015
111 266 68928265
178 75 958376879
115 232 858779256
59 189 427164944
177 57 303142474
148 201 73269172
43 161 392170693
5 266 151806645
298 264 45293544
261 7 207812139
127 169 112511156
43 98 905547430
73 212 459715462
229 271 503830950
124 199 294747658
97 46 232012958
69 140 169651870
13 197 23586187
57 194 767374651
300 207 655756257
38 33 45955325
94 76 127335523
275 148 613857086
36 128 660767656
37 251 951560254
94 100 848322552
103 168 390507443
273 232 870221439
159 288 410964585
61 287 684099491
217 77 456709875
294 222 945207650
168 196 665518750
5 284 476422429
61 20 952567280
66 166 102128479
169 268 998375198
164 292 33478129
54 203 211760268
138 263 873482454
180 232 784005882
255 277 350809003
156 196 184471951
257 200 892193834
186 12 682838305
117 130 998636670
147 50 776634590
96 213 186483933
276 267 251770887
143 156 887353750
48 88 306537833
30 94 555278461
284 1 760911156
134 258 242325707
19 195 660289771
224 63 966363600
45 261 566418801
186 56 145930114
19 83 132668032
105 277 937597139
206 24 97333278
290 105 68586323
50 141 796563924
57 274 651817533
264 293 110769579
286 268 125987341
137 12 504632001
37 198 97595108
202 268 938354790
85 124 91187666
176 30 282092541
53 19 295075298
76 121 480944938
151 177 24173411
183 192 521987255
161 229 804708422
253 65 576006286
253 102 759999083
112 55 100719802
53 140 144906625
270 15 632429654
210 119 574859425
7 246 527474397
296 96 251185725
259 30 988319117
213 190 104197045
187 142 417699462
172 146 790212463
106 9 925215217
7 61 807892108
31 30 375840274
137 292 726392993
13 50 633169290
9 46 40216738
233 4 599352867
101 268 273863609
198 154 189736302
59 77 851602948
73 234 62091356
141 292 612072669
49 75 740218198
74 211 286169541
166 275 839969291
8 283 735078736
245 267 700703991
211 120 406315958
119 17 361655764
221 127 142729692
220 251 362053178
227 91 267829669
295 191 857482143
145 265 615956605
285 182 118112479
227 189 743940513
162 185 744626432
204 96 108489351
162 266 644759019
77 186 918618545
120 157 277829447
97 84 942574237
66 130 278294080
160 26 808312896
217 63 111540029
247 289 968628418
12 203 124827502
43 106 179490149
245 19 553963615
163 147 290500552
259 267 93220261
5 63 24214096
193 180 695554725
272 40 405009403
119 8 733714965
148 254 374157053
117 17 913930755
270 59 906256413
219 3 904933631
185 217 976650878
88 175 116654196
148 231 981964058
43 124 545442838
120 147 517089029
222 266 365375588
86 165 208414993
290 281 642664110
97 250 265265720
9 220 184709175
291 156 45753491
120 244 472049918
215 91 888911548
73 134 91428971
162 253 62928970
42 226 759208087
229 11 291806351
121 300 334384883
30 96 11771184
50 156 503455404
176 147 68433859
166 18 849723454
83 233 88028097
283 57 955045530
5 218 703879534
174 11 887023159
60 239 90707721
162 59 689090272
244 141 448617920
28 242 275547075
83 117 779844073
293 34 938159791
147 117 867148423
143 151 253806731
24 155 938544848
209 29 996000858
19 140 791550348
139 54 681091958
62 49 159806150
81 76 640442291
8 210 12742259
80 203 469943193
170 101 336611361
244 295 501658311
74 18 909029365
173 278 474169845
282 296 956287837
81 186 647189690
239 299 733776638
288 80 227819866
31 87 632774775
189 166 722107929
133 88 493026429
193 83 886074723
155 209 708814692
272 81 517642221
168 115 199580468
204 195 845337153
45 185 849035252
235 173 659292683
200 203 699140169
126 143 453454486
255 276 860395425
235 220 787111408
210 127 192441868
253 98 162415300
274 17 545548914
41 221 838425761
46 17 869621445
49 251 798942117
131 202 971862771
51 28 548609314
188 34 704157641
113 20 922602760
172 229 263152038
139 234 929802135
238 207 954271952
204 299 292849324
64 44 592723940
160 144 292705143
77 274 768096444
299 76 356705323
64 264 928123356
104 76 532926028
116 299 204671708
253 137 504691441
240 126 950627447
243 29 447092898
166 144 134392241
157 4 271626137
99 80 960538210
295 130 310334038
217 194 69435401
225 297 803270428
252 112 298950526
259 117 601433914
200 56 20619539
98 298 954572668
295 215 94235411
288 123 161745566
124 222 103528897
285 216 743964527
222 184 484178120
174 108 880843668
201 59 856563932
278 70 674490948
191 269 969459555
282 118 695741704
101 165 146186718
63 152 471067592
29 27 258056765
125 63 127767032
51 37 436903716
222 262 966106523
90 163 100817834
173 192 193193003
20 135 747923471
26 116 273185740
29 216 511040004
298 278 300911207
89 6 61909133
154 131 312121048
237 233 509364636
152 155 723075297
175 296 609039811
8 168 466208703
210 239 748532237
132 264 329146304
171 44 310107219
75 41 343199448
233 181 885135854
118 86 744478036
65 23 665190520
100 174 131451426
148 100 24104421
59 159 52229788
213 120 595351178
201 251 917895441
4 174 273153336
22 300 102278876
69 232 433888709
174 49 673523246
161 165 96433168
81 16 844554894
258 164 883994945
79 274 463054804
118 186 627443823
96 86 977601826
88 89 934198199
124 162 713305650
251 282 910802681
11 208 146147482
157 68 878944746
76 200 323591814
221 158 498131277
166 288 716635650
21 105 297829987
295 252 137730172
220 92 270515212
70 267 153775973
271 217 983228254
52 280 349040613
285 136 143174733
82 263 30821132
195 236 848463941
223 153 620207580
224 173 398281837
110 219 778037888
81 191 234920231
192 260 337049497
216 231 39220914
222 34 332872245
134 70 186494032
166 151 549035794
150 98 970085129
42 20 186153333
222 244 955262505
258 53 314921876
297 186 537700566
128 129 262829477
224 45 203614259
289 18 123373944
85 151 168256013
16 69 922237916
210 218 856395113
90 259 173891584
123 232 591362979
79 241 406639284
254 290 757450669
71 117 619345049
148 92 293582045
206 133 615906262
50 217 935358313
262 233 100145633
129 194 436056650
93 35 349104360
77 209 459496344
107 288 312998084
190 293 392680173
210 64 933462841
59 263 272395585
3 168 448699317
265 217 500278985
129 231 908595917
61 111 780234962
262 204 232764897
173 32 304855405
16 138 804285344
100 28 45976589
224 237 715113352
165 295 779557814
1 50 442924233
217 66 123553850
101 194 547251732
270 6 783739442
83 267 394444797
179 191 700743028
236 207 146513466
279 58 138395393
67 281 138872181
270 197 914772528
135 197 759678477
168 165 142012642
169 18 849649687
152 39 982735244
245 121 977325962
242 52 35042552
269 287 615381358
186 17 883856815
130 136 85665448
11 105 154270096
290 292 509549993
266 159 157753509
59 79 894126926
97 230 332298864
192 226 105020637
253 167 592540788
256 188 952231074
114 73 693409542
80 203 157020077
79 265 763208734
275 254 291533325
119 271 37434435
127 81 124465913
153 229 804912194
268 120 862512719
204 124 544228638
191 79 698286625
216 244 323716497
258 76 263946351
186 154 805332015
219 180 715162368
295 298 458148590
229 125 323786970
293 29 866759898
38 296 922318969
9 200 615273792
146 142 685699623
222 58 896461466
18 67 688965193
69 4 296359899
135 223 872915678
103 269 780698876
144 198 29979352
214 242 662367680
263 32 715195427
184 40 440966878
175 237 432222820
49 158 346227029
167 227 876389047
59 47 179728950
157 182 871971824
135 36 244650993
162 179 187717242
65 144 678152835
296 159 520869966
222 42 283414057
100 268 510013745
171 17 46439302
299 183 773956281
297 241 251478327
246 150 136853808
222 36 850277795
114 197 144866174
7 13 901954969
141 8 135787727
59 229 621199768
15 80 825981236
12 250 288348104
165 300 52245486
245 296 511671278
124 294 110469027
183 215 574070762
278 80 535691710
3 86 25311222
171 278 410329681
250 36 700909810
69 103 43051189
156 114 721492991
259 30 229945890
244 275 149831638
222 98 808362831
100 280 930027645
14 9 464509776
123 11 894493761
297 234 455681490
229 235 963910226
38 3 260143080
279 159 1877445
221 117 88068974
110 113 145190300
47 86 572203397
29 185 63511129
225 198 616874937
200 73 82193700
12 121 361422385
102 49 590348719
279 139 242688821
258 117 996940279
154 89 993967548
27 198 433499760
227 297 679724545
275 25 695627281
55 250 55278731
92 149 294370603
243 161 143246823
27 14 864753423
45 292 307283861
117 1 218922029
48 154 321160917
95 232 696462767
6 210 642142863
2 185 671596739
182 239 862335688
12 82 383902189
266 76 130790001
40 102 558680614
163 198 336516957
175 15 871925757
4 114 19300810
272 208 571743793
138 265 969412303
52 266 489542439
291 147 195645329
230 211 704595911
70 176 803620586
70 216 854141740
135 130 593991737
191 4 970892103
299 59 981783116
260 31 473148675
153 220 878488539
255 272 730043604
293 14 575957503
73 295 471508965
183 65 858552240
121 186 437883207
212 21 74255288
148 263 222435992
203 262 806380050
18 221 999764732
93 73 646536452
183 79 93870775
239 123 13364440
141 196 267353134
57 130 92255398
96 2 471377584
155 213 815916656
42 61 609873218
285 15 430205731
287 84 443698652
18 176 927128476
21 111 997391155
295 49 849061829
34 241 972753124
68 297 630610006
217 144 773736707
252 50 108791320
7 92 82281932
77 128 665100646
107 114 691546929
110 132 634769457
186 204 225773119
92 251 342085167
120 284 117212159
96 103 317630355
253 72 359441050
59 23 828011100
130 82 650112143
261 158 48180170
158 264 681111584
139 126 401187467
295 11 854944270
13 154 988769120
131 25 816026456
189 172 604069410
295 124 297669733
244 183 515688656
243 12 779075537
137 25 550219946
107 182 406811261
242 20 645064486
260 66 44624448
129 130 602882301
1 12 21416226
208 200 125495697
269 194 545730721
102 190 908374355
9 184 322217918
297 21 869543342
142 127 67967624
2 120 314070395
288 79 242621113
35 259 226876542
288 259 313954554
213 218 621067305
61 239 465845151
281 40 207729140
187 48 527246723
105 44 74510043
46 237 750215621
221 238 87991392
168 277 636508470
180 64 955743829
73 51 886982939
226 15 98768609
31 75 195170247
133 108 473857586
72 294 155551985
246 98 19328980
141 196 615408516
213 168 203118205
105 35 427522534
74 266 480729597
54 39 670654399
293 16 166196813
201 98 945368887
47 230 258934046
284 53 310233940
268 299 126519189
99 191 577333136
166 103 730643404
170 207 605553090
203 33 444683308
51 86 622394246
249 78 10189513
213 30 524103711
252 76 482498340
97 111 945618893
236 130 293228443
277 228 599837033
212 93 320692987
67 263 838754994
9 217 348080578
216 20 99380863
213 20 684671493
225 233 350204722
35 184 143667150
127 32 538916360
271 20 544020690
113 296 30825469
197 259 762222862
83 26 646363776
228 86 110770744
105 1 636173363
120 265 745742383
212 189 605674615
85 224 866371650
34 102 934251181
146 72 972063500
87 236 106327795
255 132 619409906
216 266 389436883
191 194 874478168
135 50 371733420
149 169 503596884
131 80 280258072
97 217 78337047
246 250 380332148
179 147 984378619
78 233 36221254
25 188 988213437
230 103 308531803
212 46 540964048
31 232 181074397
150 80 33276418
233 211 77208897
256 59 73141965
203 5 607193715
2 183 775829561
173 12 123070194
278 36 532257433
215 17 60581435
169 280 911955032
16 10 492116263
264 211 142271195
81 143 903129505
30 151 937914863
194 105 112998919
60 106 362632853
21 30 658880165
266 8 960585000
150 274 592189969
136 142 238099248
168 209 477823710
182 172 830580420
276 253 652482615
32 34 223788365
147 227 475351069
265 287 640019226
18 59 702171456
82 24 550545363
233 225 25870736
153 60 289195729
1 227 28968037
210 109 131294760
81 84 776935964
95 116 895616897
11 262 560479524
279 278 83750262
157 47 388742320
12 180 303558595
226 165 360456519
113 17 472533878
141 69 551745705
129 278 795240965
40 111 492774500
204 257 399992167
152 268 307325180
275 298 327772458
136 154 676483204
107 165 12337584
101 142 953300
19 254 529487616
297 146 541072485
253 26 513531614
17 66 277445424
216 21 337812881
35 172 918422348
114 147 199657597
171 34 116505151
27 141 76169167
62 241 629195009
261 12 506486114
176 8 144721860
212 12 277902985
226 28 37324250
49 295 52437970
181 29 71377394
280 143 949589340
77 65 328373125
27 143 743954717
245 204 499892710
5 216 956643621
19 144 439257680
230 55 499480591
114 280 932553318
116 81 936283064
137 261 58145645
30 293 752949887
121 69 906017303
298 147 341314746
14 143 776212501
23 148 359147517
95 166 472123760
174 95 656213714
264 260 277465346
133 127 760807726
297 264 149086438
241 45 360723830
79 166 595377498
33 163 674585296
78 228 822000039
131 251 519333086
47 45 125586903
158 271 785483349
23 234 776925408
168 119 842270035
93 167 886471550
31 107 128390994
260 237 222650411
10 269 645106573
257 99 844746901
295 229 321464103
232 27 31901799
34 184 415317669
282 258 823708655
242 126 189628073
28 270 301875339
129 52 218596097
222 12 545256585
233 73 187874105
157 29 487763403
9 76 926169683
111 7 9724109
62 41 915583144
282 74 152476854
136 67 292837879
160 146 802506648
298 274 830569600
46 196 737750563
30 180 971943387
35 88 207733367
189 97 267120542
272 259 521954349
132 20 97821689
228 2 485238614
281 189 461130533
211 49 867767478
110 46 444137352
9 144 171147499
23 173 271448330
161 259 390146417
28 148 224505013
269 171 948504572
217 2 446563243
257 281 133998696
123 261 834519585
55 171 442786685
132 281 408158982
235 41 801748925
285 116 21329450
214 276 402258308
231 3 284815255
43 24 447686325
166 240 753111979
61 249 116675359
8 71 543369672
92 125 326032794
28 8 119687726
10 295 754904067
134 279 526981434
183 193 702830509
191 175 195217364
97 269 418746187
174 135 747887678
252 247 280463526
62 254 206745048
133 98 135346424
127 125 934035132
152 134 604497578
270 20 612848556
203 254 935569100
164 196 110289274
127 293 214030443
165 166 47813529
142 169 58201775
120 230 84226580
167 63 107891177
91 241 277014954
74 92 147240539
51 114 372833210
58 16 122606064
10 179 651333759
83 57 96347903
177 273 905334820
105 167 831406488
31 286 696270970
263 204 190781584
291 46 640971124
144 119 19043667
235 221 79903280
44 31 350531396
107 40 238791226
118 122 939900135
172 299 872604307
92 155 489824125
231 238 219506762
300 200 268397266
183 190 624358411
58 34 73941682
25 20 221644654
104 63 680315884
199 222 238040823
277 91 857625097
111 262 753099147
269 53 972276501
294 36 130907990
107 35 608187489
72 270 217038879
135 27 86993464
16 103 365291783
169 207 277283397
105 157 93058018
27 133 168982108
175 295 601403570
21 16 148173574
74 61 640698609
63 167 627765996
252 239 300157317
82 125 298843695
245 192 642868798
179 112 264652256
175 216 662209112
145 295 926846945
152 169 703498591
173 242 12252006
299 15 195447666
107 129 472592333
54 132 964599623
22 213 295827947
17 209 392735338
166 139 476966449
221 66 81353517
184 210 591421011
228 113 717310379
71 286 64637120
176 284 458194086
94 142 28889267
126 248 532393798
200 269 38262911
46 37 338522771
135 202 945948810
35 174 990340775
151 58 417273036
261 37 543211348
292 107 822075633
263 35 107072168
1 128 38899562
167 5 245323809
164 204 879018577
126 1 91343914
297 187 377684967
58 221 150177641
184 124 923547398
219 84 329673886
118 127 367022993
3 90 752879427
170 90 535207206
231 256 334082310
239 171 819137065
268 297 286199417
281 45 128004703
247 154 526552075
139 37 710678698
88 7 124321934
74 176 484792160
218 178 709242849
44 48 960900790
101 30 416138897
110 269 607350968
126 236 425316264
142 268 61073908
44 266 165605413
218 105 24218849
268 192 611736307
101 17 618852782
60 234 720160260
161 29 875247259
50 129 270496988
299 238 3749608
66 63 954023695
129 256 65179514
288 299 862385680
52 269 200852536
100 288 4127479
258 88 601884396
291 199 213662629
202 59 444857958
160 161 830677586
200 159 557720176
207 224 445122790
254 104 779084846
267 143 540127396
246 194 254802516
81 45 633788903
160 54 653924842
255 44 947486141
35 298 76231999
144 157 706095911
82 56 548184069
257 15 914880144
298 268 231500399
295 286 559118741
43 232 768373286
58 64 30966530
113 275 516183835
254 281 137845279
46 16 26176528
197 159 498875784
207 240 383989092
128 248 685266058
271 298 356730377
270 292 463561562
162 34 868145293
248 144 476366809
129 256 587320883
64 261 655408264
94 7 894291579
121 203 453861489
56 109 164795581
99 236 437330380
156 259 716588677
232 228 634171669
294 141 435239454
38 140 522078197
198 269 380993152
281 84 518425513
44 229 881861419
174 101 252565573
214 208 631601181
194 7 124701369
174 214 794229927
202 146 724203606
222 191 326257498
276 280 516248538
172 178 30175958
76 210 531707241
188 253 716236721
58 178 904908221
130 91 154146580
62 37 142908186
282 262 261491800
108 163 866627797
265 85 421877739
263 60 795386918
152 283 168554847
9 58 276186056
249 297 626205160
221 54 112903737
293 235 42659628
272 49 285301116
258 30 573125877
209 190 475238939
5 206 330844675
43 220 870149834
112 71 172781669
111 79 914700626
266 79 319364923
178 299 121152328
214 291 572628415
93 263 305394363
8 272 149184244
236 180 45711633
275 236 424212839
149 30 610945358
135 193 122157729
103 3 840542259
180 21 445289838
202 198 357669888
82 163 630074279
196 256 121682293
110 15 122885764
53 251 600209195
186 277 420280382
276 177 152460711
285 11 297169803
65 165 22962506
224 45 311057578
213 298 82627475
200 131 155608637
230 26 425177044
222 135 324117459
237 240 130588461
183 177 467312637
64 152 517651013
26 136 4269776
129 253 247434240
286 176 866877736
163 88 181965186
289 39 313848916
225 269 835157342
221 242 756317528
179 179 226513719
139 113 438941195
127 229 670329146
239 254 236655634
114 134 260078386
154 119 433656013
41 33 202678352
226 73 924815290
242 50 82657458
35 270 502919852
14 148 455971882
233 38 394539094
27 164 591418222
25 102 51586328
158 268 219696861
295 173 971228680
7 213 322272064
158 139 502938137
99 132 521351886
9 166 802690355
160 179 523587354
241 111 814631343
186 190 143134958
8 214 26749211
135 123 469743878
147 117 572069550
226 175 200603963
142 84 389828653
130 182 601076184
167 190 522020249
121 49 614011079
26 41 251046042
268 227 872066331
125 286 999917444
187 172 576287718
165 18 8739186
14 296 730927860
128 137 798048443
80 18 134916224
163 184 676705014
163 4 778851014
42 81 44809755
83 100 721636681
65 276 105782718
208 162 543801489
277 26 107906206
162 92 621841901
221 219 260396989
63 299 526509606
138 161 794047989
103 76 718218844
117 117 675125876
223 251 626884075
203 15 421661102
220 274 381173464
160 250 680197741
65 111 38287132
18 83 508561951
158 197 333367201
264 34 261262713
4 189 666785088
100 5 16461756
275 227 708822406
2 181 468449720
3 152 293845
218 11 175609794
159 127 708169456
242 196 476384338
192 54 130819234
192 17 658906720
157 72 737351808
144 171 997521864
300 198 484226642
105 251 919102822
277 253 112965825
121 223 757100787
215 81 959413913
222 22 46779809
12 266 132111814
245 209 36886830
16 65 965218253
275 261 782808576
290 260 17300025
231 116 295576675
104 92 39299627
128 265 187191401
266 231 861900681
179 152 659263655
39 163 87842272
252 160 481003732
233 227 100010749
37 202 611648409
12 191 32378468
236 174 776056035
110 277 458614479
289 157 80347643
89 122 669381673
22 52 786402376
28 90 55277739
51 93 164376050
282 77 920087676
30 166 764797129
38 177 696026272
57 165 50518097
192 26 894859073
222 66 47047729
164 207 264184851
88 228 358200702
163 7 228391444
153 57 6868888
54 38 583036217
182 120 922111682
210 157 659420210
233 266 959745474
129 209 823696852
54 130 438057617
82 293 842535523
284 132 751547602
186 46 676873860
281 199 853840216
168 4 468483106
236 185 768296925
117 147 217446433
227 131 848310098
252 260 141976658
55 65 852027887
172 146 763844131
246 182 546807062
300 119 839835408
59 99 550723258
227 18 843846661
184 254 344325998
260 122 964442044
192 100 105253774
142 104 817279285
299 158 995377649
38 81 539112947
68 79 712670028
282 78 726765946
241 188 809792144
98 166 673650213
10 101 48860018
107 60 857533240
102 4 611606439
176 145 123341442
12 195 68951452
161 232 33977732
207 52 418504862
186 33 121564091
231 273 820029279
126 122 925289696
38 183 53312097
256 42 824909756
47 143 162561811
185 70 62062007
179 82 665387002
82 294 529597385
65 252 418537288
127 137 26497420
17 119 750862244
147 244 142355017
143 33 44822400
291 40 507623093
198 86 790166435
109 23 555255257
215 253 915136138
268 34 422735783
253 98 912134434
92 276 948518470
212 293 111170188
107 191 62398083
176 85 623336015
127 75 695360355
119 273 136004340
5 133 261907114
261 47 343893766
50 15 303432099
132 19 879532549
217 110 638183624
138 73 553465768
125 232 297924611
159 107 944333495
226 233 251037222
32 103 42945546
223 107 482620278
137 120 632123424
2 169 861874690
201 53 848955108
1 269 716934670
76 107 639794442
144 283 73429373
154 142 12710831
300 119 502461215
221 150 50303617
166 72 151437176
243 208 508600795
119 210 889446963
8 162 421744167
268 162 312594136
89 237 68064394
230 132 946808776
55 37 716258069
37 89 999748287
252 9 345156136
20 227 741002308
195 169 301710267
189 39 666141076
104 99 695275889
70 118 416130902
57 206 319406091
150 187 958567222
226 241 336571611
194 30 545236399
33 281 688115159
268 300 955637085
27 195 682938806
294 135 502143744
221 238 127642942
10 8 113424211
63 64 471389516
53 214 546366003
227 191 264299395
137 136 637900524
187 168 22146956
245 188 614825956
282 266 272407402
187 11 650975736
182 232 345010626
276 293 71223533
186 55 699757648
2 160 446161013
4 86 109758755
298 274 554292591
74 160 632027158
129 156 393151297
236 137 726150963
237 75 785252773
125 257 89114156
250 284 480494648
134 169 80557855
133 222 356193514
98 277 118485199
252 27 409037224
242 100 68053283
152 228 341197590
248 164 331590879
10 152 574688305
83 276 572633613
190 277 305586096
238 162 739486317
144 295 493207438
157 92 965631815
7 43 273575193
182 285 349905392
164 136 921802071
105 135 604091186
235 145 669180138
140 279 473077365
52 168 360793494
300 157 403552055
116 300 153627049
205 208 909695840
271 266 634033535
63 147 28416371
6 62 724871506
177 167 821582940
262 101 44701636
251 292 179480366
268 96 462516934
261 95 79338690
115 262 963019842
16 166 617237549
7 137 865509715
41 251 116873561
111 257 144415075
68 133 584299141
108 146 325665693
95 149 90686685
61 116 157028432
246 76 125244326
287 242 439853387
28 257 446579404
29 264 111054192
295 4 706852943
107 167 436397399
281 234 74005983
73 93 223769880
266 188 554869228
202 300 392897743
233 245 951165270
110 231 780707512
196 11 740184220
251 39 886774883
143 85 559545739
285 191 934396805
135 172 441232290
117 244 49118783
296 261 507790622
76 162 144211821
218 146 125932017
240 255 679773547
151 202 326305309
122 205 977732147
57 47 57112831
295 31 533837274
151 165 847287845
292 33 139312740
174 80 883061301
295 155 874252914
167 125 269916012
283 64 195294918
82 266 942759372
190 87 958888776
89 143 354737322
71 189 689674304
244 91 400097120
40 83 560011752
80 256 98220783
132 3 864560738
97 169 956962062
260 204 326590025
78 285 606668490
201 174 389898028
176 262 710537171
249 33 685680711
52 28 397209102
71 68 138870984
174 199 812301491
56 30 925291245
93 178 622052066
6 138 28515969
230 267 676972853
171 167 746244378
199 94 214062692
121 42 137540624
231 93 608064503
184 215 767889470
219 88 313877320
262 195 276573001
6 40 382745779
23 45 607344368
191 27 293147334
95 249 87946752
173 199 98115045
264 19 530905886
139 2 75993578
93 237 838507944
115 156 525944383
34 169 236523677
35 226 687322916
213 249 687820513
32 191 712090139
65 286 71832987
16 210 9463438
60 225 530485956
197 115 878130309
126 207 597089246
269 21 531266453
251 55 345479773
179 89 112504098
147 53 159424198
159 136 662239689
249 200 2956126
287 267 75301535
224 78 945854959
180 274 457189725
240 99 512337631
237 119 436737204
89 121 839233058
161 299 701430898
211 145 406076502
208 55 560514237
96 3 310407788
21 290 743703906
207 213 106001283
17 144 633238508
241 84 401409158
124 20 101537528
27 161 407051648
36 73 406991546
185 35 493712843
86 243 502519697
174 90 998018600
213 163 904558889
218 69 84120353
52 86 67188949
211 78 879378632
168 201 675327703
295 227 986302615
242 14 157783140
239 198 302273374
81 283 579197516
30 208 355827958
229 120 930088120
169 37 82312240
21 88 905838925
69 298 415406955
252 217 418321255
207 263 56351734
73 256 168731447
12 247 309407645
286 27 736973179
253 108 11942287
10 36 297239106
229 256 189083895
269 29 940961582
145 97 743659732
99 101 998587500
6 59 954766063
139 131 724279770
37 143 861603816
133 180 712967395
212 132 780890202
198 142 63390838
55 122 22577245
249 90 37537073
283 287 27975622
66 137 873271522
65 142 806301532
79 32 108335562
101 69 642189456
16 201 857620235
10 164 38858119
164 113 836698360
53 168 886261781
197 168 269860623
70 150 893333809
91 267 24604645
212 32 81994387
195 162 826887470
8 262 575498990
16 30 489752943
150 39 306622506
168 202 890566319
79 254 391339838
60 203 145510605
182 272 799072907
42 62 95686473
286 25 886455156
124 219 978661370
46 226 96584883
35 293 101829512
277 143 707362651
135 62 399107204
105 193 240454010
242 4 253980312
298 237 477223183
256 278 938158244
181 15 215089720
188 139 409286438
57 236 186633015
240 270 189318908
203 299 127480702
153 133 39976515
109 237 763504707
70 230 36843410
181 279 129853246
15 235 788384375
210 167 184525090
129 54 105302480
266 163 377604015
132 154 429445036
291 56 898062134
292 261 942594166
159 121 158640154
165 190 85023583
227 70 424804114
224 136 124538300
251 45 132428966
240 173 39963971
171 190 825804685
285 73 586535990
172 64 423987398
6 107 45521558
23 265 407794730
29 182 46228219
211 160 919835040
176 83 505838375
75 85 447429171
140 24 107180795
63 246 894379684
147 282 553207908
137 154 567951671
286 159 771124378
95 233 55218894
24 261 331223575
142 224 341014534
133 99 66961369
207 174 297448453
129 65 69517229
223 127 488470174
206 26 784427656
65 214 386834709
236 199 46269819
265 293 705327151
258 16 227679564
133 209 845834287
218 41 837111785
86 299 178566710
39 127 2628027
67 49 496743353
40 6 44266430
295 70 526700543
155 57 220549441
225 73 23851033
176 83 196916400
139 267 933457408
77 184 858341800
113 270 624891598
23 60 385568676
49 126 542521124
253 165 547677681
183 212 101729903
25 118 772629459
118 43 889049784
202 270 801177066
2 160 545267584
61 236 757303167
213 100 209277888
10 122 346123847
38 222 89874624
61 227 76484041
194 109 90379752
96 185 75945521
54 2 226934815
189 204 248674784
106 257 73877695
289 69 843345130
108 281 951737930
195 43 577622803
94 80 723627777
117 192 886496203
57 85 110494511
260 180 627355947
281 286 952597249
147 174 667618504
231 280 969336112
225 268 791207480
207 127 696607113
288 22 457910255
242 167 165718286
118 283 510035977
220 92 891057362
182 51 410512341
81 83 693546726
281 230 481726652
84 212 723712831
247 188 669805550
178 94 77307977
90 133 8014350
96 75 660564868
181 192 272317802
158 164 919757193
219 97 398295496
211 177 931361878
189 157 450923859
40 292 205656222
222 290 416920310
123 168 780577603
151 257 953398736
252 105 365522862
219 285 35545053
221 142 407510568
13 112 591913917
260 75 216111045
290 263 85215554
248 54 866845945
170 275 87887387
279 97 834514654
233 248 508367562
20 199 567356366
170 181
286 251
144 90
154 5
121 8
82 114
103 166
119 44
149 102
23 115
101 123
271 53
38 6
168 270
221 57
290 133
135 90
231 27
31 279
286 84
249 204
121 67
162 103
257 291
157 10
184 279
32 10
15 154
124 69
177 182
67 96
185 218
244 201
231 115
250 27
282 216
34 251
53 102
144 247
8 9
40 300
9 191
97 71
191 76
257 272
67 67
285 75
276 251
117 280
6 258
174 118
68 39
140 259
258 173
181 35
87 265
156 272
42 95
170 4
275 232
51 179
253 93
95 87
66 280
238 211
28 124
162 163
173 148
20 54
88 130
147 252
224 174
21 54
57 17
1 242
172 83
175 51
137 125
156 269
231 254
129 145
59 10
157 291
96 232
113 228
180 235
161 259
12 103
171 181
174 68
150 171
221 46
222 76
44 109
115 77
274 26
36 243
285 32
15 244
172 80
15 128
86 51
205 175
107 150
269 75
246 280
25 119
246 218
79 246
75 42
67 193
187 48
131 102
98 172
251 146
273 269
71 17
191 110
259 275
101 297
29 228
98 98
68 105
103 43
136 146
90 177
276 203
56 28
199 106
251 153
121 202
218 275
85 191
217 161
209 43
22 70
167 289
94 119
214 286
183 196
124 49
3 272
52 99
256 59
263 250
203 207
181 136
26 173
85 17
112 295
64 293
34 133
4 282
268 127
22 217
17 150
174 145
295 20
130 225
226 250
208 92
227 181
53 141
157 5
51 137
181 268
153 114
147 214
92 156
124 166
16 165
61 192
263 241
217 55
57 92
236 142
22 264
156 214
218 126
14 65
84 20
133 195
160 236
143 32
197 252
116 18
210 264
204 229
283 172
16 172
14 91
55 251
164 87
265 262
26 134
153 278
224 110
97 38
69 84
87 240
257 17
281 254
182 166
90 236
108 217
7 105
55 173
259 113
75 270
103 275
253 152
261 8
45 176
11 58
49 165
181 149
155 5
223 213
149 88
4 12
116 256
180 63
175 222
243 190
165 1
153 98
105 117
44 165
274 201
117 107
255 22
27 49
262 161
249 1
12 162
169 4
66 179
152 48
237 241
293 94
191 101
269 145
62 295
247 65
171 35
57 63
112 177
38 135
187 125
286 38
41 198
128 154
253 107
99 279
72 189
42 91
288 15
9 10
74 49
135 8
70 296
173 243
129 233
109 262
299 15
264 94
299 91
197 91
69 251
192 47
190 193
207 233
242 229
277 267
274 68
63 163
106 96
80 287
300 234
1 189
34 298
141 264
55 33
35 37
136 175
67 226
158 25
253 25
292 152
271 281
195 17
164 85
72 52
38 244
184 71
121 38
1 217
1 261
49 107
282 36
