300 5000 300
167 222 669677230
287 118 695349794
145 47 432317836
16 216 526812973
163 31 203964623
113 164 239412063
136 41 541995544
45 241 472068751
68 216 743576745
161 299 626891827
221 166 802941949
50 204 979280466
96 100 865729664
83 115 681530931
255 29 171596862
29 193 712822225
91 28 418017517
134 124 998545857
36 191 489668724
80 52 974074823
207 24 264350340
7 126 310437895
224 221 395855794
187 3 329724561
170 9 23171741
131 37 637416234
7 179 37127461
223 64 839390237
131 99 40525579
7 179 702054030
181 137 124801706
220 143 273413131
266 66 695754451
59 4 529176205
19 173 300491365
60 55 213664553
293 113 508107831
5 35 578333094
193 218 896409092
272 224 58428922
101 156 838768058
6 127 745401152
88 92 905092317
38 150 741120273
94 169 82499597
210 280 100827152
62 272 213957864
144 28 839909251
289 221 977227168
233 192 820613043
54 44 196658050
64 102 517196176
215 189 945181667
184 279 876470316
156 72 493303036
52 282 966335215
55 95 785499438
171 291 840439518
21 279 118029338
140 211 363827181
234 265 279887076
183 80 138494377
258 294 65578566
176 229 461926796
191 136 4198919
179 240 992886300
145 294 199202547
135 164 278739137
152 236 662345515
141 75 98947126
73 60 499489242
48 242 702739921
125 199 306616666
142 74 68728147
189 17 877678282
7 247 668483021
159 91 394485867
105 277 269644682
93 128 133868718
59 20 669417844
236 92 696905104
77 192 265504897
49 68 39897048
67 261 965263221
13 149 475622789
94 155 64278787
167 13 845050078
233 169 13501506
266 261 852523534
235 20 890210905
31 255 637874449
186 84 375401240
282 132 93802007
29 198 563688019
202 262 541953367
90 56 737829673
277 222 144203238
6 206 960276606
11 223 169821619
196 210 582667438
153 240 855310244
201 125 634722927
140 106 328678111
198 187 243792460
268 88 448794122
134 229 673877729
258 205 587526302
95 262 436742059
101 25 491169681
119 272 589710590
208 124 254298981
3 24 329323605
130 215 785322063
192 164 809675049
151 131 220162136
124 16 344922464
152 274 248234821
205 120 627665634
163 220 644200058
96 90 855394330
185 49 3975705
266 52 22785929
222 233 992258943
284 124 711229459
284 26 38352789
19 202 73131357
35 105 700878482
7 10 65797401
240 172 980681073
250 267 615351114
231 204 552474963
35 221 352395566
163 194 797319498
258 230 68441221
216 213 114585898
56 284 532031299
264 70 847171504
145 76 500049165
198 15 74889988
170 264 62863655
283 194 611229810
197 229 121771082
162 143 923811075
111 100 507704556
183 67 978093869
281 175 112690204
31 138 403899673
186 35 952473448
50 232 238593514
138 101 906459930
244 135 663983375
5 84 515139555
286 245 482714398
212 56 263999549
68 238 570224468
188 270 439741942
43 1 650716031
215 186 51508865
214 288 560434196
279 125 10689448
8 68 17625735
35 72 133718018
289 109 711361862
86 20 252909469
87 139 826802059
154 78 547625528
147 120 652443880
277 86 135912266
194 51 55628905
41 30 928934729
289 89 376242448
123 123 8781871
40 112 948324079
253 249 823712850
222 87 142652741
232 240 883237618
211 138 10674038
191 167 633894375
108 60 852855726
12 100 758667955
40 140 110307343
187 262 424273618
157 53 510673629
287 6 409770829
136 279 533048416
176 210 303247207
46 120 160109145
35 62 606866611
109 169 547544822
234 180 690061621
140 271 750139161
135 209 745403174
252 117 957055327
232 155 948973832
160 291 679100862
227 218 121722123
234 15 824463142
78 49 144800504
140 158 71162824
261 143 806662656
233 35 132751078
45 221 573154187
119 224 841686555
297 155 34155910
180 66 826791452
41 293 362245921
163 226 523756936
156 55 174514884
211 246 800930493
135 206 255859488
42 190 297969822
219 235 742601542
5 105 14028265
12 101 475439971
121 280 536607488
24 20 878062880
144 234 508086057
279 89 586786163
215 300 721029808
7 186 310878165
294 227 46392855
67 197 382745741
60 202 212823645
276 265 198714597
46 137 436876076
234 160 311441647
165 3 91617080
74 34 306898220
36 248 102085571
296 254 400858308
160 300 9879086
214 66 61898983
254 126 130072184
150 101 613634300
146 199 841708536
173 184 493602695
219 100 784079049
250 173 384378182
122 261 174047681
292 256 101501687
152 167 422599686
237 81 140344203
219 86 997336780
154 288 860122033
53 133 56656283
88 58 271030666
34 28 86340765
283 278 863188990
16 151 188361502
297 194 782888109
283 45 957646975
20 282 611547307
122 200 127334845
154 54 717833232
286 158 434273416
68 298 713531473
85 31 719565401
201 65 396508630
242 133 51259380
243 129 638419573
3 163 411363870
178 234 674938651
184 55 196075602
28 260 104846907
211 245 14886865
227 64 472936714
299 200 120082796
151 101 740404161
280 42 275828045
259 37 195369425
184 39 600529987
153 268 618942120
155 204 390950026
108 231 913890486
115 194 900401882
31 120 407140498
244 170 705136997
239 21 585764849
51 300 59696691
295 11 872843079
119 246 103059417
157 98 265541737
128 4 266804640
154 111 86699322
191 277 443059015
224 7 770157134
73 2 486557856
122 293 606793876
270 43 232406527
212 90 414655189
190 260 791959434
259 169 628199483
295 296 598313986
286 201 603411249
207 143 895821825
22 119 195465284
7 191 122761985
162 12 650311077
89 34 371033072
16 245 560756013
4 187 562332972
290 197 681326640
72 243 389195488
210 228 224373188
158 134 805782931
82 155 886342949
117 162 725710091
102 75 29021355
130 164 382041588
253 231 696983832
165 286 551723870
89 275 196804766
128 47 750284608
215 8 331484387
255 165 322070721
137 298 870135327
137 115 745835340
27 268 435728615
281 97 251641730
268 50 573464860
252 266 668369545
121 54 328315220
239 182 34017718
298 148 383791025
285 154 833562741
105 290 279154690
183 178 63515804
123 205 866957123
189 237 487273372
118 257 148013973
277 208 409934938
173 80 687885592
292 18 515708925
261 68 282600424
185 52 212933278
77 208 817523119
267 90 982712897
22 264 286729053
45 152 906076589
216 21 75313445
240 49 343939804
177 222 411163184
168 265 178821053
92 226 397198020
216 162 250294823
245 239 207665830
263 205 844479072
211 278 54053535
63 22 977150539
152 289 865411811
248 228 439785860
252 105 73674933
87 24 242877897
239 168 833928822
211 135 83135084
233 79 824059422
215 93 188372878
286 4 239591255
72 118 697188029
62 21 48436569
73 269 588834497
184 220 433349453
216 58 269867028
212 296 761579795
134 258 43604529
269 191 181390859
42 105 139945552
19 142 607014207
25 213 16809524
53 275 127924445
122 99 15672413
170 34 876509584
74 249 121599141
1 212 782278488
96 97 108261998
76 65 644811788
135 106 157142744
286 176 637217585
244 253 844122549
267 5 755008175
63 178 87802625
75 99 282291758
110 172 412150506
202 173 572773118
42 20 598088414
139 95 423747831
178 229 21294436
73 266 136650164
57 209 156889916
57 176 631718072
32 238 757054850
156 65 826767448
14 226 126721672
171 180 221751844
240 273 578470463
54 111 92998409
36 40 241693838
71 112 869535003
86 220 436052464
53 276 105539391
25 7 5920228
226 215 710416444
225 280 95537622
96 150 135399253
139 90 612279825
253 195 486957687
162 230 404244626
299 52 226316089
153 190 737873308
268 242 635555183
258 266 526886242
238 191 499669108
281 116 983679187
54 211 96099688
6 102 557187377
230 54 522579723
16 267 710991852
193 17 701267256
181 170 777539745
140 137 949215586
23 147 848012852
16 84 936019094
223 64 40001761
161 170 434166172
248 175 45296873
125 157 304380678
299 224 451899645
103 117 582063961
258 49 416924982
2 189 392535171
39 263 614433917
290 30 941057800
236 252 935339615
296 112 545333336
19 111 53921863
143 287 73385019
21 286 943196842
217 88 920118310
129 45 230465511
211 98 612111751
233 136 700612213
101 178 727885842
52 113 193601745
66 160 81439108
54 179 487497618
216 21 821481005
234 93 458485342
227 9 256986129
89 138 623283325
51 100 482400322
201 32 488585409
65 184 637335086
206 235 569701150
102 52 325685362
161 105 486937540
278 20 656303612
134 5 285647905
275 232 531902765
255 72 124615802
279 122 38261053
152 22 812857336
161 138 915354919
98 95 139327953
200 196 272632405
161 56 860601609
300 85 809673781
263 271 340717585
267 245 101962568
84 252 13527039
37 230 10909212
90 134 853704485
225 294 95041422
296 143 315322216
248 42 560664963
4 202 59992418
165 253 858351255
45 216 924706125
281 234 570058721
149 17 51395172
139 54 844515154
3 195 431818987
187 171 154408432
261 166 649618574
76 166 192183268
191 169 402755169
60 85 325820874
14 181 912651289
238 162 6443374
211 62 286583543
82 252 877687596
235 254 375565642
273 193 888042312
56 153 35505230
230 280 104765995
249 170 73489715
117 230 802278000
290 243 953320980
130 233 719852593
256 143 351319054
98 276 566280106
45 263 228161311
186 235 338150803
197 291 843806355
126 272 912966535
272 220 106296304
287 88 336304433
138 130 313858528
169 11 111148360
62 266 3265354
67 63 189088329
24 159 365648791
235 44 964765726
37 293 845880268
292 170 658610991
278 142 595141162
81 180 910742301
166 69 78718930
193 237 569271393
204 50 683810358
57 169 413952073
185 192 637384131
276 126 582188527
53 215 283891219
172 258 630513788
262 235 579338581
75 67 351338960
27 284 453825628
109 176 692635917
201 79 935106066
10 187 90104186
182 72 18877678
265 47 654620555
91 151 482967269
261 22 52756878
300 35 571923212
181 161 704311631
292 187 933710214
120 295 426493842
288 195 293810872
205 205 538926659
291 138 350929530
268 154 947984628
122 296 294857678
243 256 89945299
20 256 696891185
84 188 858320145
214 179 337490831
79 50 65638526
120 37 464550972
292 242 218038528
50 232 592569618
231 199 225528371
158 72 551619667
287 66 707251074
137 86 322936381
21 221 978014168
117 134 876339747
47 212 176771448
24 84 866912485
248 75 586901626
75 176 279359409
144 106 110647159
15 263 735385430
233 1 194090548
106 137 981970333
287 209 81013405
106 25 637982338
104 71 144136401
152 147 173453084
236 94 19743258
13 220 74449933
21 64 541018990
279 130 514918704
60 62 143523104
207 219 221810192
191 257 594154800
95 63 971393424
184 166 543533247
185 69 376212793
20 4 639015738
230 68 697464257
14 88 849160672
204 118 467117001
107 178 807985614
63 136 726501233
154 27 250632941
154 173 653362203
229 57 368577821
75 293 720534889
67 12 428662245
256 241 79861512
65 7 806008452
236 210 717750221
289 68 550472250
102 130 498265086
186 36 248131764
227 189 28569336
81 117 182592844
101 244 1822336
242 62 364743600
138 18 291099892
101 82 707857498
204 17 8551759
125 5 855585027
274 159 97513108
11 44 103629843
74 22 320606383
62 103 867319800
157 255 992336043
245 196 71867904
96 85 597447473
187 186 414022654
37 89 75786823
95 265 49856979
273 239 144218737
33 1 790406033
75 127 239051806
58 240 291001908
209 96 19866863
3 92 998697910
158 187 508673647
83 74 777139232
36 162 167652172
110 8 545446337
189 33 313510327
177 65 970109227
261 191 468407505
67 300 984458144
26 208 405886692
240 262 734515483
102 172 187604470
48 254 908769895
231 41 605869256
202 151 139970663
190 39 71691847
168 267 793513211
95 280 114097302
251 46 354050501
295 71 233208961
186 11 596425074
220 164 515566745
89 211 293114150
135 141 490573591
290 94 36248241
205 284 832511431
151 151 23581897
214 297 104898376
115 248 315512673
67 294 946426696
227 179 870023658
153 150 937517821
197 239 657582831
299 73 512390623
89 115 817077016
29 71 969604699
111 273 988516702
159 186 991405898
187 52 151712497
259 119 601378290
206 97 598806320
163 1 878512070
35 250 480616360
65 248 313889084
39 36 836715850
55 116 41583672
105 226 147668045
6 84 653514882
256 270 820705134
204 281 708322004
94 186 549574452
265 101 940887553
286 135 102860754
297 252 623575501
81 290 846121736
82 44 511780403
154 149 748030228
198 206 136002163
231 213 780594585
16 117 997320165
219 262 437638302
23 278 119056302
127 264 684124689
180 12 937909940
180 144 245319029
267 226 275945325
169 79 146877173
48 28 404180330
62 258 39260695
46 274 351314411
62 244 499268824
16 18 229413901
69 144 125294416
257 75 667526728
96 254 22516271
277 272 879495248
201 192 427530978
25 239 814291505
106 53 398324415
100 98 334840
210 212 181161135
85 227 490377753
186 295 721388596
53 4 829570771
232 99 438499776
203 127 246813700
202 79 913776591
280 103 892451382
136 261 318840234
2 60 826054083
141 22 411413094
276 106 217588272
128 43 511119567
175 96 681164370
297 27 665632620
125 281 562359699
224 183 794774577
214 214 214787132
247 49 226577692
280 51 869406951
215 243 347105672
8 218 11459030
80 97 239364572
198 24 8633067
19 20 839307594
290 196 458937126
88 119 41984208
265 85 573528873
296 31 15346274
287 63 765760824
89 277 382656418
213 284 342161488
142 115 134653784
113 64 39070959
180 82 32467431
25 72 405859326
150 211 258576697
210 227 651879781
182 274 330736311
255 12 466502873
130 101 885233549
248 13 850857785
87 154 580963851
22 266 439187667
281 197 106693600
63 221 101630623
288 123 986358434
84 84 408167960
16 265 581846334
227 272 733971245
251 153 586465997
252 152 633919909
288 238 592824714
138 260 997512280
156 292 414164728
256 54 977056949
178 41 702675123
11 177 780487106
123 192 636538122
208 170 286174445
252 121 495156898
201 124 351174601
109 111 491356339
275 300 607904950
106 156 887375041
133 111 214750394
133 288 848406686
255 51 46920614
160 173 609655606
134 80 424897027
78 83 106631399
227 283 392608622
228 144 986202832
166 118 320894232
167 223 835870487
107 55 490341549
152 240 680905336
237 194 98952986
251 106 5168810
208 239 128882789
34 16 761615224
33 243 784799406
154 222 389904301
138 87 464721918
69 5 564313592
207 111 250327699
155 262 352337538
142 250 573018231
180 200 397889588
141 159 758457026
182 193 645927694
5 277 555458488
162 130 838224009
163 19 838096947
32 87 15498603
124 45 552771313
22 251 222214526
159 145 19718575
241 24 844720427
129 164 159392037
6 97 683597729
251 101 81517957
138 263 40728639
298 177 399948957
296 208 332589496
298 31 674520740
162 104 621116943
287 14 767087
114 255 617456862
192 135 476355077
128 140 558860874
9 91 626589474
165 280 169372988
203 30 724599364
260 77 462023224
155 75 93441806
146 288 869182810
140 27 994100123
226 140 41211977
87 83 113440663
216 262 264210503
89 22 696998245
114 187 114746024
102 141 913226905
17 152 78021482
140 58 477144708
46 204 663367895
107 43 711421921
129 21 493541712
158 159 854447694
20 74 658564608
74 162 736973829
218 276 23709667
94 129 706984408
298 145 39263359
31 37 353136017
138 82 175639472
233 240 127890666
105 68 63173038
117 277 746427097
262 297 506524270
69 70 754841784
198 40 117969111
264 133 765279239
223 182 126404235
282 213 810850971
150 102 764577604
221 86 856766943
138 191 81519111
76 7 37595139
172 20 280886635
93 89 633153157
176 38 938876596
286 53 17835680
276 28 930740961
111 9 460646625
281 210 232181027
37 182 761228412
279 19 611727054
41 146 424702312
80 69 907118232
166 162 570055772
22 89 150488761
217 127 819610513
296 102 989438140
9 264 699235000
233 297 154653461
11 33 678816642
123 11 104647913
228 104 642803958
40 183 892228227
171 48 211961340
194 122 504328728
254 90 592332206
66 86 388734660
258 146 19940323
209 78 149316519
70 89 541440851
163 263 905596614
275 190 323302917
233 281 684671251
259 151 270588250
198 96 714207071
277 49 806920661
183 167 566564698
294 176 923880143
16 84 192029972
87 205 750678860
137 68 918604274
2 42 455016916
218 26 784619096
120 284 667045399
70 233 672351594
140 262 951026443
52 196 175196809
49 189 186817184
191 256 537638919
163 42 529799124
274 231 547147143
100 232 989298184
115 202 56605262
110 21 83747545
8 90 840235430
54 282 830397643
96 33 794050038
56 82 824959978
139 24 90551433
109 238 592657275
232 212 725234705
226 11 246396688
210 177 626929789
271 286 404021610
67 46 700776751
148 99 378885932
242 246 97786165
231 1 276558498
108 191 986566721
241 299 124873511
167 283 737125022
23 208 299474584
110 169 414422760
99 191 719104997
160 10 28050342
10 157 718643092
194 151 741909689
110 81 273046941
159 189 498872031
179 181 662056582
241 99 439883364
162 121 84532223
197 282 732784992
108 80 293763282
5 291 703730991
298 53 655439900
142 246 979287650
230 107 174356982
71 265 360575170
153 195 186042702
234 136 390900500
49 49 552899620
72 246 770953102
263 53 671990733
96 109 512550476
239 107 140892728
238 248 640936125
139 229 110466831
120 299 678559695
42 204 36814141
143 137 605070976
43 238 825487925
114 9 997539570
167 23 240681374
52 118 421501983
227 56 273084441
154 45 661555488
130 235 33857516
160 107 663037467
206 148 47967370
146 42 703220158
222 136 68679195
98 250 81393055
219 116 621630377
92 219 688187147
126 145 132278002
266 50 166891899
105 179 918800133
173 90 267392391
239 295 868211138
260 193 464848132
169 114 743171167
16 263 108596216
222 181 37109084
99 272 53216854
197 150 964437299
50 115 616695848
248 220 503444979
133 144 882635168
123 82 137858815
13 93 453413707
244 13 286887172
62 80 463767134
130 2 834109514
65 152 491112037
218 48 856276686
216 97 55204253
16 97 896933872
294 281 972872115
113 155 946056448
227 167 716970592
233 162 841351056
104 224 387877036
237 105 142974289
2 169 875756840
39 86 126928187
224 54 733799035
276 69 863261283
299 114 434115063
165 226 566269118
164 153 980450936
7 85 141508650
163 189 940097073
150 177 42361477
138 179 337927297
277 217 174978682
215 192 222985635
1 220 98644003
184 218 10431468
98 135 135950494
167 298 465576246
103 5 452722430
252 219 236792570
76 68 281553799
4 257 568599277
100 233 294073745
33 199 314253888
268 251 831827607
22 134 448761477
190 284 137927611
35 150 550415160
280 4 403194716
9 7 537617334
31 134 46592753
229 137 220578909
57 288 787848993
101 73 875331191
140 92 921857242
47 165 790688427
223 54 768456162
285 88 421429564
44 119 730059567
160 180 540887526
245 210 941494159
98 190 679273648
258 246 92153287
51 98 355111759
93 237 543651050
86 35 608931515
265 257 561384620
126 241 536960860
189 37 1236478
8 248 259450257
185 192 400911118
143 41 854656507
290 299 41802052
177 101 961454201
135 245 75350490
237 31 215318524
151 47 830119781
170 172 762714573
81 113 563518061
59 172 783208608
267 56 811919900
85 250 401277392
91 240 66827290
95 168 153967642
247 54 685513287
36 290 288354169
160 192 753178715
292 114 700959438
64 194 553125902
277 252 892254025
84 219 259231332
135 55 595551982
227 145 433005973
68 291 11230240
62 238 390369245
248 273 261557687
268 132 86243430
34 123 573294743
23 239 112188837
125 215 556678540
201 50 166214110
33 185 341706664
114 163 937812709
186 230 553883351
177 291 446340088
273 290 395566113
59 257 911847244
89 42 382852319
283 65 571295909
19 189 40696075
111 89 574261424
120 173 836428208
184 286 80990170
144 223 227290952
94 151 429298194
34 124 372525184
246 234 50358792
41 74 215977734
259 57 422857798
219 127 76641238
93 237 69582078
17 57 660911651
176 240 298698288
198 135 415947963
149 228 23890913
142 261 217929088
177 206 407103822
221 247 382691247
254 257 12953403
103 176 967628182
140 268 98361418
69 36 276399926
171 212 990934017
259 109 32292751
21 9 954359479
285 202 908506991
73 79 437785049
146 51 306557247
292 4 897675903
247 106 487469630
28 297 264118150
97 117 801882885
275 288 642224748
91 246 13617556
94 18 700901316
24 54 428341518
214 126 273496048
62 271 286723698
208 263 536518553
63 261 445738410
144 288 91024506
245 136 99507974
30 110 427067761
129 253 77434858
37 46 614040875
252 69 765809429
121 34 750669606
68 96 123208877
117 55 971151191
169 169 159966303
78 65 952249690
35 9 856428177
109 38 296385339
169 219 263055191
279 255 493763188
53 206 90352456
233 27 518879041
239 146 512095288
267 263 229074795
9 183 567493463
11 13 719853627
52 47 950273436
280 207 913152125
18 128 103230795
8 106 681610649
147 210 54225707
54 143 796901133
295 133 740682030
82 151 319775744
276 211 70700827
91 273 291712039
269 76 926350237
156 55 74123396
133 73 309582923
27 132 415196380
176 31 152488289
282 84 992300783
166 78 685303467
195 212 207221569
239 187 529206279
217 29 516256603
155 298 268105878
243 153 346214985
238 285 194452909
60 64 75874840
91 239 41793022
280 220 477527206
114 137 754472783
81 31 89757746
249 21 7424185
80 237 927481913
182 143 274817262
112 138 147187315
96 75 15293251
204 187 129849514
195 277 24983104
217 8 902403375
22 122 411527811
256 202 145554794
102 202 424260066
186 281 318344455
298 215 119519997
160 26 311685986
226 121 411416761
28 76 285844299
194 270 645132275
49 186 199318035
124 259 235669656
86 215 144523309
131 68 133100562
197 253 878091343
251 2 453301309
199 213 421803634
285 190 834846006
197 270 34364981
295 215 948751750
121 263 472315688
255 138 82583998
210 276 681513112
170 106 63893479
32 2 237149283
226 252 128762437
34 151 161033849
219 187 38699891
224 83 924537460
4 77 653428774
105 197 102873288
144 204 175274378
142 113 282159853
105 35 421600858
136 66 17857460
118 291 241790463
154 24 212919865
155 294 242931651
45 217 448275285
204 272 262278713
29 128 182590562
168 272 408528865
145 165 28279629
97 269 186366163
155 104 15889028
266 274 99972270
28 179 39400845
293 85 108494738
143 129 142099954
180 84 27097825
292 164 417272805
53 32 79907876
17 176 655136092
146 25 119437860
8 179 94255716
288 196 816738941
257 223 415649971
2 215 52022656
39 110 617073236
293 289 35339172
269 280 960249235
73 85 199709418
200 101 76477746
243 298 872714070
255 6 862535600
122 293 63799795
262 249 570813469
84 2 891463784
291 41 826231445
79 33 118359033
250 53 735157964
36 178 6702448
206 129 194037701
251 72 472926998
72 26 882252855
123 147 437904299
69 160 239853600
237 295 327501601
72 286 809343041
16 64 679994225
300 65 966552978
16 152 791324807
115 57 381701235
67 59 97851058
265 182 206695783
271 4 360040181
270 124 522106840
269 61 813578435
269 184 138993972
62 252 115426687
186 3 630732103
115 70 645159454
221 185 63450863
208 3 109567721
265 19 213773155
100 290 533570058
80 11 690307282
220 279 254798294
106 299 118506877
29 60 812697180
15 298 603211883
169 112 930241652
122 85 653005288
236 44 965540491
109 8 45806961
163 107 71024850
272 187 184131160
153 158 624979490
198 15 868555089
127 43 429233700
6 109 134493197
240 277 655919261
244 150 784836697
183 138 902946740
125 246 108100447
86 160 312026306
35 131 22248144
47 36 613389153
36 233 899027767
76 111 723190661
228 169 201304521
76 108 964101449
36 103 509257250
184 286 900222787
23 162 99082132
222 247 24641143
279 34 505437174
222 80 936810209
126 167 426074893
292 243 91738104
4 170 599013372
176 245 403628931
24 33 288342786
73 268 53643871
12 291 75138084
195 264 841083331
238 242 127537164
111 215 118630743
71 40 144376261
263 83 368296103
266 138 777173024
189 13 505500221
272 88 61713305
157 212 230648972
79 223 915253962
162 170 781177777
192 107 287930370
7 269 457759884
201 39 609088175
262 1 788426657
264 19 276515046
240 207 569625158
160 230 189407497
164 86 940086609
135 164 426917983
149 26 748983752
125 269 930925058
147 276 183211778
30 228 737621416
5 189 872745217
113 205 385353987
59 144 21944745
68 3 38662775
165 218 723850860
225 104 983669224
207 252 745772301
59 129 851243421
68 275 427619748
46 56 446048376
113 112 50905564
129 277 463003768
267 87 312032363
12 154 250975217
286 70 341545634
45 294 666908938
20 253 994835441
72 11 106502921
93 130 437325395
140 227 2611803
167 40 706417614
31 220 42202190
150 187 286480576
113 198 861394282
129 183 103834451
115 279 658920397
152 299 101053749
244 122 31734611
165 214 234404392
111 106 39758519
113 272 890451110
227 54 806711029
16 204 878924967
244 16 276521316
25 196 38162850
227 10 887700429
175 213 513835979
75 157 662341800
37 21 36977666
181 131 212846971
251 296 341030794
60 222 619918348
140 289 365029751
107 232 740913718
22 8 146029113
172 287 774437923
52 213 145565435
230 288 106763443
229 76 912018515
194 256 851172398
16 206 926836893
110 17 845429614
257 157 354185454
59 15 34552286
176 36 305473445
240 259 270783383
14 62 589402496
1 291 67417235
143 272 736562210
110 217 683758166
207 233 653796323
299 94 684611440
64 102 435430896
169 160 637696010
154 87 567928097
251 78 264290008
33 92 614482169
28 92 984856912
114 286 37756035
224 95 957640851
41 53 662391035
63 103 640521028
102 166 216981881
49 35 51770640
10 240 443350078
7 242 685232956
66 27 256889899
186 106 451369990
297 220 80469375
131 143 908722922
234 183 934786674
268 245 938013877
148 99 616350494
128 199 323981980
20 209 95460620
297 267 793808913
104 32 984777539
2 217 110285345
43 266 237749564
70 148 103732406
191 81 97024740
116 101 18906536
92 248 406505586
38 75 695252785
17 94 375360493
288 143 867273159
201 298 287797142
191 52 251414610
235 146 595498827
250 215 505289475
107 157 643460107
146 25 819885407
234 116 527602754
119 153 836110381
203 222 797178926
247 209 706674820
257 161 102347370
298 52 388570121
60 286 721745766
86 236 34860033
12 42 236635841
19 240 261859865
125 173 48545981
231 43 918077385
163 246 194436058
188 192 120566267
108 201 195309627
77 198 403443678
149 9 707770116
66 95 346038503
198 158 274497596
239 176 590172135
3 53 17001359
235 35 108974502
72 197 413860699
129 84 307020442
147 243 508243242
26 71 157842592
203 271 507233100
118 37 4429946
72 286 154722604
68 224 601571179
54 279 869893783
213 265 634776817
166 88 437363365
64 269 222316001
205 167 696309543
247 192 666724066
238 95 669613336
237 264 279239472
83 36 382978858
86 155 217467333
16 208 44564763
51 120 765333480
67 285 150367219
84 48 541585687
184 5 764587854
226 251 14683345
143 240 547832191
279 228 71804507
202 62 932638794
59 199 404832648
244 267 931074555
106 17 380882227
37 135 863230163
56 218 791979063
94 101 474149367
247 79 270500669
44 221 338875560
286 251 333990787
244 153 112792649
237 263 682520099
136 206 792227965
243 64 164326381
169 100 286108516
183 207 594937733
245 1 165646386
63 299 842027664
131 42 143321984
190 80 444175387
229 23 318794639
29 260 855191301
27 95 123349059
44 37 167832674
24 257 901459273
191 140 32145132
276 136 396443232
161 199 463974130
124 29 101937524
59 271 858165603
245 251 656979225
35 279 283533536
88 57 142661183
46 100 17953071
119 176 142807780
43 66 527939119
174 41 670358854
5 201 44216352
187 76 772528633
110 135 194171255
112 131 643135005
188 166 937245235
224 253 906505691
158 50 48177043
128 220 674069318
107 14 775323735
277 188 94361676
283 244 501862228
186 130 987336704
170 239 399139790
124 102 181446872
80 290 800536237
66 265 669148241
57 174 910631942
251 1 840303661
20 160 64655375
154 188 615832214
81 222 890277409
261 108 351965091
216 277 102832781
5 153 1046083
276 284 408616924
165 50 756562488
57 158 892576661
299 108 834612513
211 127 725477824
137 32 945628064
2 113 165422085
111 73 134108944
153 288 771700921
133 44 829918325
215 71 99379808
38 287 369846957
177 44 400341814
189 94 91557773
254 56 265047799
229 193 401168331
92 246 446797395
229 108 51280867
172 260 759504506
92 93 970608101
268 59 13522171
76 97 246332010
284 25 633153153
50 214 642166598
222 219 261159653
221 147 259820397
3 239 106497395
197 167 838951702
215 38 661664762
272 182 529985706
72 201 592444264
294 28 110173712
203 12 839736537
207 61 378742102
4 34 561802920
209 254 966913166
57 8 392217256
151 204 3137274
53 170 81265812
266 141 955852845
271 264 456816697
34 10 831020825
246 264 153344888
234 223 971614348
135 278 82419681
254 186 750808687
271 295 230466046
227 145 115672802
100 197 310226171
63 214 278663364
259 184 991592479
56 270 315052040
180 267 642857704
67 252 165711678
66 86 820747855
98 91 574158593
136 61 685764287
182 39 262062331
183 139 994520780
105 201 544804393
220 212 295415229
299 267 838797550
138 198 285125068
293 16 474134319
70 133 784567404
125 282 483259946
169 118 832092406
155 51 928314745
37 285 775064235
116 89 453606687
161 61 772311298
89 59 40511116
90 248 236710613
57 241 219287380
275 62 107339412
30 186 688319094
175 106 565551463
132 260 969502565
128 297 15845201
262 164 14805541
49 24 97563301
98 164 255710959
114 253 656816907
26 9 796255199
58 35 987221160
169 64 902978998
14 290 117687303
28 122 169626715
92 1 468343211
192 263 713390274
133 63 302088650
133 212 677337213
244 25 530449866
250 103 999068026
300 160 704809661
59 80 137274876
108 94 927207266
211 121 611731939
25 213 119163639
187 156 77082953
212 288 939096567
261 173 330032131
174 116 585368055
91 117 499364009
16 116 586274668
28 226 658472148
156 34 256791893
273 296 94269013
211 72 845438777
201 258 673630033
206 169 446164672
24 182 260605996
54 55 520148611
161 197 439158479
69 264 108858094
189 292 74017672
88 199 385099857
80 171 159791952
192 81 420237023
21 33 487294632
5 290 74355052
276 66 483506933
172 171 244603839
234 31 888095635
113 152 265566699
158 92 934343042
181 179 31699540
237 258 337359810
40 201 315572142
162 273 938016526
293 277 134292268
45 5 843495933
29 228 248176003
68 161 786216886
2 25 104466237
252 235 346747780
193 115 466500958
84 104 425550367
93 143 318165019
286 57 989783692
212 101 819069120
179 197 399669624
263 226 844707551
165 293 526847864
202 46 885249040
90 298 28769174
69 242 736458641
278 26 393417296
144 170 306920738
15 156 602238694
158 119 766665795
277 49 874557091
153 63 261935868
255 279 468373260
218 181 86997606
10 270 235891955
35 91 996882996
227 68 106702973
222 264 50195343
60 278 847964950
5 135 438028320
51 163 954677720
294 15 241409082
161 22 398914760
73 291 65927992
30 300 494398662
284 35 736107252
231 261 110071071
256 235 189324134
150 294 144547811
199 50 670558497
170 153 733908960
241 146 439301526
22 6 631443747
133 78 689699838
125 159 351835189
138 142 794102623
189 125 310509836
59 80 441957770
193 229 347883515
55 179 483042116
52 100 614099368
263 40 468128713
240 61 159582371
239 245 156833600
176 69 399396359
216 206 975678952
239 146 882564376
26 257 931788307
47 201 173546087
61 255 455802665
176 58 921619064
196 72 378189355
8 12 214406267
230 250 681700912
282 177 846001280
140 92 906738738
243 82 747504183
171 107 183401391
177 153 698721791
164 265 143045898
80 193 334415855
96 88 711773327
150 147 566936190
17 129 678831839
128 110 294709167
59 249 61370658
196 191 477951640
231 61 707478298
221 290 191908403
164 153 279125467
61 284 157204311
15 79 735211598
93 229 38825097
182 245 375110825
272 124 753418734
238 234 425661534
48 182 367518176
239 112 314069389
236 84 49619830
138 247 42682882
57 59 159126617
167 74 615537396
65 218 642620924
213 152 307299820
189 175 291274995
222 165 440547728
7 212 514373109
34 150 112771672
122 85 566628456
251 275 279697954
284 31 542509713
1 197 541995938
148 13 842446307
171 225 10797010
242 165 725879885
136 86 134920449
263 144 151805712
24 178 401970961
195 51 297927197
150 54 31582823
156 37 29546953
220 89 154056602
57 236 287807014
215 158 174655991
225 151 189714355
109 286 938917193
209 1 847926036
220 24 989291765
80 218 824567416
128 120 108405521
151 27 30972609
203 246 751395298
256 54 590243685
270 268 190138695
12 192 858380145
166 52 738759383
210 260 271824135
98 179 971947510
162 10 951901179
29 190 630829950
249 40 288431776
258 294 172249073
107 250 971761426
191 271 234447846
237 282 118588989
134 199 350064741
68 109 768828252
2 206 674168883
63 119 320573944
41 148 5970633
191 96 614458124
118 105 175583370
291 211 990886619
268 154 905723941
213 142 242234974
102 275 190134072
42 42 393371132
45 95 847355837
227 157 98929008
171 250 267625355
55 192 166883102
279 61 975158507
248 51 148879569
218 19 278289974
158 283 553528416
183 84 685491390
54 177 117970984
86 222 122791330
74 200 819383587
181 70 717197988
187 177 742031779
289 155 887349439
247 154 325400042
167 71 27945012
241 280 229432194
156 162 48450578
97 267 540097606
80 52 768168827
262 178 111865827
248 110 891762548
287 297 113829624
217 37 245041530
155 35 608465283
248 201 900020205
59 141 25430236
205 48 374413997
134 145 842138264
239 276 821974167
18 237 13793896
296 236 664010106
95 222 745280854
71 138 571972890
252 45 824277424
235 44 503590376
91 155 35685369
227 59 974090816
223 244 709330812
238 234 359376340
57 251 47018728
104 298 591641564
209 93 415475537
114 215 260552427
3 166 866738023
278 100 559432366
154 243 71613172
222 169 927679930
89 143 586148625
101 81 882084159
140 189 288688061
167 292 917826159
182 253 366293703
171 66 747920317
297 121 160263882
271 98 64306034
288 3 360066976
160 276 72976944
89 117 282482638
66 269 125689618
224 108 834637458
84 26 718087350
294 260 145082102
296 130 713418919
212 178 142554339
46 200 961798489
279 187 674741743
206 46 317069471
1 187 862872487
238 252 873997955
8 227 709822214
265 62 417363991
266 56 588264850
219 51 343033031
290 15 942220960
128 60 252566659
168 90 686018846
211 295 166707043
281 47 769794829
167 284 933947180
73 43 246280958
86 60 290451520
176 25 836801375
278 296 104140577
260 285 987873091
120 164 353295502
230 32 412197491
175 242 229678737
270 274 878716183
198 140 494308819
130 264 54662613
287 49 541898672
206 276 379137049
180 5 711459844
9 265 957318680
99 84 406751543
1 65 874073274
43 292 886541967
80 261 908710740
214 158 655968431
84 287 2312994
297 26 510082994
268 231 744126070
16 163 997739774
111 171 466473490
242 21 240031825
185 21 423497790
210 116 555406581
229 247 802465241
168 160 934468598
299 296 590396537
144 292 16530014
38 11 798287844
259 79 330020458
184 189 863352080
74 183 386155801
98 67 104243473
187 28 429812588
19 256 445058234
59 124 881212946
9 174 232585541
297 69 406354984
10 106 91903594
253 64 520884772
163 300 257274713
242 73 258392095
94 222 783504813
19 109 706686140
6 127 619510748
292 238 578173023
137 246 91157748
29 242 160777916
212 251 297116522
157 255 949332337
129 169 115165136
93 111 113604760
187 256 332166682
151 274 46865042
142 32 960590068
89 23 433356057
211 211 694598902
258 239 892264195
74 202 190365597
47 58 387190952
83 238 517793420
171 30 445525082
30 268 409058090
111 170 660119563
52 12 186071146
172 100 726938368
228 63 721483230
282 72 549774920
276 145 618168421
25 243 723600031
276 78 534438168
147 248 12990250
181 277 417648369
170 140 531917339
132 243 914999650
230 114 38922401
297 94 629342263
79 75 629933335
98 102 201473531
71 126 641079374
101 153 750599551
120 300 645199198
169 180 290999426
238 49 20166917
228 232 27050360
177 161 124756173
277 210 599156766
140 40 997367392
126 137 211652246
256 207 579860571
29 59 46732376
179 179 425028375
28 99 717822706
206 88 481657106
222 15 229167489
181 243 146425002
254 220 960368011
171 111 97512450
215 236 107633238
60 243 608898797
30 272 324909155
205 202 495135185
131 282 280050784
236 187 949820671
193 160 888878538
82 41 159707680
183 46 653746851
245 268 338313
46 182 976899048
283 241 342451643
231 23 33042766
186 279 799271967
70 110 843887500
105 97 605372438
228 290 103893698
65 123 219017990
196 5 222985135
247 249 419984602
159 46 807383784
59 28 449351276
201 259 73231298
66 196 578272577
184 17 242019838
284 122 782295786
73 101 680757527
270 217 166572549
259 112 238682205
45 58 4938153
99 269 120401898
282 79 692706678
209 279 330751288
107 96 211961235
35 31 978955351
72 66 616817124
9 139 75367224
236 160 96000540
36 171 838424752
141 215 808903061
245 13 7773781
95 46 411935959
24 255 216357589
211 113 454081436
45 147 924379467
247 270 323655532
271 278 109798422
94 265 534185482
186 1 668351052
89 193 735280266
101 137 859990431
82 231 997348976
192 254 301739882
281 216 993878094
268 260 357068892
234 259 633332113
18 229 604963543
239 74 952720707
20 259 548208859
271 99 777593851
189 200 350846540
119 33 535852470
146 224 582867376
180 256 970126191
25 224 762106503
69 157 937763661
81 226 113914789
123 165 70959814
182 184 52382925
292 207 749125223
295 95 675122474
134 265 985632106
203 162 945106430
30 93 474935737
21 118 324168760
75 186 122217669
35 18 192737994
275 141 645528158
288 74 867289994
64 65 673858200
239 59 505545746
12 192 222343062
170 147 674115475
199 176 162602868
287 248 386716037
247 22 851007522
167 108 893842139
260 82 120183431
270 122 482752104
215 185 234789721
14 175 301373779
11 187 738383523
24 56 81671421
198 6 61588496
165 292 205809996
53 290 423926069
74 156 653700377
165 168 861564058
147 189 823509631
203 103 739403668
23 168 210887742
201 178 765600680
75 201 389174587
95 150 26715892
43 67 858193036
238 119 207774777
206 245 197678785
34 161 873159404
244 7 879744792
274 209 789757646
241 231 424539813
135 184 994669742
214 258 722490494
101 53 282117543
44 95 688670109
31 84 181380580
60 41 758740124
244 75 19623584
99 18 84214390
142 43 140297351
287 284 570145833
51 170 675133616
292 83 898676926
185 235 469930830
279 31 303000176
140 113 603694959
119 172 500973951
42 167 943504825
177 265 350400694
18 106 692654837
68 144 562187272
101 194 22402093
68 185 133867275
45 121 843306462
74 152 177435544
249 291 994447556
259 161 207149980
10 202 13221598
186 130 433305463
132 147 904695420
68 215 364632764
91 67 90173657
283 186 928504194
9 231 602114866
22 56 245639569
65 5 695232059
273 15 837305619
104 24 430600372
101 262 494739901
115 93 966454948
235 160 838559214
250 2 681198532
158 36 22022869
3 44 759709151
269 118 364188207
137 234 990976563
48 258 243769177
118 61 476056353
142 214 631342914
242 28 912545906
241 262 864836517
206 211 50402018
289 121 196677205
258 123 732496648
260 143 58715865
266 280 205286751
80 79 314140508
209 248 444943469
61 89 463433582
174 83 802916309
79 75 220603423
247 33 81127685
116 21 327179105
20 30 739778228
19 290 773556270
136 7 674152801
186 139 989316231
193 47 556352179
13 107 510893719
294 280 495164401
55 110 33168228
129 108 110948060
113 223 262218780
270 242 214035962
249 12 21076051
18 147 605076309
171 32 104496947
153 277 468139845
31 289 467028651
102 283 437538982
202 89 292216743
129 217 895898450
88 81 4018824
120 50 960738717
181 298 351071129
283 68 86248275
143 290 224073259
142 142 226170235
186 225 389999023
89 26 31509557
270 279 953618145
65 160 81960913
266 247 645149194
90 118 675394795
258 50 59959593
86 32 129948912
113 175 706999201
223 68 485459394
257 253 169165318
31 41 121527043
140 63 542741674
284 127 760944733
149 144 739600631
94 233 740928149
88 243 831479598
132 80 884847382
295 192 506107808
95 166 652274175
141 174 791486327
58 205 95805620
53 44 2771034
26 79 952082960
210 279 249705255
40 72 194624040
40 212 600094382
90 43 669703761
171 38 342216805
178 184 841706770
4 24 246860244
82 134 800192600
201 186 533213395
134 263 252057125
245 224 38684704
200 263 243278027
139 55 688715538
20 144 139989533
32 14 874532570
236 243 156892905
6 246 620013581
1 27 433059914
200 280 422591651
194 165 131350465
70 110 320281088
173 61 581500502
100 199 655936856
289 270 227586099
221 1 33811964
190 289 580722258
147 46 520591155
127 46 497421334
292 297 607018413
94 242 704669777
158 11 594974738
197 184 675122198
198 35 139736196
254 23 293943817
204 244 954932470
168 185 464918958
177 83 518126403
132 209 213931400
165 252 500010196
229 45 762092537
157 254 252235547
195 150 861640282
292 48 981068416
40 53 4268191
108 8 218712786
177 227 498934770
286 104 706859753
140 235 462501313
39 151 51435717
234 79 43738261
70 235 275792115
269 181 67878364
50 225 854013863
218 264 290135467
160 123 603829275
45 300 681423601
166 37 103640704
18 177 243588090
183 215 746170740
299 201 923439770
211 22 480064957
25 290 11021037
41 92 43946561
155 61 571094076
74 220 886407399
248 16 797335350
100 181 768796886
56 251 23951114
297 133 924213081
37 183 969592981
258 93 627216054
114 118 296801496
203 210 839989587
163 64 795397799
139 137 314777970
289 136 616842885
138 288 53043665
75 43 182756415
189 91 320998799
21 179 666690181
53 137 116085174
106 2 797492243
201 204 778789752
139 67 619024267
137 257 608331256
158 245 203056343
142 134 84623130
7 260 61705024
173 148 230406467
172 220 484381845
52 272 599587281
77 130 908604083
219 30 274969638
22 221 37597804
241 109 325131712
48 267 171462408
290 108 226441593
272 166 258866153
47 91 145203552
213 262 809666872
258 65 74365443
190 142 271548024
124 112 140467054
262 186 931177526
217 126 734044534
181 173 568878752
88 214 200006712
181 185 680472077
285 284 898063967
236 248 173781180
107 257 174313897
2 147 15747290
25 22 495573601
130 35 97615286
155 252 293412963
41 132 691297887
244 271 494326401
255 203 492154337
132 187 599003072
150 123 192762720
182 281 610331476
278 282 303812974
267 59 34327648
119 188 224328782
157 95 763930533
19 187 683297316
158 130 153891539
158 85 402154793
146 268 834436880
118 169 300974054
89 50 758916834
16 79 987663368
90 45 406245326
237 164 860162465
118 72 280592311
3 90 401579397
70 247 497035179
108 156 61933663
153 2 334295982
32 171 212186102
137 259 16868852
222 274 480207182
289 115 60399327
166 103 810567942
231 273 828328313
193 275 259609754
290 44 795710153
268 204 930955908
82 56 862534061
215 139 189447683
216 27 104459493
19 248 70417319
201 289 243650485
179 206 805970288
72 136 834221860
36 29 92335734
89 70 968641929
193 89 617031984
153 222 439660691
165 136 123481281
48 103 969467807
292 122 441569807
210 74 527450647
295 4 633355652
234 75 471963640
93 162 323866920
278 2 590644889
258 195 474365429
194 47 184445850
184 211 760214837
117 10 561342139
75 2 309729312
281 263 485583537
279 9 149304140
131 242 816491766
170 34 315474727
289 63 758379129
229 21 793431475
257 266 351587673
258 149 147898135
94 17 371810545
84 92 832817098
248 124 748818760
184 103 68498721
124 285 892794562
241 206 760960848
168 246 765333310
148 174 579586582
74 182 820752647
46 139 781008548
280 284 436351916
224 119 903734207
273 66 182274283
285 250 946906437
5 125 830986321
266 65 11510278
13 284 107312523
175 183 561554296
108 256 553633729
7 1 415480319
106 281 907308902
221 256 148010672
180 229 742282238
262 265 28223487
250 269 860171263
222 234 202100979
99 299 369487363
221 225 825742245
216 32 216813453
196 90 189255953
14 195 596000585
167 116 956341541
138 295 808128621
175 8 900180585
213 257 153512505
75 230 755886238
106 28 25811688
68 248 876105812
264 215 591387896
116 110 992410585
21 123 565215132
205 289 41120747
97 178 881410693
269 53 268359252
105 17 148872860
209 144 206454189
299 249 452613516
86 16 994663363
150 31 99190729
297 199 614796638
233 219 809477760
64 123 295575700
62 272 368584777
106 240 623303581
157 45 87955598
268 253 475228441
256 251 987223089
23 89 845943256
37 238 729647538
265 234 2633036
2 166 706672054
213 230 290281529
164 43 709803000
241 149 478397791
173 57 643730135
70 25 64345240
162 32 496129342
202 55 964894130
9 91 51778119
147 108 495652852
182 161 846477970
188 74 816952251
68 237 300712793
219 229 31686641
9 102 130749398
196 223 599290274
35 85 791247105
176 38 11749759
158 47 960494302
76 193 736671461
228 126 102561521
49 65 572674946
99 132 442587435
243 50 80883763
236 59 815900216
285 254 735592391
58 40 315188727
162 267 394428664
73 124 671771810
126 200 876865702
38 179 717376080
58 279 47458644
204 77 9911276
90 71 19569677
204 6 702315287
120 290 554394592
62 99 640152831
88 13 160752050
151 137 376053673
261 14 42868524
14 51 656849454
245 108 64474432
189 63 935212060
16 152 569775131
244 56 704882988
231 227 471285030
222 40 468271528
5 127 192122292
54 29 802070728
278 41 963643841
102 55 413513091
155 51 106756351
239 239 616048565
98 6 383977169
80 250 343942276
68 180 164360454
149 153 580824093
276 157 908521919
168 262 246915299
247 240 562743340
288 41 437904446
130 247 589774696
80 185 65812735
197 35 433478892
165 166 7310141
240 285 194654472
293 133 697390125
85 161 8186281
55 28 140311343
53 26 322335334
144 13 892094074
289 195 63986072
185 26 49969409
71 222 637772495
262 86 397170460
155 77 885562645
226 69 426750429
150 205 636488989
283 11 559416968
77 116 997605094
110 259 767213558
235 248 281755452
58 184 500503478
66 254 39506199
160 267 135257137
172 121 279182213
168 47 488158234
296 248 490492938
285 282 899740949
104 58 962817564
197 219 94982474
55 153 29107421
158 211 59999804
287 28 105988709
38 240 748036676
174 111 845970196
138 30 446960094
171 25 248396494
161 61 258465675
161 165 469995333
276 113 57837151
49 219 766601556
70 129 660274618
25 115 641342097
234 152 495060136
109 77 323631898
156 215 12620027
2 137 841291304
95 297 446134716
169 157 386567232
1 132 512710297
104 181 739261115
111 2 53007843
80 26 806970310
76 259 40654713
64 119 889318190
213 275 337175656
92 276 19868992
295 70 132923841
62 238 723564797
46 291 312158481
142 146 141171013
208 8 92226166
103 87 372807391
112 214 793936102
24 29 251132620
65 242 295399846
20 33 521181521
112 79 881906842
252 140 783525132
300 237 548548074
232 78 87329171
44 286 166469978
209 140 151277816
152 251 683094781
53 26 256981010
124 91 49084751
170 110 777058735
242 273 429677913
84 224 158109704
215 276 348921341
140 207 367339470
210 3 100108855
287 211 10302746
254 114 347342396
134 166 856915222
95 42 280855764
297 211 251306973
231 152 493170546
295 287 139370321
199 253 913471096
91 92 832664055
60 1 185603857
67 39 917033019
212 292 399758933
60 178 280234050
181 272 809590991
196 269 135745953
268 251 779880457
65 246 623901343
86 196 156366448
133 286 220791139
139 97 609537292
95 163 636558530
66 127 158165374
98 186 4936251
99 118 138884874
142 13 609095994
94 32 192628345
2 97 24192542
145 234 409381937
44 118 549634222
282 257 664805218
273 103 707520133
55 168 835565359
180 17 248799644
182 116 656654561
155 257 192502225
149 102 255133256
145 104 190234552
86 300 989692785
222 43 272011755
95 76 164822811
64 101 558762513
196 155 223380233
154 86 705918549
49 267 139127864
61 121 37631872
85 21 537176526
141 217 417642281
292 2 155446832
129 275 906956626
135 69 892962801
45 133 428035353
109 80 296216459
41 286 508187844
290 34 921402110
105 95 527260483
229 231 82342603
206 71 336825872
38 115 757353773
169 295 310857300
146 129 841937968
146 225 572950052
51 33 211413684
109 126 740377869
253 115 113674954
62 271 135443148
96 251 555733731
151 156 72130901
122 193 432418267
146 113 626288613
145 258 73237341
265 156 495636317
216 206 747215350
299 14 756387375
119 18 229070941
273 80 156910263
272 227 577537214
202 77 880644669
255 198 188907614
173 44 805256526
86 188 341680736
178 204 838626691
195 120 576646096
296 170 704471761
222 41 877775179
262 13 870474810
24 284 209831136
89 238 830703113
10 192 922432962
123 116 242374457
100 201 101384897
35 131 193918600
177 25 92925619
172 72 714852341
285 293 947560281
63 6 757240745
272 81 279336880
159 170 69582417
123 231 905140960
285 53 218430776
241 204 488256828
137 239 787856458
289 115 465382334
259 39 268049805
99 23 657278949
31 137 9624354
27 160 187028987
7 18 914513708
223 193 925239538
135 229 260630442
110 221 725942945
37 58 515374135
147 98 467550702
280 56 11635092
237 155 999582714
185 237 866717802
191 264 778482461
277 270 649740530
36 244 163711474
273 78 390311902
14 239 424432623
10 28 367458532
245 174 413308229
46 205 507423684
237 141 217173590
202 26 490118227
55 216 788531042
15 244 539232563
96 31 811805206
70 3 216422636
271 68 118999274
145 129 712824653
76 73 80722526
104 170 245624283
188 106 770547023
177 59 17802400
155 113 144498415
96 179 895213110
110 275 184460192
16 96 84962846
103 118 857351513
128 263 932601842
181 38 826087966
158 194 152844236
40 81 777022093
115 9 698204252
214 216 488141216
281 11 72799095
42 121 806951121
134 188 1792416
279 42 752667585
244 169 778976547
37 101 153210537
202 11 436161430
237 102 987769262
182 216 25207622
185 130 38594737
300 110 816461648
294 203 603073620
66 36 210235859
233 15 854371000
218 258 359511020
216 294 438480573
252 247 172002183
233 236 658216484
294 117 520186852
116 1 70682981
204 300 11752342
251 46 91124396
222 111 788226632
132 44 40538246
83 13 410443455
203 228 830544100
175 232 126928146
209 216 304956181
44 262 141650297
95 129 40247449
27 32 636372501
120 283 2824546
116 256 651587408
147 88 584453503
244 170 406606767
50 124 44507395
149 50 208914978
246 258 483474593
227 2 708471854
75 148 909114382
276 175 123996914
176 294 22097448
173 161 59005955
32 59 444958294
287 2 34325464
253 103 744167539
199 251 307932389
76 249 602654898
221 175 286551551
26 1 879809199
260 28 158143525
225 203 133306870
224 127 896423631
178 159 88236789
272 145 601800943
287 149 847559545
177 48 508573048
65 175 711769596
263 95 614621722
265 121 211296074
63 80 542040102
87 56 95742656
157 279 875228283
139 156 237117093
127 179 913346237
169 217 15555185
66 94 440767684
213 210 545382359
8 224 665390153
81 189 214295625
154 251 101213156
255 90 302656011
11 246 693237989
193 84 184481397
37 262 221344527
273 183 838152844
109 248 631590237
45 212 762105446
103 219 832353370
7 51 128885558
32 204 384027560
239 159 903406549
150 221 672845746
90 165 588768781
238 201 591928795
265 225 431610377
208 33 660405776
296 77 934371687
293 231 817794057
214 238 925294607
23 269 468169410
83 259 840974920
283 108 286937440
181 250 533801604
213 187 818684504
207 151 907448728
135 110 668165813
10 105 541603441
96 98 73143972
204 11 633210261
10 34 583581581
72 168 877987439
291 202 671600199
183 82 657657848
186 295 725674486
142 201 244478289
21 36 52222098
285 97 485528855
78 245 306504004
101 148 200017266
61 158 147470551
41 281 532891418
31 271 964719120
129 153 968315753
228 91 132450099
214 284 49050952
102 56 2245039
151 41 652438135
5 170 786518279
8 270 222279527
74 30 737532836
224 122 800447616
294 152 104515138
265 281 84156491
17 260 830722333
116 173 162897168
167 26 988129723
5 177 679618515
291 181 778966984
170 241 64351805
248 66 463950534
183 289 118893807
98 34 202136359
35 298 90311091
177 67 441075850
161 234 832621475
180 100 656909900
255 156 671195928
69 146 508492061
105 67 475302301
109 14 624160266
195 196 102536506
101 45 443322440
211 132 316269889
1 60 837178255
103 273 991013988
77 152 826828039
128 106 346865446
56 227 203564344
216 83 183443010
68 243 213813676
285 137 179692823
190 238 881528068
181 200 128867251
170 201 5866862
276 3 343249234
264 131 156427886
102 10 138565243
200 65 116763469
143 32 575022251
152 151 577693394
227 135 441243782
250 77 432050871
69 9 604767371
71 230 49704371
132 206 912970425
166 169 27187007
103 22 49264016
145 221 502913733
114 115 44111864
216 267 705709767
261 245 259351353
143 246 807573129
13 66 351246590
83 188 501608919
105 20 948354724
181 185 535014344
139 39 88415818
55 183 102908238
87 296 339605005
202 264 276916423
220 224 128656167
73 66 779549765
53 131 111125282
42 265 252249970
261 70 61307041
84 2 29029377
180 141 164361215
297 247 605867797
86 85 322828945
290 286 890266908
212 258 738391431
131 30 160962649
47 82 737515079
28 124 925332443
249 136 626635464
189 271 606910918
65 150 40829458
279 146 535204156
76 232 887916040
220 273 848109677
79 185 121494834
161 67 967422863
9 113 898499597
39 192 413455272
34 141 13898807
149 81 500701277
266 146 261393379
275 176 679358224
230 3 415053107
21 274 955566680
98 52 430331716
183 213 968004382
246 273 53167146
194 12 944428937
265 97 599072429
223 245 78404662
99 263 706422307
177 237 205035634
153 219 475079737
111 239 691899910
42 36 745763062
157 219 80093326
90 216 3336998
187 161 958041861
176 125 722056709
4 47 69500654
265 197 164833668
123 126 343852504
157 278 846794022
245 140 414090613
254 182 41335600
67 90 850023818
92 180 365127185
142 118 632628945
254 293 918500721
163 49 236641319
68 65 87752016
235 188 585742541
90 96 262487470
164 40 533039909
176 45 57999242
275 112 415180832
45 255 277621763
81 96 698489180
226 102 474728373
298 16 57928121
117 135 379009437
132 69 291878276
24 210 1570271
245 73 688197862
253 300 43660959
195 27 961206270
278 71 225959824
240 151 693774972
19 128 322693573
143 126 687288688
15 294 709577322
252 177 554393142
127 200 418105003
150 196 147506928
263 200 156689527
121 146 339504753
90 123 398492775
66 62 846264426
137 133 872997705
61 275 544676982
300 290 97943575
21 293 473065851
214 119 108302702
16 20 266141597
243 283 332138797
222 103 364293542
226 245 777786665
1 62 702756278
278 198 985175210
82 10 952288185
64 9 367056026
90 29 755971818
241 294 263430188
94 61 891001408
143 56 31916042
39 277 877318696
132 202 240931992
48 202 348715753
26 179 894444950
135 13 905845859
271 128 70207167
148 217 949622547
17 209 951001492
5 3 639932653
64 145 16439308
157 235 89727336
52 66 199301489
244 114 891138191
196 191 569050921
98 77 106037385
8 48 194258212
227 247 784173329
225 264 201364937
217 20 406652091
21 135 813660035
180 291 312076621
67 42 561162687
155 37 896253952
197 285 167590342
118 134 212863418
102 141 836877717
266 119 406689264
294 96 383302579
230 64 177631498
273 84 385710132
107 15 39454522
280 81 868699715
166 235 114377704
269 184 125204240
210 53 795624273
279 154 736516365
96 119 18087684
211 164 147509831
289 146 370751594
138 118 32778329
69 276 150029343
42 255 517264675
108 172 481269461
263 140 785698244
102 101 852118296
74 80 786567002
239 227 783302572
274 189 626498336
104 177 222551933
49 14 273082750
77 134 149299877
119 227 458247232
293 86 318636555
205 49 921689095
249 150 992544247
44 276 891549078
97 214 308097656
269 239 648879244
56 94 149712772
288 142 135713385
89 218 550140270
165 88 432447948
196 132 651336134
151 36 173698882
297 36 124740431
295 80 5117758
73 228 993798171
128 196 518934761
124 3 875521006
295 290 434308499
232 78 228075568
1 243 406851555
101 190 192933838
234 92 362559174
167 140 406458509
197 135 176750140
7 259 460001068
277 138 892030215
290 261 99335918
147 256 156986459
146 187 485548237
113 239 939353831
220 91 124134120
157 24 63558364
130 190 826799303
191 139 111433889
30 145 956494847
149 173 375112537
216 214 311133497
233 61 619303204
291 206 435335042
179 18 161885633
9 237 231402923
81 94 295223047
296 275 232077588
50 165 314190626
239 247 251712622
137 147 185925395
173 62 340796408
222 46 591846668
225 37 225901025
167 215 766002343
99 276 176551231
121 108 797965176
219 103 992803351
207 152 872556967
84 142 613976165
106 279 529578364
300 203 658877425
159 124 806241971
79 101 128658459
203 19 111675125
97 169 547162152
228 41 559253659
255 260 916540713
257 218 445822617
124 1 258533258
40 158 16200188
103 157 93935943
280 68 950357666
202 146 762317618
212 100 260118136
136 197 458161204
88 176 587849745
198 130 796923156
163 87 464942673
279 262 611131625
236 53 634686283
276 208 574048391
218 239 770014358
35 140 519463555
253 51 48297007
240 238 270000703
44 77 66158578
240 275 87252159
95 137 326084797
219 167 655213458
43 102 246163363
77 129 923480170
268 46 51074008
277 81 287703199
184 85 909509849
190 24 585718138
92 119 158457515
221 110 892014341
231 256 702929329
28 174 37025095
137 269 5351248
299 97 624107977
68 64 839747574
127 41 602627706
25 224 675065990
25 165 22213266
263 256 102230736
277 228 502968146
69 158 873865001
297 185 532380327
143 22 89645747
90 20 180347543
218 140 378534107
92 266 159252499
149 291 41966274
239 15 74972438
156 29 380788045
191 57 25571672
36 125 949091829
137 173 329949666
215 15 823358639
261 157 675482110
103 74 809800249
61 217 982419767
59 66 628527509
84 56 510149675
221 211 213004404
65 101 748065560
188 189 859863837
169 77 398812209
34 291 106968476
24 251 137167532
33 105 966033705
234 166 285830922
100 224 699186887
60 8 733683942
34 280 264051704
37 45 687488204
149 284 64510644
137 152 563951320
245 185 570706910
120 260 26939512
151 293 260480317
8 226 502379782
29 77 764406757
167 136 88527516
60 169 549714496
163 258 381272092
118 158 608771975
262 294 33822327
181 238 838889163
143 110 847331123
54 12 734630315
122 19 15619692
55 99 820202668
212 265 481939455
127 76 805947023
22 238 562778832
13 108 647984089
40 69 773942982
166 1 191984072
280 143 156559481
2 249 657353092
68 70 512914963
59 177 156559661
178 88 992506778
132 266 754440253
7 288 558928143
138 52 93458650
179 143 275058770
160 8 815163470
131 288 989512365
263 41 972528613
107 109 729725234
269 219 763482010
229 149 690722049
258 280 747456515
63 38 335916254
105 228 984857005
6 106 8083448
27 17 439417907
48 200 117749546
212 162 890409487
76 268 197060747
62 236 53323017
223 217 279398965
172 174 209744397
86 236 650306334
91 92 868896313
95 149 660982070
294 175 800506587
253 275 184486638
250 186 264448999
236 14 255295819
134 75 964909354
251 49 107398322
215 220 822753148
211 57 717930435
297 147 204374679
9 294 375544527
231 39 211531454
169 43 527498928
6 293 165475665
4 280 97990278
22 114 759800704
28 116 914388953
1 30 104993424
148 293 79070633
35 41 320020479
13 101 370249024
139 31 385323363
244 199 509694105
23 204 861110797
288 260 35015629
17 33 523436642
173 112 84729557
77 113 998293338
200 12 473872382
132 46 14289374
263 58 635924275
86 249 852275505
300 192 168882356
205 215 917715111
153 254 215739122
81 22 465733855
174 194 190157718
82 270 791376330
72 222 649691894
105 105 778002139
179 67 85714449
53 205 95856997
9 204 724993940
164 160 500624206
27 65 440739811
148 197 643331033
54 123 720714926
72 204 292313148
253 27 463119121
146 132 459687125
137 10 307070344
185 62 375517800
233 122 50352855
224 38 841269615
182 64 166927931
92 211 209827079
24 265 493403701
202 88 954903705
101 40 150169483
221 186 848040714
145 22 915323123
240 258 840457336
239 190 328235210
194 165 695022747
60 46 711051410
42 138 444576672
220 213 361332388
221 114 651476275
177 214 958901015
159 186 785814852
273 31 57703573
147 22 417830682
135 13 109536823
244 206 710332287
142 17 573357633
51 58 991869022
274 277 756681134
214 249 293541600
188 125 894763565
254 36 23466151
257 60 991852833
281 206 106993954
262 92 449440018
184 87 364511175
271 228 545993391
155 278 865847300
176 4 681383629
161 217 486006077
12 156 939651054
77 162 339971689
79 118 387525048
111 99 850150605
216 112 568305697
34 296 722741883
160 18 8481911
251 172 989093540
202 99 961669795
130 11 287543063
59 23 618189619
112 151 470059532
252 229 923934949
99 91 595068499
255 58 48774511
203 143 247106158
186 3 47879375
148 5 729484498
139 206 283790548
186 36 319995010
148 146 131639484
18 257 613487534
49 208 494038014
250 58 765143756
248 64 533798714
110 267 101959256
19 204 686652910
245 51 981356714
94 241 704434320
41 126 389785707
51 26 523416952
186 43 897495460
120 92 851992919
85 41 626950728
141 40 72519491
6 202 609521257
13 220 813214260
23 217 544596762
88 10 645278655
59 103 76929732
65 153 127093057
268 38 266474600
127 209 965133891
297 46 999522231
224 186 669740822
267 243 172047823
223 255 458582095
135 29 577223011
148 169 109971420
102 227 193134222
234 292 146706426
90 11 102327516
289 190 526001376
31 186 911766021
113 110 877281558
235 76 956346700
9 50 955953407
3 236 562754587
213 84 758106955
185 237 98961182
206 222 827619325
184 12 320014687
199 52 621126376
174 83 435463662
247 247 242493623
204 181 114735750
156 190 514227651
114 244 254183587
152 157 584233022
59 41 297138258
192 298 322345380
16 181 786947443
254 131 104902694
30 57 946377728
43 3 163411127
165 258 720711007
166 165 347874248
216 278 650966592
254 182 59727400
75 240 684128092
133 131 717302889
164 198 10990922
206 151 815003352
51 180 360374260
31 222 853836962
257 138 730222072
115 3 93359936
215 271 604236666
258 224 825606847
157 299 368093786
148 183 35691368
188 46 803502565
161 3 844058415
213 105 631001647
124 187 599795920
286 195 845451210
209 10 482703264
244 276 25779734
61 233 581380558
7 89 586255108
244 288 485025290
11 227 305069187
275 88 833334241
142 52 27239497
240 175 833162684
259 212 267031278
220 120 902072639
184 116 86161014
117 176 322779346
26 235 524171386
233 178 521948873
74 189 738447400
12 163 37174239
252 56 380616390
49 295 981664464
84 6 546671776
261 225 658376747
252 160 557622962
165 29 553679790
63 54 619637724
48 39 976106901
73 164 658778689
272 176 323672004
10 179 814845259
151 279 468332806
114 62 31414211
41 23 54573387
88 274 167997247
1 190 249981875
90 252 881907828
113 52 355062918
66 124 154472434
206 147 732689209
209 208 480596539
20 58 720401218
125 223 137782279
287 264 852287353
73 103 765989078
19 103 965048468
293 245 477277571
73 109 974331422
242 174 683191597
275 80 489789143
183 40 136331002
74 111 298400859
191 235 662695882
121 273 628404197
74 46 1386199
51 64 44297553
270 109 458301697
193 181 715552706
166 122 792157479
263 149 51927410
257 31 966018150
159 156 54307660
117 46 785128747
50 167 42411971
298 292 175698016
296 42 58016832
149 64 86833940
245 256 849089872
202 173 699847545
281 135 793579393
242 92 715490976
243 2 946178831
55 170 58560529
153 272 190418347
223 269 194039638
39 265 835413479
22 165 637137394
113 109 223972601
84 11 422766874
280 43 916711808
25 36 900629251
152 279 510850204
134 33 193259174
162 185 315584745
108 107 506231113
45 197 619100829
76 218 845975093
221 30 497671954
22 165 289744116
295 197 14349058
154 273 280963245
157 124 350572123
160 9 835032407
85 171 519472843
229 30 446305402
94 127 791228098
222 254 317290468
267 174 111326449
120 195 874942266
35 241 160501814
44 95 761584486
88 251 98713961
163 162 118069069
269 247 878210339
12 227 274588821
213 20 648727799
62 242 836040752
181 208 178697777
30 79 48155124
147 113 867179664
160 156 257515910
145 295 119793112
5 157 964861474
173 126 691012872
264 189 761315698
136 153 534517418
134 266 482235211
137 147 450444170
13 228 936816248
188 74 83611912
4 285 905180219
213 129 682484413
177 185 471129322
2 109 253630999
73 124 549462287
122 259 509961291
139 92 73839756
201 280 263420854
222 45 337514681
21 232 876096206
232 287 187150890
50 252 884779570
215 128 67696206
236 181 1453515
186 253 269294538
272 74 145808097
14 265 132238340
269 165 917142372
123 139 826701616
255 159 614103899
161 91 146528886
102 192 386525189
172 158 748853216
177 145 755923496
43 30 98748900
281 53 538645125
229 66 610129589
20 35 500470206
143 209 660111144
10 163 878385002
109 75 91420044
246 177 204396488
34 100 899798745
1 276 501272490
148 71 114965071
299 51 437822424
223 31 832322189
164 102 224820475
269 245 26221783
264 254 279073498
117 114 6955472
61 59 102051300
300 144 596624199
44 196 410886727
285 95 546292397
256 93 124652099
279 16 291773929
67 179 884928930
242 199 673775826
76 214 632499880
73 30 80237693
145 142 16034504
196 141 826415499
295 185 112750247
121 221 630962241
17 176 184833086
15 154 607975201
95 273 68067231
276 266 65579381
102 41 260622794
233 166 384098823
177 62 232460217
232 257 305070757
183 251 206761893
29 123 438806114
21 139 116168489
106 205 529187795
258 51 510186219
288 27 431467884
268 128 24287276
161 112 715201541
136 288 216198854
252 220 924297811
260 154 141155313
153 182 425141736
18 254 175065826
58 60 663063331
4 17 885940881
222 57 581143759
157 76 569931438
133 289 337320149
25 124 668580289
279 127 579746360
189 86 749750213
101 290 143858446
188 7 393033299
114 117 682107858
296 120 324090027
176 42 387047035
187 250 84041910
24 82 528213798
25 107 956177873
13 137 747877999
272 77 913417637
84 229 807042326
181 117 572590885
179 230 178748153
289 225 302185572
115 152 158122065
49 38 178025515
110 114 238699548
160 138 55345706
32 150 844162842
83 173 381965118
219 8 809907847
96 188 405649115
32 66 639222044
84 54 731239020
256 168 715124571
272 268 877055161
238 78 934445874
286 289 77133211
191 20 973697460
233 102 56401332
102 72 74995039
200 168 25853378
114 251 596976943
9 35 175506297
128 42 938047816
151 65 271648536
211 3 260350365
136 288 284883453
146 178 301425672
57 162 762887726
140 264 730170897
230 163 715350216
207 277 143532919
249 285 488434453
97 165 609789446
113 15 813203610
148 225 129218812
12 60 796534599
216 257 723013029
87 13 900300590
112 204 562878753
261 133 225688068
28 39 589344944
46 39 850620480
150 136 888237344
295 300 269836458
205 147 724989334
168 210 188141845
119 125 736427201
247 263 48575565
288 127 180988268
241 139 61176700
108 166 567510590
3 264 444450529
234 113 572535516
278 160 37297015
87 116 962899913
121 283 609694574
265 153 262564450
66 99 222935212
230 87 106210938
298 79 347595228
249 238 957405594
239 292 636724009
19 225 21468573
234 254 721428732
200 41 402324447
12 161 45890882
85 177 448662634
34 242 186169085
297 224 158710823
87 273 781682953
14 273 280773542
159 211 245327533
267 281 230998109
240 214 273506263
123 165 495204803
70 176 621083063
103 12 691799239
288 97 443780533
272 146 925602508
146 232 318253432
98 297 682910004
39 156 439599167
23 174 32771447
232 165 887478713
94 40 41017977
296 109 308805505
110 263 448019516
100 250 426257165
32 274 613937310
291 119 969787241
222 217 546434889
126 7 448769496
44 30 166031422
190 13 867172886
2 106 978655325
31 153 902803185
235 262 538023699
202 61 480463149
266 145 621323322
175 187 119315040
67 109 608637608
256 286 370064567
103 29 796407096
124 270 823696008
62 272 725437565
286 54 144320217
123 288 406459730
273 241 203655342
21 207 979687586
94 133 217708025
286 200 678421033
145 207 602285670
11 9 723868398
258 133 780973367
217 246 661079290
281 231 257720495
197 105 27186134
178 78 270012075
220 150 412455481
157 296 920970013
281 281 617859264
265 177 49558122
234 188 664836083
283 145 629724567
2 62 663912812
291 94 598572494
86 43 189023151
219 220 120772128
45 139 431831629
25 48 891008624
190 28 322650856
5 293 335395933
27 226 151824772
161 209 715828116
127 210 408651029
38 252 103214723
283 89 648872117
33 60 747050236
212 104 306437127
241 181 306720374
16 70 965608001
124 126 666553745
56 152 159326923
227 64 20312283
294 190 30483192
175 279 408467995
149 262 559470836
165 294 658161495
152 206 679584750
30 198 183679730
203 213 796449151
156 88 135752277
100 195 103663580
74 121 365019144
256 167 402059885
47 93 26182264
194 241 688475125
129 157 430477970
175 8 520446575
24 38 95245272
106 292 898399037
256 199 105075076
284 51 198152971
164 124 181973843
159 80 772365809
43 178 83012601
258 71 69645293
134 251 528619649
4 177 912018609
78 253 526279298
102 58 678122089
90 65 38187688
165 101 125546190
135 16 394491813
30 174 717853192
38 268 978629870
191 226 437806192
35 59 802336643
36 62 287931771
44 192 869143623
141 45 434684632
281 186 928487597
20 102 43853849
109 289 179414264
22 18 552704337
65 107 270816656
234 49 654900781
226 84 950980892
220 119 737018605
90 162 385976848
265 54 993100892
196 34 14338829
244 106 849733031
92 214 402469171
255 287 149488388
291 52 568189194
99 37 594100543
79 262 149384078
222 233 910143096
127 23 493428909
274 287 573004462
218 234 532024547
98 178 261193204
80 269 33540270
50 224 243557556
37 266 314130959
183 64 371373996
77 195 853092857
54 116 119173242
149 294 899997864
209 20 622259402
270 289 868126135
168 86 271118364
172 166 170057233
141 215 449389708
148 4 809303773
207 238 225648789
2 14 353325535
110 67 143314902
151 267 332635496
266 175 12296867
119 196 322883555
154 63 131250740
169 286 139647805
101 126 603060272
8 26 670976527
233 232 911585764
273 233 771504877
207 94 252634295
8 245 265117113
155 210 449865887
21 81 84917782
175 234 554813696
115 102 120746834
271 255 111224759
94 14 179870436
220 298 83265767
35 270 897817451
163 176 476618345
57 236 791358041
269 90 742034402
107 111 803423182
140 285 696166867
288 151 691383821
121 122 959131275
131 267 653831640
167 239 732272338
133 273 272618507
136 136 480712035
180 244 647351470
272 213 957688659
273 71 424020469
55 211 221746806
173 198 629602056
93 70 492266729
19 200 412801096
259 66 914698034
248 251 762059658
154 86 873874493
288 17 60325889
109 288 28981901
268 12 639773823
288 118 125103085
293 291 39783382
149 83 62110603
229 154 598276803
224 164 680668768
209 111 97584970
167 16 41810155
11 56 694995371
99 164 701015010
151 183 949387122
26 171 96051239
110 215 837174229
144 63 716656264
246 292 546144969
248 267 126955632
68 228 43876942
137 94 274560109
292 156 594684464
214 7 504117828
124 209 813065210
97 234 798063432
135 44 828342947
216 187 386022161
131 132 110851452
199 132 973180971
182 199 35192398
275 35 911461743
83 78 328379850
247 292 493756256
26 167 141605565
287 263 764217950
119 149 781663793
165 64 791275531
77 246 2647415
281 196 14056246
151 77 358687144
248 51 134125078
242 134 234696556
91 132 207913299
299 157 902273965
115 143 119682027
164 261 661221427
9 177 511550043
39 254 239840488
253 234 244754084
298 136 653246460
241 135 214227263
271 76 497223896
78 218 801953527
176 216 485050335
140 30 507063177
118 246 371088190
244 254 905468318
238 44 496225723
126 49 106728208
261 46 710156743
172 39 194220077
134 61 322896304
229 138 572048922
207 13 287950537
41 204 317239419
70 21 571617164
111 16 685263917
28 254 154487912
251 131 276903860
158 91 66568006
253 262 587200196
129 96 120409156
133 76 605924145
106 35 546625757
242 75 549820660
160 196 587707232
75 6 468990547
243 86 410253352
155 88 798819782
114 297 731960272
171 249 567953986
266 130 815995481
173 14 530857708
269 119 661977842
25 112 546922569
36 24 692755064
67 98 175596222
166 41 48398007
217 195 512418846
151 8 969354242
122 231 981877291
159 248 449240772
291 121 989308285
199 141 26645103
140 218 554234466
208 253 184283089
224 72 193440839
297 289 414455279
155 257 706847025
100 107 495003584
41 281 698009314
283 139 755580762
106 130 640643434
190 28 959121474
144 219 110156991
210 179 496086996
50 154 852102367
288 150 204742707
266 4 259228663
242 103 666896370
226 195 12222450
139 230 863160888
52 35 740739869
85 225 323300748
259 120 272821367
101 81 988740645
196 131 16329998
114 118 383701999
20 136 286738302
183 77 942890456
204 54 321512702
153 245 404482331
292 296 346072818
261 81 283076094
8 91 94653613
26 243 187556194
222 191 746066924
271 4 816142993
169 76 959723328
122 258 588687657
177 213 198039562
179 65 633272006
161 108 502482102
178 68 298829634
171 128 981436076
36 205 660458418
229 127 684500008
4 149 758179564
196 18 233723439
276 139 222876648
184 68 392535560
145 298 607438976
51 158 730747783
4 88 355718203
89 258 953134630
264 293 353367486
133 273 840124712
193 28 987285361
256 276 178551430
146 3 700661220
293 186 496505187
104 82 740112384
279 184 688481494
13 239 835168981
115 27 315767290
96 42 224930035
282 175 750213407
45 67 195233387
257 74 671100262
186 219 842570064
6 263 150846801
244 118 941453682
180 96 700179066
273 108 782021404
205 275 338326683
94 70 498014624
28 51 774059998
287 96 555995516
273 52 602000741
234 290 145799111
249 47 410267273
149 42 492973490
130 221 1356737
47 245 666164797
203 149 843115871
85 243 337860940
8 22 356283843
158 8 885992938
125 280 471822641
166 265 292324382
176 213 195643028
201 61 383316470
290 243 447973442
279 289 225579087
75 191 256335087
145 27 3492381
36 35 691981003
278 244 924530710
67 68 748891242
260 233 836162858
141 161 28915623
121 61 625479983
90 102 124858677
31 80 522198066
269 154 157068608
56 50 515280635
136 138 947365121
238 167 227382064
100 234 763843331
293 245 11266016
202 85 262932876
24 205 781627536
207 46 912839837
83 129 510442869
300 97 388085074
160 204 241398676
294 92 408244613
266 29 97423079
129 180 47443364
111 224 582644460
78 126 142834397
153 149 923656201
40 107 865975399
29 190 712732727
97 241 394539975
70 100 167732231
145 145 183285522
109 110 133180850
240 290 499497982
55 101 31128157
115 230 711717882
11 83 422699131
163 174 642068237
113 202 494683878
139 50 355260471
66 172 528350270
196 68 86782967
117 177 272890976
118 168 19089066
51 222 941736918
208 88 52100547
189 150 465629181
71 65 963950355
60 177 164936608
237 68 726514458
159 133 889285329
129 80 894647896
295 248 3363124
22 65 312854091
39 168 575596865
208 75 521719552
7 15 146572902
187 138 78845818
293 197 479480994
53 185 766243861
162 44 186190745
142 224 54537524
137 218 407086071
113 291 229533588
255 30 21378055
19 289 666263981
171 295 875909247
224 234 73012984
93 278 752159780
86 30 113066217
147 191 805960060
91 32 64224283
167 221 974641852
137 33 810103742
276 287 294731723
282 58 370262712
114 280 941313606
261 255 178546291
296 47 193394769
176 132 3311998
292 30 39845141
203 121 339763172
285 287 355263044
88 175 237191528
181 203 150919067
4 184 672042524
167 298 174797803
24 10 658274157
115 5 53833755
183 232 135924886
280 275 375824116
20 177 959722188
144 213 942156626
187 300 582729852
15 181 110975454
181 236 253304190
156 102 823463687
58 125 254912248
266 239 915630152
220 173 262809884
57 205 409517658
172 276 14229887
211 119 288654499
236 58 59949699
188 124 990735579
93 4 80776566
182 211 995302667
20 268 233176543
167 285 120428134
19 204 850452206
154 260 279077110
263 184 446147986
249 94 543944356
148 82 75212913
46 269 129661536
176 113 858209291
241 295 932898701
159 66 381043920
201 233 860919104
234 3 278874359
140 156 918318219
1 118 712623854
86 119 916480747
94 266 29594580
106 63 77146148
294 238 580176313
184 230 86956559
37 88 273466924
156 288 394619656
260 274 71077610
18 113 860617965
88 165 730307435
93 3 841859553
140 96 336445170
19 253 421497632
219 246 940268869
283 182 678568150
41 218 926665437
164 73 622769976
272 84 34793549
81 154 865704713
46 241 247096930
232 34 772601832
236 225 838680127
205 295 225577431
236 265 357922577
256 247 798957558
257 39 334097427
45 203 639353399
120 174 133193635
221 254 389459788
185 51 31502780
14 34 919430113
197 269 527271589
123 225 32105436
106 212 363594152
282 219 101914051
91 175 334021689
117 219 333383991
267 91 199653316
201 11 298874570
288 247 49214772
68 13 328465006
232 209 831001174
73 84 598301151
208 189 346829862
59 170 721888881
209 12 254562707
150 180 19000426
240 146 343004716
256 99 113885478
277 86 49863776
48 205 545520188
153 189 225972897
279 261 782418380
29 220 292950420
42 30 262975241
274 291 343966752
81 140 722538731
106 131 890560928
273 86 128710626
150 114 678963964
25 162 720307368
265 66 877203656
61 96 529440768
292 124 856607787
111 218 74815217
151 191 285977107
254 271 824115146
236 128 875129676
63 100 638674014
41 1 266139079
104 78 101706940
123 94 31391658
31 154 33678053
198 197 559383629
285 59 955338246
153 261 795947136
259 214 188289359
256 149 151365338
83 263 28179790
48 3 932618190
127 158 619577019
118 281 782060112
227 63 498556717
80 260 404001565
108 296 938828723
105 148 218529783
292 158 439587848
150 165 324541648
188 300 763952111
77 47 591562565
18 225 486336975
89 95 168582707
252 21 368019769
269 100 614088928
285 259 468430676
8 63 153343875
42 55 954805633
290 256 254480149
137 195 74980748
299 271 760014147
216 41 575719423
290 129 623803517
96 80 788174438
264 100 102510237
143 85 831227248
18 144 77147362
93 185 636217716
77 174 254276724
277 63 377657018
125 61 34538389
123 276 715088081
97 265 186366761
114 112 82950892
151 75 903397192
39 218 756739928
238 287 581807823
200 79 744614307
215 207 389779933
290 184 989329995
208 60 12249307
148 234 50100435
128 30 736703999
288 143 945675411
279 45 45034437
122 84 648870006
101 73 225612793
223 272 781123023
282 239 270206330
266 228 799859213
260 135 150095124
118 282 228411857
252 109 463045186
103 148 477798629
65 127 913362973
101 300 724764808
107 101 743231381
151 75 45910052
273 56 121534890
54 21 76898970
18 32 584626604
41 202 384288886
297 153 43490246
283 255 896081094
163 71 877528672
87 172 743746523
147 30 251474575
227 232 982520650
30 256 386531757
72 10 771478
41 27 372118861
196 120 660306862
281 116 767952267
279 150 431759073
124 12 449919044
147 151 867466615
169 297 38304496
44 275 335529127
293 4 392779882
101 127 332779443
230 219 102870670
91 115 410697741
204 147 927123456
170 125 672742058
195 300 272835821
238 146 493284071
204 15 911367967
199 110 122835241
177 102 26112297
58 254 595250375
53 184 54632094
74 274 693916760
214 229 897393258
221 151 708551835
78 45 875989934
299 282 129752580
69 185 66102646
188 135 83998355
228 11 18476708
76 120 256069461
51 172 650064444
296 245 425096869
107 158 241473598
64 79 719663248
198 208 143941244
84 206 259193925
63 27 490436961
108 214 23458495
262 193 46304005
269 269 656786076
281 19 482651448
125 66 184319844
293 172 467456302
142 287 816733332
89 237 52376639
184 20 299738397
208 134 199586323
168 293 368321088
14 6 76261580
170 26 54552800
146 6 45928770
45 130 957537935
188 175 188329758
241 16 783181145
72 157 303160281
111 40 476773452
159 300 581256885
181 219 387745929
168 233 275206234
99 102 114630859
299 299 14605616
268 43 772678598
3 283 813946672
260 223 84916139
256 295 305250247
136 157 766373887
139 15 285030038
223 247 646622956
51 114 727127488
236 264 277880342
146 262 103151240
114 230 390624335
211 284 472103117
234 295 667560239
272 251 646245385
219 138 608018841
257 277 557651707
294 251 842213953
1 54 682543018
189 41 154900482
282 187 166355495
73 300 57804124
259 262 344333359
75 195 361756606
166 218 40738656
250 136 241988845
243 144 589764273
249 189 665321824
254 190 561440129
71 130 700809069
204 163 50575855
299 235 330378806
74 194 460380167
133 20 107042961
290 237 60316031
45 239 67900566
41 181 306235862
14 181 207835602
289 186 566806391
17 257 667824772
137 212 936254734
144 210 180280221
149 284 938009214
168 168 239093885
80 157 898578122
210 253 267740012
228 293 102082044
141 58 959255924
242 98 239024662
233 166 66382218
156 3 6294481
190 146 667567891
210 46 813039274
175 213 492074693
211 45 361398049
184 254 19297053
95 233 2727845
238 73 459003755
14 15 53446604
275 299 494980170
244 154 336929872
124 43 334904269
214 4 966765814
39 230 397927379
31 141 735431923
231 24 39595476
83 119 83351309
280 56 25451633
234 69 368699347
37 43 384933545
58 38 741978999
29 162 228606793
197 75 172580797
163 166 216942926
41 196 600787066
263 179 75207690
190 261 760461160
50 240 53596815
283 225 471419636
229 14 400437930
226 71 759550268
24 100 407567481
216 48 159541107
164 262 681026772
290 2 316615520
7 16 427705398
48 258 33593458
207 59 989523898
174 41 459533174
261 22 792035187
142 299 334526458
9 22 276453209
141 289 952719708
48 153 330091770
119 142 659013123
138 200 822399339
35 248 417394948
245 206 674834906
94 131 472687199
167 91 179651172
254 233 180660370
163 293 217693791
223 134 371874579
30 181 815783531
151 51 618879924
274 189 234467176
164 275 885236623
11 219 889198480
216 64 447433211
214 231 736393153
37 236 156516237
106 98 467352730
196 20 781502815
27 101 405991247
9 252 21844797
133 225 798195337
260 140 162748264
282 150 149097034
13 117 599281898
175 83 972836028
128 119 766827315
64 225 463265864
45 172 191121235
159 198 903113135
205 207 781849686
54 91 338860362
90 50 396544501
153 83 224813402
187 95 645985619
284 270 985264701
63 149 422301819
129 212 137757343
292 257 54357767
226 167 838944964
260 72 12335170
298 125 898441012
11 266 26696961
164 171 839888695
165 57 374698342
283 92 78559111
183 206 245413211
254 34 474227822
248 77 789904730
114 2 121430397
178 13 727312420
199 62 629395596
63 73 625875261
275 236 732016031
270 100 96914939
111 135 319853882
273 69 373668887
283 22 730219972
256 22 256648
186 135 227416501
34 64 462296314
253 15 44294827
100 129 607239699
160 103 105224486
143 124 910546238
233 234 669190572
115 258 71454892
201 292 834608314
125 300 506473587
72 237 436375773
73 270 315776189
138 274 9526355
264 73 416067283
215 284 414612285
100 178 697566409
189 111 639627994
112 225 171872504
104 177 539713147
117 53 217377746
255 177 847287382
227 249 403388803
15 138 612994428
169 153 105499852
151 67 506780336
288 219 106400965
248 107 296243975
141 219 101195951
96 22 894925780
43 190 407653432
40 144 492151908
274 122 375837708
176 137 373523497
156 57 676987750
207 260 745986516
242 247 390776986
207 194 816872693
33 86 251013263
136 234 912137236
115 28 487369277
198 67 483182972
106 40 335954093
65 268 213975181
162 123 126772590
111 29 637897249
178 23 14477795
164 281 659113340
8 13 211431877
122 200 843305910
257 14 946964937
85 212 592303056
56 69 774091295
148 133 453267514
181 46 537793436
270 208 838201617
18 138 8756039
64 53 860890371
55 60 838332235
183 233 894793935
193 189 925201248
281 273 42240311
188 80 885546679
83 279 535990764
48 159 367096061
84 128 203333969
252 197 495723706
142 12 635042258
12 66 290678669
246 1 713646201
132 193 668598441
32 225 642904665
142 113 119747844
73 247 140114774
188 294 212947933
48 129 170052612
168 80 649326061
73 273 665246072
82 284 581958690
202 282 610895790
202 165 447879634
194 196 892391510
210 90 536734474
5 162 7516172
79 101 905487766
63 148 325991746
174 16 254713378
234 140 552925050
58 274 934033486
299 175 236370919
240 129 354731283
73 22 66832179
234 284 267430268
208 288 694588581
179 118 884297881
196 180 56170580
94 106 561024295
71 91 452131787
72 148 512018960
57 198 883880834
75 137 133879962
10 261 783131136
88 195 474539019
7 154 32884158
87 32 745764976
267 280 531162107
46 73 706611812
193 143 773956503
179 266 250958602
190 75 719576800
23 149 643223236
37 210 174810249
72 297 501696643
142 3 865649596
199 141 274185279
126 159 632791458
233 257 119976230
144 149 842969324
198 79 207212142
100 268 294221816
199 42 192885616
186 78 257934826
134 149 556201622
28 290 60148977
75 241 611849117
154 66 948116276
263 50 125121032
145 246 556404032
220 143 694097062
261 294 50219081
76 192 508650922
92 130 55788900
17 15 327280500
290 43 945148390
18 117 499825782
135 22 32044947
162 285 630517049
145 181 296821194
28 100 509946588
289 113 668335482
269 188 344081025
42 31 180406454
141 99 204638369
141 89 918473411
182 158 892593879
163 292 548668701
261 205 224522037
161 101 40130117
254 128 543494968
242 168 89312380
275 188 824320520
199 230 941405002
253 70 845984301
73 262 799292741
235 143 861479298
213 57 496909442
265 70 506215798
53 230 14519399
21 236 283256978
89 177 154009246
20 203 529511633
191 101 918415062
93 105 229024784
145 177 936104945
37 163 689836640
86 76 990045648
179 92 868776917
177 145 661580199
275 165 812760334
4 5 684780262
149 25 945975464
234 267 940426964
247 111 553573921
30 7 137538349
127 43 463310012
118 181 275999139
165 59 124274430
34 287 85174274
184 13 903861491
217 17 271314695
178 165 981878971
93 150 859874838
108 97 551740000
228 178 50942407
277 4 861807501
188 173 845814581
226 90 204905792
107 175 592780578
133 58 876474691
23 274 191761459
269 203 987617423
240 295 203619625
229 154 53150421
28 82 470267298
186 58 243591554
87 297 62959826
219 274 623450467
162 80 941324041
40 264 530677098
282 286 56786323
240 7 204431977
114 298 67073171
138 226 142685925
10 5 984844158
60 243 878569867
113 29 139689415
90 299 191685588
157 161 863865519
149 252 241403483
199 285 80677320
221 276 653001726
198 141 792772023
220 31 212379400
96 40 463563857
105 99 597267799
171 263 327815079
285 105 501020277
124 13 26821889
43 161 498000492
277 59 791030776
196 32 802706903
174 281 668129944
148 200 295952226
48 48 34291465
56 152 910964016
254 75 169561430
232 59 873043534
260 183 349893498
149 277 836402659
40 253 420797169
268 200 159863352
222 73 405516832
265 221 77347132
90 20 875589231
7 75 80054582
74 28 126862108
155 11 598152167
41 270 243159401
238 170 73232977
48 210 34809081
217 229 356048680
168 150 394986205
152 167 91877325
35 8 216650496
265 66 380353222
98 191 180253301
6 46 944165811
24 86 25627380
224 75 156492602
152 123 129729263
84 91 588884491
163 10 41697892
119 161 156299410
295 195 376124918
190 211 293014935
211 9 965417126
11 66 267925623
173 89 73583960
5 64 732285634
6 267 932949656
268 50 801405898
210 264 792485008
1 135 16736520
11 129 551507567
80 19 272387377
214 281 964463237
291 44 902080902
113 268 388425242
72 272 666655657
106 277 810005123
13 296 558315424
11 205 267635240
70 258 332950774
41 20 698655702
207 99 433916872
284 64 919087505
172 55 334420900
126 167 624082867
167 239 666217139
76 44 469832667
250 108 164658715
174 170 487063419
165 239 36293728
290 280 263616347
191 238 397672545
215 273 583993609
219 145 787996663
70 270 130123681
136 188 978925919
226 263 771721714
293 213 441460722
107 138 642065191
177 54 18536482
205 43 587611113
251 233 900796650
148 199 82996823
108 169 98674867
70 238 554944388
250 74 840230627
121 299 621189242
34 43 560341706
107 201 68519795
50 130 413358748
231 34 780325690
143 36 720592674
44 183 668076573
166 290 246897593
184 111 86443931
223 113 515831156
202 285 201276406
143 70 612612349
48 177 619530401
142 226 856577630
289 208 212564115
230 102 98589851
103 145 617360085
227 63 352868427
220 298 93111537
150 273 673245801
257 174 72197137
62 16 209170907
210 115 378144183
63 256 926214860
292 296 19403067
7 225 950352620
109 79 767343816
93 6 405889830
119 225 964665528
8 126 556164352
60 82 315584225
97 195 569147092
203 157 24678306
237 219 603214013
196 210 865596608
114 268 297184484
185 76 766053962
100 221 645314319
130 91 329346795
209 98 904595320
260 210 591923753
236 6 740092148
227 260 814229204
84 196 286381674
196 143 160610835
55 8 649480803
138 192 556614130
51 291 499370902
22 172 978103193
216 80 790955242
288 91 611172851
140 26 363469508
239 4 257016119
194 87 817440514
67 282 528506608
202 88 557101115
56 277 706093006
37 28 742826097
239 49 925706568
231 16 71916300
124 3 885103290
175 143 385884468
34 133 143406923
153 27 329832610
218 145 253408243
126 98 779730431
92 153 58500007
198 190 708287286
46 180 374406586
65 110 386204702
164 285 500793304
106 211 162612498
125 245 111754431
147 149 867481009
256 66 716173905
151 243 965927603
133 35 118739255
91 284 436255696
77 29 565331475
214 93 336586136
67 9 540974921
171 114 642187031
220 238 856208327
102 84 587538575
62 92 358650993
167 242 698052187
121 126 162843273
227 216 459117256
223 44 182216584
149 258 110364177
237 76 20509037
257 298 92721750
239 218 270435839
218 71 992025522
292 133 144872465
236 51 129868558
123 171 579260583
95 97 256581251
103 71 17601494
86 220 941760603
214 156 415263279
50 164 791419176
154 51
289 45
116 71
115 63
227 300
50 50
224 137
119 220
68 71
173 121
115 139
110 258
224 117
247 265
180 273
24 75
119 85
156 12
126 286
285 270
71 53
189 86
5 295
65 59
180 73
263 237
194 46
214 72
88 169
142 161
287 267
51 217
280 157
143 258
227 106
210 179
265 298
44 150
208 21
145 108
44 139
184 107
178 289
158 150
10 265
283 51
19 48
204 86
43 298
155 98
277 270
19 64
213 293
13 62
169 173
11 158
16 264
4 247
96 194
210 213
263 157
256 193
278 281
31 159
257 72
41 185
249 285
277 111
224 213
85 41
250 144
107 148
94 266
211 163
75 241
149 120
64 38
70 104
14 93
165 100
37 270
6 257
68 37
249 34
75 43
187 34
181 76
41 45
207 26
18 3
175 282
71 166
21 238
83 192
44 34
56 247
203 80
116 61
95 22
65 116
149 221
296 3
47 81
106 89
91 6
287 123
40 17
255 109
52 60
146 37
35 95
226 201
261 237
11 93
209 107
27 127
129 109
190 75
163 227
232 47
170 5
22 270
78 261
73 276
64 182
276 218
118 98
86 254
46 130
237 148
274 254
115 263
37 102
81 4
50 251
256 12
282 271
284 277
4 111
292 56
273 119
268 20
273 90
219 53
201 18
24 155
170 226
80 138
193 258
209 160
171 294
17 216
244 204
67 300
55 247
117 110
129 27
116 84
188 101
171 86
293 140
66 246
135 214
171 197
56 27
72 131
98 278
234 88
87 41
39 300
109 141
219 155
290 238
90 86
172 230
69 12
9 216
129 186
82 143
221 299
182 189
167 293
132 31
72 100
151 219
111 162
17 259
248 30
115 58
287 90
153 38
253 108
293 162
4 81
132 127
15 277
21 65
95 233
84 152
122 166
80 286
245 233
14 96
205 244
85 180
218 244
51 238
99 222
55 95
221 154
130 186
2 288
272 150
54 96
14 108
93 175
107 93
240 89
33 172
52 144
139 117
106 21
242 189
284 204
58 48
233 256
243 239
89 234
82 215
22 142
16 95
239 166
255 175
98 178
73 39
207 149
221 212
100 13
216 215
262 135
91 25
264 195
180 85
51 52
245 13
159 124
290 12
238 97
26 244
282 36
184 99
62 188
252 105
19 213
48 168
192 280
226 190
274 207
10 158
170 25
148 254
18 81
177 137
132 255
290 203
53 165
105 226
82 114
78 56
275 100
131 125
66 219
125 109
18 40
116 135
140 239
19 15
152 157
112 196
150 35
252 153
78 202
67 56
163 159
10 144
21 138
56 193
53 86
177 232
66 70
60 292
7 258
166 79
26 210
296 277
182 175
128 247
54 259
170 246
89 217
