300 5000 300
34 147 779505973
234 84 927868209
205 138 427939960
106 9 56039154
224 170 201579370
185 157 945671073
276 249 190147326
98 134 257180939
237 34 946828473
56 99 877520907
134 133 50652205
58 118 523494288
219 74 362242077
78 231 433996586
131 154 414443407
52 91 768193063
24 118 149735864
149 215 628253549
239 203 989782083
63 258 343510533
69 91 208906717
25 201 52524086
12 119 598758660
189 248 765148490
126 78 717589996
232 129 25233738
246 204 138455655
261 104 18291269
110 42 348683823
292 104 125998180
76 225 25764123
293 249 827487623
78 261 164069593
237 201 610933640
79 26 76635269
126 257 762753849
263 254 614960452
217 215 675918755
137 76 55326048
259 67 847494451
90 142 634977575
12 186 320943976
186 264 723855236
230 252 910986136
169 30 168849613
289 207 59372721
237 169 203264874
140 137 455294640
146 25 591199215
193 283 453277033
44 73 385038627
170 136 595390712
245 74 136857375
32 3 460713627
19 224 184624308
31 212 26179415
51 201 863129035
25 40 833928824
16 186 956870048
31 130 433152883
163 173 388775507
189 95 849502042
153 39 200369167
27 123 900413770
205 141 265602193
113 172 225086056
279 274 689102856
65 50 125129396
40 66 914117133
288 96 111392114
270 10 859416087
76 251 203232033
69 103 906234871
136 129 102345245
257 34 997516586
249 198 465631209
204 228 713545482
112 44 797040632
59 84 171411297
243 71 280373044
256 92 724686553
194 219 741906803
226 39 927424505
49 174 270613386
293 182 232187071
78 130 996769868
86 86 148090247
120 249 696760890
151 7 181743325
299 249 854874895
242 204 706857538
194 98 421434056
97 23 553139195
153 71 302342120
38 116 569456602
8 193 472601183
227 31 236861920
73 150 551341668
15 300 246202526
39 298 383045274
186 291 778294730
175 184 291366979
31 32 125494053
277 185 39427176
148 274 135511591
149 282 411263883
84 208 37347965
155 33 22276614
123 99 868123165
148 189 746298914
174 126 937176904
103 1 17960040
181 31 878038771
85 59 149870307
60 206 251551681
150 107 415269962
133 190 342827721
197 44 182315205
163 218 483009655
127 118 574138044
193 291 15607969
196 145 366793321
135 77 196611803
106 161 910718961
12 221 663973267
244 70 878347673
105 254 878959714
278 203 50154957
182 65 500824127
289 243 772137044
232 135 99655334
52 31 966706430
173 217 959624606
127 74 908936618
88 138 1553290
6 81 520469860
30 186 434499265
243 215 75956767
251 148 172151683
177 136 738690826
272 119 374389460
57 171 868940842
286 95 387788659
43 221 661488032
261 60 839909269
150 65 27120402
161 94 933358687
126 88 311517253
44 39 638878600
27 267 250968736
252 239 574442054
63 295 477422876
205 33 326704522
15 75 318898795
198 87 217241006
219 289 833188071
20 201 602636716
6 26 404546656
10 122 289072846
109 148 757039412
44 151 285616102
150 213 974458249
177 169 790272281
299 183 397715507
145 81 705724546
50 299 863336334
72 18 96053434
240 75 838375112
195 84 18774485
240 244 104370532
3 40 538886782
57 189 549229046
105 117 151821815
237 167 439486449
143 11 73710981
240 113 894404679
25 236 633720648
11 175 225017574
74 69 979812709
258 60 536984653
289 115 18492
222 171 795872632
67 275 254486300
133 211 850047667
82 105 606488229
162 97 888532641
293 121 86918029
140 131 99248403
166 204 35103124
274 161 183555035
78 201 301643549
221 122 527501119
4 189 835585993
204 21 721203155
270 154 582068112
150 16 123905408
143 8 915084080
71 199 51657563
173 116 372000966
148 142 599921479
183 219 987273279
31 192 925459501
50 195 816225541
94 150 811393213
101 171 202965319
264 21 359620134
223 163 733311393
2 233 105243391
264 157 257982759
182 5 466309500
260 187 119724618
238 269 775795661
90 18 377878908
182 164 180460657
47 264 886104928
65 227 953816300
150 149 272127414
242 202 75439946
284 166 20551354
142 47 290048410
141 58 67486148
111 295 654508117
23 137 431131786
130 70 232943149
87 116 486178064
266 232 920388290
217 81 217028290
30 22 438665792
127 58 489474709
80 199 888939655
90 92 942014812
37 254 635973458
5 276 748791446
291 106 96694316
191 244 196107983
55 261 397481415
196 177 912951095
186 258 328344769
129 84 748905826
237 215 285133376
143 56 550820567
106 93 223241072
115 149 373157848
261 139 83482505
228 30 534675700
10 84 612842360
24 31 976831488
119 216 46254145
287 96 749066628
264 32 958336642
139 226 964112598
158 31 833880642
129 146 74665242
76 158 412565481
232 85 638073562
31 94 384851197
142 118 425803027
129 288 977957343
125 26 37528990
204 289 536443622
146 127 921189947
195 284 986299130
88 113 367744627
129 240 814317884
61 224 275229568
22 254 946587661
118 96 78389930
297 276 731071117
91 101 85492342
280 56 743075782
201 253 136438461
100 147 816400944
81 286 711237008
207 167 194104500
190 227 348485923
9 1 561573328
221 170 446209075
251 166 979224651
19 256 911906903
113 236 993322458
194 188 34324311
154 39 851541409
150 119 131370747
9 25 95961213
160 266 862910991
182 274 70293643
210 195 102960365
136 197 534197830
38 215 899512438
40 79 383916825
150 25 523854612
212 230 945548451
172 79 487813821
170 140 813362646
34 299 294061863
177 181 500108337
19 142 935638783
83 29 826526779
65 67 608876145
2 158 220695576
226 59 552544500
89 270 593377729
291 194 12112560
12 63 519985999
109 149 163618897
171 25 144013529
259 43 22743222
241 178 246017051
171 242 645576017
68 295 985843374
43 272 112657933
42 112 912860354
22 103 90508399
81 166 776972814
279 26 920731162
176 196 237210786
56 207 649221680
78 199 407207857
180 70 750399850
48 189 725793744
73 231 422339067
157 24 511374079
263 45 790963581
261 178 453954098
74 156 461191923
87 83 106738918
72 139 448252476
204 268 716338675
160 199 442556996
162 246 235783584
157 18 169230366
124 175 795441841
202 189 707795737
134 149 918404614
231 275 947254470
53 61 662996904
122 185 357129094
98 140 52394261
24 51 552358511
19 212 797565156
254 69 331406626
119 192 266540852
59 145 368344540
147 278 579842440
61 260 825491014
182 12 731054127
85 185 533742563
231 34 882778002
43 57 37884652
54 127 601978716
61 80 448337584
86 198 704333027
89 8 28822771
280 207 65286748
20 267 120195407
85 200 654740670
211 36 628177806
25 266 636242940
278 9 100307448
282 114 610411975
197 174 107372806
232 260 55387604
158 100 807447263
280 80 71347521
79 99 60460287
137 183 132105438
206 146 96763526
263 222 459047291
54 200 828900051
202 233 906163964
228 181 340920538
33 112 317092749
88 21 101221448
203 300 766683879
223 78 40806129
262 214 749079212
199 171 180106309
224 185 15113630
267 239 841911881
17 140 550902065
233 119 891546545
270 151 17215608
70 239 779725928
269 141 60416627
248 63 629607156
76 76 607492921
139 275 501330943
99 250 939299028
281 216 262672818
61 285 866727057
178 217 919422775
122 238 528132777
230 7 895728315
57 27 387205707
236 26 221396122
243 102 311276197
216 292 641467723
110 91 456217873
189 71 919606640
206 183 8017724
114 60 332647792
88 234 234417381
17 163 30419239
183 271 674391166
190 258 785533391
63 253 404652044
259 168 280826336
234 29 299195278
106 218 622356148
297 123 649769882
173 237 79822194
264 76 804059627
45 92 692214141
183 275 524011663
100 216 212385173
291 278 386941825
34 288 360207244
121 221 633512372
298 78 998672589
297 75 570877064
179 247 364336500
172 262 3506375
150 58 869035819
290 293 4136793
152 92 353564060
24 134 433681037
200 220 113312976
243 40 328894897
67 90 94193726
107 86 623783400
270 16 483230698
121 239 5183412
48 88 424058921
66 77 917760113
110 281 865710857
121 4 53444542
57 256 33096861
32 250 790526853
280 16 624929794
6 175 158661831
157 196 41492847
255 69 205761385
118 116 455527073
38 233 335520401
3 94 517236681
111 214 65577437
52 22 367484492
265 53 635681441
269 85 356197009
62 90 527703783
292 246 426111530
290 252 563240398
175 69 795113113
199 159 695798197
299 161 416916090
132 271 17063555
268 74 77405276
59 90 711254229
99 58 952538013
207 171 895450354
241 215 163774651
171 256 240741603
168 182 836567323
33 80 522794381
181 131 922215593
71 262 900541815
225 229 363733941
101 287 344888830
81 137 339566040
145 96 972695362
298 36 402938628
148 258 671788684
2 126 837523265
225 210 208185797
57 90 266780327
102 212 235576240
116 137 475118268
256 289 57923606
238 121 767157342
277 265 811532837
290 14 571270225
218 213 619964682
101 215 373372959
217 191 626608168
113 299 780501210
139 100 399451821
230 216 353039909
197 223 718670749
254 160 207598569
148 188 477394085
84 178 570991298
160 147 357197563
142 299 224238129
300 215 8680319
120 28 790867569
29 218 787982769
201 148 605600436
210 96 607454510
10 50 138433822
179 197 538104409
115 32 484194338
13 192 379642236
227 85 43720434
55 84 18984901
125 203 808588728
193 283 236861297
113 236 686862496
248 197 633710592
110 206 840361893
131 136 73973741
91 251 146078972
229 15 332980515
264 241 402126699
50 295 726890483
50 119 638912737
129 11 918694672
125 124 965688107
73 123 985449303
64 284 696649008
208 114 11918496
248 205 703619146
19 185 47774960
86 200 401583500
184 249 989282894
118 50 524586164
255 178 93328174
178 55 41040749
284 127 973324324
38 242 350149759
245 149 604918173
40 96 833283029
137 166 666922313
196 251 190510964
247 187 742736713
292 4 47617162
155 258 766257392
81 187 283002346
181 170 137230872
156 207 667686265
115 204 9697713
239 295 942271660
267 132 611487077
231 79 350324480
94 78 560910566
258 69 822652169
172 224 626978379
263 56 892583865
160 236 437673087
183 144 247695345
147 258 871816000
11 248 321953547
22 214 301727130
250 196 858911708
129 41 100123485
246 299 867161706
67 170 832096181
197 184 940771436
213 43 939260923
99 225 653405318
296 123 580838027
95 185 178993574
241 206 133671339
270 155 111793634
130 36 8904127
66 33 862706825
123 99 278367946
103 295 169628529
190 208 524523623
265 58 480284099
182 53 704596221
109 200 912190405
34 192 897854662
225 214 273076068
10 43 388179103
136 160 509107036
260 283 311028386
5 137 568405181
285 79 731370340
7 43 385080597
5 276 482264002
177 136 42220201
233 170 239419092
194 94 375587805
62 103 162154399
16 239 551758711
3 250 411562445
89 255 573661781
221 291 683860859
260 298 533936953
108 54 924779029
9 231 289741464
109 163 660334185
153 109 170228530
57 222 931218133
108 237 657239823
18 240 211000424
262 80 18351530
94 300 101438021
5 259 984783518
257 66 1188471
237 75 855249101
1 235 164188516
37 87 973345024
167 196 260827397
151 55 709782033
73 124 386865024
296 137 750588403
226 230 74390054
146 286 384607612
115 295 623870730
85 231 421927056
38 231 820996790
205 268 765531729
180 186 631119676
76 36 432431382
260 108 868709205
84 155 204031941
38 132 864577722
292 29 534207408
255 195 599374302
284 32 984857432
139 69 832914615
281 25 803880034
261 204 67982219
188 279 261472006
169 238 189072865
273 73 61785219
265 163 602993303
186 154 61618783
145 160 422445178
98 144 539177309
282 34 119580629
96 14 327843653
281 26 989827756
51 213 218876686
156 81 724772475
172 105 894380148
290 121 35837162
44 7 665984515
179 203 726978874
156 1 842690969
216 282 582531503
96 129 472529968
248 161 130734446
55 263 335748258
192 170 225035491
266 41 667305347
165 82 866589768
226 126 539982826
192 56 221691928
18 211 216124080
286 178 655620361
40 273 930644441
108 272 992560001
253 78 466898315
62 269 910098684
4 234 363750324
51 151 742154806
218 76 500821783
195 268 701370038
22 285 618761100
202 22 644688629
114 62 46216901
155 221 708738624
107 225 769565201
74 286 300089669
157 290 877600854
33 92 396478904
238 61 745077332
72 255 589380651
261 276 508884087
112 229 346278608
140 95 389128421
192 1 257447141
215 107 934485565
67 232 608508303
135 89 504550844
240 121 142434887
144 110 536233847
227 233 78446901
277 193 843282328
63 4 46864209
222 195 344812903
143 86 520289203
35 52 418369461
100 118 505951993
254 4 693135481
149 243 48702953
135 138 314809214
181 64 992276046
233 92 487506190
260 154 419260745
268 128 432228339
70 270 277658576
224 4 664290079
185 155 361688048
77 160 669942151
109 8 171685945
261 194 263398335
274 74 837640298
271 58 41341542
160 18 825837095
104 37 94954622
294 159 237822543
21 82 511887999
99 266 851636553
46 94 423125565
48 202 25873172
292 214 359863318
126 187 256297143
76 209 646137901
117 68 225184270
63 223 187784106
137 268 731266664
231 288 228437498
29 86 392633363
34 183 434838957
198 230 48189758
121 274 133905072
238 151 6794110
181 278 511649271
233 94 283460390
2 209 741488213
107 97 22993780
123 27 258152020
220 56 406220305
34 141 533919388
190 38 163707769
300 210 614755042
23 148 2975893
284 80 18526970
206 12 702749816
196 65 881481524
160 171 207225772
39 45 212772398
10 264 115042105
15 50 765671445
254 291 440302334
122 42 17324296
264 116 4084295
8 100 656879474
277 5 326880437
144 252 386755101
167 111 876803923
90 202 528293568
288 211 422177883
44 277 951090232
189 230 254902275
174 104 529287416
69 67 613183432
163 126 365900783
88 102 299088739
76 246 696207691
76 164 151262201
51 254 539762402
18 293 119860313
52 36 2808941
136 276 17494971
210 202 32658874
25 22 663055692
8 185 911661317
90 24 649519070
229 100 579378767
19 175 435238283
271 225 424323388
73 294 759406480
137 98 260562367
177 233 693462495
199 194 498409196
272 218 545243117
215 226 838048553
231 67 33704977
101 295 311609176
19 65 911032602
101 36 708779179
188 160 85658824
19 48 463849421
186 224 646957553
132 175 742401846
227 198 279469716
95 113 871344593
200 43 883927259
276 195 616306454
203 214 617206218
4 66 37888753
82 254 123149164
206 24 140331411
178 261 92244435
31 92 553932261
128 70 853021058
195 217 505082870
187 116 274295365
298 91 810177611
51 45 692108376
220 48 355325942
125 182 76670047
188 139 615547170
299 16 85036031
85 98 31115474
97 278 99678344
254 172 393516812
276 111 45646727
40 108 794805769
102 210 952603113
78 181 282587712
171 57 641022393
217 245 818598683
38 295 426649651
120 131 112132848
294 227 174999177
289 180 42202001
200 155 437602263
278 246 245127222
146 48 81083331
110 177 120225863
121 47 547927220
66 263 339852916
148 300 636334362
298 172 529615992
298 165 278662770
26 205 31463049
226 156 850648756
288 133 10515253
209 30 321240152
91 139 474931828
206 11 679432574
77 76 11412436
192 224 791451288
105 273 104585159
96 270 834445875
65 48 933228131
265 273 941932386
72 13 611238070
177 273 735950951
28 116 268674141
56 73 491995351
129 149 899453327
217 92 162163102
56 196 854257974
66 43 792903496
292 159 153098843
122 175 829562367
159 247 259896331
80 175 836711604
30 202 198640571
222 9 613392743
72 190 333928043
298 106 847583034
199 213 643208429
125 30 102936571
20 21 357946581
14 194 587185155
280 104 346333753
11 235 645907627
66 16 807146929
288 237 10016189
230 8 228915278
72 58 180289335
57 8 655589647
237 132 316950428
159 203 146301200
239 216 76870093
193 196 608138548
146 258 351344634
272 23 189922949
52 62 97580337
141 291 861279445
118 114 938022654
5 222 784940361
51 158 961323245
179 16 407558447
130 254 129261163
223 198 808510110
222 43 705201619
156 67 656047293
156 170 712204054
93 62 339580996
89 232 19589809
142 236 157362582
254 38 691075039
250 268 428696454
97 98 580689759
211 72 881723756
272 45 530648551
290 200 173371769
134 108 617040338
287 200 576703152
182 40 576242783
242 233 500981270
223 186 153991907
113 136 704741475
266 284 152047524
124 246 720263795
231 217 722561539
81 258 510285391
49 91 273358298
239 129 961876949
190 62 437120788
124 3 489628820
293 277 756857757
251 89 200130844
177 106 227006527
200 281 671778672
294 211 195473740
133 44 503293349
275 92 251284791
172 82 151652119
72 23 396492680
259 146 857912634
130 190 840758210
186 141 741137150
130 17 135229555
108 217 456241535
32 210 438413198
171 94 759876741
20 68 446520284
62 291 115384166
181 62 195687888
112 72 116190586
46 201 525357175
7 139 429695915
57 20 238980984
263 127 400227200
150 158 338731061
247 81 777054107
87 152 225481726
70 213 957372217
187 145 787118878
275 257 4358850
12 54 951237302
186 60 532095640
201 168 799581059
36 183 833216438
35 32 304780447
47 278 409746827
153 116 356441630
79 237 691116943
47 124 122973939
76 150 343472595
125 161 915558248
179 46 532505460
70 298 935451379
229 33 259625561
18 119 813785892
264 166 888861921
43 70 392214036
272 200 622878873
166 246 548756948
205 22 513019797
199 198 336890709
299 76 840694154
210 146 11675104
288 126 236298188
1 195 914790607
44 158 90916124
65 200 689212493
252 224 787677793
76 89 343684238
23 293 996867059
171 244 456617809
179 242 969141084
285 203 624081581
88 242 221020358
275 242 593173852
33 286 897838862
256 102 544762213
249 53 890385536
141 129 478342125
30 203 284122269
241 74 798682212
49 252 642612905
284 236 348419807
117 75 704070649
74 50 821707342
278 82 515115779
39 38 673157880
103 38 393080385
39 230 297762165
115 259 935960167
183 199 525726892
195 299 698920344
251 35 853783731
158 151 149475806
58 276 674811107
199 253 344580240
130 43 249699329
109 146 79380866
245 236 473818995
261 50 629214306
180 284 542433856
171 230 670095455
166 181 686372889
97 38 67864091
154 147 183073066
260 97 477690019
199 226 554586513
228 87 106008410
45 83 22341245
40 44 486959846
97 223 931470130
52 93 7070659
58 259 356374339
46 107 180317328
236 260 35486626
154 219 891073223
272 169 114709248
236 148 84585286
46 193 341265369
90 284 35028012
236 80 806866086
117 131 329990130
175 189 155836840
166 286 138189946
193 274 131557957
119 127 105719275
193 150 962803196
192 85 247476343
278 130 891635935
198 272 74133670
161 259 719151149
46 75 74154932
75 249 956724120
115 166 610780657
12 111 251672282
169 281 62472060
295 173 373386361
290 64 886485346
185 93 412810127
271 290 122185598
41 202 206604308
189 247 892503682
220 74 891987083
191 240 561428848
200 3 933662658
233 171 44175138
93 218 636555862
153 259 972997726
50 143 695635070
129 166 293216912
178 206 653287613
186 146 435229612
267 118 116516685
101 60 558018376
49 259 45408278
158 192 562760701
248 36 68311270
261 240 672346828
38 290 327376423
208 170 925035988
119 47 391975545
231 232 594829890
42 251 312786659
278 51 650053619
205 151 69927777
135 61 529114120
287 60 90084707
56 20 273709547
83 58 818990336
5 265 843769905
144 135 322750203
188 65 757502835
130 159 598080537
188 188 31437687
6 145 176552190
135 31 114570350
206 17 447216361
13 72 106013380
59 206 768991837
146 263 984303153
102 106 192647887
104 46 899830004
90 175 541079114
26 62 85428253
65 120 90895797
254 6 307922727
255 211 151786095
67 223 985764466
146 33 39753724
35 178 936097586
187 279 304864743
226 135 685514388
29 224 377909114
94 250 989802876
46 66 728798347
143 71 812306952
21 77 621959162
216 143 100356037
233 288 668690769
156 74 850986399
93 13 491012829
188 238 911520263
27 18 722527887
41 111 374632588
168 208 899272053
114 50 178031175
65 123 472963951
278 38 83803093
166 270 969078332
35 178 897781506
185 22 559248470
13 209 293610759
28 236 698376
214 28 926623138
153 195 156813297
157 8 77131947
231 124 405567221
81 153 736356158
125 19 612812279
156 105 74689308
13 41 58084830
182 53 572896290
40 80 304638077
267 45 631219304
56 197 247475550
53 105 29688809
151 35 790166032
71 167 708415437
80 291 32276707
110 199 430440611
18 211 458926251
299 145 608746455
240 236 938905135
169 203 729479231
124 10 502584980
274 114 10010784
182 16 282304171
266 138 939912737
202 217 919155928
208 79 41628426
70 148 57628088
220 198 673887032
174 189 36532368
260 57 998778822
143 181 339765883
222 154 216306849
105 35 705533664
127 300 65529902
264 253 885168070
143 160 777260448
220 229 521529047
207 200 323542344
91 126 461229333
210 137 91744441
283 279 993790621
117 200 119876126
65 57 794657061
29 183 365848512
182 198 689349565
251 40 649953276
151 11 825583905
197 218 232716756
193 60 775065581
25 21 96568218
265 3 926703896
138 119 620573948
163 236 188189156
275 264 911853690
87 145 731480288
203 147 271257579
178 297 572813990
134 194 546293959
290 138 718100870
22 162 124767090
139 178 470104144
287 67 93877914
86 230 212395249
241 204 531189812
82 42 820824208
121 296 113950155
200 226 40344451
41 111 974052496
151 152 91132985
20 174 298898
261 64 793294676
204 50 21459994
17 187 247121923
66 179 822486579
129 261 113402472
37 81 809219168
143 32 412406293
245 124 601064103
241 274 607909355
177 45 60523980
275 5 202959843
250 208 814437193
43 225 73079031
118 42 462041810
96 170 745695570
167 258 360553302
286 100 577872586
278 45 970467409
133 37 937148083
139 213 48531827
18 187 281902084
260 188 402330291
4 283 208727067
235 100 60971308
44 247 195285530
165 165 579977587
118 151 34030339
103 180 745271883
212 12 392787419
46 202 67709931
224 219 622854670
107 231 998999957
250 234 70122139
16 220 83343138
176 263 566182236
257 179 927009201
295 297 827559551
133 99 385272282
15 62 348695146
285 159 178253847
168 83 786988718
237 241 525343248
193 190 912787333
184 258 169883653
273 185 611190367
9 193 982403046
261 187 496591342
11 20 584144192
44 86 363012654
89 71 475377512
36 238 822286946
5 226 833126687
152 170 615259728
36 53 377413137
88 78 33074573
207 138 777529565
152 98 895788404
145 160 569365075
236 203 543531460
141 292 916107682
153 79 754803671
50 83 682474096
188 286 403151618
216 73 134442022
4 213 812204799
29 119 855138536
193 270 190252433
48 166 497622392
222 101 15037047
234 294 386158838
15 198 346790668
138 247 978888550
133 135 365344787
102 102 566430359
124 157 604545271
222 185 90879889
158 130 860353610
242 177 262074127
186 151 27669280
32 84 372668073
169 150 624964370
136 287 606845116
237 120 856469702
75 273 136581503
285 96 382142712
56 18 921195196
296 227 236301225
258 168 75765554
84 105 156436904
63 136 874363087
87 56 998168136
256 191 282655723
124 179 262816294
125 5 341801466
280 290 654053262
291 97 864292831
238 144 975142357
263 153 881886976
216 289 82149081
19 103 443482068
257 190 499528424
292 145 449595166
66 268 125087197
259 145 891349301
177 176 19844542
190 166 262601838
220 155 268050134
228 117 44026686
155 84 705121974
187 154 131521629
55 110 990861018
278 154 613137214
195 219 605195334
291 230 823505078
92 158 109680653
233 47 845864770
223 18 953252624
56 245 520661793
41 151 623857828
67 38 566761282
195 144 928767943
264 173 855529596
177 67 334734667
110 58 629199448
239 201 80725405
243 133 48398503
164 107 543995220
240 162 247690616
132 255 41371666
211 21 712220155
144 267 851201798
187 230 662877722
134 158 891810389
300 268 368119698
199 258 130638598
203 201 51727982
5 116 246506041
176 55 277990202
291 238 895239856
257 149 655893328
11 292 691472246
261 230 140321275
134 64 173126685
22 115 837534752
71 14 367115961
20 268 19034613
154 25 491671829
94 200 590796583
247 191 542103373
55 147 116933673
182 209 882048764
80 221 323765646
206 55 592581209
190 128 580779175
193 251 65042640
154 22 126097008
66 175 664857132
94 20 77834583
229 267 907687273
1 21 900819571
273 254 769451632
288 85 217301604
233 291 54730858
293 180 731098838
168 73 614525240
107 278 835648661
66 43 151229788
49 189 955258307
232 117 230757125
4 169 20449745
275 141 537778551
258 180 621699435
161 113 117566377
171 157 493473357
60 76 144504181
199 183 585258458
59 300 687287152
146 49 89745740
5 280 88463508
129 283 373027476
26 9 60371316
228 266 590092848
162 179 580925012
139 49 477965368
47 108 714509444
79 58 355599878
36 116 527333677
139 14 747084325
79 18 92686404
186 198 324343539
162 223 342875299
29 150 65216965
128 64 266219195
39 254 295580143
159 52 441947702
2 130 467330759
131 217 59894326
259 55 518351839
136 133 502994308
291 71 244578858
129 284 911038880
28 64 597701982
244 192 926267597
38 230 14302102
232 140 355278853
233 141 946218382
291 23 224895498
216 282 878597352
207 117 849586037
266 107 226325059
223 288 381841894
155 67 376507857
288 10 505448500
184 99 497072482
85 82 681861521
37 66 626841414
170 56 687612036
167 23 96539769
270 281 600708937
258 247 145322296
68 221 54723383
161 75 524303849
18 62 471797010
169 297 163422060
250 81 894759141
171 169 960272306
284 38 827292313
171 256 555713487
92 226 516404020
128 235 212358218
23 3 888154938
257 163 159865765
205 232 772676326
266 101 210403275
125 50 929799655
117 272 843693376
174 7 45786465
38 178 760974421
277 21 572887298
196 148 331111132
113 223 114487334
2 179 157374149
266 84 983763080
44 101 804135332
118 278 263047034
272 146 42359705
99 72 621431112
264 109 540389641
84 137 895775061
233 32 140812660
264 196 568308382
50 198 85501961
50 163 69213596
281 206 843756648
13 23 720036825
146 47 150362323
2 197 242489094
113 160 676225802
205 295 712318639
17 227 867171622
277 191 500626618
210 292 205871267
22 41 437738629
269 21 526454087
69 85 977388209
93 230 277889707
15 284 419135604
60 96 299428715
162 53 827227110
152 69 427934436
173 97 285178178
142 59 365962021
8 132 975143761
89 101 654035534
75 169 206772670
135 13 43885852
294 80 60251135
297 139 877299630
263 52 592970034
172 203 250521055
60 128 990765351
137 21 939560361
258 81 329891693
170 169 936005645
155 295 601658865
225 181 46888177
276 174 127088608
10 222 232232899
191 185 38546850
125 56 963381805
179 115 873909384
81 4 123272556
94 13 64826236
186 234 841341756
182 89 126756850
46 65 456008783
274 40 401954556
34 101 88762478
232 43 668377614
181 167 115510721
137 97 858096236
220 230 738861391
76 75 418735503
63 260 577895036
219 193 722891876
120 238 207982340
202 263 929568631
210 296 95385531
139 227 140281726
252 160 99678192
172 296 781645041
259 268 176947622
49 43 225146296
203 157 108649107
291 75 763461699
166 247 643759288
158 148 648946402
188 109 53595298
71 247 794971576
296 250 911622087
139 122 366928635
131 132 34800602
104 233 891026896
99 135 433752
157 177 56879279
55 43 187120325
294 252 847165672
248 139 144002581
145 261 18909879
72 256 287748829
211 147 918546502
45 29 769399133
146 133 284200817
93 231 29170704
144 88 434720180
22 194 76257474
146 240 161764925
170 187 620811164
2 83 106330776
132 206 53572784
160 116 414731730
113 160 676485358
198 57 15781290
214 201 510282173
117 45 268637112
197 118 906824157
70 16 68602596
195 237 107951534
210 290 78466268
185 121 775118374
168 33 962046289
49 145 858695001
207 42 499865109
248 256 776583510
272 72 541800306
135 20 852394775
192 90 42970890
239 36 518243378
173 245 569698467
240 129 68762388
265 49 155700320
106 97 749058764
158 3 323269558
266 3 457500813
27 26 885955936
184 161 190838756
159 52 300923097
200 290 525457532
178 214 337769576
196 206 696706356
283 222 803324304
154 27 924871501
170 184 590349655
227 202 815540057
239 228 815757583
126 164 859639343
281 22 706525846
277 273 425019687
60 202 123072401
35 98 584182958
243 132 730953379
146 286 230462658
146 155 88889441
253 81 511131542
61 71 126288822
143 248 476161585
137 229 265660958
234 257 390274182
21 69 515728284
73 103 916754433
82 97 809598664
260 243 54994001
217 140 401999207
110 92 173883839
203 205 828148709
224 47 955782457
160 236 747623837
117 169 504595945
151 241 752156313
34 13 680590868
118 94 986605964
33 106 326042258
234 74 623771250
40 183 470142593
279 138 533212697
39 61 481255496
47 273 26426683
35 141 22735751
32 291 452751444
44 76 734513456
263 193 9753802
279 226 9425859
288 211 111475932
137 2 109826167
130 32 515608104
78 71 307626916
73 169 962044188
55 256 449553581
258 287 455396571
101 82 52850499
8 97 453637091
9 75 24904068
167 114 969129078
151 251 393344032
17 132 766400063
72 209 621478585
239 282 914362054
79 88 97707009
59 45 528625747
29 145 106758228
127 205 217728024
170 265 700657450
189 132 881588764
67 34 236809566
50 50 383946097
12 173 561243757
97 111 397441690
102 189 918966578
62 247 1070522
8 28 949021319
87 206 349848775
263 127 360790339
212 16 991271870
275 134 57802003
40 183 670206904
288 194 196611028
145 42 92124939
34 195 23825527
63 8 293782726
137 67 357393105
107 154 414990810
281 116 625245637
119 27 13061652
141 54 252600637
195 145 32173919
51 185 823214264
78 29 247200258
216 114 218493952
295 229 539835060
72 65 739849326
176 171 777811331
237 203 18932746
73 21 868903725
276 213 209313030
64 108 276970226
282 158 455821410
146 287 159626690
103 255 933311404
6 249 253391184
217 72 415903848
195 247 927419770
25 183 285271372
23 8 702765344
99 35 171173557
228 99 453330716
253 132 219443725
215 29 666123611
204 183 738011665
59 189 311449765
142 105 680220636
289 51 54233734
110 76 995963517
81 98 688204676
177 248 144018862
133 175 616006712
300 179 136342144
24 145 380755772
34 49 596447855
299 107 854428695
263 249 694533351
51 289 709127502
84 99 676022477
52 231 319183726
27 159 507514973
141 291 302845599
52 290 982145829
147 65 1237074
219 99 519746022
225 149 176016780
171 163 518407828
221 213 520372069
22 297 256812919
250 48 13001749
27 127 49252960
299 19 979191050
249 122 813695792
78 269 919694556
103 239 815827306
176 215 387589354
55 85 798946817
183 5 582636681
103 79 87859977
121 80 868129277
121 107 611649255
280 157 314955125
182 106 741537246
73 235 880254114
80 37 816894204
238 264 295389018
191 18 22683602
59 252 545827659
192 54 573948689
268 174 783069168
196 295 344889174
2 274 619440031
126 207 762083688
124 31 902449622
37 111 746807610
293 100 814903673
110 42 135270942
64 101 373800894
74 292 903381947
162 11 980827021
81 259 324170567
55 12 130149192
237 138 230470299
224 13 291346029
197 101 84987291
258 93 427221390
282 255 558154032
23 70 129248384
16 143 723141127
115 56 280208589
87 188 668580047
53 242 57453811
96 230 56752300
294 205 260529112
275 153 401554712
65 162 296723305
7 143 93940259
290 218 520921880
73 233 270979474
251 99 918061729
139 185 950270516
38 237 712495010
248 85 676691591
47 130 752427596
158 104 399701700
69 221 512805162
125 227 759158004
135 268 126547521
214 92 988774606
187 42 101737556
267 180 593747041
235 217 494006329
144 164 932664613
86 210 992708543
233 119 965484146
233 188 641011418
94 12 593995396
149 147 235106463
122 112 546109354
79 299 102661547
134 265 479938927
74 199 904070595
3 94 579994011
67 232 564461472
209 164 118002091
207 96 494686930
124 241 138722941
72 90 701599439
234 263 851721951
240 41 712586301
286 174 202254217
264 300 123512568
159 54 41372713
269 120 632526244
92 81 501917108
282 287 901763355
111 162 492353796
4 233 737879137
94 219 764886899
296 210 414668039
196 195 641476464
165 211 186542863
32 69 396389916
44 89 56198588
288 180 306161068
147 214 964277854
101 76 376593067
48 131 284585752
84 277 775878722
82 24 396581331
172 220 101871477
136 136 371688087
150 167 962618107
218 210 454655547
105 197 412261879
72 43 953439192
77 196 277907119
243 243 524388602
146 79 394483078
267 212 444945201
49 84 388361272
26 271 426985507
264 120 684330473
23 89 54285235
169 193 464343331
247 264 973970926
290 40 632415021
109 35 637062115
162 180 873274993
139 199 958456905
191 299 159792240
215 24 266241110
21 40 169379081
46 62 265596070
280 230 611090662
162 229 364540278
87 218 637706417
259 78 364731203
74 239 125167683
18 129 252443633
122 20 290624031
61 286 194096707
22 6 187066098
103 103 379633959
24 134 931488540
137 296 402375368
214 134 450766338
83 93 502052215
285 218 785654306
119 235 843539334
151 109 825685205
234 221 120453190
92 243 7345148
289 97 23207902
247 120 369810336
238 8 216528483
106 222 684816916
295 4 112123360
209 288 282993577
166 159 775735264
200 61 696288972
56 294 56963292
198 85 976515686
97 73 771808882
150 71 413471653
285 9 512594661
167 166 286234534
235 160 519581337
94 120 282398976
171 286 699855134
286 237 876909795
209 44 956703340
52 293 133332477
138 141 741346949
71 291 717929772
124 27 142053132
236 246 416092397
269 180 695846608
57 273 630851627
184 195 711794464
118 232 929698100
164 140 667796796
255 192 194027388
131 29 220767729
132 151 771225719
203 26 67728045
34 261 179319542
82 281 85784421
289 89 604278746
67 273 17796092
131 142 102071724
182 57 405910963
277 11 838793454
117 142 229751234
45 273 350593185
15 227 467307310
11 260 92488271
253 41 217403303
125 81 509117392
270 147 102545864
62 29 402576557
85 211 433602913
247 239 4844623
53 55 102150516
186 151 614351188
170 217 964409114
180 280 294377425
202 284 20348517
256 108 838168997
47 130 83723196
162 191 616289224
170 27 70597886
182 25 114445977
205 77 89344531
120 263 773610334
60 184 938469102
225 63 651648881
102 16 944985564
18 272 756779924
67 70 838794353
262 284 61341295
237 153 673976121
175 87 935126145
51 291 683584822
33 162 1619736
218 273 387307719
20 198 160472434
152 51 266118501
268 68 69132872
191 186 636181994
243 199 69811729
237 136 772598633
9 10 178145619
53 112 143813661
226 144 771753275
61 62 676315647
132 81 526942596
17 284 618011546
217 251 822387366
141 141 978239051
134 135 21806150
214 123 421894237
146 131 249101198
217 236 617873009
277 213 470070552
3 26 284336865
2 157 146624697
197 173 561099281
195 89 325262531
260 281 48410724
262 166 569338210
111 79 96869933
199 277 10014715
296 193 243898702
204 221 482106715
8 276 578774840
172 277 773727148
169 173 227436072
149 119 206020112
131 130 631128493
254 92 991459558
264 254 209341389
148 153 204856265
214 148 861182509
268 104 322133781
234 111 359463356
173 282 502003232
72 150 129212357
143 50 859102275
54 181 366576705
246 186 482391048
56 201 375835101
244 48 173835805
108 14 420461653
268 33 438618356
48 266 698376466
104 190 336589199
135 261 794848549
91 103 191802850
218 208 147681930
122 154 415929216
221 261 565882916
221 204 546929316
126 63 221599481
230 30 833792113
137 77 570646630
102 232 158421519
152 119 75876631
300 261 845415333
2 178 230606792
131 51 157546797
198 271 470211257
114 244 377941560
181 69 938110322
13 50 864416403
177 186 626477232
6 39 583756163
24 190 90772781
54 242 129255794
238 243 853274771
29 125 334439122
26 23 55139892
34 188 96244887
194 120 74040855
167 132 819054856
222 8 64872541
53 13 67419431
167 88 310768373
100 193 589767914
293 182 801253608
63 262 240391032
236 39 28142106
80 73 877873393
166 18 41546912
73 236 740762143
28 157 514343902
221 209 80422466
203 76 597419353
75 227 846243897
188 219 819795078
47 281 453712392
279 269 200509930
284 48 235431654
229 213 83902771
240 285 389066307
135 65 15338663
36 285 441713424
2 187 251946751
106 14 389327777
155 253 983112295
32 300 739091427
275 30 991704295
205 65 501123494
258 293 658561207
81 285 95607343
87 119 778800407
1 206 478045643
176 259 260762482
178 117 437719295
54 271 451200347
200 2 102459246
79 277 336919727
225 233 477691192
119 242 255163384
277 22 563399568
119 160 995678238
78 213 66343296
72 88 3300854
5 266 109002970
199 71 229693540
98 23 37683994
295 101 986686722
222 77 129728006
213 195 849723147
248 223 83091269
268 42 923931380
105 171 535065792
200 294 63240632
254 299 760402649
175 197 15879619
67 46 370332893
260 41 857821193
233 262 27597870
138 226 380786416
284 173 575948039
204 192 561206432
284 297 967878354
27 248 274009447
210 253 592878545
58 128 214721294
29 194 590738039
21 205 528420731
166 137 512172744
87 274 19685269
202 257 11154394
292 213 49979685
175 248 984355733
228 274 28109481
27 184 37058133
123 293 120204660
116 21 212275305
207 94 498437709
37 259 817894945
233 45 152891370
1 298 648117427
46 42 944213439
283 216 965110786
267 196 98391611
147 274 407296546
32 96 652228239
43 264 701582659
248 222 778209052
108 258 592444962
105 190 171888258
74 243 897325356
52 40 902253349
242 74 895362316
79 41 697046963
190 239 581316736
235 22 846082884
25 65 853550347
84 64 899489868
287 171 512322177
149 27 204220019
158 101 847385013
113 152 305487904
213 94 628508378
229 172 505834870
243 113 965576860
179 100 44792482
14 124 716202746
112 259 44599309
79 246 380936231
107 146 543108458
77 3 536523710
289 168 9299413
293 80 905649006
122 60 748232330
43 3 635440994
202 233 122055193
135 246 712819517
80 57 961832975
140 187 499820972
123 45 919228469
132 122 391943724
241 162 815292091
253 206 796559622
111 27 231108634
192 69 815986088
85 23 132508720
130 157 731792117
246 289 467386625
72 180 91298463
196 2 115849807
164 185 450293380
239 125 89497842
129 130 43983799
203 240 237226926
88 131 732611146
275 267 643196968
146 96 718809577
14 93 823135365
290 165 558322696
152 112 452791450
110 27 902166434
242 266 295487711
235 146 789538340
133 48 142483679
58 187 807588761
156 161 420294579
275 58 250139975
251 123 714977167
267 112 629155483
163 263 345012246
112 125 929259573
297 66 626357538
7 52 104114583
146 184 11606683
276 294 432458821
288 149 330140734
267 123 689677491
93 126 947893914
11 92 424692977
94 254 358856792
39 117 718751516
63 114 659703233
52 120 123726136
187 18 449771319
121 293 432614764
241 33 99834912
274 51 652177787
117 143 955936612
82 153 539279455
158 298 108012661
249 37 114927677
216 151 167223642
300 203 855355562
135 89 526410831
154 209 470356775
217 149 347298507
181 175 430046957
19 291 968742099
282 72 383393804
36 229 450641201
96 230 368012889
25 145 64768440
66 145 19781742
279 279 42200082
209 184 143630142
184 153 904014390
242 85 211042616
51 103 49359606
1 136 71891977
104 223 555849058
205 71 7571287
93 95 850842883
184 212 892850727
177 191 962353658
258 151 656606641
299 86 113257145
241 28 579623729
56 78 412916883
214 78 569073218
142 234 292404893
299 138 985891863
137 282 469494509
172 166 57920120
298 42 311556962
207 300 904299513
300 50 159020898
244 290 275535977
273 98 831375354
155 11 352830184
225 152 370777917
217 203 188376106
31 91 321121287
239 262 686298252
58 12 156205094
120 218 625558245
84 217 385471494
81 161 44991936
158 185 962645833
63 91 892825495
98 15 54906546
66 283 562287100
171 13 570022091
258 251 781470752
209 61 942000163
254 232 13963981
298 15 359001549
144 147 237853661
279 56 82660397
263 171 453822288
257 268 772928902
154 34 37417837
6 204 528148249
196 213 567131000
47 122 64802560
262 127 185236243
94 125 127698857
142 268 756244003
155 298 198924011
51 260 434597881
38 268 668612148
92 173 976777433
128 178 694953489
176 125 144261601
227 224 863516374
38 185 8922901
80 278 58555777
188 171 545370144
91 25 71906993
101 128 895779452
33 165 467362071
180 8 841561395
165 135 580664525
53 63 254693549
205 289 497635572
179 79 104007108
31 158 235255785
7 46 955415856
250 188 354857332
242 40 663724259
245 72 188355276
267 3 701679283
161 219 93630470
37 271 39840732
286 176 812473772
209 106 328848502
17 136 69168460
153 142 718681557
108 143 33631796
192 136 212943187
102 132 838697258
177 98 137055212
12 10 232278131
33 47 671835853
116 84 599989980
187 292 880256885
141 60 226592172
252 213 845035265
108 72 133472659
255 263 311294994
141 117 979314425
150 293 457409374
161 56 587141236
143 88 96658182
96 203 798202817
27 142 336894360
12 34 816739920
235 285 325511632
300 144 671141703
258 98 61003818
104 238 158822234
80 139 5468578
206 51 155138486
41 194 848946073
274 41 684281128
290 67 473617421
49 130 545803454
220 65 822524038
251 116 874977081
106 125 589310730
275 280 325951819
208 60 776113957
237 265 929368707
22 57 17994200
247 30 418858992
74 71 26920359
146 171 427467888
251 91 699610104
40 93 835865919
272 250 674740696
1 224 675013075
19 131 668513834
175 120 817685050
133 141 857151606
285 87 736088035
176 212 105213505
134 109 153938728
274 59 993970918
177 98 655854410
248 69 663247260
195 69 77153283
69 139 908911066
55 65 16505537
4 198 850042477
10 182 963500664
96 109 746193927
253 243 819223336
280 268 580908694
149 196 558806744
110 195 775378212
269 89 524966533
104 158 133523523
121 212 524646788
257 267 480221385
285 276 723274218
48 124 820147926
127 128 650279220
262 159 641135987
207 7 197361035
250 116 302303929
114 137 483221718
98 240 415127475
220 112 471567738
107 120 617711204
243 104 563225832
260 204 44199655
86 30 723395234
257 43 49718592
44 249 869656998
130 251 544097565
58 64 883771201
75 161 670863892
1 132 814286703
138 239 35577874
242 181 479747178
73 193 815327981
79 30 788514210
264 286 71045552
255 81 96347052
4 210 570709102
168 268 974542617
221 94 832814129
212 95 279047161
67 232 690404851
40 225 547108583
117 49 572432575
97 179 291557456
158 142 649729742
261 96 845634474
65 151 224116336
118 71 87479255
235 291 918944948
263 202 986157242
175 20 613200226
25 60 417785102
160 228 110621351
134 77 440941329
190 286 132140271
283 247 86453118
208 63 26053221
43 180 642521791
197 114 524662733
145 129 490823586
238 3 207807406
15 80 563708417
17 239 185757444
119 124 741798820
47 65 872863106
169 47 502512204
139 7 727093166
11 49 969831445
201 246 57786011
185 90 971254639
70 79 694317193
275 94 917378524
43 162 187547214
287 280 77255838
58 78 730578202
115 247 649760401
170 137 680436907
235 147 46724055
232 99 688617452
94 283 672545693
84 52 837182372
128 79 500760417
252 121 81064930
65 159 836200909
54 269 912142386
56 83 293545984
208 253 66864820
66 239 110668466
272 222 772511416
124 15 872023698
168 150 605061602
239 278 179432532
207 229 158844904
36 45 581572515
144 99 189414183
82 206 560265717
265 113 196639321
37 230 825628160
254 201 974612733
270 76 848862700
19 244 272149049
172 234 791305326
103 141 176226406
259 228 761943151
273 124 330744101
255 205 760691106
123 221 406577270
244 257 948839499
55 211 139234551
87 180 813863527
186 198 497788470
187 70 880708103
164 224 315899195
70 182 31910323
72 206 569975098
172 160 137203202
229 35 584689674
98 278 274266631
196 32 21635241
246 170 451823272
124 108 436854421
245 294 434306642
248 209 476128818
194 278 868649499
68 101 898473905
65 24 755016216
18 252 998542150
244 101 678207379
74 48 767123710
166 46 944936580
189 169 60508687
109 114 238505432
203 113 270232140
220 58 184431570
170 126 595563222
26 242 981854846
94 12 809030249
195 255 483666702
274 28 102087349
135 245 656043094
166 133 811913815
4 293 67487980
135 195 303473692
227 166 540802849
48 88 663902126
269 113 390230268
266 258 562023179
267 153 763970533
68 178 122855312
216 12 660312756
162 178 533198840
276 233 325851632
255 120 177610479
98 46 564604196
298 93 355482283
24 61 153751348
43 79 714427605
21 45 741085909
5 112 59417286
68 79 141578150
75 240 79988727
214 267 345223111
45 273 470754030
175 122 579329975
171 120 560415219
5 195 157056632
252 237 203625410
209 9 361668154
69 65 114851565
55 132 417779343
104 206 779010935
82 119 10460153
292 215 327098626
22 142 737432747
148 64 634781718
67 68 830531312
150 72 567428148
259 32 112528108
112 100 377285372
76 154 337071603
170 9 357232260
204 142 118449830
257 134 946575945
34 207 576770138
232 106 868603901
250 224 30075868
161 73 919970091
61 31 400197822
268 194 64361322
240 21 824394227
94 191 821874688
154 146 136791429
83 154 966883914
279 187 782906172
16 171 16704530
168 120 376177853
88 32 723415478
78 144 409526460
152 164 796178954
25 155 850740874
103 248 990991564
190 153 700974662
171 288 286117615
284 266 778551754
56 34 915709824
285 253 184889895
189 40 564106926
166 170 178338122
278 21 435078885
231 45 564130939
204 199 902565886
120 89 512648691
233 259 807796478
147 294 439617895
52 101 132366728
75 137 312195933
269 26 304148672
247 243 733227741
68 220 852147313
52 202 725268709
190 158 29502508
27 29 439239748
17 261 91271858
46 107 952482751
41 159 658294952
120 285 77929340
152 6 882531065
276 252 353064660
268 19 46540231
281 122 759136733
89 63 46627742
148 141 47488470
295 210 315209930
152 255 135909736
55 295 993172346
6 167 802707583
145 70 896888988
62 45 692339839
273 13 219914609
103 45 62175830
187 185 488287144
128 33 548298084
97 79 607373693
26 231 473310448
114 285 438242594
111 42 487053212
145 238 79421882
132 51 224529978
122 23 803088890
130 178 224794986
11 64 509884271
6 244 540375603
90 92 608025081
82 170 804104563
81 283 81096799
127 145 97296740
38 290 783150078
19 173 873704228
97 295 574540203
238 176 79681880
124 239 853298695
246 244 89502038
48 85 540813082
280 167 817409051
143 299 760232385
41 125 214971781
33 163 131818470
262 233 965210495
241 29 554971341
243 19 121015616
122 194 283068206
169 139 676899902
158 238 850808786
239 217 264684904
189 111 391838703
225 204 523029127
106 236 145309389
27 197 190617722
121 189 883484102
13 132 26997420
81 5 550985365
86 173 260299503
87 31 400348140
225 21 431672709
228 262 305861419
230 186 956527422
57 291 333483809
97 70 219880657
18 190 341938546
72 203 126714029
143 283 801372633
108 120 71729406
262 259 732319088
2 183 323954760
62 162 811529121
180 92 807790907
254 200 380228249
14 48 660659618
271 118 466811860
168 189 353656314
196 31 294724948
228 190 425602319
185 152 570671977
224 205 285775411
284 266 983081173
56 197 906944316
262 150 580393967
263 164 1255866
32 186 507631383
43 53 835520971
256 300 716954754
255 279 702918095
74 164 53710498
202 139 169680102
213 174 187532319
137 230 560612216
204 243 97963565
222 205 838102880
287 289 910817
170 31 928325921
292 287 747062220
197 293 111008699
292 66 944411114
289 268 832104904
243 232 245528478
161 120 848727307
276 23 154525001
293 296 838117106
224 282 117712294
41 203 312638776
13 195 71520162
285 91 99146807
235 134 263571972
48 123 693016691
103 117 820740022
280 277 187372193
138 253 994824815
239 297 233557262
296 220 347276344
41 12 548646146
116 25 525703992
230 9 142888283
36 243 660666168
259 42 427715442
150 144 466232558
23 176 963749835
16 65 333395839
82 55 673134135
144 50 673583954
239 142 40688818
236 10 997741942
128 239 996838250
162 26 854019144
29 36 661179385
71 185 955456580
280 260 129862855
114 27 590674572
252 108 787384026
86 3 263141028
192 241 135657869
9 177 570089678
202 56 490472968
103 217 995954545
246 245 350106381
182 67 98461517
261 47 61759976
268 212 132406654
39 164 600193662
216 1 256227316
143 244 742751257
264 4 165960685
41 205 199043240
161 7 837403556
5 252 594224152
237 185 897220471
106 146 212625069
233 165 504187780
87 255 105304443
48 222 394141896
63 65 44284091
71 28 243903495
7 120 843258399
246 280 691703406
153 37 495774009
57 25 916649594
27 130 762303091
95 63 15113707
126 149 265756013
21 248 301614034
216 62 385828798
106 133 359090877
300 191 938973597
151 137 320982628
8 41 648556164
116 149 976833289
161 175 256791870
103 21 697675532
261 199 284407280
73 219 469697127
107 186 509772389
204 291 999900673
133 43 106042663
129 245 879757951
156 252 10966444
272 119 93892292
112 280 25755967
81 134 724215239
113 95 840941537
44 167 186272007
223 273 301832192
111 229 84422535
235 61 925430177
197 241 225662573
100 148 971790424
43 119 364620442
134 230 173318573
152 63 12704259
191 227 45374853
179 270 242119071
86 192 52034596
229 54 860950224
63 288 732989536
291 237 607126128
163 36 951826275
286 130 120678846
280 263 90517127
252 115 118132989
110 57 753718315
114 287 134196737
285 124 729265380
180 53 48696634
55 115 797423873
42 106 81489761
269 268 780652248
43 6 905877777
288 285 551058640
215 288 446983506
255 98 465351262
222 263 4652500
158 247 546126524
89 126 244121876
74 232 35577442
47 273 993407047
59 241 48305967
107 36 319548272
35 75 24270756
174 289 188308343
231 296 824365292
292 217 977816455
92 126 890780901
67 214 467809579
42 288 569852710
183 86 782416183
182 144 565142475
148 2 17341510
119 37 112208485
74 262 940260525
68 193 619630620
160 236 609069788
266 79 190258413
18 145 944978227
196 186 626958566
58 121 181106951
192 2 393945846
266 149 193611148
76 267 191013336
12 92 84694697
236 159 26671441
208 70 629778477
95 35 751184655
160 53 937016500
138 300 283912237
103 57 974932957
205 248 856002058
150 266 827941858
149 93 357784276
184 156 469800067
181 91 57330278
121 50 92223847
297 197 257329934
4 108 443429438
103 245 118331937
139 99 556922846
48 3 541618345
257 204 637560910
15 53 567124754
90 236 590002009
9 116 498969552
86 289 913658001
284 37 148169849
269 40 540247156
6 194 739900852
95 85 521573150
240 132 771403704
84 88 30822008
246 154 345955560
199 244 907817695
8 4 653619463
11 141 610032303
63 176 554318339
12 145 942694931
119 202 859662224
171 296 294165160
72 235 516103991
276 71 939029831
135 68 538368184
294 266 524419679
140 25 219500734
154 35 828425274
156 150 148449850
247 161 289420746
77 31 842251047
152 201 777789043
12 25 505473929
54 300 566924051
236 186 599700318
220 231 23443836
250 70 575640260
284 276 460291847
209 183 591056596
258 129 968620708
203 257 133231338
102 161 677305691
244 224 122416915
124 29 92485066
75 265 618332151
144 236 898430081
179 185 693112902
239 220 508516429
137 129 102156612
184 138 733384492
91 41 344895001
80 194 796350361
270 189 86948436
236 12 880276864
201 138 820398180
103 282 593164215
235 160 428027352
189 150 544488323
117 38 918456051
228 221 255929441
272 63 141296533
272 143 269324726
184 164 270319414
19 100 649754525
234 52 679586815
114 155 107000248
280 141 102922307
83 29 800542309
106 146 660152098
8 125 272808271
48 96 607131533
180 119 501385927
205 2 632877143
118 20 124022094
95 6 67305845
261 171 786093251
108 202 178814392
166 285 791098520
74 142 983978417
124 149 7094342
94 249 298863489
178 128 351664508
105 85 814364109
299 254 626427081
292 100 520646638
36 60 464904608
287 167 757397909
130 33 678670245
1 158 920693586
18 281 106956687
211 126 640872635
251 4 516254314
110 108 2426450
219 106 517192104
151 149 267854855
88 184 228968815
247 222 212566933
7 103 469055165
52 104 356524875
289 173 830095455
75 135 867607881
109 85 76193684
23 195 809755143
72 165 701169400
127 67 874458548
282 154 249444783
248 152 612221357
80 158 141602659
245 261 333719914
71 250 320035186
125 24 812675520
57 185 963020757
292 207 122735403
86 30 106183567
37 157 244825033
136 190 59306438
119 137 14532389
127 216 572933498
185 212 413180011
99 282 603449160
236 159 955730335
208 267 258379819
264 259 880168277
266 96 971005807
184 133 753117215
116 20 494357356
5 138 571178692
45 16 901180859
294 201 100902671
204 51 231901704
63 286 124273414
50 245 645625681
168 208 577184891
297 225 728706186
155 108 506391670
221 275 784699890
176 31 665591979
19 75 761289295
77 69 65910847
99 272 60660197
155 87 770605234
68 136 8421479
248 55 589646038
138 103 637014315
176 257 256709874
97 177 693557749
38 52 711897079
117 122 178776606
263 199 814613474
61 49 885104045
209 203 698730183
42 271 358705870
172 218 123410925
262 108 430562679
276 283 546134236
149 131 780791864
49 169 776376568
280 285 956583389
285 299 75109539
110 59 232857688
154 267 514245890
89 60 43547560
158 284 318904730
34 245 64985937
13 272 715530071
300 172 776928801
163 273 886398369
182 4 562047105
271 288 565164303
9 97 666693513
96 2 74778579
86 142 117573791
97 300 950984274
26 33 869688770
114 97 510701593
184 96 130732616
85 11 275855940
205 192 657968643
10 162 308363682
164 223 41654530
77 70 742945232
7 155 815998673
297 4 619520724
22 29 276922309
43 143 218766105
87 78 696219053
3 162 637556663
294 119 524188206
237 128 460180720
218 291 520643742
48 67 790951311
231 126 785349318
255 174 399901673
279 196 100996753
87 290 953620495
43 129 230852025
95 131 4587438
209 124 13741456
215 112 820361183
134 30 842127274
27 129 598249592
289 59 16023069
158 13 360505143
30 43 287712790
283 129 667334779
129 172 715105407
53 18 561757289
191 227 483146365
146 193 137241276
229 26 684922057
54 104 167843237
297 92 476433695
66 250 984241160
8 279 458270002
197 13 27958883
127 142 912073906
186 194 806834123
74 84 54828901
190 282 327730093
118 210 938234770
126 15 406986673
263 11 229969817
209 128 340017166
168 135 842063096
222 83 984588009
104 210 573728750
261 95 692853695
135 220 494033931
236 162 991010912
280 279 856662173
50 156 933114987
274 118 523651649
290 27 791778877
255 246 950518163
3 167 435065946
11 22 617789707
212 282 213794853
6 117 784838672
288 104 371616585
199 83 258853515
71 184 983987871
9 158 567379240
10 147 485461318
138 154 722475264
100 208 441723782
197 218 671165756
203 181 322875089
55 238 56202257
179 226 925976160
163 124 112443243
230 247 258870978
100 7 67213335
139 68 472472834
257 205 962150287
72 57 83341494
105 5 820634463
160 208 600274295
249 14 262598332
205 244 6673209
17 159 118477133
211 88 12221331
288 239 621020789
223 77 321043509
108 85 51552013
146 208 320613521
91 65 710777626
253 224 692350385
99 224 479126650
130 181 708461446
139 249 899455004
23 159 15993543
205 146 189548581
145 120 840015709
153 279 452856246
118 124 750545453
190 214 879839817
215 218 511905093
251 16 969616368
53 198 309175900
98 88 456559848
53 110 376727806
147 66 181067104
127 210 936791075
287 115 116372554
232 284 534478177
137 173 126965791
105 140 419502560
297 142 307330076
217 194 758079373
16 43 778423660
64 147 339356421
21 293 305615338
124 171 298221199
151 158 638217513
104 89 82188996
232 225 803265521
274 30 659708360
234 78 48900601
261 294 302485247
133 10 128923741
144 125 427671088
16 145 67237180
253 21 89686951
151 171 335036108
216 274 108657248
263 257 308579473
183 231 372191654
294 216 958882531
247 176 890784825
145 60 329590786
85 255 879343910
172 270 621804706
252 274 885523926
254 124 459808996
113 91 313548821
60 54 981221578
232 288 294825760
185 34 821347575
268 280 573149802
44 176 455795461
129 260 952740915
90 132 255858936
195 135 818248509
73 140 790647184
120 252 663788827
141 11 519862432
170 243 14649871
181 179 807859504
107 198 653424635
208 241 853830510
120 121 538000870
234 210 986123153
121 157 265434539
281 281 465621978
16 100 774237929
142 292 299939639
73 161 203822933
44 41 858079464
99 199 221591761
134 106 37661002
43 225 340910674
264 210 158168336
68 30 111238692
6 62 643194724
83 78 508812723
111 219 726674215
202 44 130517127
234 139 15167220
249 237 54488418
110 70 821630524
263 165 477421700
236 180 122086510
223 248 716516591
66 253 78960453
189 36 852581630
164 198 553685300
78 99 702133895
256 85 460060933
175 33 340358622
45 194 143935243
20 208 724621307
219 196 177966739
28 118 785061986
271 184 663857938
223 72 132492925
4 235 112688523
55 64 609417073
150 20 826501509
134 246 622021294
55 42 70084539
98 61 208352247
56 280 82767794
194 59 146466811
279 29 68237046
69 3 786240518
245 58 366839004
19 113 536706720
192 262 426360791
252 147 50968436
45 202 22567130
84 51 457754690
82 106 686469169
275 52 535829780
285 30 17320408
231 150 767450563
300 95 786285520
55 113 480026932
174 56 403325045
64 8 16240792
252 104 511649145
181 187 33485347
170 268 453854352
191 242 655755603
270 279 424251085
129 261 275715086
43 260 490124180
263 66 737715945
46 240 775391100
91 55 134683859
34 6 585099163
230 238 49237901
176 160 735452321
279 50 726510214
82 71 21394744
18 251 835826604
103 294 661079015
35 256 863990981
79 53 981269220
230 143 144307226
141 228 699040732
103 209 225585921
55 84 476664780
275 63 991262829
241 196 10242551
184 265 698408002
88 119 528242447
2 153 433515054
34 283 746769106
5 265 723846001
31 105 233502880
62 259 787388889
134 13 271505724
14 40 139707738
294 280 47750533
45 163 977434249
98 250 499441268
144 4 808928472
197 37 791095455
54 42 926366019
54 72 201940375
34 185 350401333
274 18 273503145
297 83 559214484
135 77 934045563
219 121 271907478
268 270 703594127
187 113 447733582
258 61 663284119
64 166 889064012
134 220 416864135
8 5 945725219
140 278 406265888
37 274 422634571
272 108 838610447
135 79 516952419
264 46 8584840
290 284 136717452
124 241 892414364
242 57 22444681
205 190 545621700
239 250 252997356
209 141 226927833
248 177 443951559
18 149 191259918
216 35 369119796
286 298 954965441
25 39 5787176
228 162 772964417
243 155 457658025
124 59 133717666
223 297 3083715
79 257 268673856
263 205 56507584
121 222 73283032
139 190 958078466
286 175 835317715
127 200 556078554
2 179 273127267
170 122 797231622
94 245 869971980
12 219 760728829
126 49 267743737
133 12 944766241
17 184 919463615
48 74 30446304
166 60 499699430
280 238 483291481
185 291 970456260
252 161 558640833
225 6 565257177
204 17 93476047
284 195 691262096
21 27 290575859
13 43 482852542
227 143 164384768
82 8 999259627
164 39 647475264
196 276 114818854
107 227 26771166
139 203 840990224
167 158 691193692
114 142 432981638
109 214 482511565
167 278 601323759
160 257 10184901
227 38 372206160
53 253 670188899
168 149 17760726
274 255 130499852
291 94 215703306
66 260 438310363
210 73 264082556
247 233 108247269
63 99 473119799
222 11 573131055
222 237 143760044
282 42 684706197
132 209 531777345
257 234 360462451
60 225 24369644
65 42 646305156
279 251 467228680
35 198 30918665
55 260 922918263
53 181 36145425
7 155 977435862
51 188 451081903
47 71 957075163
243 79 610234497
93 138 142363773
89 254 394453214
96 232 910212865
227 266 975140714
291 21 71748325
206 125 948843106
130 132 174159012
291 234 267385851
245 32 898712521
108 26 938416099
256 170 369512788
80 258 555189541
193 105 638789424
9 32 31878642
74 74 842704462
99 279 101935738
4 109 825154469
167 151 713669754
217 96 747155085
89 255 14936862
287 210 172444832
74 289 96564989
166 233 991151546
189 294 470916829
230 67 566779502
43 165 54174181
281 220 969246289
101 86 141948039
155 54 875877686
291 142 275594040
153 128 656364301
184 253 160552241
224 170 182611074
121 59 337786367
49 40 601218833
51 135 44656798
83 115 321976069
223 267 902302955
213 173 610572360
299 164 640464102
90 68 635426981
91 3 964973786
131 226 184294055
104 47 784693565
122 147 945534605
207 197 67070691
156 31 693688505
24 253 60607923
30 166 176465996
90 164 640934159
43 253 173981978
175 43 243021580
260 226 797134305
267 81 532504403
31 203 67532350
187 161 821513998
177 16 848623529
33 91 970623581
156 121 34494898
151 210 211082461
61 4 333529366
38 178 205683560
17 190 988097285
273 156 715897966
276 186 579388320
177 125 32303532
26 1 266784047
206 34 309838637
39 241 63770257
36 91 991667618
249 151 586511173
114 188 631211551
73 256 795775240
258 228 117012647
275 255 674584632
246 131 971574856
77 209 75054009
223 166 678710594
211 204 843152534
20 240 744845824
89 188 729757326
162 53 119352665
164 125 156653420
55 134 491310247
101 108 508343902
84 53 127803084
140 181 171201792
300 155 192196258
193 66 13926413
78 85 965854452
53 225 816611891
178 138 47211743
242 1 715853920
261 55 958119353
207 155 194938713
108 291 5700317
244 182 422707698
235 181 565261252
144 125 743199617
257 202 725325753
60 254 355823630
51 131 368688067
145 124 247646968
116 84 493508274
169 42 370768281
81 202 406527971
97 145 424878552
294 79 500874032
98 275 18257708
214 231 115149409
219 290 93944014
148 92 979366144
266 237 448317519
33 104 99902502
207 272 982980395
39 104 900862396
109 253 686384292
60 298 658231523
243 95 861116697
250 61 308966227
158 279 820150916
71 178 63799008
166 143 939638596
84 228 16039951
137 186 546089723
283 224 282275678
31 32 525265430
222 143 550283028
244 85 922589722
292 34 237901482
218 243 74060412
186 65 786890141
245 230 745078736
292 65 48789515
142 253 339014400
16 287 691554375
294 17 660421058
223 239 670493000
150 234 927676936
224 226 597714221
5 195 795754263
169 132 320773779
209 128 299622560
196 119 33134476
110 13 621212028
209 28 751868314
35 21 178482083
192 296 882404921
243 197 79417406
78 120 778119883
298 177 139994930
212 97 985193461
190 5 82547189
201 253 224211059
276 62 573708671
3 271 529646099
69 57 226815371
151 249 190481918
223 191 118412415
280 21 638229286
263 70 135317662
192 282 241287010
252 223 37994767
192 124 123036019
251 99 545200280
21 154 496018302
171 274 667044459
94 124 718699807
11 98 26510049
125 77 665635769
163 91 86307539
76 282 936795972
86 286 537874846
152 177 189166721
170 179 923806072
249 252 215521277
51 122 816180650
261 267 756782625
67 278 919732122
167 102 89479250
288 264 191627541
178 92 218688274
49 177 303338559
246 28 233158288
19 197 232358518
190 145 22131569
266 247 837156243
67 207 904247909
291 25 413888486
64 192 337006740
213 179 311831955
205 56 326198146
179 156 621392322
189 153 87925601
76 171 143801297
194 112 39252394
14 77 270297192
256 195 651463799
217 185 459001075
102 248 14386366
193 213 540804496
248 169 124563003
145 47 554974210
219 236 369912963
19 63 463578685
16 8 907261097
261 22 768997825
152 29 864969520
2 245 951958804
177 99 654730504
294 291 62763868
42 290 367686436
144 187 640702835
154 105 185151622
68 123 234191084
152 190 872696092
100 202 975314565
125 54 526686393
96 107 136092190
199 283 364904088
54 29 402645178
173 70 266180120
109 213 429190706
195 118 365585610
216 237 15806784
299 141 523655526
142 240 928384227
58 116 352806432
251 211 448385939
140 162 674123821
179 215 749439149
156 88 67652770
175 248 48294983
132 142 803889052
141 109 704347941
77 107 360733981
202 1 385340972
228 58 694650388
60 60 6148098
50 251 124309259
270 129 556380726
271 285 365126365
40 211 918232612
74 43 561435005
278 235 627368813
118 11 202741471
150 212 12765423
121 192 180238881
260 3 936880940
258 52 271300143
168 73 843367871
293 95 760762007
257 187 289662670
220 12 6744212
76 289 835141298
288 158 85628009
111 59 986892572
233 232 467319215
113 191 879714369
105 148 672463972
99 16 372208197
169 8 728386191
276 17 513683429
45 236 923878541
208 12 467893281
57 51 997559239
217 213 431159449
41 146 449002180
55 10 598254171
176 166 885063518
47 264 138772185
43 133 63244545
186 160 23606961
214 256 643124748
6 215 483232911
87 271 23816614
77 188 467617326
125 228 679916823
105 34 988437633
275 209 887609750
44 8 943700614
181 102 705110798
25 287 932602309
237 253 63321464
136 258 661561530
99 44 857431100
112 172 294107239
89 297 958482518
212 153 170392504
96 179 957035212
197 274 548423671
262 154 611733373
159 230 727866859
19 218 115540263
134 54 993599421
163 204 534970316
215 67 737212188
153 155 31484484
123 118 571822088
126 213 251446466
89 162 660453839
60 123 790132745
132 282 851211374
242 52 424845744
5 186 301644249
77 48 817356152
192 14 848314418
179 219 862136372
214 41 243771542
153 218 129141206
218 6 258371467
9 117 427679290
253 300 194691823
178 242 492011374
21 298 235475759
21 126 939162859
172 17 460503772
89 248 946122090
213 213 207016682
154 66 561063699
59 35 670331057
126 43 230726073
67 47 706498473
289 225 678031466
262 297 260865315
173 18 448599440
131 241 628720508
154 82 685924355
96 294 209244520
77 199 65470385
28 9 211081119
284 186 159046914
108 252 846984160
232 240 831136936
297 254 536350985
163 126 264270554
154 256 832251794
162 109 941125475
168 204 305544320
87 33 316763518
71 60 956440627
142 95 335463464
255 202 176478616
114 134 379210607
2 182 583154460
186 45 876302285
139 250 50333292
32 111 713234901
59 279 368678256
78 65 223680040
48 188 986787599
26 29 885881045
189 35 299170099
4 200 933153232
111 201 23410965
222 86 978292261
107 276 98912911
298 60 13993421
50 118 114490851
58 195 757133368
97 294 7391355
248 19 781378635
192 208 238142121
90 263 372149620
173 73 867054421
190 47 111723858
250 153 517912134
260 202 770387393
133 252 810275110
35 9 795635956
2 157 43233450
208 104 214540920
194 296 939989127
214 137 101089390
134 10 77052314
6 199 451032360
263 200 951848164
196 212 777316666
188 96 345705469
49 130 25692829
157 184 40958785
258 143 230807289
77 37 333635736
156 2 796097872
145 187 256379633
10 192 885375631
170 155 218927183
285 102 650914494
2 42 900363689
270 90 81765618
50 298 657286353
235 255 781800896
275 84 89204232
10 239 522671185
181 135 749318672
114 144 488717463
296 13 705107769
78 50 63885371
123 51 187954012
211 21 740105153
181 70 515974751
33 56 263828957
80 30 198208692
163 91 406586730
248 272 695085164
219 137 140756308
133 184 47148872
202 14 218627373
124 136 579992124
35 47 181981296
139 279 50287717
189 63 225870173
298 143 644568654
189 5 787502545
71 252 303286068
34 222 595782504
193 55 107916539
117 8 353582652
141 131 836211688
164 217 308683686
259 55 852764264
176 296 978256126
148 45 466960168
253 233 113113325
97 3 734354076
264 89 637550150
19 33 458902656
258 201 903519363
209 42 740318345
48 257 157253613
233 216 894430319
96 91 320339566
74 290 698810310
141 294 80567595
265 91 19681797
93 106 768787137
142 177 468639922
49 134 18905374
263 94 638210867
7 142 906548524
71 74 5899639
189 222 839068281
55 295 631924622
16 187 29037315
210 204 670425257
159 48 859374515
247 241 191667591
68 289 627737376
194 251 668650169
60 9 855650362
183 79 644905288
273 19 889179209
205 125 271760955
178 141 259610693
145 102 113325396
253 260 272291843
167 207 374060183
9 26 877533071
284 219 391262573
105 31 803050681
66 265 122667359
153 290 949575630
213 194 899082354
19 124 375030546
12 268 605471448
259 272 315119559
202 139 420245665
136 199 94522391
59 183 209371461
231 287 550487391
112 104 876935056
122 9 47130445
203 273 752658190
109 292 477959265
154 55 252070984
53 13 597934956
212 266 227442046
28 102 332259844
170 160 540125726
231 142 224722564
73 253 241700720
180 127 383449128
276 29 96696052
18 137 948169743
182 43 755029949
66 147 925569362
221 58 289628879
266 138 516235980
261 7 40472791
87 289 401085533
2 62 253641237
21 293 573323615
100 269 309708296
152 286 214393984
246 167 662411226
95 284 964264173
8 256 435072382
186 273 495081519
218 234 91330326
108 72 138222966
192 73 481214127
229 94 554787920
195 193 258591140
190 96 492765625
74 42 440303343
51 136 353275279
175 143 977100034
57 80 391736007
127 297 929443040
204 157 982863211
270 48 629235435
148 28 257744080
267 223 104354625
158 112 265763120
282 185 542655661
77 288 690062196
155 162 338584790
188 218 925335970
246 97 671584418
237 300 765286574
299 21 460044322
134 169 862015249
113 187 397039323
37 45 669792135
109 26 599700371
169 154 849175258
117 8 87513672
206 248 44755289
127 245 626047037
45 182 70202889
170 232 515445809
291 117 295506277
192 282 817688564
66 18 193100160
300 178 61990337
223 47 717178791
132 163 364457150
203 120 128409097
244 247 958319694
80 43 931115627
268 212 882176458
177 255 145770327
5 198 274608608
20 263 225562277
79 15 264394455
216 237 933760801
206 120 776239863
7 23 982932782
56 18 331691880
49 97 494101574
275 117 235448438
184 45 15776792
210 49 254650941
217 121 496593855
46 199 411397669
300 166 303795457
300 123 22962477
214 130 508928751
247 185 806449568
227 233 394088316
52 259 342047884
89 194 313257728
132 156 308256829
72 124 144733749
79 169 868304999
47 168 540960917
56 219 27363939
184 132 544487568
34 79 73257252
253 57 424509036
20 160 529358546
204 249 269982240
183 80 644666795
211 204 928020818
111 282 198122939
262 80 14334906
278 135 15450225
168 18 977708756
188 103 589075986
91 107 181243794
227 179 248313754
124 82 25734302
163 16 234314933
109 279 128706588
179 89 352986769
117 102 23585849
222 131 296815635
298 51 195638605
206 238 81499859
243 28 613365318
37 6 185323296
42 130 991938029
295 292 346467244
27 153 409684122
15 31 178838763
35 199 374752516
135 120 685869947
70 170 844587697
126 75 247909686
284 17 116576813
53 105 580130819
248 146 20446600
28 140 2473691
72 219 580944295
145 233 978846525
59 19 99336023
75 154 956747695
273 275 419048116
169 100 611429690
106 135 680517458
18 188 955038863
288 187 535824008
87 215 153639900
230 38 190285118
224 234 774466250
1 293 964202768
275 67 635596873
121 39 232947847
136 259 656926998
277 64 136517833
135 133 990118372
149 121 403051910
256 207 367256476
255 188 81715665
172 112 956113599
73 112 874321743
293 138 358576261
65 259 94747099
164 146 484971009
61 123 924641324
145 257 530334856
168 105 587215128
130 112 263212387
57 119 413316674
22 42 618472285
272 167 562558448
214 159 197427538
26 275 627310896
124 190 976289341
284 251 708308915
259 147 651370723
14 67 613029979
294 196 129110691
180 252 58285461
253 25 885806702
190 296 91173368
237 261 491104578
174 286 721197205
121 161 14399094
214 196 880153596
128 154 307494895
103 220 286541361
181 213 925377608
123 92 591260111
235 44 365904536
37 285 910457183
56 222 99239796
286 147 438312281
190 20 579970794
35 285 156669989
131 164 945567543
125 266 182031014
237 199 748242826
244 21 759931717
6 256 482930712
41 44 535712097
176 151 333350670
271 188 73273968
103 129 235309239
96 164 795745823
285 46 315408987
79 222 298185804
92 158 504589902
69 153 916248323
137 210 296479230
248 251 531089325
96 178 711251975
217 148 33104463
185 250 70360343
223 98 132386006
298 82 804367751
184 212 246316824
87 55 39741881
241 123 667569585
63 259 868543695
244 258 861085097
168 54 408167326
294 270 903997473
8 206 344436874
151 181 456939971
208 178 250693104
259 61 523780167
34 199 605715821
215 139 949775595
51 253 315891205
97 196 186993363
145 115 803826868
70 161 499742389
194 168 348013895
20 70 436466975
190 278 560847452
246 288 889080664
212 21 866836062
285 287 703736253
179 38 463513205
136 186 147678853
298 31 287322519
265 152 593696179
5 98 952420647
199 117 138888968
25 58 580454445
28 3 786517532
91 267 3395053
105 251 123345239
257 181 666454028
113 16 501265114
217 65 193896296
136 29 152514899
214 86 281118396
212 284 776660012
280 61 948596070
24 88 47619672
108 231 302543690
160 35 614051240
250 43 489466973
78 207 539649388
143 124 656624553
238 259 644219333
236 172 2176118
32 84 931025154
295 115 719749766
264 190 76681053
288 297 448448735
277 156 996856169
269 106 983188663
141 183 18443070
80 77 102814593
84 14 523625751
117 1 727089074
286 84 665625209
191 79 478123123
208 42 597553613
13 81 810434209
47 110 972676317
168 78 207625174
30 270 181734808
151 49 248786684
43 133 602677097
245 1 100953649
19 38 319702033
279 281 888098611
2 188 607255804
266 200 524793285
226 247 795771094
42 166 886756823
15 195 434701092
222 46 684285992
257 140 292136076
253 85 902470676
2 155 75014966
134 133 888277746
96 186 767041485
99 151 935470885
235 77 547047383
180 170 598627148
202 237 925915194
245 210 547354591
37 167 565759931
12 171 209789667
40 224 206532873
157 109 369098405
254 204 880642091
238 55 191233893
174 289 111308021
56 169 466057143
155 122 610590079
201 67 431674340
291 155 473063906
273 218 42468577
39 257 93358352
11 113 240402561
168 66 224216164
210 56 504571318
102 229 458777659
175 37 30089927
117 243 662814000
47 143 86618266
186 134 543337772
244 106 620075890
172 197 71819646
23 259 678616711
283 126 328744828
147 87 789245483
116 241 700622264
74 115 757406200
252 283 115773494
4 29 996606637
121 266 652292922
93 209 648592279
282 80 47810727
179 103 203964786
241 137 191185563
69 35 890115150
3 151 197020142
218 276 518175856
117 280 24672138
63 283 179615418
99 103 562163683
20 195 350413544
150 228 734317223
177 159 512265777
162 99 72145414
76 219 343205000
77 274 124983150
18 191 433806578
73 60 299765209
162 122 533156691
31 220 778148345
166 291 725561592
209 140 995472319
83 16 217249229
60 229 364476328
225 5 323447498
124 81 30891871
226 151 39948062
55 223 813054973
163 137 760953394
5 219 585282665
249 84 938335707
192 292 468704798
63 75 224200666
91 186 408788094
218 162 918685350
16 37 644007583
138 14 781774933
151 68 702679607
223 282 283910095
168 286 705081814
84 287 380874797
290 178 514218941
88 240 986915115
5 31 868778152
98 300 379437113
300 67 714613349
282 257 851806363
114 107 77339082
272 82 838460364
267 249 373359601
180 85 460185139
228 74 971982217
268 213 461772208
134 217 294287990
185 67 686522242
149 66 109406108
150 99 151380516
164 264 147360823
245 235 615434704
60 201 169071904
213 132 393555088
51 60 79736314
119 27 696320378
127 213 467507947
268 149 802087113
109 298 323775930
69 147 824065628
284 10 937247491
58 6 218517477
213 118 246752978
17 30 432068509
256 80 7855220
269 199 783299347
299 77 155381411
245 96 287846859
9 257 412649156
138 25 949434354
117 60 750008815
59 170 891711621
235 82 918035838
64 150 54857419
273 106 57328798
292 126 454981248
90 124 857070624
100 120 115433972
11 128 211560828
166 17 107373652
272 133 659285663
86 243 14657684
258 230 936408066
247 293 298641415
265 17 347429172
63 61 309991298
110 202 587680873
286 54 795489493
257 64 588020620
184 281 141566537
187 252 132709221
1 38 351212516
285 47 15593897
102 294 520089989
16 258 854318358
88 72 173617870
37 234 261287871
109 271 125226124
53 279 905795839
73 214 163129820
161 152 699178771
133 152 116467860
100 188 306708707
296 289 40453500
237 57 225076009
194 196 65388681
263 284 721405466
285 144 197680636
61 197 462164514
199 21 726417927
70 233 950330878
193 117 645705381
52 217 827199121
10 264 431220161
261 200 756409917
170 145 855230264
202 107 185156147
219 144 186384791
154 204 654405687
119 154 29755807
297 224 159034391
274 116 322434307
206 219 723684423
78 229 83411339
239 189 216672338
207 110 682818483
71 63 655467641
269 281 248424036
259 186 734397439
197 4 576732745
155 300 86043420
45 25 961508235
52 283 877144105
26 60 287143385
264 298 84475926
154 205 494217735
136 27 139306550
28 295 36115130
64 6 87356816
54 202 755196119
198 109 471083671
17 153 332833995
3 256 691185177
260 282 225852689
144 245 663023986
269 98 316658042
204 285 41985120
5 65 171645015
34 180 597055220
1 233 825137773
220 183 885648481
242 251 937621734
236 254 8524541
265 213 117008622
53 108 51518019
190 77 28725068
232 32 583964605
103 36 372704269
217 121 495884448
88 122 540418932
161 93 230524114
93 34 504759765
126 269 177150470
219 285 124840334
240 37 634972741
10 279 644539969
178 262 795243400
82 64 931422287
102 281 236675408
1 120 650875929
132 280 781736321
146 73 100340254
162 250 792038074
183 168 400531311
116 160 299156299
208 169 3453377
77 46 682596938
28 179 231088454
67 32 115540234
174 32 343072905
154 164 33791537
226 61 73344609
31 274 956902910
156 156 840474630
266 271 693584741
165 230 715234909
41 58 639182907
231 86 49393337
184 152 318570469
169 77 795115100
273 230 871962515
109 155 927120475
69 237 22897800
31 92 631412255
212 58 582536877
252 222 511244407
212 14 914591164
270 296 440336901
207 179 19903904
227 99 889967580
278 124 406436561
193 284 351047167
219 53 676656003
219 135 27817495
125 98 657579304
2 101 12581377
108 12 96277090
23 34 296296086
76 292 843726816
31 218 854109515
11 247 375549790
23 191 736806473
242 110 716256877
44 80 123320263
290 204 798471260
45 205 287810960
21 64 159090624
11 139 51493157
48 266 719444600
263 296 628999069
29 58 427788015
218 81 840290306
143 74 646142767
119 169 868243198
282 211 138003853
241 255 37961610
53 276 79360873
228 38 734341863
84 85 443241480
35 99 373447276
203 128 119959533
69 97 941731165
126 239 42325690
292 110 245882759
41 91 285252569
294 83 818014423
203 187 856749698
227 114 202768187
142 249 447333271
21 283 139204470
248 237 985007649
181 6 360292597
297 131 1865788
187 175 625984097
297 215 208484139
265 260 547837173
187 162 931854160
137 89 372142073
123 230 772710422
246 2 705520156
167 250 947053993
267 182 777616298
163 230 742530080
102 168 635421754
98 164 29567221
288 128 210453980
261 15 68559994
172 203 830729782
144 25 788854263
117 270 386174916
125 188 143622665
17 154 886189746
266 17 260640028
45 170 604266495
51 20 15468259
271 7 779497886
202 19 566886152
295 190 86899106
228 86 837272231
142 254 822887852
58 78 35466792
222 94 607500345
20 59 604313813
47 156 27772983
293 206 356378302
51 228 651130260
289 181 607349679
292 176 861923420
198 103 934477205
180 297 155270511
131 54 524790788
22 27 842608382
119 46 591372292
231 144 513612599
213 137 244751056
266 239 814354883
26 227 137910764
156 271 283978691
227 168 83288445
32 47 177210641
194 229 951920194
81 3 256072473
114 121 123340870
206 51 814365414
256 16 638445302
212 33 611048792
146 110 511673771
261 17 759722741
251 244 442094808
148 27 101094906
288 220 707094534
234 300 148076836
206 114 31542156
275 71 814320659
240 26 524185326
93 237 370030810
185 83 150471020
255 43 177888336
47 46 314206179
254 193 346418105
259 232 429794624
244 165 89126524
180 122 872054889
287 149 517435659
197 140 243914136
174 233 591208673
184 169 931223207
55 175 401868501
190 221 287123246
21 226 375308590
125 236 991118822
201 179 791506838
276 110 32545112
164 149 985058160
174 45 168444099
209 271 73664583
233 154 459252051
39 208 689396625
292 149 523821045
237 169 109652822
127 46 842954157
300 298 135852288
37 273 283907697
248 188 23695245
59 113 22051942
258 21 655679464
140 6 442092269
191 96 384277728
167 87 660124176
12 76 288870497
185 202 616934794
242 253 74111691
229 289 454560415
77 289 777819502
74 47 118873666
115 56 16604338
230 248 914736543
198 190 597009839
125 56 317809077
252 119 511741152
300 4 406631005
93 245 993597457
183 225 916663698
49 1 208374838
50 74 1272684
215 240 21350392
153 169 637239839
147 118 13225780
237 294 133672135
114 246 79949006
65 245 256676509
270 38 211841505
178 272 81296281
75 21 296432181
12 122 438493507
48 89 677015846
191 293 372711367
229 139 115155984
208 76 141143778
294 241 963315275
199 5 18024619
107 26 627239308
63 204 865071032
243 278 186080204
176 42 368086325
182 141 234995765
179 31 98380157
45 11 578008748
81 218 270891375
110 263 494837115
136 162 761587119
106 20 182805097
114 135 47055800
197 77 976035629
300 4 178119422
276 185 654579862
41 64 279283692
97 160 541987102
44 292 455915871
170 153 7258486
184 288 570931247
255 94 961159718
51 259 537269052
50 155 233071881
130 206 345000384
252 181 164064421
213 221 514763484
257 70 327357995
258 165 864487587
281 35 972328739
266 218 614196727
164 172 513148872
81 222 443908130
185 23 976578236
117 153 444723041
300 156 68945221
120 68 936756894
55 24 294021863
150 34 571265227
236 66 39378361
226 31 45714731
204 194 351861454
275 26 140623628
56 262 459057050
291 78 988230054
183 78 53745709
256 249 162700229
249 4 741860952
63 205 890764037
289 192 212809002
2 117 567770684
284 73 526580329
137 47 50397655
264 103 234040768
166 145 605548846
219 28 214954975
180 283 373807223
208 283 301901778
11 45 326596634
148 85 459863025
101 138 379062394
85 121 698391466
13 10 783515464
19 273 78342518
287 190 559450863
32 161 524079890
258 40 746207524
80 247 310074306
10 257 214734802
143 156 178937886
220 257 947094624
113 41 417436096
130 105 89307405
193 176 955848530
111 162 328632871
225 245 343374131
14 202 906334370
189 33 32730168
294 42 611906125
247 237 92175332
232 156 981314088
107 20 552125780
155 149 478674385
211 93 516390260
292 255 899314173
263 231 232994969
93 244 879871270
263 184 771299354
130 229 356664648
6 175 962563784
38 107 901376139
77 265 257196810
157 119 23384558
41 30 541003902
152 21 35881009
176 283 67466739
144 128 12357335
65 90 616760318
18 271 43266347
65 29 359126573
100 66 38246179
238 142 437785196
199 298 270147014
256 90 182188095
210 293 277240616
170 168 588970150
8 11 608234477
194 75 93884318
212 145 226133489
210 209 321920817
134 9 473421634
113 298 809433675
160 197 587115425
273 204 285141266
168 165 272417811
135 34 595742878
84 94 193144141
213 287 944492867
130 250 621088411
18 211 432111772
286 45 340126732
19 209 99025781
246 68 966005729
222 92 816967485
287 11 45431301
97 145 834761835
127 281 809974880
219 193 130911418
85 22 414331768
148 92 261051330
119 77 325163974
202 96 202464934
34 93 625706701
63 14 422585345
47 300 70256255
247 149 550992752
233 27 601248632
64 245 534291076
182 29 738971697
249 228 146456688
278 46 931183217
104 299 714056564
137 33 157026756
290 147 699725569
234 245 479810620
240 191 769699720
91 176 165135746
274 239 711779190
49 172 206639271
198 120 270804398
137 150 188902696
153 5 153577246
16 193 411337478
23 182 633221824
43 167 636197768
115 107 465696611
34 197 808996538
280 223 476072428
221 271 597835700
243 168 441134471
141 5 267020072
188 209 400656476
233 277 897024969
63 51 234348602
286 94 982696369
206 208 917357227
68 241 736807575
105 272 894812397
132 245 925662768
83 187 273363087
154 79 84370043
125 266 142383204
153 251 308942780
73 13 446108230
174 50 106121475
194 7 916276782
72 74 351306575
147 230 723830246
143 114 303176042
162 196 590950529
101 49 415507159
43 226 113232277
246 78 837703127
177 150 852773539
159 75 496698040
233 269 553158047
215 40 340366520
189 238 519836350
186 81 567639963
128 294 81613058
8 94 355406459
266 189 803523884
242 186 531654513
220 63 584306962
158 221 900862536
250 205 316533956
296 119 748678448
167 59 934103585
216 245 620138117
130 124 732444811
240 183 249419456
150 148 255432096
233 142 40349582
197 61 618147396
258 271 434933768
145 220 596830172
53 267 20113391
300 133 761122701
236 49 691171997
253 230 113437320
15 169 176418254
170 18 738072902
266 2 469182595
299 198 502417755
94 207 248100977
161 104 497897596
184 208 509998362
26 207 624769795
227 194 214564595
123 146 847022724
195 160 308789945
148 82 955272714
1 99 442511268
295 149 302160117
102 242 118526224
178 154 350021179
226 89 460662586
239 115 51645244
33 41 57072737
279 215 97083183
155 161 609154094
199 61 842704927
64 113 53167777
231 160 280892225
48 261 144025666
123 190 782534571
53 115 940732760
190 106 343766326
233 190 47725266
221 169 301330632
55 23 218019745
49 273 121694505
227 88 455460517
204 19 688500376
28 118 175748188
146 292 165304930
168 44 155068196
279 233 507552701
204 217 700044591
221 137 947108459
153 192 800799733
297 292 569908357
253 218 62223396
21 121 15223414
197 149 288617583
136 46 932126
265 213 649671869
261 192 253048453
61 95 10190769
103 16 683204258
13 220 516655749
245 268 824732040
253 220 302654409
49 240 298557930
214 188 798367530
249 24 946108875
274 40 376832887
43 300 883788678
147 113 663258925
168 215 910452540
25 228 484249211
125 224 897635978
216 229 124823697
224 277 326305588
105 242 190582028
134 190 40884851
208 164 600068042
247 258 318167094
176 156 702734706
200 23 158848172
291 99 633615951
1 223 927837775
30 138 168971055
278 114 861690131
166 218 431283824
293 52 461337014
195 11 657814529
188 9 817871886
181 185 899590241
38 136 765676716
110 127 246819214
160 179 564706189
186 209 544069678
140 238 487564091
122 155 398780061
46 147 223568764
211 93 908039074
239 281 386572935
276 213 837926319
168 251 482907206
135 112 379451784
149 271 11809263
137 209 982648323
66 100 269309012
57 274 345580567
69 71 254561365
132 33 37136258
257 23 998405990
91 298 456537654
161 217 261749604
67 52 277922715
150 252 138672938
164 140 624354398
138 205 51421797
50 13 839114322
116 81 713683092
80 212 841497824
189 169 880373046
30 259 500696995
84 120 454576264
139 186 655171215
254 87 54333766
143 251 69286457
240 88 539066261
188 189 656269974
162 4 819677654
153 136 252858066
229 76 716366634
26 106 449292644
173 241 437046063
236 131 867566800
102 136 267790287
219 278 354558489
175 269 110519728
35 209 804983017
208 70 636045272
214 274 5751507
79 254 508787035
164 280 291041492
207 204 809052532
122 139 29602462
221 292 83130350
159 210 403276427
47 84 171944148
75 170 588038956
43 130 343191525
14 43 3601298
173 173 115798804
107 88 855124383
198 46 132340438
281 167 844474176
194 140 56762219
243 50 118505628
22 97 804023563
69 223 799865932
24 265 467335413
100 30 921076955
149 202 971497679
152 60 482447866
186 9 755736512
123 289 80926030
198 235 325583221
68 177 757498371
95 198 583746319
257 18 62330441
41 41 703266457
253 192 142599638
260 41 533565140
190 192 89982699
156 78 102893808
219 200 233867348
200 150 512505782
21 217 874455811
191 64 722993860
261 20 230064078
253 112 836221770
209 117 884658462
246 128 231491802
237 17 992520593
288 224 727901922
47 194 864943522
146 94 805668623
128 166 901806739
90 108 976896202
249 68 834960574
178 20 128382137
148 280 324496305
9 277 344380032
262 214 864563701
106 253 367495176
28 299 608910970
201 196 374769815
275 23 138138580
213 164 361548339
267 113 923712706
92 290 591994825
80 189 922177504
185 249 56860380
168 210 382124945
168 68 987953897
144 147 682273747
65 47 698951843
79 21 403010317
10 285 668904981
100 3 72146045
205 146 842797586
81 226 817081375
236 162 584688575
67 29 524594637
112 197 481836504
160 92 36832450
259 156 907042348
253 286 898134820
269 47 764432956
201 146 335349311
297 102 298360808
83 182 929333233
109 117 110311946
83 183 480644275
19 46 757410271
74 258 13137814
275 216 151705169
274 220 105431206
45 240 159938152
153 193 381807049
263 189 842234250
270 271 985730931
255 131 439507299
100 266 260423733
26 36 683121531
96 110 695554588
9 136 685029355
129 110 203014026
234 206 800002565
137 58 849932657
185 72 424950346
34 94 220369568
116 100 53271699
66 251 213378016
199 277 520250451
181 124 160758212
68 185 171733748
274 13 165252109
99 299 39448114
215 135 263787424
172 20 173619347
69 105 214788340
236 273 21660339
286 38 557063642
1 288 596609818
104 168 455258193
15 287 441113877
62 12 410914742
22 162 470091992
188 77 926067426
111 300 865680797
157 68 131166354
49 55 708255026
39 41 741486815
280 93 638769103
249 248 788256122
42 263 32986109
70 76 615537472
111 98 33891534
254 285 940567210
232 147 38013509
228 55 603697128
133 103 5471282
10 194 1640374
225 225 805582419
179 174 937547866
300 267 558294928
160 36 692073704
84 199 356652653
117 152 738963537
278 83 660342835
138 63 589377189
65 247 445887644
98 257 104050889
172 233 268414213
90 111 388103786
7 162 770894152
187 74 710415540
90 157 765066338
194 273 109971241
230 250 671197676
216 139 166942790
204 203 728372936
99 300 916259492
187 223 177121976
200 64 444696786
137 71 64789100
41 257 217868673
280 98 371989329
169 291 561042601
209 272 430628402
136 187 18760240
125 142 781651594
61 293 724773745
4 179 702283420
180 130 667246683
217 19 262244105
116 59 45570613
88 38 561816262
216 258 167633704
68 218 601986475
169 54 230250113
160 178 641801807
105 290 282529199
102 294 108999529
21 225 389627011
55 141 512515429
212 257 101075287
24 96 718238476
286 12 129071333
41 131 296061450
16 52 890406503
280 211 931565633
86 68 295395422
236 221 603188067
265 293 179549191
175 47 174208284
155 258 946921740
141 34 273107287
268 71 967205198
300 111 323481
1 178 98057832
56 158 131684842
288 295 440405161
261 231 896476181
228 247 54697673
118 173 434832672
253 27 299125281
219 292
231 266
36 186
237 128
208 199
128 237
292 91
133 285
32 279
240 45
178 14
260 219
88 2
225 184
210 41
84 106
123 180
65 14
194 159
109 53
289 153
244 236
273 281
11 128
172 4
17 2
220 101
103 28
211 8
100 27
184 172
103 183
197 7
217 219
271 90
242 77
12 259
291 185
12 36
39 2
3 236
36 107
186 275
34 190
269 148
71 133
15 204
262 173
91 211
52 178
6 61
72 294
230 18
53 62
115 294
229 144
2 118
144 16
258 188
35 177
9 226
181 106
30 75
286 143
72 173
233 37
82 78
147 56
118 64
57 251
146 284
101 285
52 148
87 296
172 9
286 121
278 232
7 167
61 60
232 44
132 132
261 216
272 214
29 159
110 141
124 85
121 255
154 277
272 172
233 240
113 196
179 270
188 142
201 185
228 248
132 132
48 112
77 144
3 71
263 105
189 112
118 86
114 61
232 272
263 138
85 216
186 75
217 263
148 73
73 117
1 127
290 204
47 100
170 66
170 101
264 184
21 110
170 82
105 135
24 154
69 67
142 108
70 6
79 110
226 269
148 203
106 278
77 137
203 204
5 298
181 124
234 20
101 202
88 103
256 257
76 111
218 77
82 269
78 287
8 212
114 55
33 155
291 271
175 161
159 245
69 231
250 91
292 2
156 103
111 79
189 112
188 186
206 158
197 21
233 283
90 204
58 46
69 122
282 100
45 295
225 192
283 113
166 226
80 26
157 21
132 243
180 45
255 71
92 86
68 151
54 76
173 157
30 111
210 241
235 64
255 6
118 211
137 289
15 283
4 268
210 171
267 187
10 90
175 221
123 101
228 294
203 176
38 100
41 232
47 300
5 275
186 54
42 123
157 74
41 108
30 212
99 3
144 49
21 108
260 18
63 144
19 187
286 265
249 57
108 78
53 295
48 112
286 290
115 142
1 143
54 155
209 31
79 204
63 52
121 99
294 22
260 184
200 13
121 298
75 148
195 228
91 179
168 294
187 77
271 282
189 188
218 76
280 149
201 48
198 94
116 21
256 192
256 75
124 156
55 76
55 199
77 249
243 145
273 297
278 181
68 243
19 218
67 37
84 50
143 19
39 282
225 10
137 47
202 180
7 260
158 256
257 61
257 287
283 251
131 230
224 12
282 199
235 242
43 48
66 71
104 238
299 156
202 28
207 135
147 103
111 213
25 56
42 67
17 281
262 76
140 147
97 186
179 121
168 84
154 222
211 285
140 257
284 209
44 94
248 242
206 242
297 58
176 230
262 39
166 244
143 224
109 5
125 239
22 287
260 44
28 175
183 170
79 220
65 218
159 174
167 12
122 116
97 163
253 297
241 59
