996 1000 738 488 0
1 2 126903
2 3 678953
1 4 542046
3 5 582926
1 6 699985
6 7 780471
7 8 204117
3 9 789469
2 10 363186
4 11 896890
6 12 515252
2 13 672459
5 14 189868
10 15 644629
15 16 679087
14 17 225118
1 18 901462
12 19 668528
13 20 678845
9 21 473434
8 22 232773
19 23 138158
19 24 261329
20 25 878276
2 26 944780
22 27 244277
26 28 785826
10 29 540769
14 30 288258
17 31 920618
8 32 978723
26 33 440502
30 34 983804
12 35 49393
12 36 397130
4 37 26313
2 38 943630
12 39 215792
37 40 826956
25 41 134685
32 42 218829
24 43 364299
39 44 844894
2 45 64121
29 46 495759
25 47 295144
17 48 314741
9 49 296993
18 50 268776
23 51 127852
4 52 429062
14 53 610586
28 54 111086
24 55 605052
46 56 434949
18 57 278633
17 58 138485
3 59 974140
30 60 93673
19 61 55187
36 62 858258
38 63 578065
59 64 373733
29 65 56477
37 66 378587
57 67 839266
9 68 685039
41 69 867917
38 70 450084
52 71 141394
37 72 637564
16 73 528102
59 74 896770
35 75 903686
7 76 693569
48 77 857455
19 78 243403
18 79 433828
71 80 860659
4 81 347820
17 82 306387
16 83 231761
37 84 929991
16 85 523810
16 86 980976
69 87 383730
56 88 226930
74 89 119446
22 90 705014
14 91 419243
21 92 238440
37 93 90958
77 94 598778
56 95 287010
65 96 367776
16 97 109197
36 98 317906
55 99 175163
81 100 783373
7 101 412570
16 102 385938
66 103 101980
85 104 464358
24 105 659897
24 106 789008
102 107 641642
63 108 631518
42 109 840943
35 110 824800
104 111 511049
68 112 985387
81 113 260417
70 114 148119
59 115 8543
13 116 493698
78 117 710580
86 118 9035
28 119 244305
96 120 174744
43 121 254733
13 122 101904
23 123 255299
112 124 790369
19 125 145554
114 126 934588
13 127 497755
70 128 789332
85 129 837958
82 130 677411
20 131 118142
126 132 713188
114 133 350448
20 134 466906
23 135 256912
124 136 586632
113 137 511188
97 138 353079
39 139 413815
5 140 454387
13 141 962935
45 142 955662
82 143 136983
73 144 193627
46 145 405150
60 146 800628
14 147 359382
57 148 883061
2 149 701198
9 150 845439
102 151 378905
134 152 881398
124 153 858253
75 154 12099
29 155 92549
113 156 963219
71 157 40223
109 158 483094
69 159 45950
156 160 724993
43 161 965704
109 162 398220
8 163 893097
48 164 237429
154 165 920847
73 166 117755
11 167 23725
154 168 898339
20 169 354040
77 170 788342
69 171 379565
82 172 314369
145 173 753672
170 174 93525
118 175 180046
95 176 55621
61 177 439429
171 178 139562
27 179 509174
151 180 733858
14 181 960370
105 182 238668
122 183 848586
144 184 818830
39 185 718486
129 186 569424
90 187 315759
183 188 909118
184 189 657780
94 190 25545
46 191 800009
144 192 712231
18 193 22675
193 194 163279
84 195 302910
35 196 766398
179 197 203191
81 198 763252
22 199 914354
161 200 613239
175 201 911397
148 202 228559
154 203 665483
9 204 650633
139 205 677923
133 206 630389
52 207 443118
60 208 108839
188 209 926260
205 210 364217
130 211 420671
73 212 292616
144 213 501983
182 214 355314
42 215 845476
200 216 622815
11 217 751015
188 218 813301
23 219 760578
183 220 649186
34 221 303059
2 222 695766
90 223 144701
207 224 63110
202 225 506407
22 226 139178
192 227 732347
138 228 255680
161 229 113064
186 230 278983
62 231 411873
106 232 592516
83 233 488092
34 234 647681
195 235 398163
99 236 549769
9 237 298694
214 238 281965
202 239 151095
115 240 665347
205 241 523053
218 242 415777
213 243 802418
138 244 129574
194 245 48980
62 246 845554
119 247 205224
114 248 605416
39 249 551618
16 250 70195
94 251 328190
79 252 11839
97 253 22715
178 254 176699
202 255 723035
134 256 24158
147 257 656196
238 258 783455
65 259 566242
237 260 341051
136 261 631587
41 262 962611
159 263 28217
200 264 857291
184 265 32475
201 266 954060
178 267 155076
202 268 840258
40 269 240626
12 270 440255
61 271 106857
258 272 520791
254 273 83822
7 274 493538
26 275 297357
179 276 73150
98 277 906195
110 278 425098
164 279 54420
270 280 496747
253 281 585062
203 282 863179
10 283 403364
195 284 276373
16 285 474156
12 286 118522
126 287 596065
94 288 747503
173 289 711338
212 290 69996
157 291 414769
34 292 527215
168 293 96358
21 294 173367
141 295 213689
190 296 494154
182 297 525667
202 298 572464
164 299 320990
231 300 866869
121 301 615912
217 302 820970
76 303 662404
131 304 310949
161 305 7737
256 306 505916
141 307 450193
292 308 435406
83 309 21979
49 310 518715
199 311 228713
38 312 674407
108 313 57875
28 314 809659
45 315 788978
171 316 303971
229 317 962214
197 318 786129
109 319 148561
84 320 512441
152 321 427545
309 322 390803
164 323 113578
36 324 384412
33 325 906610
1 326 885141
95 327 62115
174 328 556994
86 329 981556
31 330 993196
155 331 797089
121 332 425312
102 333 372902
256 334 848878
173 335 526280
218 336 991403
212 337 374220
112 338 135855
248 339 711230
141 340 688280
208 341 410219
289 342 809349
279 343 887463
244 344 966812
331 345 242120
51 346 108996
160 347 418985
66 348 373931
151 349 435241
334 350 55105
167 351 314473
8 352 598268
308 353 785937
145 354 137874
122 355 596620
170 356 773826
3 357 883527
153 358 457164
219 359 216502
262 360 874227
30 361 414031
40 362 866434
84 363 677196
103 364 503876
300 365 783662
298 366 948747
163 367 275893
114 368 714283
344 369 873449
188 370 324475
287 371 625172
270 372 274906
323 373 19269
366 374 430824
205 375 899086
107 376 587721
260 377 893511
177 378 702310
223 379 387210
243 380 990956
218 381 165301
64 382 124811
200 383 638507
190 384 833400
225 385 58578
95 386 801515
189 387 957718
105 388 683809
126 389 491877
21 390 154331
70 391 996081
164 392 917790
215 393 62386
371 394 616945
101 395 829729
238 396 189218
32 397 796542
201 398 836289
267 399 230539
126 400 726115
318 401 519310
65 402 980192
380 403 642323
299 404 150806
366 405 895783
368 406 164388
279 407 906527
399 408 205680
326 409 284111
307 410 14370
333 411 78419
289 412 790822
50 413 940873
113 414 678189
52 415 829141
185 416 820845
223 417 193820
59 418 31900
331 419 581642
309 420 942777
270 421 938188
61 422 626820
76 423 302038
245 424 130817
9 425 907742
49 426 669497
221 427 704991
273 428 567928
116 429 458199
351 430 194448
163 431 840522
190 432 597140
324 433 776509
381 434 109662
345 435 307387
92 436 468171
283 437 279059
402 438 402042
317 439 229080
62 440 34448
433 441 104096
123 442 244534
10 443 102853
18 444 311001
355 445 677543
8 446 140009
397 447 398312
375 448 774363
46 449 238319
63 450 286567
296 451 820454
342 452 862794
431 453 301884
110 454 848517
363 455 68324
53 456 210653
100 457 673043
238 458 739801
88 459 40326
79 460 17607
289 461 749754
316 462 931640
317 463 199666
218 464 832063
348 465 466292
321 466 104886
170 467 296076
119 468 924344
468 469 892040
432 470 19368
83 471 960570
469 472 193384
108 473 592761
89 474 559331
118 475 361697
346 476 863557
264 477 647374
162 478 451389
253 479 763557
162 480 587906
142 481 173195
449 482 248458
60 483 251564
400 484 272276
158 485 789493
116 486 662304
247 487 806810
478 488 502130
112 489 695890
461 490 219859
359 491 769686
477 492 686480
360 493 652325
162 494 214393
11 495 852674
51 496 99426
212 497 537013
292 498 325094
403 499 218630
288 500 929695
91 501 6789
312 502 281263
48 503 584069
462 504 994554
481 505 829532
447 506 899945
102 507 465125
316 508 436777
443 509 638846
121 510 553515
486 511 826058
277 512 540769
319 513 979568
316 514 375111
55 515 583514
212 516 450519
249 517 833015
178 518 74836
248 519 967866
435 520 608256
262 521 891865
114 522 825382
328 523 52430
173 524 468497
123 525 372441
394 526 242067
170 527 573564
123 528 936703
478 529 969790
470 530 326127
314 531 910697
293 532 181566
267 533 604428
165 534 579727
201 535 902457
313 536 684485
223 537 729992
132 538 949321
202 539 957842
77 540 215623
411 541 116663
62 542 354737
77 543 421465
372 544 879482
65 545 929502
205 546 58524
515 547 910130
415 548 258708
521 549 28227
36 550 219936
83 551 837955
60 552 968
340 553 242089
54 554 13906
112 555 691440
212 556 675724
159 557 764119
24 558 697605
31 559 648863
469 560 590420
344 561 778513
147 562 983569
323 563 47989
474 564 864919
3 565 731612
449 566 855880
534 567 75094
71 568 898953
421 569 598973
383 570 390401
23 571 97513
403 572 672030
368 573 836537
534 574 87184
360 575 741904
101 576 756172
84 577 745941
434 578 948875
372 579 583410
129 580 943369
50 581 356247
572 582 104262
358 583 383796
37 584 574216
579 585 793218
190 586 144663
242 587 329659
306 588 136575
257 589 710173
276 590 38545
588 591 688747
99 592 630819
276 593 202476
324 594 689420
207 595 240746
59 596 935273
589 597 303924
172 598 309082
186 599 646685
359 600 368069
373 601 835706
230 602 680722
169 603 879656
376 604 601646
134 605 521412
597 606 659209
90 607 782897
480 608 482903
248 609 668181
278 610 569235
534 611 213596
500 612 74743
432 613 474484
446 614 119813
478 615 666447
408 616 283585
179 617 817317
54 618 998900
336 619 384687
565 620 130347
383 621 806381
4 622 656886
113 623 528864
121 624 919082
272 625 255569
422 626 708576
337 627 291848
138 628 770227
67 629 335254
306 630 331333
546 631 67532
542 632 727611
46 633 68737
610 634 470461
603 635 238224
427 636 382071
301 637 926936
308 638 462810
227 639 769338
83 640 531611
301 641 451934
345 642 278835
449 643 927279
616 644 223070
347 645 11482
94 646 658588
395 647 878035
594 648 88563
420 649 229968
124 650 903083
159 651 142988
130 652 452689
566 653 484741
460 654 268340
290 655 877758
579 656 734507
157 657 951678
410 658 691213
491 659 651599
364 660 907255
371 661 97664
453 662 929290
544 663 398692
350 664 224106
303 665 213649
393 666 926208
55 667 557985
279 668 518009
236 669 325236
572 670 21061
269 671 504108
634 672 247128
19 673 369264
412 674 51565
211 675 141994
362 676 958590
367 677 333705
105 678 243661
521 679 755903
678 680 137374
383 681 819652
13 682 347515
1 683 571281
256 684 157487
295 685 17318
218 686 555851
6 687 345605
103 688 581796
268 689 948213
480 690 287507
405 691 446591
360 692 851059
311 693 605044
71 694 462183
117 695 574117
281 696 202385
282 697 251562
203 698 54620
8 699 158236
604 700 612467
81 701 148250
305 702 660424
492 703 888392
282 704 490638
329 705 626699
446 706 54015
670 707 177039
422 708 560599
536 709 778753
174 710 492439
58 711 557717
498 712 356739
258 713 825665
398 714 273316
141 715 730624
59 716 364102
20 717 643409
11 718 686011
234 719 477109
531 720 354903
491 721 840948
86 722 278706
399 723 221528
225 724 12009
569 725 547569
156 726 387549
684 727 654863
680 728 683506
574 729 970955
190 730 956753
188 731 714687
431 732 428327
7 733 475401
470 734 129380
264 735 339724
632 736 508669
177 737 12719
536 738 1899
466 739 708124
150 740 148457
710 741 585922
292 742 862457
528 743 344532
325 744 251360
702 745 261896
598 746 847077
303 747 747608
29 748 93655
98 749 827780
399 750 374532
644 751 722574
425 752 74946
12 753 320061
130 754 474922
623 755 393946
401 756 120216
176 757 197302
65 758 162924
623 759 542115
711 760 45068
363 761 869302
753 762 381088
182 763 30219
696 764 52244
334 765 255041
671 766 110874
429 767 660986
738 768 96869
298 769 475676
182 770 29039
381 771 538131
749 772 419572
281 773 445388
431 774 3893
340 775 984764
745 776 133302
619 777 109463
608 778 526336
602 779 232473
735 780 109024
538 781 358848
104 782 271590
49 783 659472
155 784 570343
381 785 657614
762 786 850043
403 787 865029
235 788 778687
403 789 568133
747 790 438484
164 791 329695
139 792 533599
592 793 411370
105 794 977799
778 795 329729
776 796 21690
734 797 468290
746 798 771496
29 799 11536
567 800 665606
372 801 62226
524 802 367501
463 803 568242
476 804 784248
705 805 371040
86 806 116106
386 807 605004
754 808 572805
305 809 349487
25 810 219444
632 811 828163
406 812 45986
126 813 475974
375 814 543777
606 815 639803
364 816 87620
80 817 576553
497 818 152549
31 819 695834
310 820 266720
316 821 673948
773 822 638997
639 823 176964
734 824 10282
39 825 94631
657 826 171655
293 827 92383
3 828 132313
818 829 161804
369 830 794192
187 831 227024
417 832 654048
719 833 946129
146 834 892931
308 835 150459
825 836 38197
238 837 925884
378 838 172983
681 839 73670
523 840 74574
521 841 221264
321 842 92993
828 843 177685
738 844 151070
527 845 902036
391 846 164981
461 847 630287
29 848 778906
659 849 348940
372 850 516264
317 851 787543
517 852 154553
517 853 463101
325 854 512943
533 855 952338
188 856 979823
351 857 932972
195 858 194784
505 859 92198
414 860 19889
716 861 283935
634 862 894672
533 863 434040
18 864 665203
123 865 206809
388 866 321043
182 867 960557
593 868 202475
400 869 509153
722 870 599294
535 871 550121
692 872 565327
761 873 546043
509 874 895463
202 875 633041
774 876 285458
330 877 167339
418 878 592737
100 879 659212
503 880 341610
584 881 697721
430 882 591364
499 883 266749
279 884 979660
748 885 174887
51 886 194147
55 887 749641
1 888 754285
191 889 714875
318 890 148179
439 891 841111
439 892 930945
151 893 106747
207 894 206761
374 895 533769
304 896 334847
56 897 792618
826 898 592955
467 899 92359
420 900 589147
199 901 425679
381 902 787038
742 903 62644
662 904 33417
770 905 497582
130 906 211493
741 907 771702
248 908 728447
441 909 769356
602 910 928103
187 911 594994
21 912 960626
237 913 153134
82 914 126329
707 915 260044
29 916 345047
715 917 597785
371 918 623727
159 919 437289
166 920 194851
361 921 614099
374 922 38558
783 923 498480
394 924 693899
407 925 644127
338 926 446172
852 927 910980
662 928 69380
134 929 717444
119 930 682621
397 931 639691
748 932 543043
660 933 623814
81 934 451926
532 935 836137
70 936 241724
236 937 89770
752 938 338749
923 939 818564
42 940 50278
261 941 398261
935 942 177734
69 943 629761
328 944 107892
147 945 147180
12 946 254983
83 947 603076
634 948 13596
324 949 938325
850 950 226452
452 951 432819
762 952 289875
92 953 644532
821 954 774274
202 955 158130
117 956 297102
468 957 586253
591 958 554023
543 959 401319
850 960 537346
37 961 962407
825 962 432855
818 963 20087
621 964 85220
73 965 441158
801 966 953192
585 967 448071
14 968 567848
839 969 303727
488 970 861870
9 971 27323
305 972 788421
231 973 100712
79 974 475454
87 975 857336
269 976 870062
27 977 275636
514 978 918446
539 979 422437
612 980 104730
98 981 210394
411 982 459858
297 983 571877
853 984 158716
831 985 787293
66 986 521920
852 987 754013
344 988 925450
490 989 237956
462 990 438732
501 991 840436
227 992 50809
181 993 508627
57 994 75787
140 995 520077
414 996 302334
103 567 535119
379 201 224740
922 82 32846
619 748 999212
513 747 73755
