887 1000 70 572 1000
1 2 158245
2 3 765200
2 4 766097
1 5 306861
5 6 657650
2 7 311243
7 8 602451
1 9 636583
7 10 605887
8 11 15806
11 12 161927
9 13 568595
11 14 249920
9 15 213548
11 16 903875
4 17 816533
3 18 554668
15 19 144796
7 20 108379
7 21 651603
18 22 666678
22 23 517522
2 24 790693
17 25 75250
20 26 54100
9 27 421715
9 28 37813
21 29 897366
5 30 584891
20 31 178468
7 32 242720
9 33 294438
16 34 699552
31 35 549194
20 36 153852
30 37 436868
9 38 132920
15 39 68363
39 40 76573
37 41 854424
41 42 312312
1 43 732394
24 44 693401
26 45 481669
22 46 534101
1 47 914286
26 48 334852
43 49 474224
13 50 66883
45 51 154779
4 52 504755
25 53 610815
10 54 397625
2 55 167350
21 56 605948
53 57 756823
33 58 589098
31 59 436804
18 60 981939
43 61 840413
54 62 525964
24 63 293642
55 64 995182
25 65 193013
48 66 599828
27 67 21261
29 68 326913
4 69 910597
9 70 431160
55 71 65235
71 72 670081
17 73 772209
24 74 238506
49 75 784031
36 76 221892
20 77 736352
32 78 621922
37 79 818296
60 80 700446
36 81 531636
9 82 30548
29 83 390562
47 84 415205
4 85 186069
50 86 382132
62 87 256546
26 88 607468
81 89 716070
41 90 628985
4 91 779453
48 92 168203
10 93 979340
48 94 832342
15 95 811705
62 96 781908
58 97 909102
71 98 203906
92 99 387929
99 100 968222
91 101 981743
21 102 446320
78 103 24804
18 104 967614
6 105 709236
90 106 921942
65 107 250142
40 108 655752
48 109 782947
3 110 698345
49 111 66572
96 112 167185
109 113 922657
45 114 884830
15 115 898803
93 116 264495
99 117 245779
57 118 448617
68 119 799000
37 120 929078
55 121 985245
60 122 711233
94 123 74304
1 124 439483
58 125 957093
107 126 394073
81 127 230129
98 128 27668
76 129 700367
29 130 16488
94 131 372142
104 132 18965
91 133 391617
51 134 683105
56 135 960958
100 136 8596
20 137 341216
16 138 158266
93 139 370021
75 140 936165
44 141 973520
20 142 784424
13 143 513128
26 144 483613
72 145 806711
91 146 298272
61 147 660620
90 148 735570
56 149 625594
66 150 909143
127 151 99543
124 152 577432
54 153 527101
6 154 406082
17 155 400780
52 156 27845
143 157 383910
47 158 879701
8 159 530034
133 160 157228
15 161 111514
57 162 640583
109 163 245965
40 164 645669
85 165 426685
85 166 678987
24 167 80226
9 168 668674
44 169 245621
131 170 259543
62 171 92022
45 172 196891
81 173 885478
84 174 417633
152 175 298958
89 176 750722
83 177 953846
103 178 775580
105 179 948079
167 180 318734
73 181 743050
77 182 559358
60 183 848351
182 184 686355
78 185 599303
171 186 476411
102 187 740001
57 188 841703
45 189 353617
94 190 343050
164 191 758076
186 192 886302
131 193 494541
143 194 646431
41 195 957748
123 196 822285
47 197 279074
162 198 811566
6 199 138318
27 200 630794
52 201 516275
66 202 537838
79 203 462799
125 204 670058
128 205 420005
2 206 651858
83 207 536252
73 208 458816
176 209 781662
10 210 661584
17 211 451355
113 212 340451
132 213 466563
166 214 485917
203 215 26543
181 216 229736
174 217 230137
35 218 8878
215 219 298495
174 220 596770
191 221 734628
85 222 805240
181 223 571663
22 224 606889
40 225 8810
93 226 280560
48 227 586916
58 228 715343
170 229 493487
224 230 552779
171 231 440067
34 232 901611
53 233 345305
90 234 112509
14 235 463473
42 236 780433
223 237 478285
154 238 315517
76 239 882420
75 240 807255
29 241 707696
206 242 719166
147 243 217103
20 244 549201
156 245 857190
244 246 451702
139 247 131593
134 248 341397
176 249 320788
106 250 831898
197 251 897510
195 252 943223
91 253 944481
83 254 869279
250 255 566571
234 256 67468
126 257 522735
175 258 404154
4 259 81821
258 260 524202
142 261 229286
186 262 796576
63 263 933825
245 264 291237
175 265 568361
194 266 971909
72 267 42397
135 268 178194
80 269 121374
83 270 913312
185 271 867700
160 272 638855
204 273 760234
5 274 551332
56 275 742797
62 276 627928
4 277 623473
30 278 26952
270 279 726572
53 280 737051
99 281 997849
198 282 450175
28 283 710806
230 284 531236
208 285 560646
178 286 39871
207 287 432976
254 288 660041
37 289 871966
191 290 329277
161 291 423583
76 292 608093
107 293 904006
210 294 822254
154 295 600712
291 296 64504
3 297 279266
250 298 911687
104 299 537169
100 300 611820
49 301 508632
280 302 855612
130 303 473214
216 304 509456
75 305 615053
34 306 437380
55 307 525972
84 308 775993
98 309 277285
253 310 556498
101 311 985239
180 312 841466
215 313 129734
108 314 499485
198 315 752271
119 316 367531
34 317 226068
122 318 920024
225 319 184766
199 320 67550
61 321 474038
191 322 560633
215 323 917034
60 324 748266
29 325 62350
220 326 167285
195 327 454617
246 328 195363
39 329 895556
52 330 276673
174 331 572430
232 332 215135
111 333 766651
177 334 872530
199 335 229264
261 336 520114
268 337 656921
142 338 947549
300 339 740387
218 340 610802
201 341 559938
239 342 803222
134 343 212428
81 344 304819
219 345 843036
222 346 968180
25 347 293968
80 348 585866
169 349 358348
167 350 272618
4 351 770293
98 352 456589
230 353 164598
84 354 959406
234 355 252350
197 356 303952
232 357 863680
282 358 401909
134 359 509426
181 360 235688
220 361 769295
159 362 895284
167 363 260373
113 364 671083
331 365 472903
178 366 567072
298 367 567788
88 368 579181
189 369 12430
127 370 619310
87 371 465468
56 372 880836
40 373 790664
69 374 337363
26 375 65546
5 376 617412
233 377 231579
240 378 233796
120 379 800667
63 380 418370
225 381 211180
238 382 249845
138 383 752565
383 384 542868
64 385 844832
149 386 579484
162 387 636059
361 388 23630
180 389 659995
76 390 96367
16 391 4436
143 392 257670
42 393 543426
358 394 14049
64 395 65700
230 396 695376
215 397 44924
308 398 218536
11 399 568208
11 400 209729
128 401 259052
61 402 55673
232 403 907741
185 404 10863
361 405 579703
261 406 245577
42 407 914961
93 408 462190
24 409 196548
38 410 993740
359 411 577199
314 412 482452
338 413 9462
406 414 807225
357 415 629118
265 416 976565
299 417 899506
387 418 441923
126 419 180354
35 420 299302
146 421 94302
113 422 788129
203 423 662591
267 424 71421
138 425 795423
33 426 494150
69 427 453180
357 428 712782
5 429 318362
93 430 397160
112 431 146110
64 432 803758
131 433 748787
183 434 761340
145 435 822920
137 436 425651
191 437 53648
389 438 548919
408 439 418080
278 440 972977
56 441 864533
45 442 432910
269 443 22732
322 444 301182
444 445 588840
419 446 773238
429 447 573712
332 448 989806
135 449 840558
216 450 891556
178 451 800817
255 452 522967
164 453 518603
331 454 80204
103 455 723188
90 456 716364
442 457 942821
339 458 356708
297 459 694878
155 460 115301
319 461 452577
225 462 640418
225 463 380916
349 464 11444
8 465 448355
135 466 339321
342 467 450300
114 468 517200
29 469 564497
393 470 850399
235 471 846969
140 472 123662
408 473 71183
245 474 797833
412 475 442162
99 476 201026
18 477 784964
112 478 492652
424 479 633003
41 480 749121
372 481 183826
329 482 240445
57 483 511337
232 484 475872
403 485 575905
305 486 186352
10 487 265649
280 488 551733
419 489 563092
354 490 462908
169 491 997320
319 492 651413
282 493 541393
408 494 776724
166 495 155444
255 496 355859
237 497 386044
449 498 327087
384 499 545592
5 500 1222
9 501 46203
493 502 171136
180 503 924571
187 504 80835
98 505 201267
222 506 367805
246 507 623905
324 508 930462
178 509 48136
500 510 19355
172 511 820879
202 512 904748
18 513 732192
372 514 251471
123 515 583978
5 516 808195
275 517 585439
233 518 775117
163 519 172791
54 520 35063
125 521 41004
320 522 608396
481 523 923580
18 524 454942
99 525 485994
35 526 859968
256 527 581884
297 528 163467
308 529 753982
109 530 36701
486 531 348094
353 532 626198
157 533 43470
401 534 339545
519 535 148358
27 536 560209
229 537 123199
294 538 262186
314 539 967193
226 540 172435
111 541 181237
244 542 890819
405 543 343868
141 544 688753
513 545 612246
442 546 269466
134 547 708916
56 548 653759
168 549 481159
441 550 576612
226 551 491270
387 552 882066
129 553 535917
408 554 781525
298 555 163768
104 556 725183
420 557 380203
277 558 718564
218 559 833998
22 560 149980
203 561 129641
131 562 263813
534 563 162636
305 564 718590
363 565 232010
546 566 667692
107 567 339577
22 568 211961
177 569 996340
474 570 534864
10 571 744090
46 572 93538
377 573 343628
550 574 935460
541 575 957682
137 576 493134
545 577 692406
222 578 122846
26 579 932807
539 580 761043
118 581 356888
9 582 968435
282 583 234975
560 584 484742
117 585 625302
201 586 585304
127 587 957245
57 588 403322
114 589 317846
433 590 889986
562 591 700264
106 592 805702
132 593 123197
2 594 320485
192 595 388452
95 596 768703
418 597 480240
285 598 176632
302 599 639222
382 600 202681
373 601 398163
508 602 723310
557 603 292195
328 604 376713
172 605 370955
600 606 141630
436 607 934385
119 608 484485
306 609 324671
74 610 58139
219 611 462179
596 612 489281
425 613 339218
26 614 455291
81 615 643200
103 616 558802
602 617 435753
185 618 139091
506 619 125196
162 620 172302
170 621 974698
135 622 686296
64 623 387212
110 624 780809
397 625 119482
521 626 809727
244 627 297605
184 628 234073
397 629 623806
528 630 953021
553 631 868540
345 632 506258
491 633 971610
124 634 848582
499 635 268918
210 636 770442
176 637 422580
400 638 694225
402 639 996921
144 640 669460
244 641 152048
69 642 969297
437 643 310920
496 644 586952
618 645 71156
182 646 574652
243 647 438890
380 648 238072
504 649 384805
612 650 173064
122 651 66851
424 652 715067
350 653 960935
320 654 903144
392 655 683320
212 656 467301
72 657 761440
61 658 203473
612 659 162158
195 660 957516
582 661 789301
334 662 534330
40 663 975883
247 664 256516
354 665 68746
528 666 771927
464 667 688146
152 668 310243
613 669 625093
43 670 807005
435 671 351818
250 672 214653
583 673 559307
558 674 779136
530 675 525687
66 676 736999
411 677 97344
535 678 962295
71 679 861341
178 680 496439
496 681 242570
577 682 773813
584 683 377987
147 684 456385
52 685 595853
416 686 852592
498 687 20526
20 688 322715
51 689 884719
543 690 428445
424 691 963233
274 692 203928
84 693 877909
574 694 748977
326 695 491490
663 696 169168
242 697 332516
163 698 547169
14 699 756407
624 700 101077
623 701 523200
167 702 824802
231 703 336676
160 704 737470
331 705 156686
98 706 705320
490 707 22062
604 708 847840
61 709 900917
645 710 122922
347 711 924442
106 712 791439
320 713 975768
347 714 220635
138 715 748781
652 716 821024
542 717 555164
192 718 104881
136 719 252844
704 720 95529
144 721 132327
310 722 440226
673 723 456541
293 724 365310
354 725 983454
718 726 941793
560 727 912899
426 728 959924
147 729 631334
428 730 453604
628 731 553125
60 732 211233
706 733 825379
473 734 576032
186 735 641671
515 736 986393
736 737 296187
271 738 736201
721 739 813934
90 740 53233
276 741 993746
423 742 401366
288 743 674847
697 744 256895
473 745 678222
177 746 374715
15 747 902175
356 748 524696
69 749 707284
640 750 488428
380 751 263092
303 752 112208
365 753 179976
539 754 358175
466 755 881377
290 756 448316
390 757 523472
136 758 584713
612 759 446637
36 760 762609
260 761 800849
445 762 94240
420 763 801244
484 764 356421
5 765 76335
388 766 532631
486 767 247923
60 768 353420
230 769 137168
204 770 634659
181 771 206135
130 772 909020
600 773 277017
526 774 560507
22 775 769965
95 776 833929
12 777 443758
731 778 224403
137 779 626587
643 780 250345
34 781 920629
306 782 315295
764 783 97924
706 784 121232
284 785 765011
547 786 203414
303 787 509807
497 788 554003
135 789 42668
729 790 313515
695 791 332000
117 792 292935
751 793 421
24 794 6548
123 795 932700
773 796 219587
522 797 726373
70 798 72199
547 799 202088
739 800 296089
765 801 224335
632 802 36471
304 803 856073
746 804 258080
561 805 717449
233 806 170585
227 807 998212
97 808 980076
303 809 140791
221 810 696420
239 811 386783
683 812 131795
171 813 30847
11 814 832012
599 815 996638
71 816 321961
123 817 595974
280 818 546181
656 819 806597
681 820 365315
588 821 700400
554 822 665670
30 823 132059
791 824 233847
363 825 323875
354 826 728002
739 827 477796
568 828 967321
340 829 385731
41 830 55919
569 831 677926
620 832 497342
133 833 40758
272 834 479107
656 835 68580
407 836 332476
339 837 19617
367 838 576433
454 839 598949
222 840 87336
187 841 961449
782 842 229935
229 843 422060
797 844 884758
370 845 713650
10 846 125169
172 847 973120
387 848 589979
396 849 315810
432 850 182126
845 851 11045
847 852 630732
715 853 623261
521 854 178650
19 855 569696
289 856 977343
632 857 705161
821 858 570665
132 859 999542
699 860 348104
411 861 373643
45 862 664785
717 863 754861
241 864 156541
126 865 647495
311 866 983688
554 867 857544
92 868 524210
62 869 990307
766 870 282753
383 871 102414
63 872 904189
160 873 966788
699 874 169778
172 875 553667
795 876 966769
705 877 546510
869 878 281424
53 879 750316
605 880 415590
477 881 501991
417 882 714256
678 883 395214
148 884 484078
126 885 679667
234 886 455462
501 887 884270
396 657 13728
810 565 112709
191 231 413521
551 385 730107
304 335 534572
163 658 236635
162 765 654785
675 242 535547
89 689 999873
610 443 481579
880 812 456960
131 12 410063
306 214 569774
442 307 301377
258 760 397843
759 358 271334
794 115 190794
565 620 769104
886 361 940223
164 229 1621
670 15 742636
88 302 551982
112 843 918225
578 363 681874
547 149 318578
571 3 691860
420 357 312790
172 163 881979
59 362 8701
360 611 52641
690 605 275937
643 228 502478
319 43 9265
506 551 482838
868 817 899210
129 790 922544
807 463 849464
543 238 931993
792 357 779756
135 756 900009
433 41 719102
606 680 700469
412 436 810404
145 150 134181
289 834 819188
811 702 614166
354 339 640279
682 644 474483
265 4 63759
208 275 135951
279 749 396075
393 310 29191
13 141 5255
314 134 49686
251 418 582346
670 174 748217
866 550 78171
487 314 884229
761 744 926628
52 405 946694
508 76 288010
138 775 590105
697 334 883308
669 845 458508
638 881 738522
641 386 247413
524 253 115032
744 5 443600
413 304 215251
94 162 313245
170 797 796707
640 78 370490
180 663 512963
722 690 289533
671 98 184077
437 427 783637
787 550 40633
722 627 770658
165 215 426840
661 777 344274
701 655 367244
11 70 551037
467 486 773578
76 38 37444
179 237 208787
227 518 345702
627 33 894128
674 747 467747
82 774 897388
387 338 534165
524 739 364119
345 385 506123
231 18 910200
882 216 451816
782 512 144146
592 225 29244
171 194 655067
162 762 741218
216 482 893242
235 496 497498
190 407 988351
752 78 890600
395 417 826087
211 502 908588
168 744 411344
700 675 258116
19 697 761146
646 75 462751
284 192 875903
658 652 341028
362 775 3412
557 499 94979
346 272 256641
728 256 243609
