786 1000 551 397 1000
1 2 30986
2 3 571407
1 4 605186
2 5 100358
5 6 352065
4 7 849011
7 8 464390
7 9 798886
5 10 784274
5 11 421364
1 12 477486
2 13 185269
7 14 436066
3 15 800838
14 16 748798
13 17 7112
13 18 391509
6 19 648736
2 20 460989
13 21 423477
7 22 436049
3 23 78901
19 24 920623
6 25 988880
4 26 352379
21 27 506811
6 28 345498
1 29 920303
5 30 584631
27 31 211367
2 32 648065
24 33 978918
25 34 116075
5 35 991278
8 36 353899
20 37 519562
36 38 871227
37 39 854085
19 40 225115
21 41 401265
6 42 921293
4 43 610849
31 44 306008
41 45 872943
39 46 591238
22 47 16055
21 48 190054
44 49 196889
44 50 54538
10 51 423931
28 52 745674
35 53 952517
26 54 698495
10 55 608548
26 56 674185
36 57 692680
44 58 42698
57 59 260197
28 60 489897
48 61 407221
46 62 874895
1 63 543412
62 64 372909
7 65 343203
10 66 944052
33 67 949831
53 68 952604
51 69 46439
12 70 813278
59 71 729105
45 72 803962
36 73 21717
7 74 671985
52 75 127047
1 76 431628
20 77 516290
30 78 934547
76 79 41952
7 80 791063
75 81 438211
64 82 281961
46 83 877456
7 84 629088
31 85 947119
49 86 125399
5 87 358796
71 88 267244
20 89 819608
38 90 135427
48 91 738120
4 92 454721
92 93 273237
89 94 996561
20 95 229434
86 96 118946
87 97 487802
86 98 998055
62 99 17304
27 100 866006
39 101 880349
56 102 46634
95 103 786133
73 104 632929
52 105 601426
27 106 937534
65 107 507431
25 108 835464
100 109 122030
25 110 883593
83 111 772483
48 112 758352
91 113 221383
20 114 7728
99 115 612318
104 116 59583
71 117 832049
109 118 970455
42 119 801580
98 120 37400
5 121 925505
11 122 113636
85 123 961700
59 124 155554
37 125 393933
25 126 174524
95 127 581498
105 128 641888
72 129 837482
14 130 789955
102 131 989346
46 132 591641
84 133 544363
38 134 665119
63 135 111762
4 136 242257
53 137 790567
77 138 844532
76 139 64063
104 140 724046
5 141 856691
42 142 983016
130 143 679582
116 144 847635
45 145 196579
35 146 292896
50 147 682340
9 148 858406
141 149 613964
29 150 458560
9 151 248966
101 152 642061
78 153 402372
63 154 489262
84 155 50297
99 156 897228
110 157 743263
47 158 211663
50 159 428018
50 160 890088
122 161 140722
117 162 995527
144 163 952613
94 164 401574
158 165 848531
16 166 828092
8 167 501705
133 168 580299
143 169 337622
54 170 228627
39 171 625361
90 172 660444
151 173 595921
4 174 908592
127 175 849907
6 176 556382
79 177 755800
74 178 71417
21 179 141412
77 180 490263
71 181 652096
76 182 425363
61 183 303961
58 184 611467
9 185 867615
106 186 421666
148 187 25031
38 188 402687
41 189 487753
57 190 267340
12 191 822883
12 192 135608
141 193 756756
133 194 966773
108 195 960929
186 196 342459
73 197 799572
181 198 371203
104 199 977016
97 200 435533
99 201 634590
78 202 249179
179 203 470619
86 204 334772
35 205 346376
7 206 12321
133 207 337281
201 208 640307
178 209 389350
207 210 695291
126 211 527005
117 212 678097
95 213 145806
164 214 673742
37 215 762213
151 216 508690
4 217 844308
196 218 779262
22 219 939726
119 220 653051
101 221 568589
208 222 144433
123 223 787149
96 224 134161
224 225 401295
180 226 637644
43 227 35415
222 228 555289
37 229 531246
96 230 453811
165 231 173472
37 232 756312
135 233 106239
68 234 741836
228 235 170079
15 236 310100
115 237 532824
54 238 937211
155 239 195591
162 240 887889
23 241 780173
24 242 741991
101 243 376591
144 244 661204
75 245 68980
188 246 654002
107 247 903018
93 248 732898
9 249 949857
121 250 172228
92 251 881038
140 252 920384
189 253 861353
133 254 2304
251 255 698416
141 256 92275
85 257 240930
60 258 778252
117 259 37253
88 260 119488
114 261 50272
224 262 169740
217 263 46658
4 264 105645
180 265 726457
137 266 91366
74 267 519387
179 268 469246
104 269 289089
190 270 2494
23 271 478663
33 272 956471
188 273 320269
28 274 370875
166 275 551353
244 276 260831
61 277 813619
82 278 943616
277 279 587560
234 280 72570
271 281 416391
223 282 50930
91 283 611847
227 284 185806
95 285 889119
25 286 258487
169 287 803212
94 288 89374
267 289 184015
140 290 547956
134 291 180204
204 292 692465
92 293 199468
181 294 387406
294 295 490524
172 296 915530
258 297 403660
129 298 940777
201 299 605201
168 300 440752
126 301 847235
125 302 142123
278 303 305919
216 304 409127
99 305 692583
179 306 933944
291 307 330589
170 308 650740
39 309 837259
14 310 960118
263 311 836958
192 312 799772
189 313 410439
167 314 669066
4 315 509753
228 316 430437
274 317 11117
285 318 232280
3 319 929953
116 320 299218
34 321 720852
94 322 106118
178 323 390988
242 324 386410
75 325 469137
66 326 266168
106 327 333487
52 328 650673
81 329 46200
203 330 900245
254 331 481343
284 332 882028
30 333 115678
323 334 417152
290 335 407473
86 336 194208
106 337 96473
265 338 106974
335 339 26362
141 340 619410
27 341 531901
298 342 764565
151 343 446862
43 344 830087
61 345 873183
285 346 960586
309 347 304868
49 348 700933
342 349 975829
182 350 566625
72 351 390703
260 352 219343
154 353 276211
49 354 513793
115 355 174309
119 356 600492
323 357 316815
30 358 641676
15 359 531132
234 360 197856
113 361 144381
157 362 289066
321 363 168935
354 364 839728
198 365 35538
338 366 728766
332 367 128156
255 368 551009
354 369 538596
291 370 209197
45 371 725263
356 372 598777
187 373 904199
209 374 65502
315 375 729335
55 376 17531
181 377 422033
31 378 19315
125 379 116616
373 380 945646
242 381 175253
14 382 97172
282 383 981110
191 384 412757
243 385 533035
96 386 704932
269 387 842232
248 388 123191
204 389 101734
279 390 640521
195 391 944641
340 392 439896
338 393 348379
147 394 557544
225 395 787335
180 396 262205
43 397 806175
205 398 203557
394 399 263615
86 400 558956
268 401 345416
357 402 883621
123 403 415646
196 404 410088
197 405 797034
361 406 891215
393 407 836505
349 408 761272
143 409 871003
167 410 971846
409 411 256997
321 412 436640
16 413 66927
225 414 725104
133 415 304182
175 416 536868
237 417 625147
335 418 740593
196 419 706819
123 420 968396
154 421 830549
88 422 614703
250 423 918847
100 424 648858
300 425 857554
395 426 799503
134 427 99489
43 428 454292
297 429 335941
149 430 968117
191 431 125916
171 432 391807
38 433 974469
47 434 482247
205 435 991462
158 436 1697
427 437 475239
397 438 626473
77 439 691188
122 440 591614
186 441 513790
50 442 719361
127 443 456187
349 444 155035
415 445 301026
369 446 577012
280 447 348271
344 448 863741
391 449 559205
357 450 587495
36 451 789127
348 452 117225
269 453 604318
71 454 981822
272 455 216631
371 456 580452
399 457 580257
445 458 592414
240 459 417395
35 460 331571
141 461 824196
79 462 858094
394 463 252529
379 464 547100
17 465 883291
1 466 131665
275 467 732007
167 468 420259
367 469 105404
428 470 947052
273 471 929160
340 472 71565
173 473 906235
400 474 421222
342 475 575370
138 476 856543
15 477 560493
392 478 746722
337 479 232738
284 480 440030
195 481 727208
38 482 208389
465 483 499524
241 484 743439
193 485 204288
150 486 352054
351 487 150055
142 488 473975
203 489 683082
180 490 353815
11 491 827711
364 492 715292
397 493 953884
156 494 291024
119 495 279232
204 496 587842
366 497 45770
187 498 442116
56 499 432928
122 500 64942
215 501 79530
378 502 172185
475 503 346069
259 504 825764
330 505 632976
106 506 72947
481 507 217554
310 508 780460
303 509 77458
394 510 168184
427 511 269645
365 512 214088
416 513 295747
413 514 860941
143 515 244411
14 516 701054
298 517 989691
472 518 561046
289 519 547536
385 520 310548
329 521 914508
121 522 243065
290 523 867907
333 524 811981
142 525 117005
278 526 877147
229 527 936136
130 528 171440
75 529 304787
269 530 831136
119 531 406291
183 532 306177
400 533 113329
86 534 235822
11 535 253978
166 536 900869
271 537 217087
79 538 383082
262 539 854675
40 540 940674
425 541 469327
430 542 869688
290 543 963697
251 544 941627
414 545 496888
92 546 380798
19 547 466922
440 548 163830
324 549 676238
354 550 509984
48 551 462963
237 552 362233
535 553 666535
357 554 30276
83 555 108224
170 556 635528
164 557 62039
47 558 710287
27 559 309896
268 560 602728
201 561 892404
327 562 134373
450 563 189567
2 564 801310
19 565 631570
369 566 166252
457 567 932185
195 568 859887
310 569 243206
64 570 961801
90 571 89741
46 572 285537
536 573 226406
430 574 785184
106 575 659726
402 576 120119
509 577 206278
12 578 861783
479 579 929938
169 580 211192
119 581 721467
126 582 67283
540 583 917390
42 584 93800
182 585 622107
172 586 649400
311 587 86135
250 588 392459
347 589 213754
377 590 884268
69 591 196162
203 592 862825
57 593 749806
12 594 478420
227 595 352995
464 596 338820
558 597 317195
198 598 672020
598 599 434513
598 600 102050
326 601 8998
270 602 419346
246 603 267584
135 604 861705
579 605 289813
554 606 233906
10 607 378788
143 608 730684
221 609 172396
54 610 463258
56 611 170931
337 612 984130
559 613 484609
63 614 875887
419 615 321186
321 616 35487
382 617 238760
584 618 485205
258 619 630054
192 620 645848
164 621 189558
598 622 656754
166 623 906996
562 624 900082
57 625 785345
426 626 698923
430 627 499585
426 628 608882
339 629 627741
367 630 330532
485 631 138562
24 632 964958
566 633 357280
407 634 882307
178 635 892907
55 636 908474
200 637 567966
427 638 182572
324 639 982131
440 640 561802
222 641 45420
251 642 988102
408 643 534733
312 644 45717
332 645 714144
477 646 480500
131 647 855344
586 648 201183
311 649 166670
412 650 115163
54 651 761103
319 652 118573
589 653 254347
516 654 474145
104 655 303584
132 656 535749
538 657 456557
556 658 988011
99 659 134040
244 660 174506
364 661 213384
651 662 10205
510 663 549036
70 664 331427
296 665 712818
363 666 477277
383 667 761360
610 668 148788
294 669 969215
71 670 401296
47 671 748987
341 672 594593
95 673 250117
319 674 661210
323 675 493281
298 676 860657
373 677 834839
67 678 815073
280 679 381046
499 680 281065
25 681 863373
505 682 891274
301 683 307696
278 684 17228
515 685 316473
612 686 44921
354 687 857860
460 688 234528
509 689 897266
311 690 406740
636 691 826600
8 692 16811
271 693 498893
361 694 354048
323 695 10767
577 696 539057
514 697 340510
321 698 39905
444 699 250542
532 700 854711
161 701 918330
576 702 82205
405 703 733244
180 704 2818
130 705 178486
657 706 252696
263 707 747885
350 708 217431
8 709 496872
106 710 489784
366 711 468533
325 712 547195
12 713 753637
287 714 38434
448 715 905611
160 716 130227
382 717 767936
439 718 44858
590 719 947426
710 720 977541
128 721 405073
246 722 856294
358 723 889328
315 724 891509
418 725 716394
213 726 939467
58 727 253866
179 728 52616
686 729 374114
636 730 987725
443 731 832389
31 732 7363
408 733 938381
308 734 319122
56 735 505142
28 736 898667
582 737 869953
610 738 212863
508 739 995890
629 740 322565
364 741 190546
119 742 856696
385 743 429870
251 744 13462
408 745 262230
737 746 101347
401 747 735838
390 748 180516
599 749 840864
159 750 727652
105 751 44217
587 752 327859
212 753 15496
122 754 721441
98 755 150642
405 756 714183
699 757 999648
623 758 475007
49 759 688703
532 760 627751
715 761 754815
235 762 640035
31 763 142677
183 764 329688
313 765 614010
348 766 173105
415 767 634921
579 768 197725
555 769 200165
488 770 86414
318 771 323952
284 772 899004
721 773 275093
116 774 591521
227 775 60703
112 776 628219
309 777 363039
730 778 141069
177 779 466923
647 780 923805
436 781 476377
150 782 769079
270 783 849544
603 784 942825
522 785 251608
684 786 579654
681 106 889837
532 466 692117
487 159 956189
705 480 591596
419 680 132790
105 466 936217
279 141 351926
312 700 537883
510 124 692821
41 767 274757
9 734 323655
678 762 190295
85 679 208049
278 571 786587
296 89 438120
226 646 329987
602 174 828976
746 491 70850
449 426 328499
677 671 15657
215 500 829121
24 66 9155
228 287 422792
698 367 728307
196 465 410580
435 9 944268
96 721 211849
668 291 1905
377 124 85854
672 397 562223
553 590 351964
235 517 368344
90 265 242968
426 767 92641
605 509 732973
711 460 845758
132 57 458494
286 767 220349
238 706 737515
692 284 909089
563 263 473554
632 413 274497
9 83 781641
335 398 426080
640 284 270233
502 436 710990
348 106 115901
193 583 260031
129 30 560731
525 571 40170
313 117 129474
456 543 682341
559 138 627238
204 325 974335
17 621 725976
527 565 131870
242 658 57993
779 503 188315
702 422 460417
700 386 841691
363 258 875034
424 185 295984
28 219 289219
453 196 849520
294 511 193459
627 187 251092
649 474 314666
745 371 100819
484 261 632943
689 473 570752
198 185 560454
88 689 193826
41 92 809968
408 277 372627
459 234 414055
279 271 471580
674 783 381594
524 712 111566
563 4 526118
577 52 341604
321 324 210775
357 90 601624
453 64 20190
531 496 684419
662 563 13650
460 664 40441
311 40 700780
196 250 998308
734 52 452094
399 241 474912
702 38 841717
733 264 902872
399 218 191951
115 10 650528
396 445 772318
474 602 239826
53 466 152126
771 596 604909
669 696 814484
147 750 794795
689 276 904264
271 538 858529
130 294 672964
684 226 99933
639 554 303917
284 218 873915
569 348 586722
82 291 50249
134 519 464883
559 243 788317
763 75 937444
353 504 248179
465 430 149922
214 36 54412
459 559 717381
22 377 965187
462 411 680136
168 70 5873
92 110 708613
204 621 802884
550 29 765492
245 638 552476
276 785 5349
621 103 319783
159 44 210365
144 567 291518
718 667 448046
57 766 430975
51 30 998970
774 510 187884
347 523 425577
237 263 605572
771 589 957001
558 387 583905
671 228 72743
747 421 288082
386 210 153547
307 704 937658
16 591 552760
128 635 383529
362 456 940900
662 460 498042
491 102 116597
681 754 634861
396 574 927230
196 85 974278
251 290 890617
336 750 228070
263 393 689349
747 358 39912
469 109 92513
83 240 67967
362 560 189098
308 629 573070
511 710 422610
688 762 113992
349 555 794722
646 30 382666
532 297 559538
655 84 263478
650 495 468518
615 629 728465
764 349 904683
400 434 323744
140 622 104819
308 444 585215
766 627 95661
648 74 15298
722 700 444297
361 467 319439
264 770 518123
722 513 743996
321 22 699630
216 250 622629
353 664 750363
308 735 466065
517 317 655338
321 474 209542
650 780 322169
107 721 772842
147 760 798602
698 513 682717
277 760 955714
631 161 526995
719 325 928288
652 598 961398
312 441 419387
4 704 870651
546 506 504064
213 766 429764
726 108 110058
386 630 497975
46 533 408002
165 242 842333
771 154 768665
627 617 692734
336 566 643012
652 610 395450
308 341 546776
269 565 167659
77 586 341543
11 16 727738
107 274 994106
431 446 193216
664 128 292944
305 701 689503
147 699 445525
490 291 105951
335 582 723430
441 247 979469
3 272 259589
353 312 979217
374 166 103320
209 723 845392
139 211 739560
