412 1000 29 340 1000
1 2 945064
1 3 836756
2 4 923359
3 5 877818
4 6 94977
4 7 436269
7 8 14795
5 9 145645
7 10 246687
9 11 3164
7 12 655234
7 13 418628
11 14 851679
11 15 126863
4 16 482242
16 17 844173
7 18 859614
6 19 526130
1 20 818056
10 21 852949
13 22 280121
19 23 643890
1 24 776783
14 25 589736
10 26 3021
15 27 918140
18 28 80535
17 29 893460
18 30 839927
8 31 987389
5 32 301659
23 33 728038
15 34 20564
28 35 572387
32 36 744344
23 37 2475
28 38 496577
8 39 263450
32 40 486284
36 41 870704
3 42 146971
10 43 758736
2 44 362675
29 45 842689
1 46 627007
24 47 196720
4 48 683979
13 49 764332
45 50 577610
10 51 914793
9 52 703633
22 53 891966
33 54 437657
8 55 294183
46 56 884929
9 57 454212
51 58 464521
28 59 325975
54 60 721304
39 61 632010
17 62 964535
53 63 972327
40 64 425236
17 65 829598
41 66 727680
47 67 314371
34 68 133810
8 69 425165
47 70 524033
28 71 622616
2 72 695982
68 73 78500
21 74 694552
63 75 82708
2 76 37957
36 77 801455
39 78 69408
6 79 127970
74 80 725109
67 81 105724
14 82 911415
35 83 194033
67 84 69115
56 85 233176
64 86 608890
36 87 247982
69 88 530003
62 89 209232
79 90 913990
85 91 186436
88 92 306874
11 93 167601
64 94 594937
37 95 782818
50 96 186927
36 97 178311
61 98 842094
72 99 23860
3 100 496556
78 101 510688
37 102 662083
90 103 991271
19 104 499504
102 105 326473
36 106 988821
69 107 518121
89 108 376824
20 109 110606
75 110 114498
57 111 299814
82 112 461248
99 113 585726
7 114 185829
45 115 34059
17 116 384838
74 117 274148
18 118 344092
53 119 884485
78 120 182278
115 121 928654
103 122 286981
113 123 493442
113 124 209278
116 125 123272
54 126 539579
24 127 347246
14 128 475114
112 129 171745
93 130 848540
38 131 469302
128 132 720968
69 133 41956
105 134 977350
70 135 555975
61 136 141716
104 137 754015
90 138 256340
35 139 284303
47 140 976716
93 141 327583
136 142 87077
98 143 255290
79 144 879084
59 145 925616
53 146 885588
28 147 170549
114 148 830130
98 149 121504
61 150 320639
115 151 230381
151 152 213786
130 153 944508
88 154 457476
4 155 949904
97 156 382434
9 157 23697
26 158 734014
15 159 175882
113 160 276486
85 161 883756
48 162 879180
106 163 513544
100 164 760964
101 165 641945
18 166 245513
28 167 794232
36 168 961881
123 169 402214
157 170 821908
125 171 793222
30 172 824321
124 173 559008
43 174 795592
69 175 955551
133 176 350649
28 177 100947
107 178 819140
38 179 597424
37 180 453311
14 181 267150
138 182 928868
46 183 955815
14 184 254735
130 185 687132
140 186 910212
10 187 582512
51 188 714727
168 189 233675
89 190 826819
138 191 713464
91 192 930308
114 193 679143
178 194 353212
26 195 732396
131 196 246754
38 197 642687
22 198 209486
132 199 892602
84 200 881150
71 201 861278
44 202 203029
92 203 38798
183 204 484311
23 205 136914
191 206 692013
145 207 812565
63 208 989735
7 209 800232
157 210 729397
149 211 759421
39 212 724653
136 213 625068
124 214 362569
80 215 345649
33 216 451686
210 217 906668
28 218 969990
101 219 770464
49 220 836366
44 221 859829
196 222 786312
142 223 888375
56 224 841314
41 225 82580
11 226 628206
48 227 246881
70 228 324897
196 229 118038
199 230 452308
38 231 103181
137 232 787909
196 233 303367
95 234 400791
147 235 273127
218 236 910605
59 237 426101
146 238 584787
180 239 45660
82 240 492086
58 241 806381
129 242 715751
143 243 875866
113 244 307132
158 245 752699
36 246 721135
47 247 262733
25 248 500381
52 249 451502
192 250 830600
2 251 798626
174 252 668501
85 253 234193
149 254 129999
156 255 210886
166 256 479842
89 257 8050
79 258 897953
206 259 341863
64 260 109248
31 261 432797
72 262 975066
190 263 645297
200 264 345133
82 265 929441
97 266 674521
36 267 133585
97 268 991589
124 269 791369
92 270 573306
178 271 165109
84 272 778854
198 273 709603
183 274 230170
228 275 100552
127 276 540012
57 277 756668
272 278 489302
167 279 250105
228 280 31029
246 281 461024
193 282 558667
277 283 886324
171 284 841342
42 285 656030
119 286 633558
118 287 900327
191 288 410562
2 289 980225
133 290 294612
255 291 203902
108 292 779137
115 293 918998
247 294 295266
118 295 963686
101 296 248566
25 297 202604
273 298 381789
76 299 646860
26 300 390238
274 301 982862
39 302 76770
132 303 423006
291 304 156535
252 305 874698
94 306 48334
85 307 267464
98 308 668157
114 309 259949
60 310 668158
280 311 494327
89 312 932014
114 313 168964
244 314 962639
219 315 154584
72 316 308807
89 317 522907
203 318 363614
315 319 143257
138 320 845572
100 321 138496
230 322 495561
154 323 535910
51 324 288482
244 325 908672
170 326 704939
24 327 986732
312 328 579231
17 329 422120
88 330 7330
160 331 290456
168 332 736760
130 333 914500
77 334 194571
68 335 682200
217 336 902761
122 337 84579
259 338 269635
138 339 981272
202 340 256240
171 341 270864
215 342 131687
246 343 472901
148 344 866313
223 345 554840
277 346 560021
62 347 146445
88 348 635569
189 349 908682
249 350 63080
107 351 417179
76 352 124134
191 353 847665
127 354 342014
301 355 40862
140 356 976549
130 357 475675
159 358 496180
338 359 515651
234 360 774698
218 361 403669
82 362 585000
282 363 959989
11 364 919539
26 365 660139
122 366 702389
65 367 452963
365 368 324028
49 369 285932
240 370 346041
22 371 752249
166 372 290947
254 373 928803
177 374 524498
333 375 146981
240 376 722308
60 377 368734
151 378 610075
42 379 48466
104 380 841085
81 381 370793
186 382 249458
29 383 683247
305 384 458346
338 385 599635
101 386 285941
22 387 519976
32 388 22665
356 389 17575
374 390 670079
346 391 446059
335 392 723350
156 393 995635
232 394 566766
335 395 423907
239 396 892495
147 397 260868
148 398 52192
201 399 180031
357 400 857840
306 401 487078
248 402 86000
353 403 25132
266 404 336951
61 405 82151
44 406 753341
385 407 186709
175 408 421152
27 409 750036
388 410 372130
123 411 370921
323 412 457257
114 327 823226
367 44 69269
30 403 511182
4 108 597631
185 101 836099
308 184 52401
164 139 969547
10 135 666610
82 291 337410
376 278 65180
129 303 285835
18 412 178193
57 95 148269
319 85 932096
179 12 523368
163 312 304281
405 262 288413
118 150 103117
288 249 367645
324 139 808906
198 147 9424
90 76 485238
245 241 800330
236 176 506090
181 181 273193
343 83 436337
298 175 775411
281 191 265281
4 16 195950
144 6 134714
247 299 398399
351 389 465949
309 201 843271
63 359 471374
170 82 882299
353 69 766477
110 312 794051
251 315 88626
121 112 334294
29 296 809768
208 323 186516
89 137 421100
34 319 479077
166 80 402950
98 402 78288
164 278 22086
224 283 692574
271 385 342915
5 411 616369
342 65 982608
135 274 136159
75 289 687169
64 43 869652
5 46 697501
330 180 78055
357 18 84580
35 301 315323
132 109 666499
190 326 594457
291 404 911830
203 399 20812
357 206 27742
410 60 367230
305 192 498755
250 218 373202
296 140 864076
40 22 734338
106 393 770012
73 167 970874
46 49 762031
320 360 189492
180 191 143382
320 27 694421
377 394 238192
386 276 486792
166 194 934890
398 362 300058
141 213 680121
47 199 809559
83 281 188309
383 81 548835
31 181 987064
296 352 125979
206 121 843735
408 106 501997
208 115 954465
205 230 608821
246 338 715766
260 77 286363
245 156 587690
249 169 369258
105 339 404666
39 306 218673
314 220 118990
69 334 480095
176 321 521521
321 120 18715
321 383 576013
328 205 800739
355 47 137322
218 31 598566
370 124 947625
206 133 636644
287 28 644604
298 331 268612
22 237 712361
344 257 942454
6 74 686783
188 93 232650
267 162 775639
92 15 392337
191 135 557775
372 135 844211
4 87 306819
300 342 190481
69 332 993102
195 377 291165
279 53 509248
374 225 646838
219 213 336864
228 125 779209
342 170 159268
115 92 820452
12 29 743727
258 318 172637
111 388 303435
357 52 149475
58 164 920615
251 50 949091
206 133 241235
47 333 669406
341 74 735609
42 242 505481
221 6 600351
142 190 922790
406 212 116251
38 131 462049
79 154 537621
137 338 719406
155 268 553028
224 233 862689
304 186 389090
288 407 780622
176 59 924849
31 26 180962
181 248 310515
106 268 37506
21 25 704357
279 29 574691
135 107 793212
149 373 173738
245 330 96035
353 237 15941
199 139 682675
370 107 814153
138 392 365364
260 14 923662
109 51 72404
88 214 740681
45 213 64102
227 385 155369
35 357 704733
52 350 717300
130 45 93960
128 266 149090
281 206 595217
201 16 665850
338 70 19121
105 99 358508
376 41 717238
347 7 352816
379 149 188217
130 293 64093
86 84 971801
182 7 685069
224 14 490492
272 220 702767
391 7 61383
234 403 167852
69 313 499356
306 337 511871
155 242 92244
66 264 476495
275 353 770558
257 18 589455
116 13 924631
240 163 103769
385 2 560457
207 394 789318
127 160 997161
173 157 567889
207 261 112941
397 220 614189
308 147 84139
195 370 597860
196 13 337816
196 295 939633
397 409 628991
165 353 596449
162 222 832320
365 188 736358
322 171 363276
172 377 6972
104 288 294110
219 333 208768
408 360 604220
402 124 961806
329 123 953647
63 343 346330
364 260 87936
44 349 223825
349 82 816116
75 106 632881
287 215 837705
66 156 794919
5 170 443121
139 63 914472
254 190 153806
44 98 297234
252 166 474415
301 207 326980
329 79 667339
260 248 189051
255 359 275260
310 174 91119
46 235 515454
105 179 753582
198 152 447079
354 15 10871
405 306 802089
88 75 623450
94 249 856711
124 53 35854
348 195 253589
407 307 733459
170 9 750708
358 6 170633
255 14 995916
88 377 546897
71 294 289866
125 38 579044
94 384 904284
81 336 931633
381 78 951083
263 370 97018
244 291 475353
24 224 383217
407 78 341820
191 184 391247
80 229 878746
298 250 340598
76 141 689061
101 35 112392
184 344 912376
18 243 49416
38 307 839187
337 150 595568
160 146 50772
261 104 448658
205 81 870903
138 176 580403
170 404 553104
377 141 993893
191 325 22279
294 210 519012
274 161 856723
412 89 245684
355 97 485178
235 239 903545
41 294 612616
401 46 296471
48 91 456270
297 185 530251
376 10 620829
88 47 290122
190 184 989699
257 159 401689
8 29 18502
76 308 641133
406 376 905823
253 181 659908
394 263 626298
242 27 99972
375 381 317035
215 260 768467
403 272 30962
325 122 92279
310 370 45619
194 317 85807
127 3 84271
47 50 449297
251 408 105608
313 97 556517
139 182 306163
236 236 292930
79 8 629886
369 184 818728
364 382 303109
28 27 304287
269 95 152112
126 256 924879
148 257 229424
328 203 244895
58 31 428410
19 1 183761
143 162 977090
197 87 861662
114 320 31804
108 276 804494
165 222 236623
346 392 503068
120 288 814107
310 235 571592
253 118 679598
9 55 877948
247 336 714753
228 37 30820
286 230 787001
35 214 312008
94 158 22747
301 225 829420
237 302 57294
163 195 310633
238 117 469272
386 282 767565
176 137 499858
82 70 542130
180 130 834926
299 226 197019
195 301 643179
34 206 557140
151 167 453271
324 357 672138
3 350 119428
209 105 826281
68 36 712590
387 389 119733
213 36 341708
372 123 550700
127 179 261140
55 366 479130
399 72 462773
147 97 786812
124 118 989423
381 361 381082
11 344 725366
326 272 893151
407 273 220264
290 395 6011
113 166 802891
52 342 651899
342 325 138635
374 213 301031
104 396 683826
209 61 475165
214 45 847465
58 83 511148
313 383 943662
394 177 134004
374 25 778390
351 288 61372
6 398 716422
250 297 346772
213 285 526829
303 219 761005
15 210 541317
252 23 431477
70 260 895050
14 145 129336
364 293 937785
334 151 661428
377 280 326733
335 267 941372
88 369 532022
6 62 586703
371 183 594396
234 371 906746
402 80 435987
9 265 771884
364 25 964575
399 244 753368
220 204 682666
214 2 589968
266 86 845187
182 41 477280
67 167 728922
286 387 305386
13 407 718137
335 5 291841
3 375 883462
304 252 799176
271 119 582903
226 14 190155
49 333 606037
412 404 321118
267 365 558196
146 312 145333
354 87 510002
182 197 785540
277 31 580398
387 345 759961
107 128 133963
266 27 676278
230 123 539430
362 365 430452
394 96 392084
63 303 142549
118 153 551776
114 21 305064
138 339 658116
195 42 89315
248 74 27558
362 398 604860
92 121 852117
195 6 618632
407 74 59588
68 81 640152
402 157 164742
401 301 727378
149 363 450507
71 411 665420
297 249 677914
292 24 155566
89 355 549328
270 165 732681
328 390 409688
361 11 531698
298 388 234667
146 102 793380
22 199 185867
14 332 664661
240 267 613115
342 250 868312
91 373 669761
56 219 30515
56 208 581023
379 335 72898
44 73 230542
194 185 708556
390 270 606077
223 160 976357
357 239 547721
190 404 725956
349 282 249213
104 17 136229
20 16 304524
270 322 150370
248 355 69964
16 262 958926
326 277 174454
383 352 521747
273 354 653596
53 401 234829
263 289 765546
151 203 708391
319 349 607648
353 215 467316
244 18 694223
60 15 659216
141 321 385171
164 101 48249
242 29 423952
324 34 117608
371 102 565040
367 279 969013
267 196 139228
101 332 497514
210 248 86073
186 146 722598
26 297 318885
340 359 200822
274 42 389106
391 183 593455
157 210 16994
280 122 678991
406 64 807717
260 295 904853
324 81 240271
107 63 484959
57 299 666334
379 123 522947
381 268 119466
318 271 971055
17 382 114670
401 268 133765
125 384 279607
307 59 75570
157 49 91498
214 46 510606
64 296 749947
337 291 980665
32 88 504362
85 139 361844
399 33 384642
8 21 920574
242 71 313357
71 104 78640
410 309 798234
319 209 447003
68 165 703602
271 80 989729
252 347 102871
20 217 779218
335 363 354431
169 286 491144
297 387 189136
353 384 345349
104 129 735772
194 174 679116
285 53 488799
403 40 34877
146 165 136823
284 228 501493
398 401 342819
16 218 114086
69 261 959167
32 395 63475
160 213 916799
190 187 278671
47 260 189035
357 398 415510
212 116 500187
164 331 111148
140 286 3058
12 126 462549
283 392 439327
327 120 864149
261 126 880787
357 385 551946
275 29 982653
68 78 394183
399 254 486284
43 327 986354
95 395 755686
138 191 519712
71 107 715749
206 245 924208
89 131 750930
283 378 623909
397 111 404197
274 269 631112
206 42 606971
164 386 968830
200 226 431384
107 122 401958
258 243 689568
352 101 909686
98 166 134226
80 278 932247
182 296 810372
396 240 677438
250 153 168357
247 345 556749
80 319 169711
150 228 233321
336 70 19435
226 325 191517
324 404 490218
387 224 949935
201 376 660928
281 146 438274
47 63 497540
279 220 483373
338 412 730567
325 322 289881
90 69 595986
267 305 774817
288 361 311971
300 97 678245
49 264 985448
204 292 427952
355 256 169405
112 340 754635
11 10 940643
304 291 88545
286 56 710978
216 167 200981
274 105 859233
334 293 171233
351 146 830820
99 249 375793
305 314 140678
379 348 777088
385 316 959447
27 393 454513
141 175 390903
281 248 413169
356 348 997075
377 208 469835
