107 1000 78 101 1000
1 2 176216
2 3 192854
2 4 847877
3 5 511140
5 6 129584
2 7 321268
6 8 415009
4 9 165409
1 10 908073
3 11 969933
4 12 215001
3 13 253213
6 14 196808
4 15 647737
8 16 517457
5 17 383757
15 18 903187
2 19 193482
16 20 11247
3 21 402213
21 22 132813
7 23 657559
9 24 821208
22 25 209948
11 26 591613
25 27 892788
15 28 705776
7 29 326373
26 30 598567
30 31 280055
18 32 302941
32 33 770679
29 34 127376
29 35 544628
8 36 749955
8 37 234565
30 38 499389
12 39 703297
22 40 85320
9 41 869509
13 42 294195
40 43 593586
7 44 515793
24 45 783212
19 46 399096
17 47 853788
14 48 207746
42 49 503215
23 50 985167
14 51 902933
17 52 808386
36 53 502146
39 54 392895
11 55 15153
44 56 499187
19 57 988956
40 58 13964
5 59 979973
28 60 996925
32 61 401457
2 62 914683
2 63 951207
7 64 770819
53 65 869877
10 66 78225
59 67 426987
27 68 691050
17 69 168094
38 70 606036
44 71 586279
1 72 12632
14 73 333217
16 74 21639
7 75 814063
34 76 515378
41 77 165875
54 78 348913
58 79 328856
37 80 291229
31 81 402953
57 82 670101
4 83 838968
16 84 691453
78 85 210008
41 86 913146
59 87 747939
64 88 335608
73 89 779925
26 90 606308
88 91 585391
89 92 324722
14 93 403317
76 94 534424
57 95 892720
41 96 857041
43 97 358188
97 98 686172
26 99 264699
64 100 441274
27 101 623793
35 102 397875
93 103 653158
69 104 65361
52 105 319415
77 106 620644
18 107 572485
83 12 274812
79 71 196304
12 35 981293
4 8 391835
50 8 971876
104 99 611020
84 66 837863
65 93 238073
99 9 555365
16 2 857496
55 28 424753
40 56 569432
57 69 697087
74 36 969023
23 84 416605
46 26 198726
28 17 159987
36 14 765810
93 17 394238
10 49 616309
70 44 781385
36 83 509060
40 70 479214
104 60 186490
72 17 307916
52 62 909678
3 9 511882
41 103 575504
36 96 400459
71 40 160266
38 45 838578
19 81 329941
54 20 141913
33 69 416473
48 22 388172
71 53 326346
51 51 125451
83 64 600255
84 43 767937
106 31 18709
78 64 893567
10 72 517444
3 85 594876
76 104 880896
19 94 244369
71 48 875411
50 48 260784
10 50 646905
99 35 757925
69 100 557181
9 97 379537
68 21 324050
4 107 222435
3 80 726261
43 14 647127
102 26 876929
38 33 58932
52 55 253459
66 2 310657
88 40 782431
12 7 736456
3 15 654611
34 102 148238
43 83 932011
17 74 189457
16 82 571797
103 16 672579
84 74 626438
89 44 774855
13 99 961949
87 75 361898
100 23 925559
42 64 969380
5 95 214546
84 88 274383
44 81 373734
18 85 610343
43 64 558337
71 71 689988
19 60 55395
60 25 3796
31 48 688154
38 20 230108
58 82 760222
103 52 707312
47 106 742575
95 84 78001
38 79 707694
17 96 594183
80 6 890618
31 106 861984
95 106 676237
43 44 403624
11 90 494870
1 8 864650
10 103 200344
106 21 736102
56 31 240195
13 79 869971
70 62 917841
2 11 977751
83 57 900388
102 98 910628
98 97 370527
72 91 870486
29 57 70339
94 67 333291
43 53 249995
69 52 879874
16 15 56586
87 45 764119
81 21 961603
15 90 692671
20 25 147593
94 99 134111
56 13 735960
89 99 413618
91 49 271476
45 58 248187
69 100 858050
32 102 670407
44 96 902692
73 2 446759
27 38 419033
39 73 737773
34 26 712596
38 22 138790
63 41 472475
90 103 180439
68 3 112355
18 2 386746
89 103 389803
54 59 486458
17 56 765271
50 85 268590
28 25 783886
100 32 702868
84 68 868182
98 14 656014
54 51 209774
8 67 479905
64 37 38060
68 49 561388
5 60 404889
29 30 859430
107 9 262410
73 30 908827
7 49 884161
64 84 795496
38 48 782595
104 90 230325
49 85 943739
4 99 804467
100 1 291280
42 94 7703
16 102 154498
44 20 285782
96 26 452107
97 74 168802
47 68 616756
62 93 808356
88 18 475254
104 41 869114
7 14 827922
28 47 358643
93 65 117363
95 72 308552
2 22 643074
34 22 779614
43 21 536971
14 25 145338
41 17 746063
2 16 269892
31 2 574313
55 101 207232
72 47 246373
71 48 975433
60 106 54238
36 67 967823
75 57 241431
7 19 579666
26 45 763933
94 93 533536
17 50 402203
1 65 11276
71 65 654334
59 14 469231
46 13 335691
8 37 867108
2 92 163069
69 104 941822
83 20 712484
44 35 793037
46 99 568698
56 19 47186
29 47 36168
12 52 764671
62 4 757241
57 62 884979
104 7 861950
57 9 850228
79 11 601890
5 60 976622
1 41 849902
34 53 996524
66 83 980672
61 91 747093
6 50 877992
58 86 432040
73 60 399172
39 50 611963
91 103 407900
57 80 929329
105 47 8896
94 60 5050
14 47 976289
79 89 193040
60 104 186094
28 89 581423
91 36 688241
34 89 963093
62 105 571689
18 12 270715
4 14 660777
104 100 903955
6 17 97777
23 79 632706
88 86 509132
101 21 344160
5 52 438314
39 14 612462
14 55 659775
33 7 293335
75 13 766363
8 31 794475
32 95 47052
32 18 424920
16 46 197617
100 20 982698
34 43 742753
3 80 926020
40 59 60604
50 23 836767
93 5 711119
80 92 571204
69 23 132590
59 19 604805
91 8 234510
44 59 528513
87 46 484513
103 69 592408
53 33 17718
87 13 167787
14 24 836688
9 79 368024
73 23 700869
10 59 56117
84 78 884187
10 90 450123
10 89 501662
6 27 492885
66 71 735749
56 58 603641
72 97 950406
65 104 891206
49 22 973687
10 87 774255
75 38 586728
20 64 43592
35 61 249533
35 64 959487
19 9 265360
67 96 74204
66 44 656454
3 107 586620
36 74 751217
76 45 959435
33 104 219366
69 3 954624
29 59 919712
18 6 370718
29 98 743830
2 48 604841
98 98 889881
29 76 802597
83 69 975217
13 47 239253
75 46 315768
100 41 18995
97 100 633014
19 69 793132
47 14 639423
98 67 850462
78 40 661130
97 3 116628
9 22 244052
81 7 247873
63 17 636341
33 34 495036
68 31 89090
89 77 35708
50 96 949795
1 46 319252
103 14 274165
56 7 24176
28 12 659171
61 86 373393
100 97 81152
42 30 595334
85 34 724457
78 99 14444
94 83 211161
90 72 541927
103 24 594765
86 104 706914
7 92 143066
63 21 137860
74 43 178764
15 49 969843
71 2 777472
54 30 674829
73 85 616836
7 24 518949
52 69 271598
63 44 329083
30 6 47802
97 50 395136
4 76 905448
27 71 821897
11 34 570454
99 59 164945
61 70 225370
4 50 471732
95 36 224483
72 41 332906
70 39 775761
59 2 491073
72 51 686674
71 34 530718
82 57 75646
34 70 576566
62 44 601142
11 99 438856
92 54 208185
107 67 9885
36 24 973383
97 9 34051
82 19 244729
21 33 236806
96 99 75233
18 26 499761
67 79 437919
28 83 924164
11 98 831684
16 67 339318
64 54 573035
69 58 277357
77 82 165588
5 88 922684
87 39 412034
104 70 381148
101 87 672152
76 17 395822
17 83 99313
92 89 760241
23 51 468861
11 27 642240
92 26 631267
55 2 73358
68 49 535123
70 107 664868
19 2 62250
89 38 953561
19 5 628364
106 58 155028
82 97 864638
24 12 338623
78 72 768578
59 22 801612
22 44 324151
31 65 369773
88 101 212592
22 87 139855
39 88 634644
6 91 809111
92 48 419062
12 106 918815
42 68 732982
104 31 414835
75 44 396952
16 30 201160
3 4 677667
43 53 511292
79 26 724797
5 7 395796
87 13 25669
56 102 938930
88 82 543474
100 77 710806
20 2 298155
92 21 195159
48 82 80614
71 36 109473
36 2 317381
67 95 889521
50 74 501230
52 15 784784
38 36 181546
96 66 204941
4 7 109056
107 14 468734
100 39 656147
86 39 599992
82 34 993338
50 18 571917
85 28 817887
96 41 615558
107 52 862555
95 98 969185
6 72 569807
82 57 799181
65 15 106054
93 79 874020
76 26 212554
31 66 980201
14 15 882692
26 99 2114
60 55 948312
16 8 772855
27 69 327233
98 43 245932
69 67 895721
91 51 36892
25 19 213708
7 7 310871
10 44 783245
33 21 111166
3 14 707737
65 84 62652
93 101 436476
5 69 140103
36 42 465664
102 73 574488
52 70 46285
5 102 779687
68 65 867134
67 33 172331
15 32 968705
17 69 840401
79 10 914417
45 25 896827
41 15 821943
84 93 633531
25 64 290079
9 97 766865
65 64 672375
82 5 889953
97 25 412845
82 36 197496
45 25 407402
3 48 910465
49 58 37162
71 66 678403
80 99 397790
65 4 215326
82 29 199748
91 9 311749
13 69 703492
49 57 814462
2 71 492111
65 57 94041
40 63 695988
31 19 886446
45 35 934339
8 43 737882
71 52 252966
17 19 99259
69 42 494652
76 55 815530
54 14 729976
91 46 703993
85 1 734522
42 33 671662
54 8 533165
51 104 233790
13 41 313185
88 33 39501
13 65 243626
42 77 524774
65 49 985913
17 28 786422
28 18 23097
3 101 633230
31 76 712045
37 1 424602
64 61 341768
87 1 943643
51 40 478414
82 78 333036
40 15 438441
71 84 467955
37 22 51407
12 69 355302
11 27 106578
69 77 491649
38 76 403976
67 76 981637
44 61 954652
88 95 960051
19 99 456629
106 56 652489
76 93 181062
6 26 863101
87 13 464374
65 14 925496
9 98 667313
10 43 352213
1 87 397966
100 100 968410
36 62 840164
22 96 794103
84 1 159847
60 7 751613
91 58 724807
6 25 462432
27 3 794379
32 79 271793
96 83 508842
33 43 355029
29 39 860266
48 87 384650
26 18 330045
95 71 783964
53 91 953561
88 106 919075
19 23 251223
87 41 632448
25 32 843407
69 31 990295
6 60 811441
70 39 585231
7 66 57255
35 79 299464
15 4 997610
98 98 345437
10 7 681891
89 40 144667
21 68 366468
70 17 562880
100 17 166758
91 94 778936
32 3 37732
39 56 818324
69 51 732471
46 43 930316
91 25 132691
33 17 290295
1 53 163011
99 15 603592
16 4 51073
3 7 404428
45 52 723417
92 76 621985
63 40 222206
97 15 165497
30 54 104685
85 62 294480
59 88 792770
28 58 647531
48 81 141528
62 80 11986
64 20 727205
25 24 859791
86 78 844500
107 27 391016
72 66 160677
4 79 615129
41 81 819587
99 20 928214
107 76 528933
11 30 745216
30 24 67623
44 5 874661
64 61 69994
23 94 928893
26 60 360041
35 106 239715
70 9 754142
106 106 736401
75 79 260437
20 39 141728
28 95 327631
58 93 610366
11 31 587482
100 30 444208
19 72 198702
11 98 841291
22 85 39948
1 29 586926
75 13 637907
99 14 213635
77 47 943459
49 81 698486
30 59 169398
93 84 748660
105 89 479036
103 88 608936
47 75 927862
43 86 117938
93 98 488149
70 105 278825
67 87 747668
48 21 313363
36 12 272019
6 32 353827
13 30 94582
55 101 922483
83 40 614910
101 12 615362
101 58 823974
54 89 918384
94 106 125441
66 53 44408
40 8 523346
62 91 26093
51 6 474029
35 52 715768
85 78 812493
10 102 829009
37 65 665461
43 36 272764
27 51 642186
54 42 120263
4 77 363505
12 27 72513
41 19 816486
61 58 587709
102 53 185117
75 9 231304
93 3 989213
69 55 92583
12 64 796313
12 82 570133
73 46 277457
20 11 728699
30 55 387881
84 18 845425
39 13 119752
67 75 97781
60 20 571445
32 62 199850
50 75 107821
26 82 906707
25 48 942280
93 71 291536
35 65 579277
80 88 784792
53 11 33746
32 8 770296
104 50 405529
1 86 968139
7 106 807336
45 33 490170
82 80 195880
101 100 884279
22 14 112321
21 38 44021
75 46 553972
86 104 440170
3 62 881593
101 75 38216
66 19 536794
11 91 83128
13 39 838416
97 10 837592
106 104 129308
92 83 532471
85 51 201385
68 59 414927
32 17 12193
94 32 542403
13 54 834766
41 41 605018
38 75 291314
95 42 851770
33 33 589864
29 106 332264
14 92 840189
50 82 259519
43 72 513674
61 83 21359
94 90 854484
54 73 83705
61 25 113509
58 64 617193
39 77 929132
3 23 4243
79 64 336979
57 50 668497
20 9 93088
59 29 609147
11 5 567311
25 80 307752
19 86 649965
50 97 164453
27 70 563320
59 103 422069
76 54 74422
60 72 186056
83 26 545876
9 35 174974
46 83 38336
66 13 555038
47 86 995593
3 58 748050
38 36 496565
44 18 340390
45 107 285220
71 97 630145
14 100 538083
40 64 583459
18 13 757140
73 61 60832
32 63 210364
64 14 789724
43 61 151917
101 72 857543
71 58 424854
48 28 931484
64 40 649831
84 4 564949
105 60 901290
78 60 317745
4 43 386527
12 91 979881
23 16 197015
37 70 913391
35 38 258003
69 67 68073
5 38 931166
23 21 747117
98 86 883817
1 83 740157
69 21 323046
20 80 448772
58 88 950054
65 66 822674
57 3 536375
2 7 264789
79 94 841721
63 103 568794
103 51 308672
63 28 453379
99 91 527536
53 33 494920
28 69 800724
21 38 362099
17 82 345023
106 12 654806
98 90 378727
81 70 971856
99 92 5310
37 99 981505
29 74 784147
50 100 225547
53 100 370857
54 21 881866
42 79 708183
47 27 503125
98 56 129505
77 80 374645
23 82 146964
91 16 451558
41 23 339496
96 56 481292
102 2 907345
38 51 587767
63 22 157798
28 92 389595
75 89 49207
84 68 953609
35 65 378088
59 83 935475
9 85 60243
1 57 67999
67 1 184606
61 90 497385
77 82 451097
14 80 414846
58 54 420699
8 24 114390
34 34 148253
94 67 834929
32 71 532119
3 105 377302
104 85 340186
1 77 781129
97 28 82670
54 6 502795
101 4 375469
89 10 412183
65 59 981216
93 83 119066
51 24 56601
68 52 389811
60 16 666321
32 102 205675
7 22 850563
4 65 961399
1 55 355016
92 10 675308
43 11 171573
71 66 782658
13 64 806002
50 30 81036
94 41 719453
93 58 767607
84 14 491743
72 11 125314
11 60 554573
14 45 289405
25 94 157889
56 62 712645
103 47 654522
19 72 859327
67 99 893746
28 48 193107
61 53 567615
74 72 902251
39 25 135469
45 46 604397
42 40 729114
70 18 170230
54 64 503762
47 84 900375
67 77 107500
107 39 23252
23 46 148516
1 99 575067
24 18 226491
28 105 192066
2 77 808717
7 7 596997
6 76 992817
93 95 629758
39 4 84310
65 29 792742
22 26 711004
102 36 750923
92 103 325042
1 7 294291
85 65 129390
41 2 308848
15 94 768050
107 33 264037
59 63 964093
66 45 881720
58 65 735312
81 49 953592
72 79 32195
33 80 230130
23 7 157158
61 82 159407
50 56 670173
94 34 673904
95 49 467766
75 12 430316
4 96 183565
97 36 893130
98 90 121378
55 100 847579
69 102 869049
45 69 334618
64 18 607667
50 31 700966
34 91 649452
89 55 354303
31 106 509973
102 100 454208
7 27 379602
98 35 940124
43 84 964311
77 9 577756
54 53 277631
47 64 265432
96 76 222829
99 62 84981
36 99 256231
7 51 371806
23 72 462063
107 17 66758
37 43 346852
46 9 457117
35 43 339226
