963 1000 323 850 1000
1 2 507
2 3 769488
2 4 236403
4 5 87089
2 6 752302
2 7 620311
3 8 732121
4 9 910864
9 10 586627
2 11 764878
2 12 727647
6 13 726694
12 14 959110
3 15 350545
11 16 789171
15 17 44589
5 18 588677
1 19 855676
4 20 121473
8 21 564452
7 22 371981
5 23 553262
1 24 904438
9 25 738120
12 26 781547
24 27 650883
22 28 625600
11 29 7509
5 30 976812
8 31 914136
28 32 900299
25 33 137161
31 34 944028
30 35 232585
17 36 226180
17 37 358112
1 38 574601
33 39 591861
3 40 574104
15 41 925911
17 42 542848
37 43 286968
12 44 790005
22 45 231661
12 46 326670
19 47 25519
45 48 796550
28 49 167324
49 50 564991
50 51 878903
16 52 318779
2 53 138596
39 54 369377
49 55 582061
28 56 733118
16 57 753855
31 58 587137
41 59 386413
43 60 272830
8 61 95213
39 62 396012
54 63 716118
47 64 364455
26 65 665704
28 66 997166
47 67 566212
22 68 153062
48 69 78384
53 70 202005
55 71 355412
43 72 97000
51 73 196223
35 74 256238
34 75 131683
30 76 787931
43 77 697941
62 78 332358
23 79 904654
31 80 603243
50 81 308397
62 82 800553
13 83 531378
4 84 304645
45 85 848004
70 86 307110
64 87 48876
27 88 432343
80 89 889112
48 90 975816
77 91 236057
48 92 772620
5 93 637605
70 94 490269
87 95 302742
29 96 399444
69 97 335017
58 98 360881
25 99 29632
69 100 494553
68 101 619936
58 102 999314
68 103 203060
2 104 261961
40 105 966664
41 106 702349
84 107 365647
48 108 940754
21 109 530334
91 110 308207
37 111 312750
40 112 494112
49 113 839774
96 114 303685
38 115 396142
36 116 556577
13 117 322885
12 118 127963
79 119 20396
93 120 770560
113 121 290449
52 122 603327
52 123 491910
87 124 20588
16 125 781247
78 126 173502
57 127 257047
71 128 966417
24 129 935179
53 130 949157
111 131 238653
51 132 728157
13 133 162098
3 134 814977
65 135 717781
52 136 480956
14 137 285554
7 138 311518
136 139 473596
136 140 725979
48 141 908168
37 142 909962
5 143 410831
59 144 590183
25 145 973616
64 146 471953
112 147 699692
78 148 35725
2 149 808104
102 150 520450
70 151 723118
89 152 643387
100 153 329900
95 154 252584
78 155 89523
65 156 752413
87 157 156345
74 158 970449
44 159 612888
134 160 510112
85 161 194702
62 162 901322
143 163 936187
76 164 749490
94 165 367845
53 166 206432
20 167 835191
3 168 973311
92 169 590397
137 170 383007
156 171 263978
1 172 330164
140 173 978067
108 174 695125
51 175 72882
37 176 434494
74 177 49123
160 178 637391
166 179 734122
175 180 219595
16 181 577387
123 182 558426
140 183 740080
130 184 495559
111 185 186791
73 186 771970
145 187 677474
187 188 671071
11 189 393109
159 190 504085
66 191 145947
52 192 508032
186 193 1969
66 194 451168
176 195 123321
12 196 392536
21 197 834617
39 198 247536
36 199 171034
74 200 23891
180 201 318761
67 202 216081
156 203 479705
52 204 230814
173 205 111999
137 206 737489
185 207 525397
138 208 213607
52 209 245688
74 210 99261
4 211 307881
118 212 327513
168 213 617423
16 214 282978
139 215 72372
85 216 644707
43 217 298692
5 218 9933
19 219 191313
178 220 479474
173 221 121746
189 222 299082
25 223 340959
148 224 921329
9 225 212598
114 226 738023
8 227 59385
38 228 552911
117 229 516334
185 230 594033
59 231 693694
153 232 979128
45 233 68086
27 234 950133
52 235 929225
90 236 389082
79 237 747532
204 238 594559
103 239 93241
68 240 146848
8 241 677101
180 242 189597
86 243 680233
113 244 836985
144 245 816597
16 246 349852
8 247 430136
46 248 244625
153 249 488449
34 250 331273
121 251 472258
202 252 462486
91 253 587119
104 254 11248
157 255 297315
141 256 227507
256 257 587868
149 258 675871
11 259 69178
111 260 417175
129 261 43204
118 262 996067
138 263 662435
223 264 156654
31 265 275876
16 266 917193
123 267 646394
102 268 282470
50 269 31226
262 270 922077
15 271 486558
166 272 678955
164 273 297283
181 274 47789
80 275 77739
196 276 709162
17 277 772347
87 278 58311
55 279 236541
176 280 740048
175 281 484576
111 282 35253
55 283 230451
89 284 741130
135 285 128494
281 286 488967
214 287 725161
149 288 645894
257 289 659682
58 290 723848
93 291 670204
242 292 528368
75 293 336379
30 294 400326
19 295 951241
293 296 743030
186 297 88755
245 298 707470
70 299 115948
99 300 130307
50 301 76937
243 302 19309
223 303 30148
129 304 836614
265 305 511034
158 306 38639
265 307 599789
279 308 356011
171 309 504130
209 310 547746
187 311 910724
143 312 124896
70 313 400863
147 314 519443
256 315 307110
144 316 600272
255 317 925197
67 318 998735
316 319 207536
248 320 363050
107 321 672906
218 322 795938
194 323 863551
63 324 40282
182 325 284242
205 326 298778
285 327 721135
161 328 957582
157 329 395107
253 330 878468
21 331 404511
276 332 151922
79 333 289402
43 334 283821
31 335 16107
125 336 999026
215 337 464914
226 338 428642
334 339 989296
144 340 996862
250 341 511083
48 342 793711
146 343 519371
99 344 134848
271 345 900288
92 346 17570
70 347 154201
318 348 193703
109 349 640206
286 350 454536
209 351 3703
40 352 856479
349 353 966803
99 354 482349
82 355 199490
36 356 430421
57 357 549771
119 358 863519
326 359 555095
205 360 245047
354 361 341492
183 362 569516
341 363 771411
113 364 792049
337 365 397131
135 366 723934
345 367 445524
333 368 709232
174 369 789132
317 370 615365
251 371 796533
370 372 174753
259 373 845428
47 374 808428
133 375 321748
355 376 698290
352 377 613057
32 378 734562
129 379 903886
131 380 998927
63 381 838192
249 382 188401
217 383 372992
162 384 345509
249 385 495293
253 386 82345
136 387 453703
68 388 692705
274 389 763173
294 390 652054
173 391 777984
292 392 791985
200 393 365478
325 394 370884
19 395 475913
236 396 270017
304 397 739389
301 398 446273
311 399 803133
189 400 862846
110 401 146662
140 402 639898
342 403 280762
237 404 43478
212 405 39070
178 406 243739
382 407 93533
156 408 34549
282 409 460324
349 410 904146
285 411 233539
320 412 558984
214 413 505842
43 414 757772
376 415 349258
98 416 49468
381 417 81223
284 418 735318
262 419 401869
200 420 271871
68 421 812832
102 422 221821
78 423 67178
311 424 883260
79 425 355449
329 426 65421
177 427 359231
301 428 63330
403 429 495504
206 430 331988
135 431 446503
110 432 711966
279 433 167713
141 434 834271
405 435 701312
301 436 596955
90 437 78698
365 438 595515
228 439 385000
415 440 588360
406 441 105063
283 442 956660
318 443 17146
89 444 511314
331 445 306134
420 446 461912
258 447 450004
237 448 154916
427 449 453107
210 450 773300
403 451 110612
321 452 321709
398 453 685436
10 454 970389
244 455 522069
28 456 963609
431 457 908845
225 458 567111
322 459 615158
442 460 842197
40 461 521092
384 462 196761
205 463 602194
189 464 959502
297 465 322557
114 466 854230
307 467 92040
438 468 505330
85 469 561750
357 470 97483
61 471 230003
368 472 902765
266 473 177484
195 474 933191
328 475 932081
440 476 591596
240 477 352858
255 478 247573
373 479 32
85 480 172125
97 481 241152
92 482 495555
309 483 999132
408 484 159852
38 485 687481
66 486 906078
365 487 918337
116 488 961414
271 489 12354
321 490 367859
105 491 601262
253 492 633240
434 493 286489
108 494 663566
491 495 336830
386 496 599376
132 497 692283
190 498 515453
301 499 294160
127 500 828058
253 501 183972
418 502 179981
430 503 338687
362 504 615203
103 505 856913
327 506 456715
228 507 819562
266 508 986392
83 509 792640
352 510 639427
441 511 225901
307 512 287655
129 513 591918
475 514 266883
104 515 199588
147 516 456444
307 517 998295
267 518 459224
348 519 740718
284 520 386948
89 521 554360
178 522 672591
22 523 27687
190 524 106668
225 525 647311
389 526 515316
95 527 393323
132 528 43554
296 529 198041
218 530 149974
429 531 17817
95 532 911570
350 533 91922
355 534 851328
105 535 294093
485 536 719529
381 537 740792
401 538 826495
84 539 164324
356 540 205973
358 541 30215
368 542 711330
296 543 161466
105 544 720834
425 545 942972
33 546 935732
252 547 196718
135 548 914461
76 549 571797
193 550 929091
237 551 88604
306 552 652179
436 553 165071
264 554 747804
231 555 444705
389 556 739986
101 557 491942
83 558 374988
53 559 514586
485 560 318726
165 561 728216
355 562 315231
152 563 38691
364 564 40732
57 565 883041
96 566 443555
367 567 904667
367 568 918721
13 569 557631
421 570 923749
191 571 323934
425 572 986083
279 573 503150
399 574 860850
460 575 582409
256 576 949166
443 577 375340
280 578 317718
457 579 733433
571 580 11407
187 581 489077
5 582 647711
465 583 381195
515 584 816563
328 585 700103
68 586 925530
328 587 660764
236 588 10696
578 589 290718
88 590 541844
303 591 316425
365 592 95034
379 593 236728
570 594 150618
465 595 907055
413 596 660278
388 597 285842
533 598 677944
476 599 138731
576 600 948458
525 601 163047
20 602 305916
557 603 459418
303 604 964098
280 605 808887
87 606 645427
565 607 297177
87 608 901035
598 609 326589
285 610 519465
449 611 909125
174 612 192018
19 613 154870
127 614 688941
390 615 717883
339 616 226533
429 617 887968
153 618 603338
434 619 676952
425 620 138127
192 621 382840
463 622 220813
459 623 25337
124 624 366400
410 625 321017
207 626 697221
436 627 882171
9 628 731362
160 629 123171
215 630 239101
113 631 771963
451 632 511716
494 633 220017
307 634 79620
380 635 702934
355 636 359345
66 637 417696
376 638 880741
137 639 856041
546 640 119481
409 641 976046
602 642 938541
339 643 241297
565 644 482982
535 645 297688
388 646 450347
81 647 874348
258 648 166951
90 649 358874
162 650 789546
30 651 10773
72 652 308840
423 653 173106
609 654 871032
371 655 933418
192 656 319382
418 657 644060
7 658 578018
617 659 547080
393 660 731486
237 661 123541
622 662 815540
136 663 645580
590 664 602350
1 665 616923
136 666 576892
14 667 22804
58 668 489458
558 669 410667
447 670 222535
98 671 452731
638 672 950936
38 673 662977
361 674 550498
57 675 731039
674 676 521675
421 677 256795
102 678 456602
298 679 368094
249 680 115322
289 681 968437
223 682 914491
464 683 696083
25 684 774929
107 685 615437
23 686 373715
488 687 299932
218 688 689661
579 689 417951
72 690 899631
132 691 611927
635 692 879980
243 693 400745
149 694 673756
310 695 211551
112 696 857802
340 697 16743
297 698 420710
191 699 743890
300 700 700868
274 701 967127
598 702 711899
462 703 379342
304 704 454856
411 705 406837
607 706 752904
150 707 863086
340 708 43841
336 709 178751
282 710 621690
142 711 200208
403 712 967262
345 713 703345
127 714 277437
137 715 283154
306 716 981131
716 717 340041
688 718 319072
41 719 416975
534 720 180214
173 721 723779
3 722 252270
154 723 594214
298 724 396171
699 725 101405
135 726 727732
319 727 536498
523 728 46519
560 729 598803
155 730 393985
50 731 801746
646 732 311207
472 733 782819
49 734 680864
705 735 993441
553 736 43208
122 737 964938
242 738 910559
720 739 736830
487 740 76104
515 741 17476
478 742 212107
227 743 211908
712 744 233043
578 745 419214
133 746 952241
546 747 482130
628 748 114007
474 749 944358
384 750 71901
252 751 318404
210 752 752127
672 753 999048
436 754 418845
680 755 851510
432 756 724794
603 757 630258
718 758 760318
316 759 137927
484 760 162420
22 761 444193
640 762 119693
657 763 295762
89 764 183323
514 765 455185
333 766 461462
653 767 488822
422 768 968090
321 769 356735
323 770 322727
387 771 869775
127 772 288672
460 773 112233
238 774 850829
254 775 855161
531 776 131994
620 777 229900
223 778 561877
547 779 683347
541 780 167475
689 781 640484
481 782 480651
593 783 714361
13 784 882970
476 785 615791
686 786 55102
72 787 610375
782 788 85179
608 789 424873
316 790 427321
485 791 307868
648 792 875651
444 793 23183
401 794 671689
23 795 518036
311 796 827488
182 797 163551
121 798 193085
170 799 157516
644 800 448829
786 801 888726
113 802 63264
231 803 263008
718 804 93513
342 805 416944
172 806 611712
527 807 454767
268 808 916209
102 809 605675
750 810 147434
190 811 822421
559 812 877216
37 813 91395
464 814 328171
146 815 511599
811 816 533829
370 817 753334
738 818 169359
515 819 162842
790 820 922060
278 821 82688
461 822 704228
77 823 47475
2 824 921955
75 825 773343
262 826 382007
322 827 436886
233 828 12149
418 829 312719
381 830 465941
110 831 324386
401 832 897393
715 833 773006
601 834 820682
140 835 692211
239 836 775491
697 837 819992
6 838 634148
249 839 77414
520 840 932121
266 841 176747
278 842 106480
543 843 449560
267 844 397023
466 845 894531
78 846 495675
419 847 387494
153 848 665858
384 849 816478
458 850 159186
846 851 993645
583 852 971183
313 853 73976
621 854 312385
615 855 906954
209 856 713299
196 857 451983
726 858 648214
718 859 184474
72 860 83804
799 861 758304
104 862 288350
529 863 957754
433 864 565878
686 865 414375
60 866 312357
648 867 740423
838 868 812111
356 869 951585
622 870 442810
116 871 142238
126 872 497362
55 873 573324
834 874 705512
647 875 598684
507 876 11758
552 877 971044
328 878 540605
276 879 117726
355 880 531151
423 881 693607
569 882 647557
303 883 944001
162 884 968226
65 885 479826
441 886 1871
367 887 436578
444 888 759957
85 889 853153
58 890 736806
435 891 889055
151 892 134612
410 893 196049
601 894 123416
71 895 124243
749 896 673612
762 897 926624
378 898 452209
291 899 85020
709 900 324395
409 901 474699
456 902 402496
98 903 6871
415 904 798492
781 905 716558
230 906 407632
559 907 787233
18 908 617038
314 909 983910
173 910 602351
757 911 543511
857 912 799854
87 913 47698
572 914 417386
672 915 756823
276 916 357927
271 917 479564
731 918 621133
594 919 88316
654 920 314024
903 921 57875
731 922 787174
279 923 940964
153 924 60189
221 925 805284
692 926 946691
862 927 148716
473 928 439923
110 929 5499
108 930 55918
884 931 858162
75 932 629976
235 933 568662
893 934 394423
838 935 930577
70 936 345784
660 937 11249
257 938 930217
265 939 307303
717 940 14080
182 941 887050
229 942 12946
154 943 665938
782 944 142173
128 945 992541
620 946 833471
457 947 207789
943 948 876029
145 949 510759
871 950 825917
756 951 928790
548 952 271116
258 953 212775
64 954 131352
758 955 533995
36 956 305271
230 957 925271
5 958 413918
760 959 933959
808 960 309547
780 961 281207
528 962 455516
293 963 737224
875 489 882646
814 487 460981
703 690 914508
610 669 893072
660 538 154419
882 475 451040
645 747 470542
861 636 50232
456 61 133917
339 253 918418
454 804 72580
314 200 540749
458 209 366365
757 225 548904
666 851 755355
520 850 52672
409 812 154721
575 128 158279
398 312 579363
643 519 684422
276 338 15803
219 633 540693
841 135 989966
212 210 415512
657 592 277665
364 904 81980
953 813 928310
10 491 448435
227 283 852332
673 339 342572
328 262 179286
516 530 413911
429 402 559963
652 329 692568
158 226 86030
870 432 316426
88 220 738319
844 328 665846
