150 1000 26 113 1000
1 2 567148
1 3 72087
1 4 266538
1 5 512210
5 6 58584
6 7 347629
4 8 921542
6 9 648745
8 10 317448
1 11 635791
5 12 142713
2 13 376359
3 14 947187
2 15 542850
2 16 106840
15 17 783025
14 18 896717
6 19 626251
12 20 631545
14 21 494251
10 22 178314
13 23 341935
7 24 991472
23 25 9594
5 26 331233
17 27 184179
18 28 898323
21 29 805893
23 30 274565
9 31 440285
16 32 95542
15 33 677679
26 34 254572
20 35 76080
25 36 527023
3 37 778781
16 38 275467
38 39 130227
21 40 710354
37 41 893301
6 42 464791
33 43 730858
38 44 163764
20 45 833756
15 46 282757
38 47 104410
2 48 193386
27 49 261111
4 50 691017
22 51 494088
27 52 873354
20 53 308394
3 54 784026
49 55 976058
16 56 865897
31 57 400731
10 58 986667
31 59 599283
16 60 204763
15 61 878958
50 62 751091
17 63 726010
58 64 824373
3 65 754121
49 66 467365
56 67 262099
35 68 445452
9 69 978513
14 70 25271
10 71 513859
43 72 776566
70 73 745450
29 74 601822
41 75 647695
66 76 981704
2 77 505978
40 78 284623
60 79 383164
6 80 332566
23 81 330278
24 82 633919
69 83 34511
51 84 905525
78 85 666194
79 86 207779
80 87 523534
7 88 4666
88 89 479140
2 90 62383
16 91 425020
61 92 567675
14 93 35521
65 94 986394
66 95 74016
67 96 141964
72 97 435789
39 98 902871
36 99 902206
35 100 479363
88 101 623342
48 102 878237
1 103 737819
46 104 577716
23 105 557192
102 106 491423
63 107 949372
51 108 472181
30 109 388545
32 110 621331
26 111 134822
90 112 789274
21 113 309758
5 114 422830
23 115 261407
41 116 345528
110 117 727012
101 118 212453
11 119 547371
106 120 832549
90 121 338647
78 122 772140
30 123 93390
118 124 735541
106 125 434940
91 126 67066
122 127 530959
111 128 731261
126 129 172986
127 130 389571
104 131 686578
78 132 278931
16 133 905396
108 134 371835
86 135 8636
27 136 54923
25 137 938767
136 138 511192
29 139 842419
65 140 867259
14 141 480945
71 142 797583
21 143 631450
129 144 213687
68 145 133503
50 146 951702
69 147 606712
73 148 683604
75 149 359262
139 150 950240
130 36 94224
25 98 684153
15 34 977122
66 121 100953
27 17 171041
73 59 353056
105 127 726087
79 49 899941
16 19 145455
96 98 864792
101 149 76306
117 55 454295
141 123 307711
126 116 159314
58 146 108122
77 113 109792
97 146 563223
133 70 369376
65 16 16182
30 44 100053
77 3 882177
132 29 730877
106 114 836612
15 43 323185
149 43 238925
111 138 586178
112 28 398117
131 135 22417
114 11 25486
39 106 316144
10 84 714238
16 49 100728
130 109 910298
113 140 397739
65 67 734646
146 72 855883
150 114 55885
117 54 882042
91 19 406524
130 92 390100
24 58 613828
97 83 891530
65 130 676672
127 148 850241
51 68 964068
117 90 767083
7 126 672951
40 60 568228
113 18 690323
45 134 398287
79 76 924570
127 14 265266
142 53 418811
133 58 617424
42 128 823334
65 111 602951
119 26 725004
128 34 977321
15 14 324251
38 86 601886
15 96 834041
89 82 392442
63 40 752191
79 72 58459
20 89 905592
100 4 327623
30 41 102042
70 117 279939
80 42 825349
108 70 464695
148 87 137018
145 75 35393
100 73 511517
77 29 916759
142 45 59054
92 137 676641
132 101 891781
67 55 916438
14 37 861965
124 14 496214
55 53 849987
148 54 408329
35 7 703790
66 3 291958
41 146 32161
102 10 959334
92 109 215984
141 142 172475
77 42 749167
3 137 339979
22 23 323313
40 43 172289
118 62 586880
112 82 71095
130 104 509209
3 38 86733
105 120 395946
98 37 612557
78 104 243087
13 146 10434
27 130 632649
74 119 997142
124 38 431104
74 147 37868
105 112 697978
88 146 721086
63 19 832477
147 14 245495
137 48 45794
140 37 47060
65 25 732251
48 68 639351
84 86 59943
34 5 854732
107 141 637491
12 71 584800
108 43 446195
111 26 579966
140 1 262690
105 102 935629
54 13 421879
106 121 931175
53 101 157032
128 59 136699
51 18 198947
48 5 526373
83 50 100747
78 88 600269
47 44 326321
21 50 700541
60 103 721235
119 67 801351
15 134 419929
97 21 553687
138 137 271502
43 83 421333
71 133 501852
10 34 554303
148 50 784203
138 28 821572
113 24 235580
98 28 133347
24 138 682977
106 58 212486
59 61 966975
124 66 239898
139 84 23784
76 90 694000
25 10 886834
86 112 255513
10 145 66108
116 18 941757
77 103 515426
46 149 120637
76 66 572671
23 88 556107
96 141 439779
73 104 885382
64 111 754901
43 66 708379
30 114 496203
116 19 763096
87 23 409320
30 71 806419
96 122 856758
95 63 997691
65 8 753636
85 43 387837
62 35 331714
115 134 487962
33 32 297850
80 59 7815
74 130 481617
24 29 582214
123 140 545823
6 24 862915
20 74 72396
140 55 535473
99 142 113548
126 68 122535
109 84 659933
116 54 260150
49 61 489022
91 84 221900
10 18 140210
52 127 747278
80 89 848374
57 144 833585
100 74 966143
99 77 482266
124 30 910840
119 126 374903
86 51 916090
48 96 990045
133 76 161741
110 35 230436
40 83 176287
40 9 112513
103 65 602051
39 52 219363
126 21 32620
96 143 189968
119 143 127913
39 115 778048
52 56 367972
16 27 44346
35 14 461782
14 102 838254
101 111 764813
125 66 18452
134 141 561378
52 108 580483
39 42 475060
98 118 370068
135 90 601321
40 71 50809
45 5 2982
100 53 373464
127 54 505997
58 6 480941
140 100 63927
42 93 444127
75 13 247539
59 85 643617
135 77 643645
136 43 745549
92 86 818562
65 29 1724
92 46 273492
95 92 794281
76 69 912169
87 50 859783
93 85 238554
137 131 764639
139 95 399833
43 143 702447
142 79 107762
79 146 315905
59 40 135365
123 5 851336
123 91 836483
48 136 78528
31 112 36263
51 40 345414
13 14 896247
52 21 150454
56 67 749436
41 106 783236
63 80 472383
42 66 321757
70 24 565445
73 107 675839
48 67 906316
102 123 687063
64 146 364038
27 4 285722
5 64 623829
56 51 252198
115 6 8776
59 138 132442
126 53 639702
14 9 826355
73 107 601177
16 19 140201
41 101 729036
31 110 687178
57 26 900872
62 94 820373
78 55 59644
134 130 949273
129 24 27372
16 46 117008
55 149 385068
15 126 800055
88 73 160029
149 65 516655
131 22 600295
108 30 828313
60 86 777783
135 149 402989
75 72 578875
139 29 961884
136 6 966684
149 103 28392
147 71 295548
4 91 563585
28 76 103153
11 51 603169
1 59 979841
60 31 939690
137 81 830622
1 18 743550
103 118 878947
126 32 363040
147 89 571856
113 147 680778
139 12 236355
17 83 221838
84 33 981880
52 137 861873
23 112 436739
73 104 482437
122 57 907852
66 75 89926
45 149 977418
52 86 572728
150 15 150787
11 52 207935
102 34 184003
81 93 227007
1 145 741851
43 80 297589
43 104 883740
104 76 292630
24 116 762388
46 104 261479
65 11 306505
138 101 924253
110 63 256564
107 84 43446
19 57 365696
14 122 641368
90 101 363972
135 137 7081
33 14 515325
33 35 995054
75 103 450448
30 128 829032
123 5 507262
47 32 134765
18 102 655528
71 124 706435
64 36 81286
118 111 533314
50 52 495779
131 103 468522
63 76 260316
90 82 739075
46 144 597593
140 91 260404
39 3 291403
99 106 57191
73 123 293414
147 26 483611
78 84 93729
103 8 200138
33 144 990829
110 103 181820
58 120 290610
24 69 412524
59 57 827024
44 26 974042
76 88 130005
131 94 401584
112 26 157882
45 18 207834
14 24 476579
37 127 778399
72 18 397911
97 28 979653
98 8 274045
145 6 690213
71 83 80025
74 75 116875
107 35 690053
56 1 123474
11 99 335795
55 77 482045
148 122 702306
112 137 397848
100 86 300511
49 28 918864
84 128 970175
145 64 465937
61 110 455194
33 56 283039
42 98 159371
138 51 715960
94 111 671909
34 75 188520
107 26 421048
149 2 395372
126 142 220868
53 34 67852
120 66 25085
58 129 537331
84 135 747009
70 138 743313
100 44 155734
67 18 561971
123 45 622375
6 142 221985
111 18 283457
31 22 621560
98 19 784457
101 48 776074
4 117 170817
38 104 321715
45 47 372283
103 89 570750
121 135 466589
8 44 924344
130 7 41238
109 113 409747
95 131 704416
86 38 98365
91 68 104375
12 24 679682
129 39 787416
114 59 984416
14 78 971006
1 54 281002
31 27 401753
142 127 774431
116 140 633488
38 4 434188
23 38 10298
75 40 769247
61 61 774808
123 49 316366
27 88 29717
84 92 500072
47 12 411968
100 70 434362
102 123 202249
2 130 291366
36 33 603258
29 76 901631
128 79 736697
94 41 149608
56 51 891708
81 73 222061
60 9 603596
20 45 450082
48 5 587069
105 57 527035
145 117 574573
66 142 101548
60 145 554619
1 150 286466
80 7 313738
48 100 37058
63 39 715383
16 96 665730
113 40 504215
39 70 400261
47 97 954869
111 10 36890
60 133 194443
131 103 479799
73 98 292287
102 147 582673
17 143 73440
33 5 794176
16 116 40352
112 68 189714
51 93 842709
25 10 334701
39 55 581931
75 148 110890
69 145 648045
120 59 290606
86 41 871220
144 67 843466
87 108 985583
121 68 510230
109 140 752468
78 85 271754
9 133 482854
23 43 927965
23 11 199528
50 111 927329
128 140 961440
102 8 661727
9 138 168720
126 114 116656
20 77 174193
28 114 334428
77 110 929522
13 7 661558
4 83 536880
94 145 938808
66 14 942902
100 53 277851
149 76 341815
116 39 180474
15 21 570185
4 9 755624
131 97 711717
92 9 339535
33 21 813085
101 64 297739
108 89 958109
146 90 118855
12 133 531749
95 86 955158
7 120 372038
61 44 10900
22 61 304732
72 124 114111
47 121 509707
114 57 175504
94 116 287229
89 17 116895
43 142 164699
76 141 730102
41 96 92746
78 94 840244
131 53 359464
64 90 849510
131 88 931079
71 146 595745
146 88 48105
134 140 946851
57 92 552253
43 38 573995
149 63 973594
35 6 700567
68 5 726010
107 66 24829
88 26 974073
64 68 330251
22 106 600398
119 35 952419
120 40 767305
133 2 383345
26 65 108622
52 59 190032
133 72 409746
17 48 552797
149 72 349267
49 30 862490
75 115 139229
86 122 5702
141 145 244090
101 90 355386
97 139 822905
133 88 128263
21 111 943779
39 19 995791
45 91 829498
34 6 650594
108 137 994996
81 1 366874
80 17 527607
50 66 224569
89 137 763797
133 36 206722
142 134 216330
102 65 184981
75 21 312308
4 71 297679
96 78 911250
98 27 571042
78 109 327488
20 145 161457
28 149 772402
140 14 749167
58 64 662896
7 42 617464
51 4 374609
150 66 9264
37 122 71483
106 29 696155
44 97 62618
122 25 598397
98 56 834592
29 142 95796
62 93 661180
16 81 531347
2 15 614621
87 24 920832
102 35 724713
140 62 493840
40 19 396602
58 26 938785
58 55 244057
135 147 670841
120 23 595773
118 35 798942
55 6 950598
46 121 482678
143 46 602741
119 115 823392
41 87 753583
94 140 729810
17 14 716082
74 140 865909
149 110 557463
20 127 867006
123 125 655306
145 32 837582
143 53 622469
9 78 948237
61 93 609556
138 116 747203
97 130 313156
135 71 856887
10 12 259693
115 105 223692
44 33 997027
109 148 181912
119 86 655992
129 49 71
49 37 621940
37 144 149873
3 7 204119
138 118 711735
68 16 705999
92 123 297251
128 36 822710
8 91 119041
150 100 649358
110 130 456953
119 44 110847
62 140 62191
117 144 426064
100 46 234589
8 42 440741
63 40 734255
6 22 561017
21 57 274848
58 94 48603
93 58 370579
78 27 752942
123 17 534004
53 125 988956
7 95 613009
34 59 487643
104 144 637299
140 134 669219
97 95 675714
117 5 362862
126 72 304216
98 72 800754
21 122 505509
60 52 403420
61 125 116675
46 62 758413
145 148 260315
145 30 407514
21 42 355256
72 117 73598
139 120 273578
55 106 967779
22 50 116638
93 23 77521
69 46 554300
50 84 548278
14 120 654978
15 95 772375
41 105 707552
14 95 240022
65 66 525075
95 116 143654
117 104 623942
112 90 572682
121 80 43558
21 88 733205
19 109 974789
13 80 197341
144 84 941234
150 108 846017
138 3 435670
17 108 625374
68 42 493395
17 79 890573
137 22 112792
9 51 838623
60 66 873928
25 104 803996
12 54 533965
32 144 180856
132 97 663799
118 5 413911
124 86 321881
126 106 411587
95 138 165158
133 56 114604
63 88 210760
79 146 205088
53 150 193602
124 123 545418
128 111 323207
37 47 451120
45 45 413850
83 91 645032
59 102 150631
150 145 874011
4 143 673954
111 132 576830
93 125 655327
109 110 39052
83 89 301106
31 136 263624
55 36 83721
107 57 251442
102 114 104775
111 84 818248
62 114 610338
83 6 391679
137 33 145024
43 111 263618
134 30 754701
7 52 938219
49 72 347168
37 90 247232
83 16 337743
8 75 570416
112 12 611344
84 94 462990
87 127 604562
60 96 757902
32 90 969179
42 2 805373
148 87 944292
119 115 102086
87 52 817266
50 29 304419
91 104 325366
145 17 820064
52 109 734952
60 17 432599
149 43 819488
135 128 464167
135 135 267637
126 68 799287
78 116 152858
54 6 365930
106 43 926134
18 13 716387
5 108 448387
99 131 24763
129 19 798889
39 150 267137
76 127 642588
101 61 577394
77 28 27699
144 32 639033
37 100 347723
40 68 15529
111 93 384028
39 59 861625
105 62 388570
84 38 164480
26 1 151567
20 114 677617
56 25 817271
73 46 147864
86 102 949597
52 75 150102
98 85 410164
111 45 719513
117 38 616249
121 116 969504
28 45 388359
43 114 229359
31 134 115067
59 39 541198
109 27 448649
26 95 144774
53 101 21855
110 147 445023
80 86 316985
123 127 427412
110 20 136901
73 129 61016
138 90 259768
74 94 268750
15 36 444401
17 140 251075
118 122 782093
30 47 754607
94 92 492042
20 97 100588
150 120 652128
22 106 847798
5 65 310365
74 105 433060
110 40 915969
131 21 205287
141 100 686937
33 6 868289
47 110 70688
58 23 571719
86 68 369427
138 119 67546
71 33 362964
32 120 109730
40 61 812226
116 34 526477
51 18 762263
52 107 69319
81 70 568962
55 85 427706
115 127 22918
150 56 627337
118 112 93523
57 79 98823
62 35 391843
38 21 844541
99 84 285144
122 29 83293
146 3 52757
35 81 973633
73 143 89691
149 74 209768
141 136 564517
128 9 831153
125 49 615429
62 72 455320
67 146 392449
68 44 454705
104 146 567273
101 91 229028
27 97 827130
53 143 558185
147 44 384184
26 71 461252
62 56 53639
132 97 120194
28 142 473420
46 93 199860
89 103 415682
116 20 766380
138 6 242591
139 91 266294
131 118 481641
52 138 346841
110 129 68435
122 69 914063
92 116 2653
41 110 249729
77 136 125098
12 51 637575
74 2 848164
118 74 98399
117 56 218509
95 38 495595
56 129 149544
26 4 926768
41 76 992840
3 15 466124
46 133 704183
33 147 512952
87 144 208522
150 106 242240
86 61 796035
91 51 518399
43 99 35815
91 98 288798
