754 1000 453 698 0
1 2 624420
2 3 305716
1 4 182331
1 5 176444
2 6 31507
6 7 775109
6 8 261979
1 9 143985
8 10 451466
8 11 402982
7 12 41815
9 13 734224
2 14 357567
1 15 176220
11 16 622786
6 17 601215
12 18 968295
11 19 80109
7 20 892212
17 21 758306
1 22 551030
19 23 402076
7 24 499839
2 25 816351
9 26 689187
21 27 773232
13 28 968826
27 29 836634
26 30 429858
19 31 476205
27 32 192250
29 33 306874
19 34 256103
32 35 257176
1 36 991058
13 37 510562
5 38 685480
35 39 826422
23 40 675994
31 41 183223
10 42 213339
18 43 707084
20 44 900452
1 45 139871
41 46 489523
19 47 248096
24 48 345671
48 49 251071
48 50 200038
43 51 120437
45 52 188247
25 53 70460
51 54 530665
44 55 489938
48 56 690858
25 57 232762
17 58 372400
43 59 866170
6 60 473364
48 61 692063
13 62 301490
51 63 602740
36 64 394347
64 65 832847
14 66 883171
23 67 422597
51 68 662339
6 69 929712
40 70 4215
36 71 881584
19 72 8433
70 73 418343
23 74 951269
7 75 381307
56 76 535179
14 77 461336
20 78 1568
8 79 505516
5 80 20453
43 81 47529
52 82 824990
20 83 414406
12 84 479252
74 85 660030
78 86 525716
21 87 701328
70 88 303662
64 89 84606
59 90 429495
83 91 303374
21 92 788103
1 93 397516
6 94 420220
57 95 1733
28 96 535285
51 97 843277
51 98 592215
60 99 299450
67 100 10188
43 101 527719
41 102 172671
92 103 663539
60 104 975009
46 105 266879
55 106 42856
43 107 246835
90 108 628938
96 109 501497
105 110 45830
74 111 89537
12 112 621019
56 113 699068
67 114 704335
15 115 652193
44 116 255530
5 117 686378
4 118 815480
103 119 533719
80 120 955659
24 121 338603
114 122 12662
15 123 938858
114 124 210707
16 125 14050
110 126 999806
24 127 363359
3 128 330776
88 129 464756
75 130 728069
5 131 610681
114 132 361070
110 133 787656
113 134 179136
123 135 768062
99 136 709547
39 137 757120
10 138 607460
14 139 735668
75 140 606499
63 141 645124
16 142 868837
121 143 821343
89 144 572139
101 145 684855
134 146 84601
128 147 814916
131 148 909081
8 149 952383
29 150 744790
71 151 1000
89 152 653505
26 153 379521
90 154 142959
63 155 171792
96 156 358584
143 157 442849
152 158 450618
129 159 283393
132 160 430996
46 161 532932
120 162 762668
43 163 661121
47 164 463466
94 165 479633
131 166 335674
39 167 77971
64 168 960525
113 169 564843
38 170 276952
102 171 152638
38 172 183572
123 173 567992
62 174 815421
35 175 198470
164 176 265812
83 177 520732
61 178 859741
76 179 207408
138 180 897441
168 181 908349
168 182 400236
97 183 117057
169 184 272848
140 185 752063
55 186 907040
107 187 598014
184 188 656502
84 189 68681
39 190 502767
166 191 677421
116 192 744361
52 193 207166
108 194 299020
9 195 173713
115 196 742142
131 197 537603
24 198 954349
175 199 414513
141 200 119945
196 201 42046
46 202 527174
141 203 155153
34 204 75871
156 205 363924
183 206 648462
180 207 685622
124 208 450517
178 209 685866
94 210 534457
157 211 810789
96 212 838017
45 213 131748
134 214 28347
62 215 863012
117 216 78520
135 217 873767
202 218 325963
125 219 358518
62 220 111117
25 221 534554
152 222 792028
177 223 333922
3 224 502936
44 225 614048
189 226 907364
189 227 613163
24 228 847275
116 229 989854
53 230 88984
7 231 758808
110 232 870749
32 233 348091
36 234 88301
51 235 338989
100 236 384450
126 237 417690
156 238 745560
192 239 813103
86 240 551024
210 241 437920
226 242 129870
151 243 606179
38 244 221115
48 245 7347
241 246 199364
111 247 219983
58 248 913401
172 249 645816
66 250 486382
73 251 565494
133 252 856253
184 253 868756
74 254 564931
26 255 492191
211 256 906079
213 257 589227
130 258 125174
78 259 477006
187 260 203633
219 261 94051
136 262 826237
148 263 317384
196 264 637706
76 265 93216
148 266 46925
40 267 394322
241 268 825023
9 269 306760
44 270 836827
3 271 45617
1 272 959332
179 273 30592
8 274 798108
249 275 607467
62 276 762446
151 277 403564
174 278 225349
194 279 427267
264 280 493202
137 281 871090
92 282 183947
279 283 68992
186 284 251142
39 285 263415
235 286 617122
275 287 100582
189 288 571199
238 289 1119
280 290 522689
222 291 70074
188 292 43345
271 293 653072
157 294 638043
102 295 136897
269 296 169297
42 297 596655
68 298 682342
252 299 560448
168 300 822356
97 301 415904
287 302 299863
224 303 364284
206 304 616560
149 305 172425
150 306 43875
59 307 504827
144 308 821242
227 309 156046
224 310 676543
220 311 273345
59 312 500869
256 313 934357
47 314 956128
145 315 272146
117 316 400744
80 317 103299
185 318 100795
292 319 947573
18 320 697656
121 321 492668
283 322 411972
110 323 340718
142 324 532937
24 325 986150
37 326 451122
289 327 132931
37 328 533808
225 329 792358
23 330 597560
267 331 625847
73 332 59395
159 333 679072
270 334 897549
99 335 332177
203 336 496662
313 337 182650
188 338 921060
134 339 894036
295 340 887806
220 341 682329
93 342 348595
290 343 964743
203 344 393937
175 345 769569
23 346 147759
152 347 57774
259 348 340579
73 349 707704
19 350 971468
32 351 530638
188 352 292106
53 353 415939
154 354 363265
28 355 561004
83 356 839002
353 357 801830
307 358 802946
39 359 643086
125 360 803433
41 361 741382
70 362 264515
229 363 538871
345 364 993674
97 365 866378
237 366 716539
99 367 639406
94 368 475221
13 369 929685
95 370 258077
6 371 690678
162 372 612316
267 373 850829
233 374 811743
216 375 224406
143 376 855350
95 377 437782
76 378 329078
301 379 247122
131 380 819128
336 381 461398
138 382 606743
368 383 605488
193 384 681013
225 385 446642
137 386 139447
183 387 712051
300 388 386308
356 389 419342
365 390 940043
161 391 164897
291 392 271866
106 393 377680
346 394 351751
165 395 829760
11 396 340907
388 397 169948
31 398 519714
88 399 8916
346 400 300716
226 401 347481
336 402 334223
59 403 650466
65 404 419539
282 405 788138
47 406 119876
339 407 357167
49 408 277108
137 409 807412
401 410 262967
94 411 13952
353 412 261157
159 413 556509
258 414 511323
282 415 411418
355 416 387449
31 417 838538
18 418 118118
94 419 225859
36 420 857800
52 421 481695
400 422 399884
151 423 388478
381 424 494948
380 425 20482
308 426 105796
227 427 963282
303 428 460324
196 429 974552
223 430 201026
72 431 261955
417 432 881565
344 433 722501
231 434 236090
300 435 78230
275 436 57955
366 437 329903
187 438 326819
394 439 344144
304 440 116747
35 441 37819
124 442 294256
61 443 404918
267 444 349611
344 445 730381
412 446 288215
250 447 638606
222 448 28823
333 449 332875
291 450 803981
261 451 989147
146 452 743780
253 453 340890
96 454 592839
342 455 585956
99 456 831912
143 457 378334
410 458 322298
126 459 211501
395 460 809463
133 461 533949
235 462 716059
425 463 830459
403 464 351527
287 465 21467
326 466 17567
401 467 856787
70 468 595851
123 469 602718
51 470 777402
19 471 424634
170 472 799035
303 473 997419
194 474 960418
300 475 401142
359 476 509258
157 477 207910
286 478 216717
204 479 657418
220 480 95437
429 481 765301
379 482 767278
71 483 626557
360 484 436249
98 485 156285
255 486 539963
172 487 447443
45 488 998468
155 489 446754
388 490 346089
102 491 846481
238 492 71266
443 493 622154
198 494 700589
477 495 535676
173 496 942729
407 497 981722
229 498 248892
371 499 840153
237 500 105421
422 501 765942
31 502 685386
437 503 321582
46 504 297860
219 505 972676
452 506 507982
243 507 274686
435 508 197634
328 509 857512
31 510 158011
428 511 350672
430 512 979292
510 513 4232
133 514 578248
275 515 959336
431 516 909096
157 517 472585
64 518 487784
477 519 536011
394 520 419386
120 521 676048
176 522 5585
191 523 558398
427 524 703271
282 525 9281
171 526 175672
348 527 293190
161 528 112709
112 529 860929
500 530 692946
476 531 460265
486 532 913128
157 533 397047
422 534 977492
320 535 81642
327 536 747046
48 537 963078
398 538 154610
230 539 682960
397 540 64915
167 541 998419
460 542 325859
368 543 474079
130 544 363332
255 545 176261
288 546 774362
275 547 386652
387 548 263375
297 549 740095
388 550 813902
251 551 381900
95 552 744840
501 553 934630
477 554 547314
485 555 361140
381 556 355653
242 557 887456
15 558 969788
444 559 375065
175 560 511641
123 561 720146
92 562 694561
18 563 538369
520 564 251100
149 565 138977
197 566 125654
551 567 911344
4 568 829537
207 569 771505
350 570 823120
397 571 738154
432 572 794045
464 573 273639
130 574 614212
131 575 590646
461 576 996037
562 577 375210
477 578 667686
506 579 53464
437 580 505743
510 581 827229
130 582 313965
353 583 384342
160 584 497903
452 585 799974
450 586 541516
18 587 494003
465 588 227771
111 589 801385
505 590 136761
403 591 537014
158 592 789703
374 593 685964
463 594 823977
498 595 990050
312 596 318633
362 597 601971
106 598 732881
394 599 533630
226 600 35636
46 601 491781
509 602 374694
322 603 614030
89 604 358976
405 605 67940
114 606 269597
162 607 357783
605 608 978463
438 609 469496
453 610 53867
240 611 326238
278 612 544616
427 613 504100
200 614 300036
319 615 106345
473 616 263216
596 617 947790
503 618 591199
536 619 3643
589 620 293515
465 621 201370
255 622 955887
349 623 309275
610 624 437198
386 625 594030
79 626 585899
232 627 87372
434 628 958606
449 629 945391
264 630 111238
626 631 478741
617 632 982753
30 633 316034
118 634 121398
334 635 357242
539 636 926236
404 637 958795
174 638 927792
311 639 113089
219 640 768146
426 641 618479
527 642 310505
168 643 26157
181 644 288347
490 645 544724
581 646 534997
38 647 270852
260 648 272905
389 649 955551
2 650 233835
201 651 805644
450 652 912115
124 653 115701
301 654 30174
38 655 91081
400 656 620717
303 657 345530
557 658 616101
389 659 844224
591 660 985037
176 661 230292
125 662 765427
68 663 276982
329 664 903015
496 665 79911
228 666 858878
638 667 883376
421 668 920593
11 669 621914
218 670 318907
236 671 546739
149 672 306207
80 673 657807
111 674 167711
38 675 552453
524 676 969062
538 677 202862
75 678 396447
6 679 117161
515 680 177148
247 681 240794
68 682 39664
591 683 979430
654 684 282933
444 685 220152
9 686 155271
414 687 478208
114 688 539558
221 689 357999
333 690 452056
575 691 241724
63 692 982565
272 693 357858
139 694 298457
380 695 393055
210 696 962950
26 697 102646
573 698 899200
240 699 271854
400 700 508639
332 701 409362
418 702 529600
419 703 898031
606 704 50180
38 705 5017
194 706 970319
539 707 275493
322 708 495114
695 709 896048
644 710 647266
467 711 659159
622 712 724423
258 713 348221
691 714 513390
220 715 182409
459 716 379855
629 717 899493
298 718 385064
355 719 128064
659 720 69368
460 721 401548
127 722 307524
216 723 35585
597 724 408726
426 725 680089
478 726 505977
79 727 549905
170 728 70974
614 729 125550
213 730 779834
456 731 729206
223 732 406086
125 733 964083
618 734 388286
728 735 246387
639 736 392066
142 737 495755
666 738 288568
558 739 143631
287 740 291271
529 741 718107
474 742 341342
20 743 877966
487 744 273963
142 745 728138
393 746 999845
406 747 268533
489 748 627651
399 749 280315
371 750 515202
464 751 152841
716 752 925858
252 753 701075
347 754 141993
649 343 690511
650 280 881629
517 680 474641
259 485 723314
538 666 435087
338 618 103248
599 328 263110
202 526 634792
549 1 216449
587 510 926257
344 513 659929
294 682 835461
419 541 344816
639 260 150394
209 510 574249
382 675 298627
333 571 378858
340 387 620678
663 578 857749
668 470 23423
390 349 59459
416 209 745429
383 630 860674
362 556 836923
647 427 299665
217 343 840778
728 454 375770
495 719 453022
146 732 459760
523 608 350575
186 333 441481
531 676 845296
153 275 465086
535 347 249261
635 591 147520
697 411 683873
384 678 971742
651 396 734102
345 366 533109
657 353 57730
175 727 505846
720 56 719326
659 748 152095
218 316 576584
641 205 437363
619 659 197339
746 648 193276
75 562 57230
423 294 264194
626 480 951051
305 658 808972
169 400 810833
262 211 513239
275 70 936781
225 540 420885
560 401 412468
135 436 344873
561 421 378596
365 400 914208
452 315 759804
738 653 86449
428 746 754745
741 261 932344
598 249 675475
497 607 702448
235 324 852055
185 517 871280
194 40 692487
614 117 91368
278 386 388655
249 312 101468
654 296 780426
155 587 708576
53 291 28372
246 341 696789
463 593 578545
413 100 991011
658 355 803647
367 493 579831
125 511 881399
583 136 382975
189 87 85962
512 608 54820
53 301 610426
208 449 335624
165 528 390839
6 375 134529
512 410 517883
25 367 329492
138 221 209960
594 124 164214
346 194 757984
242 630 731647
669 178 808997
117 535 784816
346 352 911283
739 676 811175
556 181 470620
475 596 578656
140 288 835683
237 328 490735
251 156 313882
361 749 578363
523 5 130432
377 671 551422
580 696 534037
314 604 737595
58 5 955073
498 246 213310
456 163 985317
21 363 80346
483 88 27583
261 263 812832
520 140 540612
88 268 582428
8 686 468793
687 299 765333
209 95 732691
164 655 440708
531 572 891600
373 656 813140
446 303 200982
644 517 562140
657 707 361419
219 146 661273
1 505 38516
460 303 756207
175 704 642066
495 517 796194
184 156 63802
350 598 540560
503 485 796341
263 745 44850
222 14 644120
236 322 133587
99 737 998820
125 745 455696
76 534 287905
263 176 121745
622 458 838262
259 693 170311
327 696 34892
261 134 957350
713 440 127077
387 140 358821
693 173 975671
299 138 589940
630 281 94350
248 293 215358
280 283 507553
237 63 309408
726 439 835572
553 372 529768
189 272 879662
470 720 107922
709 196 691067
360 454 995711
355 364 339429
630 696 618231
153 355 520687
202 674 131617
505 396 670387
539 249 75073
4 455 242941
633 221 741425
39 175 368167
547 429 570019
397 348 389431
104 222 148182
63 555 712438
719 300 100119
429 60 407378
118 476 844155
732 460 452023
697 358 880986
637 93 178089
472 232 582222
108 433 873573
466 745 195565
570 280 468154
273 360 182595
115 598 729762
204 156 823252
655 177 895589
684 466 166161
350 517 13808
60 229 12504
230 113 726322
87 288 709938
315 674 462329
626 175 644551
98 601 345547
642 383 822373
547 554 314758
124 69 293169
587 618 116540
326 750 357165
69 600 103945
508 63 315627
157 142 967928
350 35 308433
471 500 826454
154 198 712654
691 407 503572
403 629 395227
368 354 12899
313 748 921142
64 433 713612
391 156 964380
216 385 378638
475 41 306502
531 578 40443
657 339 694757
271 223 653589
639 132 501344
252 615 49893
31 300 136462
317 342 713309
118 158 792175
229 377 653680
363 142 957104
300 410 852462
525 216 381472
482 556 285924
285 359 117164
490 662 35700
238 545 221986
505 624 212721
273 302 687140
737 449 65725
340 728 398699
633 363 996327
62 168 695935
40 63 761471
534 661 275765
737 193 564285
505 535 969512
211 322 831826
120 624 842299
209 272 637516
300 103 873870
716 275 747824
165 646 782783
93 514 50451
682 96 375843
19 754 2426
531 233 942725
