224 1000 179 217 1000
1 2 620789
1 3 842072
3 4 64049
3 5 538197
3 6 491020
5 7 242187
3 8 537314
3 9 285303
1 10 670707
8 11 686971
7 12 368866
7 13 286429
10 14 8503
11 15 832262
8 16 261341
7 17 45315
2 18 234276
16 19 282887
4 20 210624
12 21 201255
14 22 943048
8 23 576540
19 24 969464
9 25 378053
24 26 153008
2 27 741858
3 28 187379
9 29 455003
6 30 867433
9 31 471031
1 32 5405
25 33 805093
30 34 116287
6 35 5494
6 36 646755
32 37 176673
37 38 263936
21 39 275774
32 40 978866
1 41 611979
6 42 755769
29 43 299690
29 44 460536
5 45 197665
17 46 73463
11 47 162264
17 48 765537
6 49 77663
38 50 96198
25 51 934182
42 52 344474
37 53 498691
43 54 761077
46 55 98735
52 56 954001
3 57 888585
26 58 428303
1 59 728402
34 60 505714
8 61 668527
22 62 635809
52 63 850218
50 64 369962
14 65 950001
32 66 952250
26 67 782230
5 68 741094
1 69 896141
50 70 629157
56 71 625969
68 72 683091
15 73 705728
49 74 392432
69 75 217690
7 76 625887
5 77 589254
50 78 709224
61 79 784556
30 80 763510
47 81 912732
33 82 190042
73 83 375622
19 84 259526
71 85 886848
67 86 982930
34 87 259843
51 88 681786
70 89 964910
40 90 888414
50 91 586306
15 92 556545
20 93 372132
93 94 852043
20 95 651359
52 96 774407
43 97 794655
97 98 620582
39 99 525942
14 100 275450
68 101 908699
16 102 467899
52 103 937382
27 104 545605
47 105 422165
103 106 429080
72 107 765771
58 108 84247
98 109 673291
68 110 313354
93 111 958465
16 112 281948
81 113 53626
65 114 40478
7 115 91943
45 116 531586
78 117 188574
90 118 198816
84 119 93721
92 120 564789
106 121 786357
117 122 414559
49 123 58483
66 124 784610
33 125 421435
100 126 233446
16 127 617364
102 128 405302
113 129 969261
31 130 2498
69 131 401560
54 132 403614
47 133 520841
126 134 628546
131 135 374940
58 136 851272
71 137 780748
64 138 939569
1 139 170492
133 140 87712
83 141 47218
32 142 152349
94 143 943255
97 144 732820
28 145 839545
4 146 45075
87 147 440713
31 148 281679
138 149 357789
99 150 773536
128 151 408815
110 152 629696
103 153 757724
36 154 887888
148 155 211558
64 156 343699
124 157 737586
34 158 952177
142 159 814859
26 160 481974
1 161 394973
94 162 495568
84 163 828282
126 164 959572
47 165 944665
19 166 152186
33 167 357842
17 168 270236
161 169 22436
89 170 30523
90 171 564015
104 172 306426
142 173 148602
132 174 365601
40 175 256430
5 176 433756
48 177 417113
103 178 503097
64 179 906668
175 180 20078
23 181 799293
133 182 846480
160 183 398918
108 184 30301
13 185 734628
116 186 91315
110 187 788441
85 188 260502
87 189 983562
146 190 16558
129 191 503170
75 192 707334
57 193 960173
151 194 558927
65 195 680094
53 196 806171
77 197 326794
148 198 178211
14 199 952714
41 200 763649
99 201 166685
117 202 292150
178 203 881891
173 204 443365
146 205 124003
40 206 994199
186 207 997382
157 208 731189
108 209 256602
126 210 295761
117 211 265488
92 212 449757
29 213 368702
105 214 360434
50 215 712542
148 216 535050
116 217 703757
170 218 356870
50 219 339405
209 220 237929
55 221 789572
47 222 115100
193 223 166970
53 224 849896
127 218 327839
140 2 768021
59 112 453683
83 221 127907
215 6 742595
191 22 765014
216 54 798306
52 130 297021
157 210 861805
214 127 256053
92 224 619039
131 217 571618
157 182 260085
84 64 638446
183 214 262084
84 8 187202
43 12 229783
96 99 589508
62 6 204366
96 186 659344
155 51 905716
37 177 753849
104 96 535967
195 188 351298
199 15 875918
49 60 428953
17 216 658430
31 95 499156
143 165 426254
120 216 659374
57 201 956564
57 58 92035
210 129 111167
112 59 140683
131 142 711023
57 135 566228
184 18 634641
181 3 757187
89 137 984384
76 196 969292
10 202 733529
101 142 573040
101 95 792670
4 209 610104
214 97 731471
3 1 432304
215 152 41731
116 214 27173
141 177 574925
150 132 352929
163 65 527821
22 28 529191
167 25 634196
9 163 381867
194 171 678076
199 113 639700
188 29 863240
42 109 530932
79 139 281656
104 199 278023
42 194 527984
77 150 297003
42 154 157578
29 115 319776
180 212 420537
41 182 332608
214 181 845856
176 176 741825
95 34 645811
184 105 573480
156 61 493516
76 60 593680
85 222 21200
185 48 545500
104 54 182084
100 184 840314
196 192 143018
111 45 222937
137 137 839137
12 106 781228
126 2 426364
97 72 557471
147 196 943906
29 220 656538
153 68 357094
121 207 325364
191 86 976872
19 156 673658
206 199 229548
136 175 682016
103 214 187513
177 220 991495
92 211 878837
127 30 1905
205 28 709183
25 18 26817
132 84 149262
118 115 905655
19 132 606601
22 183 755114
140 86 684966
102 138 289350
34 48 860295
21 10 333384
31 15 743633
80 195 762489
37 165 853840
37 204 197224
201 20 496328
54 98 244075
13 138 670877
189 4 123351
189 192 219366
223 15 143102
141 47 579149
212 90 294505
17 50 877802
214 85 70678
93 66 574433
72 30 510836
159 110 502842
106 4 107549
58 25 726336
186 192 567315
100 89 891292
173 145 836735
194 141 780658
142 151 330790
130 95 918077
54 211 177901
26 219 628967
77 221 335631
64 111 159020
129 102 60188
105 68 928623
5 79 464309
71 187 356061
204 41 376581
157 108 987201
38 111 662978
36 91 549224
122 130 485605
195 156 924471
101 132 745894
139 169 952714
19 151 387900
49 34 803854
91 119 874452
144 5 886945
95 181 475024
62 46 336297
133 22 128962
174 80 676338
80 203 985705
134 21 389965
195 114 205868
162 19 865125
55 46 558805
169 79 752292
155 35 884048
15 215 103878
12 20 2148
43 155 821243
53 65 292848
218 140 9603
41 123 961450
116 216 815046
222 138 858645
77 132 135475
77 162 333314
143 139 390554
200 65 787209
150 23 110667
91 12 148487
140 126 550960
38 43 322842
6 63 28904
186 130 71963
32 30 228134
50 114 391324
117 220 253450
117 208 24738
161 186 920959
170 36 360293
27 143 634517
218 37 865542
13 104 77856
76 211 834897
151 97 405457
94 213 554483
3 161 727827
32 84 513277
105 59 618345
149 56 696474
167 2 77318
76 35 647246
58 109 450990
156 107 664881
96 44 72523
95 59 759530
81 201 213394
177 140 818095
219 131 534104
73 128 519292
157 39 229423
215 224 415314
39 81 196038
127 55 546546
144 162 737729
149 143 440602
56 161 865812
122 11 792832
224 87 86053
22 164 351629
7 198 484899
119 8 375196
198 171 887010
9 176 667059
15 116 380154
54 1 654786
97 35 586655
32 134 900890
207 164 54785
125 172 547119
19 171 612967
83 159 15378
108 82 371015
212 131 175528
224 50 359274
28 85 729583
142 97 301183
73 99 846515
19 43 965117
218 201 194508
33 19 968061
43 174 892507
219 44 874326
176 159 777988
180 19 618107
113 171 316398
200 208 383379
37 126 466553
59 14 199896
178 34 139456
113 23 704499
196 52 491152
207 147 912022
12 195 38695
16 66 154458
92 78 939313
106 24 450585
64 62 851455
98 122 46607
191 2 340873
13 23 836909
50 202 234278
42 168 708478
197 103 342473
220 139 47103
12 33 414590
76 188 497849
40 185 569126
95 149 570400
218 64 137328
148 9 522161
71 88 938905
194 27 420808
109 202 729126
143 101 643328
133 200 677279
83 166 331791
58 132 291982
79 11 30176
41 144 9849
72 130 469619
26 88 731484
105 186 90419
126 93 751403
216 128 133399
138 116 4807
184 86 368507
19 222 53118
64 21 75903
138 201 658056
58 4 310497
154 136 500672
158 90 3671
96 207 997728
207 113 281777
171 50 206849
183 171 272044
117 94 915665
223 202 259225
224 215 517141
178 202 738480
84 212 729570
179 162 419696
152 185 931287
28 220 442553
80 52 640350
121 145 538027
214 27 830498
37 201 226560
92 131 180051
99 114 822439
34 4 461272
96 62 59684
211 172 953109
103 98 239845
165 97 909662
197 13 225574
48 91 978618
126 6 184263
206 33 106716
48 105 860652
85 3 645854
135 100 307222
82 184 217535
65 13 76864
134 58 860767
99 38 211773
197 223 24888
59 52 38032
173 89 957472
152 28 341261
196 80 503613
72 192 874798
54 191 739272
49 217 596601
142 173 840645
49 53 179792
146 109 481217
186 19 574425
36 56 227598
73 188 42448
118 73 640188
102 197 533545
14 90 713625
193 99 340395
91 158 170154
75 111 392585
23 62 597738
211 218 119619
126 120 515842
163 50 533373
142 181 503690
186 22 591582
192 106 629888
75 151 529196
133 82 248775
182 16 276903
37 170 86498
69 7 715491
180 206 776497
10 133 929642
214 210 283947
88 50 620050
213 35 571228
95 149 546715
96 191 682146
172 139 329868
39 114 837923
193 134 764622
213 52 444881
81 40 528713
206 223 585890
191 192 119806
41 213 346377
87 164 533221
79 82 608569
205 144 405512
212 142 926683
150 223 835615
86 118 785549
36 200 732206
117 76 514270
69 59 70941
50 156 502152
158 123 422423
107 32 988782
101 222 938021
117 23 882455
29 164 674764
91 130 825321
149 213 606308
215 31 587113
3 126 615355
15 201 497458
125 77 408170
114 48 133556
217 43 372725
19 54 157808
102 90 332905
37 138 333938
202 79 601714
184 201 611790
222 50 257019
116 113 346142
71 52 489610
147 8 216378
215 144 78491
196 77 588025
35 102 817979
94 221 137704
6 116 550568
193 137 588553
119 86 961640
51 214 209807
70 160 470440
154 149 571223
61 185 8854
54 196 697449
213 154 284353
1 102 843119
54 40 585199
74 127 696821
212 175 519359
46 211 244002
166 96 68993
24 159 858358
105 204 258003
91 24 556997
21 129 920190
14 163 296691
222 68 300817
200 117 241456
174 81 274044
220 44 851382
129 208 662639
182 45 418370
194 56 652084
86 32 956944
100 104 55435
13 202 235482
132 195 737093
183 105 539922
221 141 758883
184 213 9438
140 132 917232
218 22 369171
102 161 452508
134 129 743606
182 15 344667
129 87 876335
187 42 915134
106 31 783
130 124 952081
113 195 269508
33 21 140853
186 73 98010
52 41 377086
210 179 96181
155 79 191120
49 218 480589
147 183 258485
49 70 116457
213 204 528963
78 81 295007
12 106 26412
31 221 825995
155 34 634470
148 212 890766
175 140 543869
114 191 453066
192 172 753845
139 9 992859
78 41 434853
1 52 630232
186 74 474960
156 28 680010
195 18 304646
10 76 2860
35 158 75899
183 94 357349
105 60 343783
13 151 274946
120 111 712030
78 163 563576
96 64 90161
208 77 421144
124 39 331332
25 33 936404
12 187 997105
60 101 569521
147 22 632798
114 22 430606
84 14 795099
156 96 780308
137 207 712383
89 32 534462
5 93 118019
3 157 921484
171 200 108575
111 68 865987
206 17 857828
101 4 895144
74 93 834394
29 10 701820
131 55 652443
187 222 145402
190 108 985776
108 125 344783
29 1 200427
97 25 168538
127 119 901381
140 142 510692
23 195 192633
57 166 821025
203 199 763808
207 48 110569
144 117 426895
200 61 109489
197 102 744302
173 123 110029
46 21 790171
150 150 7914
82 66 248127
32 44 660743
183 100 501038
208 143 756788
28 143 855493
136 65 501710
215 199 211776
71 75 960058
145 195 6618
166 63 624928
127 38 948713
113 111 684522
67 90 746745
163 142 513342
163 14 305384
197 37 967608
199 17 465602
72 121 344620
121 144 601182
129 28 811163
89 141 729528
5 208 156340
126 65 128849
69 131 940365
84 20 337477
172 8 558946
211 154 953323
152 179 273933
28 80 789426
149 88 180743
58 120 988282
160 133 995422
151 114 720561
155 188 955512
28 219 267440
172 53 725447
205 139 460694
155 116 43982
4 9 697955
12 135 393107
141 210 199128
218 36 819365
131 139 800333
117 193 44369
74 34 893394
93 83 301856
108 204 876682
31 43 415507
183 219 976006
48 46 940385
55 95 259743
137 53 988401
17 31 313750
130 37 810644
160 56 855279
178 79 851717
84 117 136459
70 74 69667
8 207 678854
224 208 679534
2 200 21905
178 183 790337
113 195 678032
187 49 519759
98 102 522551
161 71 986657
3 83 938209
80 114 929423
156 35 143153
179 122 830270
171 196 690285
208 18 784665
32 149 542231
137 51 730195
217 128 91150
177 57 892444
126 216 113254
108 155 185570
224 147 671107
138 111 629514
46 106 465852
197 30 280303
216 14 172718
217 4 485339
135 205 229214
36 107 360772
29 39 994836
63 169 755401
42 170 427764
27 55 268973
15 85 369054
96 83 331219
22 75 916937
130 56 336827
81 86 382364
37 29 390396
179 158 530190
84 172 280515
13 138 629887
60 132 757323
138 87 794518
142 113 998750
77 119 128220
149 107 36939
137 44 779353
181 141 9192
33 38 223086
133 215 837195
194 153 419571
206 102 395396
94 2 782419
101 114 153693
106 188 222116
6 104 43349
90 190 707595
18 74 585049
220 88 778448
106 196 872196
83 110 766782
204 80 997273
182 52 591103
173 173 350590
136 10 451446
24 188 412156
24 154 353436
71 60 334901
28 17 638687
97 198 595045
171 27 215928
19 139 574365
24 34 88076
209 109 34171
150 40 546309
78 91 91310
8 98 350898
218 114 263145
40 88 24797
221 112 679078
27 27 390956
18 187 861918
19 71 909435
165 178 693062
38 186 64504
112 50 161228
13 147 451839
179 109 152275
191 206 311863
18 69 974315
143 223 20269
84 111 490324
100 141 150511
185 167 166965
216 114 959020
91 46 264473
51 112 15307
169 11 992809
169 86 191945
65 65 473520
114 84 228183
108 174 8715
40 156 295987
30 37 910895
135 58 720262
46 76 83040
224 181 708287
50 216 856879
62 70 974062
32 103 590900
157 88 989220
1 223 649805
8 65 29449
55 101 640598
147 193 501758
17 33 51305
152 153 385716
172 49 163416
214 206 249356
108 203 384361
198 190 62065
91 88 776338
64 2 158900
194 77 829749
79 133 590695
166 11 802974
144 164 878460
102 185 749563
177 199 422622
114 1 674395
8 94 762192
14 169 427243
113 192 204614
7 84 295405
44 65 402690
213 56 187321
151 18 821232
211 33 470777
168 62 121027
155 70 320928
142 34 209745
69 74 424363
201 108 721388
2 87 944091
199 152 817028
148 150 832818
32 167 129786
48 82 6380
85 65 83590
23 174 300672
197 109 756171
210 164 982168
208 174 147449
140 64 161485
176 97 867813
85 60 679398
52 181 710244
148 158 753107
191 42 940142
13 111 595941
129 109 537264
212 189 367505
117 51 637746
16 211 434214
91 20 58219
211 120 621067
151 74 219490
57 166 737276
41 43 991111
32 172 553222
207 131 450769
168 103 138049
56 22 317145
43 28 407566
75 85 931959
30 57 922770
184 62 413789
105 77 854386
221 89 261553
164 69 80207
156 209 768238
211 9 149828
58 144 33853
68 151 821278
124 159 193744
198 159 478428
93 93 867648
76 190 944808
51 29 19368
66 126 264916
36 197 200066
15 206 899032
195 196 12160
173 191 447947
144 179 242670
102 192 136225
15 208 650119
47 58 424293
135 184 993429
105 110 7095
190 99 299277
118 110 897223
148 165 829033
