843 1000 21 693 817
1 2 562850
2 3 588189
2 4 623953
3 5 75697
2 6 448625
6 7 42775
6 8 983061
3 9 139414
9 10 564567
9 11 8440
3 12 550867
9 13 10188
4 14 947561
1 15 109477
13 16 907007
6 17 40024
2 18 726141
17 19 282370
17 20 600144
7 21 413887
15 22 129448
1 23 431988
15 24 480441
18 25 937031
22 26 921917
16 27 186210
12 28 585329
3 29 724019
15 30 834195
21 31 392303
4 32 340907
8 33 178826
4 34 219455
22 35 384000
35 36 255005
28 37 200144
1 38 258773
19 39 772731
39 40 638972
6 41 903370
25 42 523114
32 43 681925
30 44 67388
18 45 825853
35 46 145940
43 47 759811
34 48 652948
30 49 230830
13 50 704999
17 51 675737
47 52 928184
37 53 698018
30 54 591544
35 55 907629
24 56 694428
30 57 620127
41 58 474013
14 59 816291
18 60 616503
33 61 346600
51 62 757610
37 63 174561
59 64 71676
24 65 286916
8 66 183093
60 67 729292
65 68 133601
18 69 574711
9 70 28178
62 71 275720
14 72 868123
34 73 170950
39 74 927638
35 75 153787
74 76 997599
29 77 815158
2 78 755095
49 79 68362
64 80 196578
6 81 776077
16 82 832361
69 83 552793
59 84 14297
4 85 868302
71 86 774433
26 87 654094
73 88 170424
11 89 362944
69 90 248021
47 91 404366
47 92 55542
56 93 938727
76 94 886106
68 95 502077
75 96 256198
57 97 240007
63 98 911299
1 99 201537
68 100 957086
90 101 696871
68 102 665192
81 103 354622
78 104 306292
104 105 730636
73 106 170139
49 107 583386
7 108 813435
68 109 119097
38 110 589043
57 111 34618
108 112 559017
16 113 140468
55 114 823940
105 115 781955
54 116 363186
28 117 164035
116 118 779108
110 119 121689
115 120 962317
73 121 597482
77 122 250663
15 123 626209
12 124 956270
72 125 288878
68 126 160802
70 127 468674
84 128 882761
107 129 535572
116 130 54251
125 131 251039
3 132 361237
94 133 613281
84 134 660118
133 135 717981
22 136 683589
102 137 788954
63 138 708153
93 139 64546
69 140 441615
125 141 558917
119 142 72552
44 143 719635
67 144 277736
123 145 821541
62 146 846328
78 147 682453
138 148 352453
5 149 566337
62 150 579519
141 151 437004
21 152 222235
56 153 853981
101 154 390289
60 155 59230
104 156 696287
78 157 410942
121 158 522884
83 159 8303
92 160 296198
110 161 863785
33 162 327660
13 163 680677
34 164 592580
59 165 690403
60 166 372190
109 167 943205
115 168 635791
118 169 134386
46 170 999216
147 171 465683
165 172 903261
6 173 632089
72 174 597622
71 175 733653
39 176 213921
118 177 349535
2 178 549702
126 179 704656
93 180 421265
50 181 89096
8 182 858612
133 183 144744
165 184 840226
16 185 855385
154 186 91669
54 187 411971
167 188 5705
68 189 478679
10 190 880703
3 191 407430
23 192 808571
3 193 271303
129 194 963654
173 195 875221
187 196 319660
170 197 814959
64 198 324479
197 199 640534
35 200 474963
110 201 682514
79 202 435328
43 203 946158
185 204 186659
149 205 94327
131 206 556253
132 207 428673
185 208 872275
67 209 672802
183 210 424364
198 211 684148
112 212 205398
37 213 746200
90 214 299329
192 215 371502
59 216 775778
73 217 131934
162 218 70513
169 219 970898
102 220 971180
139 221 604281
79 222 982738
184 223 116422
64 224 215529
136 225 62958
6 226 772281
8 227 219502
125 228 981646
81 229 451715
2 230 101625
60 231 227504
174 232 705807
216 233 29116
141 234 23145
89 235 341617
67 236 734947
121 237 119389
121 238 987870
17 239 996821
22 240 339453
225 241 579821
240 242 153259
66 243 972994
4 244 533268
241 245 744177
14 246 293671
119 247 534812
170 248 533595
123 249 181164
39 250 784359
113 251 411785
107 252 162952
243 253 703332
194 254 737407
235 255 647150
52 256 87312
222 257 863391
202 258 825796
110 259 581872
183 260 181544
77 261 65376
34 262 226700
111 263 281587
24 264 898565
130 265 606190
115 266 89131
13 267 745885
8 268 729116
21 269 561293
152 270 284471
100 271 982802
50 272 476641
159 273 18946
161 274 386564
215 275 988728
111 276 425995
6 277 871506
34 278 364711
80 279 244916
273 280 360205
62 281 209603
19 282 592438
136 283 53866
242 284 602077
132 285 724184
30 286 20293
58 287 966336
185 288 735984
37 289 977432
109 290 192425
278 291 314395
182 292 522363
63 293 120711
283 294 58936
138 295 187551
274 296 623475
254 297 718570
201 298 156358
155 299 318322
88 300 63117
79 301 593798
278 302 579881
264 303 29560
261 304 981182
287 305 553184
44 306 323637
253 307 276055
14 308 937402
8 309 367485
167 310 388031
184 311 661172
74 312 149560
130 313 231139
67 314 952285
160 315 540148
170 316 375211
202 317 779029
180 318 612643
64 319 942395
94 320 924426
61 321 386202
277 322 71527
62 323 576430
215 324 476040
237 325 213494
107 326 604989
51 327 813812
140 328 450779
314 329 540014
137 330 358650
205 331 251056
270 332 950712
197 333 972615
329 334 847988
116 335 554695
6 336 939732
112 337 905479
214 338 647423
305 339 576224
194 340 154147
223 341 180465
152 342 304817
141 343 70046
78 344 213724
103 345 226892
157 346 805022
235 347 513574
13 348 343538
285 349 74395
195 350 582747
255 351 894558
63 352 30236
295 353 136357
289 354 244350
53 355 687211
233 356 711117
296 357 968366
231 358 31451
202 359 319730
10 360 659771
239 361 859004
221 362 895303
31 363 281431
319 364 318619
93 365 195218
323 366 546328
220 367 102848
289 368 213474
322 369 766006
132 370 782690
111 371 368401
313 372 613701
38 373 357102
167 374 23419
247 375 147312
237 376 57401
309 377 468926
259 378 317239
119 379 584386
236 380 720818
57 381 267691
262 382 453676
171 383 465835
361 384 525351
353 385 143482
24 386 70125
29 387 289745
348 388 441355
189 389 755696
209 390 955730
286 391 733593
7 392 337045
334 393 656658
211 394 965677
65 395 310631
315 396 380600
317 397 726374
267 398 66901
389 399 349793
289 400 81706
356 401 665007
236 402 445151
18 403 135659
291 404 369888
383 405 878516
350 406 34142
330 407 954027
64 408 283599
180 409 971129
369 410 204650
168 411 879174
191 412 110060
98 413 762051
20 414 359189
292 415 782817
108 416 78315
12 417 712407
317 418 973622
125 419 768800
396 420 495171
66 421 458298
334 422 868130
416 423 763945
341 424 536487
141 425 205042
195 426 994540
171 427 821728
286 428 739661
227 429 129090
190 430 867243
104 431 680299
140 432 340075
168 433 649137
330 434 26804
136 435 422703
190 436 251188
393 437 725827
314 438 696219
62 439 973264
431 440 397022
411 441 423677
166 442 892021
430 443 524532
186 444 81502
376 445 149348
228 446 306008
196 447 230271
273 448 161064
136 449 566077
418 450 637784
347 451 992792
428 452 184627
64 453 864654
143 454 451594
356 455 762785
439 456 795571
118 457 452506
260 458 890244
301 459 261122
34 460 191452
266 461 126312
109 462 630299
187 463 639070
273 464 333412
61 465 150396
194 466 243362
202 467 421659
86 468 311425
148 469 203867
47 470 758128
405 471 749725
360 472 678
140 473 98634
460 474 95066
453 475 65162
251 476 430793
431 477 767182
305 478 846004
242 479 385671
31 480 376607
53 481 9324
224 482 520147
274 483 88312
113 484 145500
124 485 279594
433 486 98124
454 487 823939
163 488 684535
47 489 445708
354 490 626741
119 491 402829
103 492 822628
297 493 699158
286 494 39011
461 495 676410
292 496 857367
130 497 957199
468 498 228650
218 499 451760
159 500 862662
304 501 937275
178 502 902815
487 503 410004
140 504 664807
166 505 9888
13 506 173015
385 507 209546
229 508 211821
23 509 887617
192 510 535016
462 511 699320
72 512 4238
500 513 666789
44 514 336423
378 515 891010
423 516 42367
204 517 618703
85 518 298023
414 519 590414
229 520 31797
354 521 132998
147 522 370559
421 523 566145
429 524 396068
134 525 86926
16 526 259972
341 527 627967
469 528 191235
89 529 759724
349 530 956554
121 531 156015
323 532 667781
465 533 296421
20 534 5926
123 535 789747
418 536 635937
361 537 138559
132 538 583406
340 539 793331
520 540 220234
520 541 135293
500 542 281398
383 543 941329
105 544 130550
483 545 134246
347 546 445843
486 547 593013
130 548 27418
429 549 154046
63 550 443291
511 551 446978
71 552 116651
341 553 561034
143 554 997346
89 555 328478
66 556 514782
155 557 336271
295 558 976126
521 559 362158
119 560 905256
417 561 379218
274 562 884611
373 563 919190
153 564 846205
506 565 971480
380 566 332294
425 567 597436
543 568 775252
333 569 723943
100 570 9181
424 571 717700
503 572 59040
254 573 655170
353 574 993564
177 575 45652
474 576 551255
547 577 843696
573 578 338713
162 579 964433
82 580 154478
272 581 641333
423 582 507816
428 583 229279
246 584 509338
170 585 678166
169 586 546526
477 587 332836
89 588 683472
114 589 395544
314 590 903185
163 591 489157
93 592 377029
361 593 247617
546 594 146645
525 595 285990
271 596 193582
317 597 459924
317 598 950208
362 599 119597
12 600 652992
82 601 263576
212 602 940646
519 603 851071
42 604 974767
310 605 330064
96 606 870812
394 607 397056
189 608 287409
212 609 390915
299 610 632440
569 611 455574
468 612 477436
423 613 94453
207 614 625422
249 615 289317
445 616 521923
495 617 789228
439 618 410099
581 619 771347
107 620 246972
461 621 245867
81 622 174973
613 623 393797
333 624 562076
435 625 895224
158 626 941953
411 627 739487
290 628 214616
325 629 292057
114 630 673682
476 631 773767
623 632 257509
200 633 545874
45 634 995207
613 635 512674
467 636 828599
394 637 399272
339 638 788789
632 639 573013
291 640 7557
406 641 400544
632 642 850096
83 643 902083
163 644 791938
247 645 719935
423 646 769997
431 647 335636
120 648 240996
398 649 584394
96 650 947297
51 651 639531
386 652 33697
406 653 933895
581 654 765378
510 655 493614
583 656 547052
222 657 44921
411 658 244485
306 659 49794
106 660 319675
110 661 899815
565 662 861950
655 663 719307
377 664 708163
191 665 2837
218 666 404994
534 667 570927
397 668 158008
471 669 974984
614 670 786918
163 671 958290
641 672 667281
618 673 177413
217 674 641856
83 675 463322
359 676 410049
397 677 531665
132 678 849957
241 679 429292
495 680 654911
93 681 335730
633 682 713960
513 683 162284
511 684 31998
72 685 666155
190 686 99169
215 687 591488
586 688 160372
585 689 968835
105 690 671650
30 691 667213
236 692 238870
264 693 71678
97 694 939778
687 695 500919
377 696 317017
191 697 906529
138 698 45589
102 699 250724
72 700 16882
197 701 940017
464 702 224433
652 703 421305
545 704 320406
462 705 477235
555 706 108778
647 707 749530
675 708 127418
379 709 477996
89 710 806422
51 711 664109
20 712 366674
557 713 249762
279 714 585673
695 715 917078
194 716 652181
286 717 198361
557 718 408472
336 719 72188
702 720 972278
86 721 389846
116 722 939160
110 723 878273
671 724 575211
110 725 79710
217 726 622879
636 727 761549
364 728 621545
96 729 238070
370 730 407298
85 731 580355
216 732 491813
716 733 373795
701 734 558869
219 735 121417
297 736 344532
3 737 539306
643 738 323053
440 739 338115
666 740 514283
410 741 671121
537 742 322336
269 743 974039
564 744 462879
503 745 922332
537 746 696258
123 747 546857
331 748 591652
378 749 544399
461 750 503336
446 751 611488
703 752 294833
516 753 838257
95 754 471784
478 755 424223
445 756 542457
58 757 839494
553 758 626966
594 759 886027
665 760 159218
330 761 44116
374 762 882119
271 763 202826
258 764 862098
684 765 224670
568 766 182225
745 767 119681
432 768 986188
329 769 86571
287 770 643913
684 771 872085
321 772 948245
179 773 993854
708 774 338882
551 775 743850
663 776 640932
417 777 461662
302 778 826964
373 779 629094
198 780 777133
470 781 168975
681 782 939601
408 783 237677
231 784 632741
707 785 746006
408 786 727056
429 787 75173
308 788 809152
427 789 172280
420 790 20325
141 791 517299
699 792 533044
301 793 273019
663 794 927590
364 795 761083
198 796 439799
37 797 440994
595 798 101159
312 799 26339
525 800 106556
160 801 649268
332 802 528893
216 803 478032
385 804 610297
324 805 783797
236 806 55358
324 807 485478
671 808 860323
397 809 238122
654 810 369791
667 811 64971
27 812 647791
300 813 635160
447 814 76499
652 815 142883
351 816 589009
674 817 676164
448 818 355153
387 819 732308
788 820 912768
437 821 317363
603 822 616974
232 823 232835
391 824 989551
545 825 905899
151 826 452061
312 827 574421
280 828 278741
799 829 393135
437 830 482262
486 831 582638
621 832 275877
648 833 917574
722 834 337227
410 835 249779
149 836 619797
286 837 698356
654 838 605587
659 839 681995
180 840 851162
33 841 909118
554 842 974915
517 843 497433
108 610 839401
825 633 399898
19 66 453698
567 600 110141
590 25 39020
46 369 887136
803 394 190327
705 302 292304
775 135 422691
175 487 261406
90 75 285783
56 195 713014
816 645 717533
523 509 502271
320 171 970913
11 269 254968
427 61 288810
818 688 763410
469 699 878105
137 472 7113
647 741 99872
243 364 873223
214 59 852932
619 479 238330
614 11 797462
540 592 662389
819 744 538734
347 371 922629
536 361 438953
165 562 842581
633 116 279206
140 479 836677
232 629 795964
802 749 35846
777 507 48382
688 785 782906
678 554 685106
562 598 933194
697 17 538766
75 769 941959
670 821 362676
436 740 124037
638 801 243888
631 237 793653
763 250 426160
21 161 345923
330 56 637571
652 77 105840
454 723 685397
313 399 44592
710 600 150954
489 239 11847
399 244 183962
89 49 227296
748 320 598861
815 670 152110
48 320 288503
119 835 535943
245 41 506069
455 804 806014
668 829 59496
322 198 23744
837 196 526450
649 362 927985
246 320 329391
797 805 512072
487 271 307286
298 831 435945
283 115 226064
576 272 294466
533 201 384825
599 669 367336
246 804 600213
389 273 904243
384 629 430613
93 57 963799
836 272 734282
360 192 102341
530 518 746601
650 572 852737
468 708 340672
263 28 699334
583 264 184632
637 624 964887
269 187 5197
725 609 921255
707 608 535882
50 413 413740
267 721 305288
8 75 261248
429 587 119528
157 777 406009
802 210 893583
637 41 510473
77 655 66658
373 87 921112
250 370 154242
526 145 696928
273 34 192586
758 560 65290
460 349 148231
234 549 305672
770 485 626296
478 455 481715
19 703 168007
311 626 854054
774 743 675398
722 440 570395
45 493 962733
716 662 457221
361 264 190227
528 762 374573
814 801 154604
817 206 265041
535 593 384899
532 693 596858
259 176 202616
278 530 475293
697 158 681723
575 231 929333
637 156 807753
349 782 308511
830 639 361255
706 725 578742
825 26 898398
652 319 690288
707 705 850358
121 298 913209
842 339 872310
632 202 669711
135 684 426586
698 374 136158
567 483 374358
230 794 479837
649 609 757259
672 626 733161
506 514 502408
44 419 887328
433 797 567875
832 534 462337
784 23 545112
90 433 917955
587 299 780674
509 833 662963
800 403 430872
425 143 748306
822 360 368585
276 616 267503
606 536 433563
165 39 5953
45 843 941345
672 301 975879
280 469 417723
291 492 518884
578 562 297299
177 489 551221
582 82 307605
625 508 546998
