895 1000 381 336 613
1 2 786533
2 3 132617
1 4 509276
4 5 529615
3 6 196871
6 7 741811
1 8 382428
3 9 390781
8 10 850582
3 11 580988
2 12 319027
9 13 996606
9 14 688374
12 15 668890
7 16 909158
8 17 127399
13 18 679309
10 19 742210
3 20 70586
20 21 802252
4 22 931904
22 23 235689
3 24 184757
4 25 648322
5 26 444787
3 27 712963
24 28 920794
17 29 233438
19 30 832460
16 31 588359
21 32 437104
21 33 820662
20 34 657840
6 35 557801
3 36 525114
16 37 639263
16 38 313987
4 39 127901
9 40 200063
4 41 348332
38 42 102443
19 43 370649
27 44 295747
18 45 852980
17 46 504140
4 47 546834
39 48 571595
26 49 546508
4 50 319372
36 51 20605
3 52 467293
41 53 61000
32 54 33104
36 55 276111
43 56 631932
21 57 54717
4 58 89852
5 59 471677
47 60 514735
59 61 610177
1 62 705974
39 63 263676
39 64 185274
55 65 701736
5 66 791971
43 67 331969
59 68 637089
46 69 524231
4 70 891943
39 71 617920
70 72 214700
62 73 575156
34 74 978728
32 75 853680
39 76 921245
76 77 889027
17 78 975243
1 79 251204
64 80 329018
76 81 148426
56 82 607348
69 83 965874
1 84 112584
8 85 823837
62 86 773129
72 87 527343
37 88 701133
48 89 571857
74 90 68143
67 91 208880
70 92 327949
49 93 186300
4 94 314506
18 95 970602
54 96 842701
89 97 574322
81 98 475456
8 99 767186
5 100 375506
49 101 125641
18 102 188405
73 103 749340
44 104 182049
57 105 819733
64 106 380623
66 107 51199
50 108 176639
15 109 562283
37 110 162739
41 111 126830
51 112 777201
47 113 907041
3 114 993541
70 115 824544
23 116 245757
39 117 740939
55 118 987627
28 119 850568
6 120 537319
27 121 948223
2 122 764426
63 123 912924
117 124 148916
113 125 95632
97 126 395398
85 127 504785
69 128 648681
29 129 154134
126 130 482309
1 131 691868
41 132 237835
37 133 319139
129 134 973484
90 135 350578
130 136 341407
85 137 506831
120 138 242079
27 139 857159
113 140 977514
131 141 555692
50 142 709636
89 143 260306
96 144 282610
115 145 632465
5 146 539007
91 147 425030
2 148 913467
51 149 269842
142 150 995830
92 151 783258
54 152 88841
144 153 350405
11 154 756174
143 155 219585
41 156 216931
73 157 279294
14 158 173548
29 159 952881
119 160 67982
98 161 865938
68 162 582644
33 163 676255
49 164 721613
114 165 144151
53 166 406539
40 167 700928
158 168 739430
2 169 28449
67 170 558616
145 171 710729
28 172 468831
76 173 552198
20 174 258878
93 175 672750
80 176 473787
169 177 622298
152 178 144930
129 179 112166
108 180 31297
5 181 93490
176 182 473515
166 183 703012
142 184 45877
93 185 719524
30 186 235516
144 187 957279
98 188 513116
31 189 678468
10 190 775546
133 191 303178
165 192 630844
8 193 200040
42 194 644875
154 195 966875
1 196 582488
20 197 734500
25 198 581396
3 199 436167
83 200 291702
64 201 424013
150 202 522362
6 203 989507
93 204 791580
194 205 751161
22 206 162529
180 207 934404
20 208 266318
127 209 784956
33 210 646958
109 211 390654
75 212 387729
43 213 669419
5 214 805448
53 215 307176
146 216 905898
204 217 222172
57 218 554450
139 219 597941
194 220 84126
198 221 492452
70 222 4274
47 223 900508
188 224 27443
14 225 708310
219 226 570188
46 227 908560
145 228 252460
174 229 31305
69 230 690182
8 231 286407
111 232 270288
143 233 729042
125 234 1732
168 235 263734
234 236 992419
65 237 60933
231 238 30765
232 239 840914
237 240 481449
22 241 996023
17 242 204452
171 243 154448
193 244 513002
102 245 389630
215 246 794510
48 247 231525
147 248 490152
27 249 574062
131 250 290449
44 251 486405
192 252 845545
69 253 146012
31 254 826450
16 255 347879
68 256 595379
118 257 946590
71 258 968757
46 259 555134
95 260 810953
158 261 426568
164 262 244832
85 263 305536
112 264 430898
23 265 724784
77 266 90552
247 267 361827
257 268 761522
237 269 680874
150 270 506594
201 271 995290
228 272 1998
158 273 778571
86 274 169410
218 275 326363
237 276 64523
167 277 195241
133 278 632829
65 279 464410
50 280 5166
116 281 425368
67 282 861049
157 283 225678
108 284 69437
262 285 805741
96 286 528539
165 287 117227
15 288 250236
223 289 532286
260 290 192648
146 291 185893
255 292 464495
175 293 119648
261 294 695652
207 295 129331
232 296 787421
8 297 868774
256 298 948181
29 299 497544
176 300 403722
95 301 261160
205 302 974784
249 303 611290
238 304 423739
8 305 459064
159 306 152073
131 307 124062
26 308 379894
56 309 60205
264 310 381461
290 311 416137
41 312 206654
53 313 200859
252 314 101899
170 315 578640
149 316 544282
15 317 154584
249 318 978958
10 319 586152
104 320 38670
233 321 664760
318 322 917572
251 323 436613
67 324 452382
221 325 117200
145 326 169233
186 327 746078
188 328 546385
2 329 487478
123 330 443035
222 331 532070
213 332 900140
89 333 259326
300 334 238214
249 335 99284
147 336 178674
130 337 593342
140 338 279033
216 339 470363
70 340 116521
42 341 860106
44 342 683415
273 343 784113
15 344 333911
47 345 390839
261 346 914181
137 347 599179
16 348 476608
22 349 682843
338 350 369833
188 351 550302
117 352 909033
243 353 317898
113 354 721000
43 355 811998
157 356 304919
12 357 745690
308 358 243047
94 359 242434
156 360 12623
117 361 362143
353 362 636170
74 363 552062
324 364 490070
248 365 358318
58 366 263606
275 367 480326
232 368 797041
301 369 56989
8 370 709650
154 371 291984
158 372 612006
58 373 85248
160 374 181633
351 375 462290
268 376 593465
163 377 354541
214 378 617128
368 379 373887
164 380 622127
206 381 7928
17 382 762222
346 383 547149
298 384 907981
223 385 883702
20 386 729526
268 387 656880
370 388 486808
212 389 528189
235 390 301861
89 391 188639
137 392 618133
217 393 110177
364 394 752481
201 395 320398
75 396 863689
20 397 982903
52 398 112015
130 399 66481
220 400 1786
153 401 983829
159 402 537748
61 403 769919
277 404 523756
102 405 353039
97 406 228180
331 407 988139
20 408 515619
191 409 98619
275 410 919285
387 411 956651
90 412 252902
198 413 812781
131 414 831899
78 415 888757
235 416 983866
44 417 786939
232 418 69740
15 419 734140
401 420 979170
157 421 49336
314 422 214093
181 423 347573
46 424 634980
326 425 963708
365 426 562082
82 427 472855
197 428 100422
273 429 590617
219 430 910033
86 431 427990
255 432 839563
102 433 155110
410 434 340799
412 435 798118
429 436 414778
299 437 928376
41 438 466000
399 439 899134
362 440 372439
317 441 724130
434 442 139882
432 443 143121
141 444 542695
272 445 329531
6 446 898098
375 447 178134
233 448 408752
281 449 485144
227 450 835468
310 451 355840
77 452 345077
258 453 606797
78 454 171870
186 455 96837
433 456 44284
140 457 863855
356 458 998924
443 459 223194
129 460 439563
299 461 864404
453 462 751484
249 463 811379
195 464 516902
213 465 930064
127 466 827283
115 467 914055
160 468 8018
266 469 686841
442 470 730741
79 471 507338
264 472 403220
435 473 979555
316 474 114568
315 475 179824
71 476 87345
183 477 175587
300 478 829233
304 479 887215
157 480 938351
328 481 628495
480 482 702484
420 483 124989
245 484 241873
145 485 76155
313 486 912535
106 487 941133
328 488 118110
403 489 911676
348 490 640415
379 491 399829
77 492 571289
238 493 454440
187 494 570320
359 495 110602
372 496 789513
356 497 24403
283 498 283728
155 499 204385
304 500 350130
197 501 827795
89 502 632643
285 503 673934
1 504 265370
443 505 289660
224 506 68240
74 507 26248
143 508 286020
446 509 132195
207 510 10073
171 511 651778
59 512 70135
88 513 965470
221 514 280966
281 515 804467
290 516 232630
93 517 882177
101 518 628218
517 519 450702
461 520 903112
195 521 888418
100 522 904155
412 523 347593
327 524 800433
170 525 592853
202 526 460365
49 527 539417
28 528 122102
340 529 862895
417 530 385846
347 531 690163
174 532 323932
513 533 34182
222 534 847419
243 535 903628
375 536 329256
163 537 337390
97 538 996416
44 539 896153
492 540 927200
43 541 525821
205 542 83627
41 543 42062
206 544 268872
265 545 597127
544 546 890208
361 547 706338
24 548 814820
474 549 482401
158 550 736454
453 551 453960
449 552 23931
212 553 153313
234 554 142143
192 555 894903
41 556 366289
263 557 897051
280 558 257267
465 559 991778
158 560 44971
213 561 903076
498 562 34821
103 563 683455
272 564 267023
447 565 988946
405 566 952539
559 567 217539
403 568 285056
389 569 289337
162 570 607641
22 571 585187
452 572 315717
456 573 621359
239 574 209253
73 575 530003
106 576 806626
410 577 271944
387 578 205924
321 579 433610
58 580 420443
404 581 527002
555 582 523770
12 583 713852
336 584 785399
230 585 487608
521 586 448205
513 587 288285
334 588 959035
237 589 857338
241 590 120386
154 591 746979
568 592 55594
184 593 504178
222 594 765
102 595 754499
590 596 127754
357 597 891447
213 598 332772
224 599 767795
445 600 404833
223 601 86622
590 602 479324
6 603 405413
474 604 334387
203 605 552570
159 606 382473
73 607 718609
90 608 664516
365 609 672867
72 610 838353
217 611 232811
251 612 612508
407 613 215339
300 614 698648
589 615 575144
231 616 168637
497 617 185001
231 618 465348
17 619 97980
327 620 367149
573 621 382066
337 622 209082
416 623 375262
223 624 909681
251 625 705625
366 626 475806
380 627 215361
384 628 952783
541 629 359093
66 630 631126
501 631 26331
535 632 862347
331 633 154011
85 634 996295
282 635 959841
618 636 804457
455 637 293407
43 638 570005
62 639 952712
629 640 81840
481 641 191894
100 642 106726
276 643 223301
472 644 113957
107 645 521302
325 646 773023
144 647 91725
448 648 253067
445 649 768563
161 650 869284
48 651 894229
407 652 313512
465 653 412418
643 654 260699
49 655 414097
440 656 555586
111 657 866649
175 658 328360
208 659 828920
631 660 432285
573 661 205901
105 662 199601
218 663 112573
291 664 478845
271 665 949041
174 666 768731
192 667 560534
173 668 223401
439 669 719452
553 670 123851
425 671 995192
87 672 847077
214 673 286563
6 674 686821
310 675 426200
250 676 164087
623 677 836890
150 678 229966
290 679 833835
244 680 888738
218 681 954006
211 682 946541
56 683 247270
562 684 328429
522 685 889516
543 686 565669
683 687 400958
32 688 7195
324 689 412018
413 690 877659
148 691 198183
192 692 96499
314 693 725565
428 694 906614
561 695 822168
222 696 202681
485 697 896481
607 698 472408
130 699 195780
250 700 281394
197 701 95603
178 702 912425
60 703 158113
685 704 166755
491 705 381640
201 706 963404
605 707 378980
436 708 518610
101 709 328694
230 710 839591
501 711 597122
103 712 446018
128 713 325970
660 714 340063
139 715 727344
6 716 393018
708 717 205359
19 718 152280
239 719 938851
415 720 794750
282 721 606628
115 722 57655
289 723 926160
267 724 668371
593 725 408390
337 726 620579
352 727 692587
138 728 80510
427 729 679273
216 730 459327
402 731 985003
330 732 57860
619 733 264674
145 734 804144
600 735 269891
282 736 796586
546 737 418247
666 738 30301
702 739 942825
512 740 642230
208 741 196012
353 742 568617
643 743 660883
590 744 615084
447 745 182118
577 746 660089
57 747 580980
420 748 37520
279 749 108427
356 750 856180
7 751 565250
120 752 415785
370 753 551471
406 754 736764
386 755 968433
196 756 194555
540 757 2856
297 758 726265
758 759 68664
83 760 286092
227 761 947594
636 762 499598
446 763 723851
124 764 435615
579 765 491562
609 766 958369
220 767 384414
433 768 234042
122 769 562974
182 770 497750
17 771 655208
253 772 65251
356 773 412794
453 774 445331
24 775 886300
754 776 667998
119 777 74324
703 778 324157
522 779 669360
772 780 693936
435 781 732544
631 782 902264
224 783 592217
689 784 44062
138 785 445907
484 786 976042
407 787 477132
310 788 881581
608 789 835427
678 790 317496
446 791 713278
465 792 898850
123 793 933572
228 794 625478
64 795 691620
176 796 752259
152 797 393676
372 798 403386
754 799 522738
265 800 976659
114 801 306127
345 802 750521
221 803 828191
12 804 59737
509 805 629218
197 806 887271
414 807 294494
188 808 585881
544 809 525659
248 810 942506
166 811 304549
396 812 859736
524 813 793422
385 814 351590
692 815 848169
249 816 759003
195 817 780240
303 818 934850
645 819 956960
231 820 710568
118 821 363639
98 822 37280
612 823 196668
728 824 867138
69 825 545560
214 826 799720
96 827 716725
106 828 21680
317 829 719494
827 830 73149
171 831 837055
245 832 521909
332 833 523288
152 834 657028
362 835 741071
723 836 799448
527 837 528227
674 838 537444
555 839 713881
101 840 91677
402 841 477243
437 842 834368
561 843 282196
351 844 356170
742 845 974005
834 846 781629
793 847 645171
324 848 734370
445 849 204646
428 850 739778
142 851 461804
774 852 437227
140 853 594148
533 854 12209
730 855 896436
205 856 946667
831 857 950148
568 858 279986
164 859 144000
222 860 901286
356 861 602842
747 862 94248
324 863 282885
521 864 625504
391 865 639227
214 866 85689
385 867 480440
749 868 72864
42 869 501820
297 870 489673
701 871 681933
425 872 715627
125 873 804723
54 874 191871
525 875 914363
645 876 98820
565 877 666293
315 878 900861
471 879 487925
575 880 791409
89 881 78358
780 882 259243
373 883 820082
661 884 591800
339 885 402603
162 886 368876
76 887 284517
242 888 602141
3 889 895817
886 890 61797
680 891 736324
152 892 921316
819 893 984838
55 894 560509
223 895 946884
642 841 235796
832 816 923619
524 817 391130
644 67 373444
694 588 612376
464 6 441628
731 737 514757
831 50 627589
447 565 359751
230 628 536322
616 237 237617
45 122 662611
242 109 361661
367 51 587484
843 284 697354
213 862 116471
62 92 622039
482 622 431639
114 784 547585
148 852 28383
214 710 405882
398 817 123715
649 698 139403
170 246 171677
637 788 727180
69 796 107410
673 243 352353
507 271 319719
594 567 130039
217 42 736414
290 625 674304
596 377 26390
482 57 234859
258 152 793954
142 670 345128
130 209 270121
56 626 377307
14 307 715902
265 762 978399
655 869 706817
888 463 471037
516 21 906550
524 800 792237
537 13 404964
890 157 479501
62 224 441969
266 163 867423
506 229 480700
141 322 947784
663 518 341948
146 76 211015
803 842 723351
322 693 364915
353 194 135110
306 542 974521
82 90 706984
366 403 594196
886 868 512803
670 404 571981
287 857 216066
164 50 199477
232 454 272396
805 264 501537
638 684 157154
783 802 827558
380 843 480348
832 700 620246
480 461 325988
471 688 301946
606 748 695250
397 659 442065
130 709 635594
89 830 34631
43 600 25492
515 571 303161
709 55 363835
122 625 883369
524 181 898088
560 868 849277
213 376 304831
501 49 777726
654 793 199611
493 330 546445
268 54 296262
665 893 507496
288 235 296028
837 115 579230
234 61 592928
726 841 50640
528 319 199103
405 683 870570
787 5 30468
675 414 350560
429 355 997180
256 154 165483
883 386 293324
826 364 26054
578 33 530768
109 109 978213
533 127 813045
373 804 75830
856 96 553945
831 187 955675
81 31 443298
194 853 61030
381 581 50204
