803 1000 451 451 719
1 2 593751
1 3 515409
3 4 260507
1 5 682830
2 6 592867
3 7 180873
2 8 232820
6 9 506039
4 10 211221
8 11 574676
5 12 17428
10 13 240543
9 14 983041
2 15 257754
12 16 987825
5 17 500299
3 18 156093
5 19 143102
10 20 686400
13 21 161409
19 22 700637
18 23 152102
1 24 160886
21 25 694724
4 26 744118
24 27 485494
8 28 38792
20 29 178587
7 30 932637
19 31 668948
25 32 507307
22 33 151753
5 34 320489
17 35 45477
14 36 908115
21 37 298453
22 38 346284
5 39 661133
33 40 553527
40 41 14339
15 42 296509
14 43 52338
11 44 546570
15 45 575128
7 46 351152
28 47 545657
28 48 761091
11 49 473178
44 50 80091
4 51 528838
4 52 915989
29 53 12172
37 54 33746
34 55 172543
54 56 686454
55 57 992181
22 58 788778
58 59 25160
25 60 265755
17 61 177305
55 62 993529
9 63 763336
36 64 952185
37 65 468284
35 66 958803
8 67 561313
18 68 329476
22 69 685989
49 70 670670
2 71 456251
34 72 886515
3 73 846233
11 74 479486
11 75 233849
43 76 710266
52 77 685083
57 78 211000
69 79 470017
6 80 76493
34 81 733169
81 82 982546
41 83 92727
69 84 204450
43 85 205345
19 86 342880
42 87 554753
61 88 687663
35 89 845615
48 90 579959
20 91 911940
14 92 379623
51 93 521887
38 94 533101
43 95 282916
86 96 111616
5 97 529720
53 98 158871
98 99 865799
38 100 127599
80 101 84735
16 102 990792
72 103 110866
36 104 351208
15 105 790199
28 106 250455
103 107 922089
1 108 562338
14 109 485990
17 110 278297
94 111 124658
86 112 246097
75 113 486802
3 114 997282
70 115 477777
84 116 863849
94 117 45758
77 118 151111
96 119 650732
103 120 927456
104 121 559857
103 122 476894
75 123 239656
61 124 466988
82 125 33583
89 126 234299
20 127 354282
121 128 555840
117 129 349949
122 130 603635
19 131 507542
112 132 807186
23 133 410273
47 134 538780
27 135 300753
109 136 677719
44 137 761822
126 138 1418
89 139 985474
73 140 382083
26 141 799099
23 142 494163
63 143 377996
79 144 872909
84 145 522555
111 146 196491
111 147 3220
102 148 948009
57 149 998181
147 150 432327
126 151 328896
29 152 459659
125 153 825085
141 154 228061
15 155 102133
16 156 807145
58 157 627976
142 158 521889
144 159 329432
51 160 531385
151 161 426443
56 162 783401
83 163 965709
71 164 713070
103 165 549388
60 166 222985
139 167 86970
62 168 243646
67 169 324110
83 170 222678
1 171 550595
46 172 30686
106 173 863704
113 174 734246
125 175 389391
51 176 428866
95 177 14190
164 178 648461
162 179 603008
178 180 801761
130 181 851029
126 182 254816
181 183 974014
147 184 629103
108 185 171538
28 186 258229
91 187 724268
72 188 970336
139 189 609898
36 190 111584
7 191 851375
39 192 866667
74 193 514914
165 194 57399
66 195 657838
63 196 640899
108 197 835712
166 198 209998
148 199 694412
164 200 70046
18 201 909064
131 202 498875
194 203 2222
151 204 496497
203 205 919102
33 206 230610
163 207 961722
101 208 549745
90 209 299305
192 210 294312
65 211 370965
60 212 704403
159 213 3533
49 214 658002
210 215 163556
153 216 682315
20 217 773040
215 218 250342
9 219 617995
125 220 526800
144 221 636757
141 222 104441
215 223 337648
128 224 939286
174 225 596482
181 226 141343
106 227 452343
9 228 160913
155 229 188797
66 230 473709
171 231 893190
205 232 919863
170 233 596106
170 234 611256
20 235 983362
122 236 640701
114 237 688238
171 238 924438
29 239 545295
166 240 740248
231 241 35310
95 242 107996
14 243 175507
99 244 193405
202 245 502351
75 246 484766
227 247 24115
110 248 705889
116 249 483542
146 250 629169
248 251 491795
2 252 755833
23 253 304329
237 254 281706
212 255 300185
46 256 479354
227 257 652267
176 258 492767
215 259 443050
49 260 552408
82 261 458691
162 262 147941
42 263 100842
220 264 977993
243 265 817173
248 266 660879
106 267 555071
150 268 742595
129 269 184998
174 270 691316
159 271 975757
136 272 570617
228 273 301627
207 274 30633
123 275 368634
56 276 162721
89 277 877722
87 278 32706
239 279 973227
187 280 786480
278 281 993222
259 282 819476
58 283 890373
262 284 744027
143 285 77382
216 286 293557
128 287 447468
209 288 798934
233 289 696157
64 290 503673
81 291 563909
19 292 676568
218 293 950226
114 294 981173
64 295 185783
145 296 425429
85 297 553385
232 298 363455
154 299 909477
286 300 597825
153 301 648679
223 302 763371
251 303 863348
188 304 352914
147 305 13842
256 306 679631
160 307 593355
8 308 51518
70 309 852589
66 310 111935
257 311 621132
237 312 719736
1 313 541375
270 314 504208
245 315 5855
243 316 287094
164 317 162443
188 318 531992
153 319 98791
199 320 275628
320 321 967448
17 322 857003
126 323 875978
98 324 747153
47 325 451882
235 326 623583
219 327 16428
143 328 897945
129 329 367815
159 330 209288
147 331 849459
161 332 809400
27 333 834994
17 334 48955
308 335 818244
283 336 915557
322 337 509553
323 338 319886
283 339 976260
79 340 11987
316 341 375306
228 342 729109
17 343 61655
59 344 817720
197 345 592769
343 346 140902
246 347 899298
225 348 438857
154 349 831578
189 350 745492
316 351 638924
113 352 897723
72 353 512796
347 354 75831
196 355 538615
210 356 432707
261 357 395595
335 358 241761
109 359 461195
108 360 674838
309 361 757933
1 362 73962
186 363 567147
84 364 689385
333 365 950469
26 366 780196
137 367 774397
196 368 828784
82 369 671578
317 370 601574
70 371 869350
337 372 65186
30 373 525295
288 374 341764
114 375 421386
341 376 843314
233 377 968587
279 378 379732
83 379 762831
91 380 769558
189 381 873266
298 382 67882
225 383 259993
36 384 977283
97 385 247785
9 386 712027
9 387 387470
202 388 237934
156 389 278902
117 390 518653
14 391 130259
189 392 809932
298 393 639324
210 394 898660
39 395 123596
19 396 775250
232 397 41762
296 398 574502
330 399 534687
203 400 80949
388 401 612107
72 402 883927
339 403 882865
381 404 265001
138 405 476318
166 406 309132
243 407 826918
145 408 174117
303 409 133599
308 410 452827
201 411 141156
161 412 365852
220 413 494035
69 414 214872
353 415 699343
128 416 891908
75 417 960895
412 418 255897
41 419 581902
318 420 733074
104 421 406633
23 422 137202
152 423 699395
292 424 648059
384 425 800468
203 426 591736
115 427 645398
325 428 862644
5 429 348167
270 430 147585
261 431 225706
285 432 824178
70 433 213958
159 434 980961
200 435 208933
2 436 665258
46 437 49622
52 438 346925
76 439 888491
183 440 314832
246 441 327100
162 442 235771
88 443 419042
345 444 183259
181 445 416829
292 446 836640
398 447 181871
277 448 371710
134 449 116830
275 450 164975
402 451 182966
65 452 455600
1 453 661605
178 454 587711
309 455 196893
175 456 435748
351 457 480661
335 458 868901
354 459 808329
271 460 972688
42 461 334453
261 462 698805
432 463 6814
360 464 272233
378 465 589321
292 466 284676
93 467 875842
370 468 385379
380 469 418966
444 470 879912
161 471 281817
147 472 901237
221 473 272033
232 474 153333
247 475 788617
43 476 664915
175 477 913712
117 478 423488
206 479 801399
79 480 19697
338 481 504070
328 482 347615
458 483 899208
436 484 8518
107 485 446954
394 486 229414
154 487 847648
126 488 808773
432 489 984736
169 490 671339
391 491 189796
312 492 257508
120 493 563629
104 494 878338
320 495 746427
27 496 28120
222 497 879190
278 498 412480
396 499 42952
74 500 155478
219 501 631008
401 502 656571
418 503 551600
381 504 372499
78 505 498640
142 506 470407
16 507 761818
272 508 24580
190 509 998572
327 510 301881
435 511 168169
435 512 115165
239 513 361911
493 514 744999
497 515 308034
424 516 671125
374 517 387320
39 518 552614
147 519 421771
348 520 530015
225 521 711923
219 522 165577
498 523 141865
304 524 770993
456 525 951277
13 526 369128
354 527 505601
364 528 662081
292 529 904811
325 530 596501
345 531 644215
210 532 320386
346 533 892275
241 534 777959
376 535 857201
3 536 364394
488 537 20808
529 538 62578
136 539 788947
157 540 381613
330 541 652529
240 542 285836
413 543 666947
67 544 228354
125 545 446065
48 546 298249
465 547 245094
476 548 980893
466 549 754767
158 550 432894
129 551 820448
361 552 878770
459 553 225231
518 554 292801
528 555 49303
128 556 210488
228 557 285878
189 558 661478
382 559 251056
265 560 486178
266 561 614538
337 562 777859
64 563 449743
211 564 675750
239 565 700302
465 566 185196
152 567 292442
12 568 414393
426 569 303305
497 570 387383
267 571 963829
107 572 724368
82 573 114878
557 574 476407
188 575 391559
267 576 929504
476 577 672116
254 578 432131
558 579 386162
50 580 766238
395 581 595951
212 582 135152
576 583 752158
443 584 716223
470 585 505780
290 586 961362
239 587 104238
340 588 986359
277 589 806729
550 590 147390
9 591 302024
346 592 296061
18 593 571377
35 594 123146
579 595 102480
456 596 566404
596 597 585331
236 598 110410
416 599 758508
364 600 867330
350 601 810834
490 602 869588
284 603 929473
86 604 655852
344 605 850389
547 606 105660
108 607 985011
10 608 47031
140 609 635840
348 610 571415
274 611 50472
412 612 597400
113 613 601048
26 614 276795
592 615 437892
318 616 63492
330 617 309283
313 618 628796
176 619 76782
499 620 861487
244 621 236772
331 622 477039
330 623 203209
157 624 629200
506 625 141794
457 626 348074
552 627 52794
495 628 464282
495 629 270304
254 630 203777
403 631 381991
557 632 486084
571 633 622821
64 634 192138
391 635 779701
102 636 4481
3 637 680245
533 638 16473
362 639 90248
607 640 569287
525 641 802005
137 642 399044
179 643 430150
605 644 528267
508 645 267531
392 646 315358
403 647 393492
525 648 39938
16 649 584090
494 650 43583
441 651 159063
462 652 406113
187 653 106248
437 654 882553
131 655 470450
419 656 830428
387 657 728923
480 658 102819
241 659 554381
47 660 328874
298 661 994519
193 662 148242
100 663 289483
367 664 582718
625 665 654849
562 666 779801
553 667 899282
222 668 16783
319 669 778270
606 670 22863
160 671 26567
313 672 615632
479 673 635315
386 674 339785
403 675 69902
619 676 612663
109 677 383878
473 678 933787
69 679 647245
51 680 633913
214 681 893210
353 682 241242
85 683 153960
186 684 706891
431 685 396278
338 686 563228
400 687 906629
119 688 437218
94 689 473758
635 690 812149
150 691 799369
245 692 50227
587 693 546455
488 694 368571
45 695 316633
374 696 985650
103 697 728166
266 698 90114
396 699 156633
403 700 586710
328 701 965648
412 702 967647
333 703 469678
58 704 239954
2 705 924250
340 706 851176
292 707 678207
48 708 904476
594 709 898442
406 710 491313
59 711 100335
574 712 673833
461 713 926819
624 714 35791
274 715 479011
10 716 784878
317 717 604396
28 718 394712
201 719 605569
54 720 212448
169 721 906601
638 722 966368
535 723 430766
577 724 747700
285 725 390815
479 726 129661
302 727 590031
370 728 6943
335 729 241939
527 730 773251
377 731 387400
172 732 960789
670 733 932555
130 734 824775
437 735 997055
609 736 205133
309 737 617162
333 738 874335
732 739 799768
711 740 232122
16 741 116055
433 742 576543
239 743 879353
455 744 729939
549 745 473398
216 746 44637
83 747 744455
65 748 952139
531 749 260844
117 750 92717
321 751 468454
572 752 566488
6 753 750334
312 754 924708
694 755 767804
611 756 573487
687 757 992369
523 758 499736
741 759 269038
487 760 925893
688 761 17418
704 762 253981
538 763 783712
502 764 451086
372 765 401935
37 766 502601
672 767 735288
673 768 856001
58 769 18883
194 770 641392
309 771 270235
102 772 133073
323 773 726893
585 774 774119
244 775 819949
688 776 114293
14 777 255825
231 778 692548
574 779 335060
118 780 778912
174 781 313972
188 782 340187
285 783 912820
572 784 36808
387 785 309851
481 786 661057
471 787 937075
451 788 192162
487 789 881355
342 790 452748
645 791 189302
261 792 861859
417 793 293898
458 794 280784
708 795 406626
330 796 111424
344 797 936796
265 798 167715
404 799 810971
371 800 53742
16 801 819589
134 802 446041
35 803 830854
464 546 177570
209 56 122859
344 680 114250
524 794 331412
6 27 469827
390 504 687674
297 568 519493
226 473 214894
492 85 837170
756 57 592194
402 147 581587
480 183 814504
136 86 929817
47 386 819403
275 625 568915
495 730 659822
501 421 61227
153 57 576837
749 53 350694
345 120 744338
336 650 294940
499 561 699073
398 314 892788
677 422 888325
597 3 341348
443 631 557044
443 704 932648
303 202 940320
451 786 473538
242 190 998521
284 168 144113
131 753 940256
189 197 802165
442 166 446797
327 338 1793
272 414 244131
422 802 798786
442 492 375250
145 698 836496
542 117 7663
768 430 559539
164 49 435535
100 626 790616
143 575 459754
432 741 128660
87 475 601197
608 286 993433
410 308 796896
39 162 304054
714 671 477370
693 665 509396
438 427 162498
341 242 851438
412 743 892008
205 572 280785
231 416 755555
280 66 15637
642 728 776332
392 754 515675
98 451 286395
802 458 403784
608 288 7009
402 167 528961
337 188 819943
439 770 420008
733 500 373829
559 498 250326
291 594 867749
78 718 952601
66 527 931001
596 629 992559
311 364 740442
437 248 23044
382 21 117539
561 292 534122
107 728 50638
542 181 691479
674 613 941453
365 258 679779
421 660 152556
199 784 116418
527 220 765285
397 473 278334
357 296 736005
508 190 776889
390 40 163262
662 474 546659
691 141 287627
628 287 652023
188 381 535819
55 372 461563
723 458 874265
475 432 239351
83 338 119465
180 464 244470
773 274 76712
15 671 374715
225 400 274260
405 653 291206
99 459 85593
333 21 112200
626 664 220462
676 788 223587
440 126 504751
183 512 471398
469 710 552061
42 211 270663
139 355 337748
265 420 310050
752 637 540268
245 14 473009
778 303 169234
375 506 834765
53 128 705351
687 481 16165
679 651 17241
331 38 146748
753 650 80193
598 609 337192
529 91 118014
637 652 839561
129 464 127472
548 501 479878
349 309 447352
640 373 599246
588 433 610638
641 564 677582
160 265 596643
767 253 315311
310 436 274616
208 479 312019
100 786 250175
443 259 182031
4 237 193073
49 323 812651
350 761 795823
476 689 646296
615 123 700189
432 322 735345
340 576 733565
676 783 14261
500 780 181576
438 92 39876
481 262 143954
602 66 2585
500 70 802207
91 260 226952
212 207 511425
59 722 825464
690 740 228532
295 124 186466
532 802 279931
400 365 538187
381 474 472380
649 71 101886
693 148 87194
309 172 829902
732 726 609874
531 644 33099
562 210 894936
383 795 552643
197 69 937843
137 516 809660
549 261 277591
696 474 633967
298 543 38082
279 271 221126
327 224 479769
483 545 467738
371 21 766724
454 757 612135
320 767 246919
124 654 626961
16 648 598243
479 31 385307
712 221 584685
362 691 472677
591 513 127981
236 475 203815
762 690 127418
326 399 437611
793 684 659284
370 388 224912
38 293 923266
375 368 595133
167 728 669870
35 114 69922
598 592 537214
27 336 292150
621 793 35444
652 470 116076
233 671 148680
494 437 124983
71 582 423236
224 261 37249
400 309 487585
282 517 630630
753 630 282913
