585 1000 41 128 68
1 2 89251
2 3 278158
1 4 911892
3 5 85246
2 6 343541
3 7 562135
1 8 40970
4 9 943185
4 10 782877
10 11 931301
7 12 211704
12 13 543378
10 14 90350
13 15 655004
10 16 426131
2 17 19528
13 18 76736
13 19 842274
6 20 891856
10 21 956215
19 22 570149
13 23 512219
14 24 154084
2 25 954789
6 26 293812
13 27 930542
1 28 214531
17 29 740437
26 30 42626
3 31 720637
20 32 470884
18 33 884109
2 34 917539
16 35 614192
28 36 442490
25 37 975123
2 38 440428
35 39 45930
28 40 201212
12 41 990443
36 42 591858
22 43 551697
14 44 576925
15 45 45338
35 46 827787
14 47 330377
22 48 104723
23 49 53605
27 50 346572
23 51 641976
21 52 845075
37 53 543761
12 54 974664
35 55 78659
10 56 908946
26 57 253731
13 58 81047
41 59 671822
13 60 409156
24 61 336289
13 62 717131
54 63 519551
45 64 694496
63 65 658830
65 66 887803
47 67 828282
26 68 10009
45 69 787377
58 70 855099
28 71 122150
22 72 120550
37 73 286350
40 74 536289
63 75 702693
71 76 807098
70 77 149418
15 78 320129
47 79 727135
38 80 846859
44 81 459722
18 82 83505
5 83 253943
11 84 153102
8 85 624180
12 86 458501
23 87 91795
82 88 402680
4 89 939
56 90 587026
9 91 103319
62 92 495678
44 93 137526
45 94 908078
76 95 86761
22 96 379477
29 97 328920
75 98 199405
59 99 47022
95 100 701105
61 101 244952
24 102 368804
8 103 757514
51 104 401993
87 105 521082
100 106 782761
3 107 252707
20 108 763408
86 109 902276
10 110 283088
55 111 746462
59 112 673597
3 113 284537
14 114 519599
79 115 30175
51 116 837059
101 117 953183
91 118 446426
8 119 743756
9 120 332632
15 121 501244
6 122 269286
72 123 900810
40 124 527921
69 125 965396
52 126 232873
23 127 98045
48 128 579651
12 129 908267
114 130 793463
72 131 397003
79 132 20483
86 133 779784
74 134 49830
129 135 787672
56 136 357605
131 137 999472
19 138 46986
133 139 361098
34 140 434208
28 141 252262
18 142 883256
81 143 289542
57 144 962535
122 145 443632
37 146 563270
81 147 679216
9 148 725360
99 149 770068
129 150 555848
109 151 62830
92 152 334577
123 153 670230
2 154 519827
84 155 92581
7 156 625309
71 157 59194
99 158 956413
107 159 647225
38 160 123498
76 161 345223
95 162 836571
94 163 488464
161 164 862093
12 165 213122
153 166 646656
112 167 855567
121 168 492090
119 169 346158
149 170 979139
131 171 830746
163 172 647912
126 173 246033
115 174 803577
33 175 417431
84 176 218379
66 177 49201
83 178 155638
37 179 454762
70 180 388247
169 181 896082
42 182 600783
138 183 982969
121 184 978754
159 185 521784
42 186 87130
147 187 936297
104 188 517954
181 189 367274
22 190 921515
174 191 893663
85 192 999306
157 193 944620
78 194 269847
137 195 673407
58 196 697872
99 197 526084
166 198 584052
79 199 280494
161 200 699401
156 201 189685
180 202 553174
28 203 821011
188 204 749353
129 205 831942
61 206 468819
89 207 289489
199 208 687655
44 209 984058
56 210 430527
57 211 999821
180 212 814071
177 213 697624
25 214 649519
128 215 630766
109 216 769869
141 217 69796
120 218 330425
218 219 460246
44 220 808863
209 221 678115
49 222 393073
220 223 931181
35 224 359267
159 225 396634
225 226 1709
205 227 853014
50 228 905420
167 229 667023
5 230 737601
169 231 479991
212 232 193296
26 233 187461
56 234 902850
137 235 458484
213 236 501412
190 237 314819
173 238 561926
201 239 774132
83 240 329853
182 241 585805
78 242 136417
211 243 764697
115 244 154959
77 245 737768
163 246 417768
94 247 809099
247 248 52753
140 249 69977
64 250 965425
107 251 307437
202 252 810102
42 253 456421
230 254 955729
137 255 628196
207 256 224437
114 257 715153
45 258 231451
84 259 379287
58 260 989441
228 261 940771
155 262 372198
182 263 322473
107 264 351376
121 265 418911
177 266 227527
64 267 836991
112 268 507095
215 269 577481
197 270 507666
76 271 223360
164 272 616907
114 273 544616
256 274 956252
219 275 810446
68 276 657441
91 277 513984
27 278 621243
34 279 935505
205 280 397646
83 281 245207
270 282 416899
53 283 862636
228 284 59142
212 285 490672
72 286 165321
184 287 885893
237 288 874112
278 289 172241
104 290 900259
266 291 895232
254 292 552943
62 293 262912
166 294 879845
10 295 901763
10 296 227465
2 297 799617
78 298 275685
264 299 632307
106 300 12931
161 301 506713
184 302 21751
117 303 280180
116 304 635474
158 305 132557
183 306 282032
123 307 747308
4 308 924523
177 309 523810
295 310 426534
85 311 652992
143 312 600195
292 313 93021
104 314 400557
236 315 186900
13 316 351631
51 317 729220
309 318 606490
73 319 281678
38 320 653124
11 321 490842
312 322 916483
151 323 527443
316 324 133398
141 325 745638
13 326 976253
169 327 409991
146 328 809915
307 329 892588
303 330 373787
241 331 421840
286 332 621929
221 333 276273
203 334 270772
278 335 38418
239 336 406611
172 337 297978
336 338 604061
209 339 992820
279 340 686319
269 341 522893
188 342 774762
112 343 280792
170 344 939698
110 345 627309
223 346 50224
25 347 988774
38 348 32401
239 349 185953
194 350 769541
347 351 200385
46 352 389889
241 353 168428
192 354 61373
267 355 336974
337 356 268278
309 357 79125
25 358 278829
217 359 875444
188 360 992679
205 361 838880
109 362 303083
286 363 557654
154 364 871559
97 365 867282
73 366 195851
55 367 690201
203 368 275148
202 369 120305
241 370 281571
39 371 608036
186 372 836844
122 373 717824
94 374 57927
25 375 752857
179 376 19162
248 377 54598
191 378 372556
92 379 587488
21 380 413516
111 381 100167
134 382 304648
70 383 59548
168 384 589111
232 385 960711
222 386 112271
266 387 225011
229 388 560591
18 389 695309
338 390 277879
374 391 973897
162 392 280459
72 393 525214
117 394 131860
379 395 457285
168 396 397598
290 397 584573
147 398 963579
158 399 263817
295 400 778559
90 401 515120
400 402 288450
293 403 268733
305 404 622561
171 405 864253
131 406 508157
168 407 130244
80 408 408826
380 409 712488
29 410 501378
390 411 142403
369 412 516031
273 413 518517
204 414 411173
316 415 920225
122 416 562853
336 417 623403
336 418 108603
96 419 576321
349 420 256865
44 421 448207
99 422 398170
321 423 57352
198 424 50856
308 425 608996
216 426 899542
121 427 214556
202 428 639215
265 429 118320
339 430 515076
156 431 660450
243 432 421546
26 433 529081
122 434 824058
343 435 35967
24 436 195664
130 437 525250
317 438 33804
379 439 314135
353 440 613396
289 441 967442
225 442 345040
295 443 198224
53 444 652012
404 445 389357
209 446 997466
193 447 392654
123 448 172301
265 449 846616
34 450 475135
23 451 292087
100 452 251052
287 453 544345
253 454 64469
324 455 26992
140 456 775806
354 457 104115
227 458 30896
318 459 697885
162 460 941240
148 461 515181
267 462 49702
92 463 39460
245 464 905423
91 465 368714
344 466 571339
135 467 392810
84 468 220727
109 469 99985
122 470 59636
63 471 431123
238 472 203111
230 473 157062
381 474 877495
294 475 205253
16 476 166290
228 477 726574
97 478 328424
365 479 894372
355 480 663982
147 481 935246
391 482 862045
381 483 207959
353 484 789681
144 485 673900
180 486 217898
414 487 685696
78 488 58318
32 489 991691
451 490 917924
301 491 324807
438 492 390266
460 493 948914
383 494 217633
468 495 494671
162 496 669356
446 497 822501
328 498 889525
257 499 76606
408 500 140888
258 501 151529
146 502 43190
291 503 575032
376 504 748211
85 505 520643
85 506 298039
105 507 999139
380 508 854513
385 509 478520
222 510 246864
204 511 551972
111 512 640904
366 513 644941
233 514 726867
188 515 450527
222 516 668398
177 517 916296
54 518 992280
361 519 709178
434 520 726806
351 521 285613
255 522 18161
146 523 414618
274 524 40182
510 525 208000
75 526 476405
349 527 603555
174 528 58179
353 529 96968
25 530 559864
251 531 21307
150 532 428082
407 533 111817
462 534 409232
441 535 647046
29 536 560759
277 537 781129
263 538 740497
537 539 739243
176 540 995977
455 541 691851
522 542 693968
298 543 975692
455 544 673307
473 545 407701
538 546 494371
130 547 80849
165 548 264804
523 549 703469
525 550 910686
157 551 482269
155 552 995031
519 553 225175
456 554 981783
46 555 577494
255 556 493994
408 557 531736
432 558 250786
122 559 74592
76 560 900306
166 561 238773
323 562 683412
527 563 128097
521 564 685316
430 565 802099
215 566 98883
498 567 773758
208 568 178229
182 569 145047
268 570 662403
562 571 228443
46 572 451866
433 573 605863
369 574 934570
404 575 775710
250 576 265895
534 577 528358
494 578 847499
25 579 65643
320 580 83603
214 581 856667
284 582 848702
386 583 291433
581 584 306129
416 585 824266
105 144 233558
193 315 314669
576 420 224952
436 463 825759
205 337 475035
291 123 23339
580 248 974384
282 552 283307
297 18 20559
466 479 333297
32 109 691823
404 352 971113
225 319 468708
114 481 633453
327 547 304088
171 529 243305
325 240 952845
171 169 480561
536 514 33298
567 363 600160
70 125 648388
104 83 155955
349 84 469000
149 496 369189
494 362 369095
20 501 216780
309 551 757929
409 283 741107
160 164 517972
182 334 533114
191 68 50215
360 425 185580
371 326 643571
290 68 889632
409 83 976826
562 66 221779
532 536 219946
416 272 630147
224 573 473947
549 472 695823
344 424 322760
20 207 834062
494 199 700108
362 7 27757
412 193 307741
118 573 753165
179 244 308109
6 101 932700
532 78 479550
136 361 890355
67 53 223910
115 143 369584
197 359 369860
228 464 425430
86 128 620386
234 568 222306
134 269 271884
409 393 930031
322 576 816143
374 145 77517
430 137 285814
204 244 105949
4 419 401922
265 117 833008
413 11 165928
87 572 304289
485 204 587023
90 544 373873
353 355 457098
412 577 27170
181 384 216339
268 96 333654
31 359 396361
414 517 693800
141 243 916780
79 541 304523
420 280 685655
431 382 815331
444 33 816189
290 388 984417
117 567 549992
77 73 913571
583 40 715374
405 582 830923
360 178 659060
310 108 73951
79 103 472104
332 565 258786
484 27 891065
293 406 209585
568 287 555226
17 390 130656
153 574 83320
258 459 127318
382 430 777912
288 24 685286
580 361 625077
104 497 715184
400 251 451385
494 464 922745
162 281 106490
390 463 870086
289 28 434711
20 572 431038
112 41 224083
248 464 67393
317 193 121361
556 378 469252
154 514 356945
26 84 633903
273 197 736106
410 304 467192
401 181 108553
365 245 183105
329 538 797994
573 210 195632
538 16 105044
447 219 295183
134 302 184538
514 561 480228
454 479 653007
213 367 428561
391 308 489289
285 54 626734
500 241 915994
529 20 531109
507 370 205900
547 64 836751
388 523 540123
189 165 489806
193 146 627575
285 449 781675
469 242 8122
578 53 378161
388 263 56807
532 37 400457
429 150 126757
66 582 316760
464 138 787963
322 431 884503
146 168 123340
157 237 70001
60 439 990036
431 311 435426
485 129 441699
449 119 993742
59 301 296794
240 419 402592
559 404 634981
268 338 850341
583 411 870904
227 406 353512
444 553 998477
51 578 359759
554 547 179613
174 9 48182
195 177 160221
582 56 847499
226 48 84475
348 188 461674
115 570 801049
143 42 591994
544 542 191626
390 301 849543
38 524 983691
500 518 432482
211 417 832132
477 186 574455
421 230 570751
281 542 498477
74 117 405096
218 229 767300
364 267 321222
399 354 31914
260 551 420217
380 374 732446
64 131 751989
36 59 978377
303 8 600383
447 285 728794
384 460 936229
454 50 289569
159 273 724355
54 47 236718
552 428 419379
163 272 52523
498 484 656660
175 510 731960
338 149 432256
516 194 428422
482 245 990471
369 259 588855
582 75 152368
469 468 807348
331 294 328304
558 209 588814
580 543 647788
257 217 543257
145 15 73772
23 375 267206
388 535 426081
146 196 105537
399 75 705114
40 115 156427
171 83 43265
356 22 897177
484 181 788955
169 371 88876
482 220 325888
200 455 399026
117 231 242839
206 568 920413
2 228 645014
561 436 308547
277 89 985209
34 558 920439
477 296 196610
472 425 603430
394 82 514480
405 532 549749
279 129 108483
495 392 353240
432 112 322479
564 285 199926
239 359 934942
432 14 390652
208 505 855467
416 343 898367
209 121 145821
96 402 366167
515 117 305825
262 29 844024
579 530 126284
153 515 870803
331 570 209296
572 188 236141
9 127 851324
186 396 155966
152 236 872953
427 258 155404
184 53 882370
217 457 954121
22 385 612772
429 359 963500
449 58 641336
301 503 973836
182 166 428573
102 116 857154
399 258 141816
293 199 287231
179 38 492592
176 342 514795
51 478 63334
170 212 72193
516 543 75443
387 176 840039
493 484 893285
496 256 611154
400 127 539835
313 429 466075
132 244 510494
106 90 153243
64 319 456035
31 205 200972
35 438 250431
133 51 512675
33 509 68042
416 207 627176
458 185 645368
31 439 862105
52 419 692691
105 553 437247
32 334 191485
551 449 872911
211 480 178726
217 449 764164
495 356 983433
217 306 755643
254 239 360300
298 541 353807
58 433 117847
534 40 651318
47 252 217813
247 103 498780
29 455 447785
275 270 82687
506 112 938899
367 485 458059
444 528 659204
566 414 305527
176 238 617310
567 75 158048
227 292 403568
488 380 752805
232 342 724784
479 167 88707
158 444 490298
490 409 796785
86 464 642760
499 342 804735
244 136 565235
59 160 538539
22 467 90410
208 59 519556
259 553 939440
477 287 821059
204 459 394843
523 579 148519
221 456 162059
67 518 204176
332 95 649831
91 442 444767
153 496 710943
565 279 970508
56 268 655069
324 195 871431
215 37 427213
276 193 511252
154 259 165968
23 464 82785
279 1 300923
376 246 935658
401 310 145558
307 104 469520
442 50 148690
210 217 933237
220 545 265226
547 538 177883
22 25 265021
30 214 216126
77 431 760139
450 215 516655
510 462 92847
384 350 788211
506 26 53821
263 409 165723
485 453 703644
476 297 27813
524 493 729669
454 219 22676
499 231 235453
475 49 982283
76 456 668559
570 412 437040
402 519 751118
261 129 374079
274 569 398410
203 122 340589
583 229 603473
385 523 728191
531 126 220777
542 202 921257
190 408 61003
426 157 272748
487 348 844130
381 125 750186
141 542 891268
48 329 899404
480 38 310512
191 78 702742
437 545 942665
278 349 728969
573 471 330706
43 133 787321
28 384 240875
62 416 35825
83 140 101452
290 445 26436
343 52 170304
345 201 933430
233 421 604579
316 383 954571
255 123 534495
408 150 480301
37 562 609635
51 311 848580
413 145 82854
43 523 587665
186 43 252891
166 209 83341
391 223 367349
245 176 85440
66 47 65502
24 73 325988
499 570 749490
79 529 618747
556 362 803458
536 369 237102
459 518 664006
101 194 255848
150 319 530210
34 477 399475
452 392 942365
552 103 570130
572 1 988509
147 224 622750
463 410 101992
346 451 691621
238 367 286551
257 52 832320
85 134 851291
547 523 283508
502 359 811829
449 580 850316
576 22 244529
157 370 328309
411 126 262564
305 252 953626
496 40 277990
362 143 224194
551 401 747025
524 25 98471
269 518 578874
478 478 887768
494 269 422447
409 79 147537
