880 1000 299 835 131
1 2 775340
2 3 935734
1 4 886504
2 5 51612
2 6 386841
5 7 203804
4 8 17528
3 9 382880
8 10 613379
9 11 741144
4 12 955897
1 13 668340
8 14 427999
14 15 222061
10 16 277951
1 17 257852
16 18 688868
4 19 204961
4 20 129824
11 21 418590
6 22 930566
22 23 784634
6 24 14704
1 25 900863
2 26 692665
23 27 707260
4 28 740164
16 29 237955
6 30 311092
11 31 633580
26 32 881714
21 33 78672
29 34 443306
20 35 802959
20 36 988302
20 37 269643
6 38 597458
13 39 944042
35 40 627822
27 41 183832
21 42 661599
15 43 643907
14 44 977893
7 45 802909
30 46 752583
22 47 4445
31 48 711499
5 49 754878
11 50 552575
34 51 396927
25 52 554995
37 53 10977
19 54 608891
27 55 343661
23 56 42674
34 57 763499
41 58 317874
26 59 952876
5 60 45917
27 61 729473
51 62 868312
32 63 54657
28 64 44234
1 65 229063
3 66 934305
42 67 734001
27 68 326669
39 69 518050
3 70 975171
64 71 921665
37 72 590524
44 73 251513
37 74 506356
36 75 534007
34 76 335467
6 77 369455
63 78 144999
24 79 842262
15 80 7344
42 81 622057
31 82 491666
33 83 579685
51 84 461918
1 85 197069
23 86 77546
42 87 405224
59 88 39117
19 89 728768
55 90 217380
71 91 530916
13 92 641423
90 93 89127
66 94 858420
30 95 279902
9 96 168699
63 97 200166
31 98 818577
20 99 33692
71 100 166502
67 101 407075
88 102 250094
32 103 666977
103 104 137764
22 105 130626
22 106 910530
84 107 392564
53 108 969738
86 109 592873
80 110 851776
8 111 232985
58 112 881197
48 113 502333
4 114 76382
56 115 185237
81 116 49891
101 117 103458
54 118 390417
21 119 950445
17 120 654209
110 121 21566
38 122 768782
88 123 4390
71 124 16986
27 125 828854
51 126 593482
14 127 290437
90 128 388934
110 129 602222
102 130 633594
123 131 715920
119 132 350615
116 133 805132
80 134 25234
15 135 611914
23 136 886948
49 137 529653
134 138 218953
77 139 524410
138 140 14529
4 141 825165
112 142 410386
137 143 641380
116 144 208644
120 145 780538
102 146 618788
97 147 776589
48 148 485505
102 149 823968
139 150 343154
58 151 960442
9 152 120078
49 153 219365
10 154 476786
115 155 805296
131 156 499071
16 157 657134
104 158 352793
74 159 391093
29 160 711593
14 161 819999
121 162 982364
95 163 729036
20 164 143906
10 165 420703
130 166 387247
113 167 835900
65 168 652094
101 169 735120
89 170 227273
78 171 586953
115 172 185554
106 173 676570
155 174 456606
73 175 630456
47 176 963636
144 177 775904
4 178 980066
89 179 400398
162 180 709880
37 181 550727
133 182 538763
120 183 740049
77 184 377844
86 185 674165
163 186 169806
4 187 431108
152 188 61564
159 189 442383
124 190 964768
125 191 46638
184 192 528677
30 193 721914
115 194 111414
116 195 54162
54 196 163781
80 197 540314
29 198 324421
58 199 29111
166 200 468720
170 201 389973
73 202 247554
65 203 594081
194 204 874812
41 205 531855
147 206 687778
172 207 923157
9 208 21757
121 209 680558
9 210 664921
167 211 939481
157 212 696968
88 213 861207
199 214 223774
96 215 204848
51 216 303155
163 217 254382
43 218 127140
156 219 444897
131 220 936594
139 221 762073
133 222 741473
140 223 721775
159 224 297722
160 225 434557
120 226 590986
26 227 770721
85 228 933313
40 229 806910
219 230 923412
78 231 205435
119 232 310716
136 233 169986
118 234 75444
195 235 141570
46 236 863550
181 237 226670
68 238 288863
41 239 726012
209 240 647902
51 241 39206
65 242 985418
189 243 215084
107 244 31409
25 245 365584
140 246 935657
244 247 208857
84 248 160843
170 249 410320
5 250 242739
72 251 278598
86 252 999745
199 253 259149
10 254 478555
29 255 172218
92 256 410729
147 257 793577
4 258 249495
248 259 794297
16 260 69911
233 261 830732
18 262 45404
203 263 829576
263 264 410208
119 265 394393
240 266 764831
12 267 595884
260 268 511002
126 269 694966
189 270 22741
64 271 827499
22 272 717657
127 273 560327
141 274 511795
222 275 433736
198 276 752627
18 277 448690
50 278 568366
256 279 860298
45 280 310140
49 281 686684
28 282 439418
32 283 946101
253 284 192201
113 285 576617
194 286 488078
167 287 670030
102 288 616176
55 289 991103
173 290 399005
224 291 429722
58 292 223749
271 293 738370
142 294 420509
165 295 464606
147 296 642782
271 297 673432
34 298 176899
192 299 487264
279 300 500111
24 301 223206
7 302 361348
4 303 466915
229 304 655789
299 305 788625
200 306 781525
84 307 609326
101 308 994446
92 309 753469
189 310 401195
298 311 562309
298 312 692230
130 313 210064
153 314 643899
176 315 170349
197 316 713258
248 317 775534
277 318 307513
66 319 196331
64 320 273296
75 321 88189
276 322 609756
263 323 592580
305 324 659725
290 325 689186
282 326 877207
288 327 542461
167 328 982388
112 329 682817
171 330 816352
61 331 378780
3 332 997468
111 333 745344
46 334 5997
5 335 658148
176 336 727194
88 337 592516
72 338 430385
322 339 13916
174 340 472578
96 341 824625
333 342 262562
46 343 681352
126 344 539177
11 345 365229
39 346 360884
254 347 223405
160 348 504101
291 349 48028
235 350 539870
331 351 765008
263 352 388746
49 353 211428
234 354 419220
275 355 329527
111 356 737069
170 357 777002
357 358 793034
296 359 851621
51 360 661092
234 361 741843
209 362 253431
351 363 669601
116 364 9731
295 365 387971
184 366 137678
113 367 349551
18 368 774688
294 369 614943
201 370 155717
140 371 304916
363 372 579023
100 373 145230
257 374 140817
358 375 780437
162 376 275749
94 377 569779
9 378 935207
378 379 86391
20 380 473080
380 381 196979
190 382 689852
56 383 324415
317 384 838172
328 385 36597
359 386 364868
362 387 429043
339 388 720614
151 389 579292
81 390 865398
123 391 340438
213 392 747180
389 393 235277
308 394 800198
58 395 439151
214 396 961667
129 397 728558
135 398 392168
387 399 555010
356 400 30398
166 401 273508
304 402 76946
153 403 561748
292 404 738548
154 405 518164
299 406 897145
404 407 549738
203 408 35770
57 409 335586
116 410 96979
260 411 805961
256 412 786788
306 413 672692
351 414 360466
220 415 179383
136 416 562695
304 417 817390
74 418 16942
193 419 323063
262 420 195065
121 421 771766
339 422 213659
21 423 313744
58 424 730958
385 425 289713
148 426 252302
24 427 410374
14 428 954331
191 429 442819
122 430 597883
51 431 288414
27 432 402678
390 433 112850
211 434 22489
128 435 23709
82 436 925043
176 437 811843
88 438 69019
438 439 326857
251 440 793128
262 441 629370
217 442 514743
257 443 297701
178 444 484649
172 445 19869
149 446 121954
100 447 827448
159 448 761675
72 449 586064
31 450 720273
210 451 767301
246 452 458020
211 453 706489
448 454 440825
202 455 719891
51 456 295368
286 457 806333
163 458 954575
389 459 757030
404 460 994381
250 461 108225
375 462 968583
156 463 789059
312 464 90887
215 465 808745
302 466 238872
175 467 671920
211 468 79691
99 469 152859
157 470 968501
151 471 27376
157 472 747183
235 473 319547
1 474 369493
404 475 641034
421 476 860359
160 477 623279
78 478 220843
366 479 958721
356 480 343465
242 481 305372
218 482 237741
366 483 808412
171 484 835945
439 485 993638
429 486 535248
238 487 347359
291 488 123356
188 489 846195
121 490 444489
41 491 333135
114 492 473816
266 493 109543
105 494 140045
200 495 70834
432 496 36145
9 497 713193
259 498 587280
333 499 520267
390 500 336252
224 501 700571
105 502 456777
40 503 439777
330 504 740751
458 505 692581
109 506 329771
83 507 9719
463 508 404222
192 509 416874
358 510 518317
85 511 70740
300 512 798367
13 513 974800
274 514 172354
407 515 361980
276 516 593734
176 517 567163
232 518 292576
449 519 402676
48 520 381512
235 521 343249
153 522 517692
12 523 603393
112 524 850171
367 525 57015
239 526 616971
87 527 823913
493 528 146867
237 529 436433
117 530 347010
511 531 517103
491 532 668678
417 533 516037
200 534 747605
479 535 995994
3 536 813320
17 537 457016
229 538 933051
412 539 450414
186 540 573774
290 541 203534
176 542 326439
274 543 210160
24 544 260206
249 545 848045
305 546 545232
141 547 991013
77 548 606972
518 549 971770
486 550 348585
114 551 157906
493 552 76494
35 553 325785
297 554 260840
106 555 257981
220 556 806392
253 557 335408
243 558 35138
486 559 578537
417 560 655119
497 561 105059
19 562 346476
435 563 676317
344 564 985321
507 565 533208
356 566 734939
454 567 550045
271 568 98650
418 569 706676
114 570 684035
39 571 653293
387 572 84728
301 573 109851
108 574 408091
505 575 841685
337 576 702870
85 577 666419
19 578 442967
538 579 127511
408 580 107788
325 581 850401
236 582 175211
307 583 77817
272 584 309356
276 585 18697
385 586 694989
57 587 601729
424 588 541838
108 589 780369
156 590 641074
281 591 865010
58 592 436548
182 593 103838
141 594 639567
158 595 44563
56 596 743717
467 597 587732
251 598 665305
103 599 17512
558 600 828869
379 601 793561
388 602 218501
310 603 923190
320 604 263546
108 605 553362
420 606 108104
531 607 753794
368 608 518360
579 609 716387
384 610 144854
319 611 76306
134 612 713588
157 613 813298
552 614 440998
9 615 692649
119 616 763044
150 617 483043
617 618 874027
204 619 324814
326 620 964860
89 621 325852
122 622 263195
331 623 857093
227 624 432274
573 625 301186
329 626 280108
341 627 762834
281 628 401402
543 629 31609
233 630 141713
578 631 670461
87 632 363209
230 633 360679
441 634 8384
575 635 466632
549 636 600533
501 637 111537
327 638 705773
397 639 862073
318 640 164210
98 641 899131
272 642 221135
162 643 851286
475 644 205622
34 645 245227
97 646 326938
172 647 16290
625 648 927861
233 649 361830
559 650 917314
463 651 506660
5 652 467460
182 653 323856
234 654 471742
132 655 826848
209 656 132601
324 657 565519
409 658 580161
24 659 943323
59 660 284840
305 661 733255
633 662 668865
583 663 231834
311 664 642790
401 665 792798
72 666 431283
7 667 813922
517 668 69577
403 669 878201
512 670 320460
661 671 471353
487 672 32421
274 673 341244
293 674 242049
290 675 626210
612 676 910352
604 677 789197
339 678 726983
278 679 706148
342 680 421214
69 681 39825
625 682 587794
445 683 353795
507 684 572708
324 685 577260
160 686 513241
102 687 562756
459 688 896760
156 689 990660
239 690 819023
210 691 276204
443 692 433455
107 693 884798
636 694 882539
490 695 973697
252 696 674332
78 697 667390
190 698 250080
323 699 429766
542 700 804502
153 701 45482
405 702 198692
358 703 337346
562 704 129650
499 705 878375
423 706 745068
99 707 156792
493 708 92675
119 709 829977
670 710 953197
485 711 357999
74 712 733409
98 713 319910
151 714 972059
82 715 814571
233 716 898014
143 717 343730
313 718 281645
540 719 304113
227 720 473233
405 721 768739
697 722 83287
104 723 258951
473 724 13838
226 725 321886
377 726 287437
101 727 618992
227 728 591595
139 729 369223
561 730 100549
271 731 102643
146 732 488252
301 733 739972
450 734 652533
172 735 408403
358 736 589719
548 737 669882
182 738 75024
615 739 522455
665 740 919120
106 741 170445
705 742 477516
43 743 436611
203 744 547388
296 745 426979
288 746 607582
76 747 968412
736 748 675505
323 749 360609
487 750 798074
402 751 999272
431 752 254019
624 753 702635
58 754 459607
44 755 389098
520 756 676167
399 757 105575
50 758 195625
341 759 730729
545 760 561171
298 761 57657
707 762 905508
175 763 39080
327 764 545595
238 765 764552
11 766 510398
442 767 214766
733 768 128341
199 769 551414
532 770 994797
212 771 864191
144 772 265333
655 773 969963
597 774 935716
12 775 148512
739 776 29745
311 777 389322
117 778 806425
77 779 989078
112 780 780764
492 781 820025
210 782 83585
49 783 403943
408 784 663886
395 785 951708
461 786 485456
479 787 164118
202 788 845209
584 789 169817
249 790 435517
443 791 933546
315 792 73364
369 793 310164
228 794 882620
777 795 962023
507 796 466836
643 797 53172
486 798 342529
664 799 253970
640 800 137516
347 801 973276
699 802 107394
107 803 3248
639 804 137972
441 805 96945
610 806 898037
430 807 540358
159 808 88830
751 809 140889
168 810 138829
465 811 406874
304 812 704097
554 813 524857
794 814 515776
709 815 48367
117 816 676721
551 817 318838
793 818 923715
770 819 339724
289 820 269444
695 821 899380
116 822 286410
741 823 597812
719 824 3758
66 825 478745
811 826 438284
135 827 434478
107 828 127557
750 829 925065
775 830 428221
515 831 990719
64 832 42013
608 833 738346
404 834 401169
626 835 404330
407 836 929035
456 837 903393
59 838 127359
797 839 818677
48 840 924005
208 841 775506
130 842 142266
494 843 977446
739 844 870271
297 845 925411
474 846 341176
652 847 397312
565 848 200942
100 849 254328
298 850 151982
507 851 897034
160 852 49928
258 853 97144
787 854 576721
159 855 122760
475 856 293537
331 857 530118
649 858 757462
783 859 888447
783 860 468943
353 861 281415
160 862 337713
246 863 955316
225 864 815718
149 865 940449
411 866 28249
454 867 790381
567 868 96059
400 869 65081
707 870 677570
625 871 739181
614 872 250980
42 873 161587
37 874 386976
634 875 907387
423 876 671285
650 877 631926
564 878 453737
833 879 981019
45 880 177668
754 275 626596
299 433 619477
101 35 193317
696 752 189330
525 19 362340
798 396 542707
9 564 570264
610 626 965542
351 274 216046
831 83 73990
482 718 399816
779 122 522108
773 237 240824
185 26 961428
574 480 184446
383 525 474524
111 517 392958
41 233 816386
17 655 81029
846 147 902895
307 658 747838
434 761 167903
242 658 321072
748 171 952515
745 428 83899
345 538 310873
75 228 555858
273 740 457929
366 161 87355
72 462 287684
827 551 200006
24 196 757849
228 692 293259
173 157 700312
325 557 515239
65 450 246379
590 490 304056
617 226 226033
80 607 815639
433 78 988061
551 413 145430
308 602 393551
167 377 478651
559 566 196402
666 11 317755
662 793 153046
152 410 171962
758 640 452495
185 118 948099
94 167 259790
56 278 828483
24 102 627134
360 435 92747
781 621 898594
331 213 669447
504 195 157741
400 558 878008
473 155 56227
14 500 848377
333 856 155950
831 178 250288
108 4 48260
175 449 401555
660 363 284215
725 371 76958
68 30 814877
145 321 175698
812 501 23841
423 375 528816
403 132 243818
156 796 254774
201 546 991339
334 870 112154
383 261 848267
200 302 745541
708 818 293622
295 383 945618
50 469 406339
167 325 815751
680 204 455753
658 388 170516
120 105 787708
170 807 952202
260 760 146444
85 299 285917
454 717 294912
873 556 376990
542 707 877007
424 350 97010
239 384 937535
366 702 913047
332 701 10626
57 842 75737
415 373 893518
104 46 454800
874 235 835580
375 705 912669
754 434 866468
714 208 310116
745 103 698230
441 410 550732
299 562 867484
619 684 729333
188 814 69135
726 669 660282
625 181 565240
230 221 235944
108 863 955849
620 554 665725
107 380 118235
250 291 341157
803 208 769097
780 833 147825
137 768 972492
873 515 256665
786 683 371928
107 602 768692
109 10 686584
347 852 536373
798 315 680486
544 588 179433
