343 1000 228 146 800
1 2 94978
1 3 607683
2 4 974396
2 5 18840
5 6 180386
5 7 860415
6 8 965341
4 9 783847
4 10 585595
5 11 521949
7 12 743981
7 13 986838
2 14 55945
4 15 431594
11 16 874120
2 17 446611
5 18 968713
5 19 110066
4 20 926861
14 21 493450
12 22 83833
2 23 30339
22 24 460568
19 25 625384
8 26 11350
24 27 790442
15 28 33734
26 29 455451
4 30 413020
10 31 933491
11 32 570227
29 33 208079
24 34 19017
25 35 731117
16 36 212222
20 37 182705
28 38 120345
6 39 810979
22 40 394563
24 41 217454
17 42 839818
29 43 685858
30 44 148511
15 45 476468
41 46 337560
27 47 955193
26 48 147247
45 49 7854
9 50 921985
8 51 289075
4 52 198415
8 53 371212
19 54 316929
29 55 211551
49 56 420638
44 57 2936
36 58 223510
34 59 728199
25 60 158072
11 61 810913
46 62 41980
59 63 724155
44 64 120250
36 65 474291
6 66 659057
59 67 845895
4 68 9601
59 69 780059
64 70 456817
23 71 837623
3 72 821226
14 73 279238
71 74 587514
31 75 746841
62 76 372050
60 77 107106
8 78 560520
56 79 355129
10 80 829974
34 81 606619
51 82 582617
59 83 867238
79 84 79251
79 85 984798
80 86 857961
47 87 731179
27 88 540582
30 89 489241
66 90 727862
47 91 36374
58 92 85612
84 93 191607
62 94 556476
5 95 460852
26 96 500482
5 97 258599
20 98 547001
8 99 833170
21 100 756933
54 101 222870
86 102 110954
35 103 239612
72 104 828370
45 105 446703
41 106 426123
48 107 69696
57 108 190278
106 109 389025
80 110 580441
3 111 188843
93 112 181566
31 113 462232
26 114 388178
51 115 209353
3 116 603223
103 117 102658
18 118 435442
78 119 404905
23 120 628846
42 121 787210
26 122 769271
60 123 239702
54 124 173920
74 125 525919
121 126 844894
16 127 959198
69 128 744778
126 129 780333
20 130 894947
112 131 508622
122 132 647946
75 133 570594
36 134 938372
100 135 90802
16 136 449851
77 137 615466
110 138 633277
33 139 728280
43 140 862523
129 141 250610
137 142 158603
50 143 595725
118 144 559655
85 145 761255
137 146 485228
73 147 389278
12 148 611548
57 149 911350
37 150 163165
141 151 855703
144 152 719288
38 153 116173
32 154 654234
37 155 153799
25 156 551254
94 157 324120
93 158 635745
36 159 776697
148 160 563284
145 161 775172
30 162 140462
19 163 462459
30 164 491087
97 165 911487
20 166 409406
29 167 497817
128 168 170405
157 169 521205
91 170 64592
80 171 796449
78 172 648049
133 173 427539
138 174 859678
28 175 875041
114 176 932561
164 177 46726
112 178 503975
85 179 804579
44 180 523427
155 181 662972
139 182 736872
140 183 866487
121 184 554818
123 185 662689
6 186 594845
61 187 950824
67 188 349772
78 189 30946
91 190 493700
27 191 794501
169 192 764447
124 193 429676
53 194 106393
51 195 543129
125 196 480150
187 197 79533
17 198 637850
132 199 83633
155 200 23888
119 201 481553
189 202 768388
66 203 155356
120 204 388072
26 205 848197
179 206 572050
8 207 133413
1 208 43196
124 209 472439
65 210 140164
21 211 12698
109 212 696426
22 213 544082
97 214 463061
174 215 351176
175 216 620173
122 217 420677
113 218 995906
42 219 704635
41 220 377924
84 221 865725
196 222 114505
99 223 119234
79 224 898538
65 225 737765
51 226 779430
162 227 566248
142 228 296414
227 229 261292
90 230 286679
112 231 889338
209 232 593339
34 233 326590
202 234 313241
226 235 587911
210 236 534560
12 237 990088
53 238 282407
72 239 735642
206 240 507369
77 241 515896
234 242 249409
115 243 862081
210 244 357106
130 245 999418
228 246 877538
244 247 383625
25 248 789338
193 249 125819
156 250 938439
112 251 939903
3 252 313084
94 253 822377
217 254 644718
158 255 759215
53 256 966647
95 257 144175
121 258 982420
204 259 154856
208 260 875495
39 261 352380
201 262 244277
113 263 505141
199 264 814312
86 265 599356
252 266 38415
86 267 491683
138 268 895961
227 269 105309
246 270 620958
36 271 239169
178 272 486038
87 273 138251
138 274 494687
120 275 651994
88 276 863035
219 277 346611
120 278 254032
64 279 37692
266 280 288807
225 281 964674
12 282 892782
183 283 828788
234 284 996470
265 285 280101
37 286 939957
62 287 370190
220 288 744453
277 289 868234
155 290 927523
287 291 382745
189 292 509424
9 293 895837
207 294 980980
243 295 812256
13 296 528022
83 297 486412
283 298 766757
77 299 424112
20 300 280723
74 301 671362
217 302 443317
12 303 492440
187 304 402372
42 305 849774
222 306 22558
119 307 38179
197 308 375238
137 309 415740
259 310 612000
77 311 612640
277 312 410678
2 313 898394
176 314 5493
198 315 412377
75 316 912816
294 317 814707
277 318 245149
199 319 58782
238 320 40403
101 321 129270
252 322 986706
201 323 840187
241 324 682939
280 325 78223
159 326 545044
283 327 368124
136 328 251973
248 329 498028
302 330 517725
126 331 233647
64 332 689934
135 333 325688
143 334 412461
284 335 85664
2 336 159155
118 337 771490
296 338 270591
22 339 738014
186 340 993105
4 341 975255
324 342 483344
251 343 796980
162 308 930629
57 206 181621
125 153 539056
141 278 598142
222 297 899493
171 309 923525
115 51 630195
107 200 976239
226 274 495431
39 20 242311
10 28 504777
151 321 631674
25 168 888758
125 153 905293
325 296 94912
104 152 896993
18 268 564835
78 82 197803
249 318 763721
260 301 237997
314 162 629345
242 34 717753
179 186 185852
151 77 129192
260 317 710889
25 217 844566
248 314 865873
92 340 18144
151 231 66453
174 51 42785
307 117 687910
284 86 95401
191 88 316902
200 148 451071
316 301 361278
13 277 706457
205 268 250304
323 269 51418
174 214 835774
257 74 434252
99 166 648555
114 61 988830
82 336 867248
18 246 823647
45 226 726994
49 260 249660
248 21 839811
87 168 71479
86 133 662853
93 64 265065
270 200 491975
255 254 838202
291 328 736761
120 222 320094
320 111 47538
265 105 512595
64 99 13765
282 341 55448
290 263 98336
95 225 754032
222 287 379429
99 252 963736
164 141 273036
65 54 139333
251 209 828345
257 5 302241
51 37 596443
58 20 952072
88 10 812677
123 56 581823
225 120 23888
273 37 145845
283 55 327024
13 304 439740
272 75 949270
101 226 224777
36 274 446279
249 232 797739
69 339 314172
66 250 998985
198 302 628666
175 21 465376
224 298 592306
183 187 945467
143 97 144283
32 116 102259
342 237 182415
234 74 276138
242 13 276452
297 254 133955
340 215 701325
268 187 680740
153 12 386608
191 87 862959
235 288 246409
57 243 576445
182 274 883007
13 190 479644
24 341 612037
205 328 618059
306 163 114612
15 294 387508
87 303 28456
94 44 231466
75 249 976089
101 226 272419
13 326 178298
246 129 18232
259 125 441879
330 188 867610
71 201 55403
112 62 409048
276 73 258432
202 6 19663
341 262 683212
275 134 220976
251 168 48968
332 126 56953
258 37 446034
90 58 274861
253 263 289541
162 93 328214
6 223 386072
253 187 326780
319 252 54005
58 227 276710
220 105 814491
299 275 161809
260 95 73271
311 155 324143
160 282 855550
160 61 423971
57 310 731278
188 12 646650
267 79 890502
304 191 989739
57 213 571811
141 116 338514
219 60 709213
143 44 274474
285 215 156289
224 66 53898
176 315 102865
302 100 660258
18 221 395481
70 316 454198
261 268 73876
272 238 184410
340 57 695038
206 281 31407
103 180 195899
295 330 960093
124 158 120169
190 304 257233
216 198 845441
5 68 431673
134 222 267764
162 283 952318
230 18 169348
220 132 857602
85 340 718881
89 50 613019
262 74 887109
34 164 427470
281 246 932434
218 123 359184
300 233 927530
281 137 508345
168 27 883151
107 145 508042
94 14 871165
47 160 369313
303 13 853702
293 111 223802
38 168 768557
330 4 933033
54 101 286852
1 148 215381
99 284 350026
96 75 271544
289 284 312319
45 87 501973
109 160 385867
129 193 55800
101 159 784335
120 180 74804
97 310 692361
81 257 880410
341 298 92206
282 146 909686
44 21 808387
66 144 418895
50 21 285053
244 241 236254
59 145 896026
197 126 897230
297 11 2304
237 250 895926
239 333 53461
325 130 569555
328 82 78814
276 251 763721
312 257 495324
50 62 373212
251 14 783908
229 310 615466
48 91 284479
56 269 393324
14 123 99586
337 234 87661
308 215 886382
15 212 903754
225 296 145035
97 77 574059
217 327 49728
85 323 886209
247 247 800054
26 128 527040
245 253 652463
335 166 412511
181 222 606113
116 297 346958
323 216 989208
76 283 742328
315 43 575179
221 103 680186
165 275 540734
30 105 374562
76 280 759832
221 299 904236
71 32 163781
237 32 519225
118 250 829455
338 228 459153
181 198 783737
283 156 436571
149 156 502109
256 264 837915
306 76 511751
295 342 188715
254 271 15185
270 168 66557
86 300 912193
112 296 647888
185 257 648416
216 145 756785
190 279 174108
26 82 433461
271 83 441505
239 106 767732
279 102 404211
43 323 396616
145 313 615631
162 320 415111
275 5 143684
222 205 582973
311 164 730764
116 126 769262
183 230 235951
154 57 288011
310 258 263770
106 110 496754
171 143 721532
154 55 365036
169 182 176675
158 275 835297
167 297 501973
275 223 146207
320 29 483504
123 189 227595
140 130 166022
220 225 710631
4 108 717107
257 274 129221
115 343 125890
310 239 794251
44 38 99456
286 181 57256
28 135 18206
13 336 857941
247 208 226701
46 19 350352
87 148 865878
270 309 23062
277 164 715896
163 133 955808
342 212 496645
82 201 968543
36 328 878911
252 15 764410
237 236 316399
51 151 277192
224 14 42119
87 320 738953
219 24 429562
245 338 743786
154 332 791128
283 83 114682
173 250 110318
318 222 685286
77 326 316062
135 306 844348
210 282 42875
28 110 914014
215 41 903207
85 156 787525
338 196 80433
133 30 167865
71 202 404265
180 26 82895
225 158 634183
239 324 563810
307 339 237180
6 64 621333
191 90 424982
280 165 951432
140 299 938522
197 42 152793
30 168 287325
321 304 523037
137 18 452068
306 148 781023
78 160 487742
274 184 188760
261 286 895454
55 235 1648
233 42 783677
41 30 954165
176 226 972592
257 35 378330
335 158 407110
228 311 91506
154 260 376677
245 85 766445
301 139 989030
163 45 899282
117 274 482350
3 11 51390
281 25 859598
247 237 899164
160 153 163550
69 141 873574
334 192 215701
182 99 195099
250 1 474541
23 67 166914
318 67 839925
157 191 663070
85 255 460535
73 25 814962
192 205 965964
326 268 565111
61 139 446268
266 13 370972
14 23 859290
307 6 502398
298 56 544416
294 261 833896
90 295 388423
65 240 501900
127 259 809834
183 326 139779
246 155 270684
249 300 482499
36 22 318855
108 216 861087
147 312 767303
204 264 395971
166 311 734342
98 211 818031
139 210 983578
209 92 813172
169 179 767004
240 102 905645
223 134 523978
69 273 24897
26 272 729376
314 64 75351
87 146 723634
157 72 10200
170 270 280782
28 73 158827
152 318 804560
42 104 493357
44 70 584966
72 294 67761
333 173 136709
82 259 839351
251 246 920651
182 343 446639
149 10 739607
99 186 267568
202 48 118982
176 286 639924
180 160 855920
199 211 510615
160 70 585027
146 286 333648
221 8 351519
217 224 988143
52 253 469745
220 255 744792
283 116 376212
93 264 232959
40 290 8037
199 278 284517
37 194 658341
327 238 53714
17 48 712341
143 63 223828
37 89 27150
34 314 732343
12 40 994399
148 99 284229
192 200 253355
329 308 302720
334 101 737026
251 71 681438
37 220 621950
104 231 31877
304 55 744801
289 65 872583
253 152 540077
164 155 47840
324 265 378053
155 74 716013
208 29 750147
24 300 35312
32 36 730393
173 240 891458
311 342 410156
158 239 921688
267 71 226542
16 218 663354
223 89 815932
198 79 434431
144 76 276344
142 76 744717
341 143 957927
326 53 878352
172 107 570509
103 136 602297
222 282 428936
45 124 390778
185 249 149354
270 95 51199
240 5 551580
254 172 715503
250 308 494832
206 312 843811
342 98 53445
214 222 541287
32 186 592033
61 277 740719
111 74 187338
258 119 850460
222 194 497574
132 256 383535
172 208 526356
124 268 352461
343 136 197386
5 327 256244
308 235 818737
254 278 973309
281 85 848062
117 261 681939
193 307 451986
209 206 64371
216 129 172629
99 151 908069
310 329 362191
59 231 819130
107 126 272711
190 233 928071
209 178 654624
216 245 81505
282 113 406320
260 74 657881
41 213 858531
204 8 952058
305 314 952720
257 221 233857
309 24 474971
306 82 199837
271 343 408395
320 173 116519
56 114 417005
220 341 894116
128 96 890025
245 193 381433
133 304 128355
162 222 645230
107 117 541205
62 208 520679
219 80 503915
290 165 679902
85 26 581343
206 59 214117
274 198 30039
69 222 689628
35 8 570236
177 11 734510
120 167 984860
119 79 796561
48 218 60419
164 290 449277
39 187 284374
85 57 333036
224 227 989552
14 306 156948
50 214 769920
256 10 476514
287 255 866851
172 334 516151
226 115 657726
19 328 727079
103 292 641952
31 212 145392
277 127 626582
256 62 313656
112 158 404302
266 232 725195
31 41 96368
113 127 434900
150 321 44410
287 121 795737
46 184 148572
125 213 367292
279 271 335251
281 322 368111
106 264 441162
118 42 600504
78 281 746158
225 243 104038
146 212 925265
154 85 229267
226 128 484354
109 268 526747
105 254 818410
307 339 884892
157 114 785130
269 309 262959
241 318 412276
7 93 251045
34 293 651368
272 164 402438
22 304 645489
117 7 147910
124 9 464158
302 25 667337
295 232 584453
120 209 778649
100 114 161942
114 41 219301
182 179 890620
130 55 711997
163 187 3961
264 148 141324
336 206 646594
244 268 539606
225 230 840409
154 235 233778
331 150 980139
91 236 429385
157 35 221162
93 127 427471
255 290 104491
63 107 648514
340 188 400642
246 10 732322
69 55 193373
145 240 396656
251 2 82847
208 308 544938
188 164 315774
254 164 256133
327 219 869791
303 86 266348
182 123 434865
191 26 763769
333 232 482952
111 244 536818
163 102 655355
273 172 329542
285 277 462719
203 129 912008
332 148 760326
122 211 772395
217 207 829587
279 116 344703
279 339 939039
333 58 231724
79 40 714738
74 164 952108
152 11 312634
283 172 790286
100 150 206704
33 113 875753
308 88 621868
316 208 22045
29 235 261765
291 301 234192
94 223 261998
61 253 800488
44 9 252430
169 17 717445
171 84 381534
70 228 552257
319 286 518153
323 275 176107
220 30 811455
67 314 341376
329 162 484507
245 16 110251
30 316 574902
240 293 54015
251 315 686347
49 95 833203
234 31 940302
37 17 700957
149 78 883783
65 257 47667
203 60 628851
225 210 205950
152 16 238044
12 127 903903
29 32 700664
280 75 893575
49 205 899840
251 256 859698
275 73 656659
340 85 397540
272 4 341898
213 253 989479
107 206 510109
276 8 755972
131 317 100022
138 14 833152
146 154 430677
180 261 181530
187 309 869029
179 43 665218
119 267 30044
287 39 825691
305 250 269400
12 123 791221
110 293 31544
172 19 959749
318 161 358010
12 289 449254
14 105 712532
340 191 150036
320 169 92629
80 30 521126
328 259 464444
270 197 529932
37 236 479065
207 286 906443
