507 1000 235 39 0
1 2 292939
1 3 745639
2 4 775223
4 5 445795
1 6 844186
2 7 912069
2 8 925881
7 9 933168
4 10 49466
3 11 27888
8 12 538026
6 13 598385
3 14 235255
14 15 758214
9 16 324087
12 17 31588
6 18 316704
18 19 391717
8 20 476813
20 21 858501
1 22 162879
14 23 595240
18 24 427866
11 25 396818
10 26 679076
23 27 684845
20 28 209098
15 29 923143
15 30 619035
23 31 540178
20 32 760330
13 33 206178
24 34 376240
4 35 391922
3 36 712712
22 37 93472
34 38 218161
10 39 928876
18 40 594159
34 41 593660
32 42 299115
29 43 310747
27 44 715054
7 45 918198
43 46 62186
46 47 279262
42 48 853298
41 49 137481
49 50 22716
3 51 875984
6 52 853030
22 53 99378
8 54 940974
54 55 553488
6 56 953145
51 57 212591
1 58 806093
56 59 188025
42 60 804119
44 61 750460
14 62 713830
16 63 768682
22 64 218541
47 65 732567
20 66 174277
33 67 471679
38 68 380649
53 69 585085
59 70 55160
44 71 546068
11 72 14903
22 73 247850
65 74 918284
73 75 35528
45 76 951940
52 77 699547
40 78 257870
49 79 820022
41 80 391677
48 81 72846
21 82 156682
43 83 857853
30 84 440272
46 85 823040
11 86 622671
57 87 645433
40 88 565993
36 89 999021
78 90 339559
42 91 295558
35 92 164981
10 93 63442
29 94 134370
49 95 324803
64 96 504610
26 97 741678
16 98 502732
36 99 985996
65 100 772955
97 101 132795
69 102 236337
16 103 830269
90 104 149263
59 105 267704
47 106 304543
12 107 428789
61 108 886123
94 109 638178
105 110 219875
95 111 996304
45 112 867546
95 113 435125
96 114 181705
80 115 727659
5 116 199691
98 117 852335
45 118 314592
39 119 646754
19 120 485738
69 121 869900
24 122 935219
102 123 492180
49 124 994660
1 125 332425
116 126 438095
87 127 984221
94 128 96039
110 129 445605
108 130 759171
79 131 517914
30 132 785247
62 133 592218
112 134 901082
122 135 364520
78 136 409209
81 137 90792
111 138 498979
54 139 848100
35 140 384354
78 141 815113
55 142 989288
100 143 809194
12 144 951112
55 145 145469
95 146 397049
112 147 937369
60 148 641559
104 149 399422
6 150 606946
120 151 365901
144 152 157116
88 153 746380
45 154 666927
30 155 37155
62 156 803429
101 157 478561
138 158 22574
99 159 555384
19 160 179389
139 161 376253
161 162 177323
20 163 777577
12 164 509683
96 165 142683
10 166 57717
64 167 793427
118 168 821428
73 169 605496
97 170 124567
136 171 778195
66 172 534891
102 173 409746
139 174 189087
134 175 776198
3 176 218183
137 177 92261
163 178 811034
105 179 586377
164 180 210612
178 181 836271
132 182 864533
54 183 320377
107 184 832223
132 185 742316
7 186 866716
15 187 546291
114 188 843382
185 189 66522
187 190 670717
147 191 813972
37 192 973989
17 193 3958
10 194 154757
35 195 573433
138 196 518169
143 197 865276
118 198 361984
135 199 249151
14 200 56063
1 201 474793
185 202 546109
198 203 994755
139 204 364421
83 205 826811
114 206 634951
65 207 931171
37 208 982423
3 209 872943
46 210 853996
85 211 126650
9 212 868002
182 213 793089
4 214 128441
29 215 802214
170 216 697619
24 217 327982
9 218 866618
121 219 696964
168 220 460952
19 221 341172
15 222 5501
95 223 244721
120 224 957341
32 225 766224
194 226 23503
218 227 972106
130 228 677455
227 229 263038
144 230 596797
62 231 216429
81 232 74268
106 233 587068
229 234 546515
21 235 273461
185 236 543088
217 237 212934
128 238 917088
99 239 824384
7 240 303288
167 241 248793
186 242 116143
234 243 399403
143 244 58465
150 245 998388
129 246 538062
99 247 263380
41 248 165272
6 249 133585
235 250 773257
93 251 330390
53 252 941003
34 253 674543
98 254 358958
107 255 205199
235 256 90598
216 257 711371
107 258 890187
133 259 683741
139 260 817623
228 261 933409
30 262 643306
49 263 729115
236 264 353545
60 265 638063
215 266 39707
181 267 680935
140 268 64811
225 269 5617
234 270 433065
115 271 424159
45 272 949225
19 273 75429
34 274 347619
208 275 372958
117 276 34097
272 277 275015
160 278 909012
109 279 352450
266 280 327407
269 281 498389
165 282 918665
269 283 447657
64 284 244687
2 285 180427
124 286 95889
200 287 147374
55 288 43905
185 289 342439
289 290 345015
178 291 33200
251 292 481711
26 293 281189
85 294 284425
22 295 370250
189 296 887816
15 297 483395
168 298 743060
47 299 443739
152 300 407096
141 301 576894
232 302 223972
271 303 346302
88 304 492140
73 305 241234
288 306 269704
117 307 630354
224 308 981458
147 309 351484
129 310 56971
37 311 263154
7 312 788630
196 313 700026
3 314 893050
70 315 566269
236 316 365861
263 317 329160
210 318 31972
247 319 621518
89 320 876716
259 321 31460
228 322 203668
99 323 505156
197 324 598105
61 325 452939
187 326 917720
119 327 75386
15 328 347223
212 329 44217
162 330 119677
61 331 886671
213 332 498326
274 333 847915
67 334 621840
300 335 268191
242 336 766016
183 337 151007
163 338 857949
43 339 205446
328 340 119876
254 341 50642
203 342 412275
258 343 512995
328 344 542862
245 345 495808
195 346 544861
104 347 236498
80 348 683787
304 349 9126
160 350 724648
236 351 919663
289 352 742824
342 353 408642
326 354 56355
122 355 166297
132 356 869715
205 357 111633
278 358 875225
349 359 652972
42 360 725688
33 361 983503
277 362 694232
168 363 494468
84 364 332356
301 365 416122
25 366 733293
294 367 289216
21 368 891877
318 369 951310
368 370 542692
118 371 550204
1 372 185031
343 373 101000
199 374 208652
42 375 685013
63 376 842199
31 377 388839
218 378 206128
144 379 717608
104 380 257858
347 381 43173
260 382 604254
62 383 526545
340 384 345142
337 385 620545
382 386 267874
383 387 308655
93 388 323231
114 389 887480
313 390 488970
135 391 395102
31 392 242538
295 393 931462
382 394 347940
252 395 75579
189 396 353988
236 397 235433
265 398 406715
185 399 152291
90 400 896411
335 401 563293
120 402 557660
106 403 764019
301 404 138075
8 405 325408
170 406 810902
211 407 5704
397 408 131377
97 409 234734
321 410 467060
206 411 818046
327 412 983690
371 413 159813
200 414 904516
160 415 283380
220 416 452180
22 417 71970
417 418 686674
248 419 609606
14 420 370619
172 421 992576
60 422 90989
67 423 851985
107 424 567916
374 425 809247
325 426 638240
298 427 372914
21 428 557077
388 429 194234
332 430 199609
253 431 440454
26 432 515298
344 433 133582
321 434 75013
63 435 298858
275 436 132800
79 437 386841
370 438 358417
373 439 58107
359 440 564188
165 441 954647
436 442 434281
55 443 797142
421 444 146147
32 445 280198
302 446 539419
406 447 674904
402 448 734083
196 449 7779
256 450 95604
429 451 750495
63 452 263976
415 453 766186
230 454 787904
360 455 250182
45 456 728512
6 457 214296
263 458 929934
442 459 453099
149 460 644598
62 461 988267
66 462 25897
358 463 89259
367 464 902329
427 465 99680
461 466 684959
297 467 286883
132 468 486838
210 469 271987
188 470 408637
448 471 552368
69 472 716440
74 473 178785
425 474 407055
215 475 914159
278 476 124430
158 477 969000
59 478 291811
227 479 993149
399 480 410180
379 481 959877
275 482 375878
278 483 601336
374 484 157095
320 485 129460
124 486 104389
41 487 365371
397 488 878116
63 489 133298
230 490 5933
231 491 800868
92 492 319465
452 493 182206
308 494 602954
54 495 648976
453 496 51426
406 497 26258
86 498 653994
104 499 147293
45 500 837564
67 501 836461
261 502 777242
404 503 362470
182 504 418213
71 505 861068
292 506 524774
451 507 686601
389 418 203401
421 304 213072
425 256 755620
247 139 215592
315 83 117706
292 91 802293
431 245 3551
87 211 377911
248 461 494234
320 41 490978
46 37 224671
112 388 373280
403 223 877468
118 238 742604
307 247 609062
243 461 205101
334 372 178900
381 111 188720
408 176 165789
204 274 857642
483 447 344878
24 38 800397
469 176 642127
504 75 486952
136 314 596855
361 140 905828
339 333 379693
462 235 56956
114 472 960993
462 272 674365
35 151 710218
393 358 428800
491 417 17602
129 353 610596
245 130 509470
107 182 375118
458 280 776083
148 36 354789
276 482 298822
285 127 272778
195 167 449842
81 373 842198
233 89 689728
370 74 593687
238 288 451234
292 198 194572
13 427 674673
459 171 266590
2 52 515784
138 181 839458
33 493 289953
502 441 653
477 446 362222
280 24 70839
150 122 956923
321 367 701844
413 102 489667
432 143 837422
182 167 112784
243 208 141735
287 107 859351
152 374 296111
503 198 667859
491 364 981313
8 6 782880
332 329 589219
340 400 756124
116 302 174557
228 223 240250
10 414 296250
222 118 640231
342 440 657213
56 105 15137
312 431 654822
495 209 483604
394 25 972582
165 377 784247
118 274 132383
474 451 957287
332 421 207392
315 486 757890
48 487 992415
294 490 779399
95 136 610296
104 322 696429
179 443 149990
119 30 183745
318 312 168063
225 164 863620
98 377 54389
188 86 62789
148 371 49035
310 415 912571
185 465 918932
115 440 560101
245 452 528627
441 3 500262
11 183 276558
244 125 657051
245 457 941973
196 262 235839
152 7 784306
494 452 946626
350 340 729361
299 373 865829
101 113 956563
378 81 344154
141 359 221709
31 454 953114
376 399 613703
135 351 468486
31 468 92978
88 87 673603
318 364 218857
112 383 595792
500 212 847531
130 394 193065
475 500 413656
206 224 295841
9 283 883883
252 435 452668
231 79 573304
154 172 636620
372 292 32550
228 248 542541
71 499 11374
167 358 34882
46 288 256085
77 180 738257
397 99 76774
276 373 35613
355 145 700084
404 115 408547
311 223 220303
225 5 216855
354 412 607429
506 30 48448
423 361 404188
157 13 802130
106 51 5645
425 72 630667
199 132 583491
36 245 8848
172 104 3220
155 143 951369
118 448 591999
239 91 940602
503 426 596775
381 377 908708
125 146 932303
78 354 26652
341 342 247319
404 492 390570
347 124 625655
124 475 775909
423 304 327610
437 119 222285
407 369 994812
406 254 660137
323 130 818279
41 115 239715
484 112 633898
144 232 893409
229 272 617020
366 266 484005
133 338 761872
50 210 111591
430 312 165849
226 57 529650
164 380 992641
87 503 111741
102 45 810725
48 89 217227
327 232 164947
332 113 880965
84 269 618246
423 139 777686
469 475 199521
448 325 775432
421 256 502635
449 403 561757
400 335 81738
275 51 705905
16 356 707524
493 456 796623
130 20 100850
364 396 953105
212 214 896966
303 227 471996
87 147 337790
112 130 600155
426 339 691561
290 85 183899
502 178 479195
458 397 828391
152 349 522860
153 460 333317
34 410 359542
12 255 404209
304 439 490062
346 381 741305
165 501 186050
257 138 996441
118 11 752341
86 178 836504
53 21 77623
223 125 401763
251 490 985161
30 466 33641
76 66 790928
424 176 109111
256 183 965879
347 214 917845
219 241 965194
406 179 34272
436 40 760816
164 121 452009
431 119 873898
277 493 753359
274 421 74250
209 243 440985
270 433 527221
325 473 390102
289 294 141212
252 217 411961
58 491 613175
474 261 67567
4 134 262020
481 325 456708
302 212 720063
135 65 431669
374 37 843747
161 419 973783
274 206 495712
227 310 710440
124 319 800477
281 198 630580
504 162 571824
329 234 775532
29 117 751323
457 435 36802
117 250 261194
328 368 354120
310 468 405707
121 184 437194
53 338 765838
172 153 341481
367 288 16221
189 218 86778
454 210 674333
315 327 5599
69 481 723910
26 234 67492
358 167 998880
168 408 903324
90 32 774655
299 254 328573
465 49 759808
242 93 401530
42 99 857221
18 247 725280
31 453 728429
45 376 709172
229 249 988632
1 501 658955
50 187 352986
445 112 493546
445 213 394237
500 328 596063
252 259 690813
330 453 159327
312 92 705662
4 425 602722
126 170 810705
47 98 35644
397 86 931944
344 92 176382
153 362 746774
265 331 553613
477 426 261002
214 409 514881
382 166 344397
216 483 294977
223 84 503291
340 324 340957
308 54 399551
371 247 547884
124 268 148178
500 175 840424
301 44 435957
232 288 315527
280 43 993005
14 429 573723
3 452 767679
258 447 704749
416 201 864685
494 30 988885
302 287 720048
473 258 407325
223 48 696246
271 279 194839
237 453 201310
102 224 306556
151 231 237362
458 119 16200
441 494 141796
353 305 307986
500 140 771085
180 355 271920
459 401 349346
503 24 807755
68 216 620600
169 107 822846
74 480 871802
232 334 93942
452 65 244072
446 261 748805
402 236 70674
218 168 680711
290 26 479894
492 404 94009
144 449 13015
159 204 472982
42 277 884734
351 43 905908
341 66 853878
457 250 868064
471 9 848290
233 284 10166
271 477 61026
397 319 851459
275 202 371079
168 260 747230
233 81 822867
270 242 759620
16 117 8181
225 231 191092
461 271 229380
132 40 696331
100 471 549370
204 151 296736
434 388 611250
379 13 739043
313 13 882277
221 63 759090
47 480 33250
286 132 53181
500 439 345421
102 369 247643
65 111 593498
199 485 546027
279 393 100681
65 187 155888
349 269 778532
120 265 969896
460 66 249719
226 466 222060
478 255 628240
117 274 859789
192 117 813880
196 384 656620
442 453 145393
327 8 662107
78 405 388657
38 419 297011
60 474 129501
15 97 562870
209 446 18057
360 57 539302
152 102 193904
158 374 871333
167 340 71279
287 349 936527
136 399 715655
43 505 742741
127 391 655059
472 253 893788
170 326 623815
444 466 194262
56 422 897194
380 381 743007
99 58 469334
226 479 406426
179 208 294189
56 14 947149
439 8 394846
18 204 244283
166 43 336089
160 188 426050
482 421 717583
93 40 195124
411 418 912430
348 234 942073
497 361 888156
497 245 13541
130 167 348018
270 111 582614
437 167 873531
32 349 33298
358 412 703341
254 364 814814
72 385 752104
182 372 583650
235 56 385069
349 462 764220
377 8 249376
43 456 421218
446 356 435265
237 455 200764
296 225 485736
164 505 585985
93 177 782208
90 436 966097
60 52 861382
213 159 247956
215 383 358529
347 118 825297
235 180 55108
150 444 941265
492 177 570211
97 412 403382
495 324 86834
235 152 276566
231 395 51140
334 304 993052
497 375 866147
336 262 934562
227 84 575628
256 408 647816
464 102 854445
299 270 407896
168 406 96738
216 461 171357
415 400 606316
299 263 762113
233 241 262451
21 491 690919
457 303 780925
344 160 202505
289 110 606512
299 402 508370
80 151 832133
295 197 249919
84 338 381262
170 413 146162
86 151 594666
234 155 751255
460 438 577350
470 110 486011
154 290 516054
404 157 724329
443 89 200213
171 31 348936
119 62 170170
156 439 811954
44 311 573627
400 378 438038
122 361 121478
276 419 664976
39 293 154110
372 276 198280
300 177 275380
138 150 327368
401 303 860006
210 235 555554
353 383 473276
409 433 706498
469 336 944321
223 497 224016
410 378 253599
303 458 979914
418 260 697886
263 35 532255
442 258 956127
178 46 578574
363 155 27988
137 170 14401
279 448 992258
97 155 967909
112 86 474171
14 114 188491
497 156 69141
10 125 45892
457 270 845103
460 167 279288
149 351 125157
282 401 978376
407 172 870738
216 16 596198
46 296 554694
200 162 782705
176 85 537032
291 132 343318
20 1 677646
