357 1000 205 181 0
1 2 360076
2 3 507866
2 4 670096
3 5 63548
3 6 616262
4 7 375884
2 8 5737
1 9 115479
8 10 858488
2 11 877871
2 12 919412
2 13 823976
12 14 652389
14 15 798490
1 16 32086
13 17 253922
1 18 371028
10 19 132449
3 20 522227
5 21 491899
3 22 178761
14 23 27738
8 24 523953
9 25 913321
7 26 232777
24 27 671257
21 28 12660
4 29 326175
22 30 52377
19 31 494323
25 32 330274
5 33 529107
2 34 855422
1 35 796158
11 36 263520
23 37 938810
35 38 534462
3 39 305806
22 40 314962
33 41 115273
34 42 636764
29 43 903993
29 44 744542
42 45 3956
39 46 704671
11 47 213843
17 48 713449
45 49 620850
2 50 149515
21 51 326641
4 52 842135
42 53 745526
48 54 563237
42 55 421481
28 56 645070
25 57 671735
29 58 497778
8 59 265487
42 60 765043
17 61 384040
13 62 383607
60 63 386617
59 64 375210
54 65 214143
18 66 26041
56 67 631547
28 68 253401
48 69 657009
36 70 163262
25 71 342314
1 72 602340
2 73 96627
48 74 868362
17 75 688924
33 76 29553
8 77 880442
20 78 656481
36 79 907493
79 80 105445
62 81 975610
81 82 722954
34 83 796698
71 84 572644
51 85 47274
70 86 214409
54 87 763281
47 88 129364
43 89 696829
47 90 303012
40 91 314527
76 92 766042
83 93 52650
73 94 879518
57 95 849559
30 96 97754
39 97 73828
25 98 303934
85 99 471568
96 100 118906
58 101 853921
30 102 549319
78 103 910175
63 104 961695
4 105 662550
61 106 985280
2 107 882840
56 108 286381
50 109 474552
9 110 845421
45 111 722320
109 112 818314
33 113 48316
57 114 330643
97 115 157
25 116 549403
6 117 967383
88 118 113399
16 119 219731
38 120 427204
117 121 526077
110 122 211487
14 123 566855
75 124 851306
121 125 29349
103 126 70350
29 127 533327
14 128 300788
26 129 2114
25 130 575819
59 131 31935
25 132 601285
89 133 841610
71 134 673753
12 135 725101
11 136 486851
23 137 284979
13 138 550527
128 139 943277
122 140 965330
89 141 840112
90 142 896129
97 143 599444
33 144 560536
52 145 409207
7 146 19237
35 147 394552
97 148 931770
53 149 301500
1 150 241326
132 151 539309
141 152 83228
25 153 696950
138 154 847842
71 155 316168
137 156 438372
133 157 724505
58 158 937223
38 159 928223
32 160 209206
46 161 470937
140 162 917217
146 163 479239
21 164 278009
129 165 350189
90 166 583221
51 167 211859
94 168 337167
75 169 825096
11 170 512456
133 171 585947
98 172 967584
81 173 321952
102 174 178975
96 175 29169
45 176 618639
24 177 628522
140 178 704319
33 179 855468
51 180 555394
97 181 103515
52 182 870254
120 183 372192
171 184 965853
141 185 845224
69 186 291503
152 187 409251
160 188 362886
186 189 900998
127 190 235849
131 191 684425
166 192 658658
131 193 825129
187 194 247616
166 195 689063
6 196 242901
138 197 790024
12 198 451481
69 199 795219
10 200 90117
112 201 336790
177 202 884953
145 203 170081
125 204 63255
158 205 424777
143 206 351365
120 207 370727
137 208 635567
126 209 51095
58 210 690723
15 211 582265
71 212 288691
19 213 460019
87 214 690358
140 215 110380
2 216 976264
3 217 508371
99 218 523589
93 219 397974
97 220 460498
87 221 129068
101 222 172756
146 223 226699
83 224 1143
25 225 925874
145 226 966248
153 227 926305
188 228 655323
224 229 858460
223 230 292422
16 231 899948
194 232 196004
62 233 390302
127 234 358195
182 235 185985
14 236 735415
192 237 460652
73 238 718133
112 239 405366
129 240 254328
100 241 407036
210 242 701391
92 243 32479
219 244 516429
49 245 392131
168 246 39240
210 247 244178
185 248 208283
130 249 965687
240 250 750628
174 251 514467
190 252 923334
10 253 462603
46 254 827368
114 255 270759
110 256 105076
239 257 245108
9 258 570585
238 259 841140
78 260 350922
131 261 707689
109 262 861756
196 263 467166
88 264 715884
53 265 6686
142 266 560727
25 267 283834
63 268 528768
52 269 548935
194 270 485805
70 271 750494
107 272 826922
59 273 106715
223 274 975621
87 275 147230
203 276 365200
1 277 502861
223 278 865251
150 279 456528
263 280 595863
177 281 980051
168 282 52044
121 283 474440
214 284 845220
218 285 988195
22 286 115269
14 287 950427
139 288 838875
103 289 869488
266 290 816339
57 291 858335
264 292 489057
171 293 358767
103 294 431548
59 295 696233
222 296 259997
277 297 239831
204 298 859011
76 299 921164
253 300 86258
208 301 419804
97 302 184687
67 303 605471
55 304 963589
131 305 589298
215 306 269124
122 307 285751
90 308 412477
45 309 522320
215 310 182279
284 311 106663
68 312 425468
146 313 961833
274 314 85245
187 315 928070
70 316 352746
74 317 694195
294 318 308523
234 319 272361
158 320 620074
288 321 885604
316 322 491990
165 323 660836
16 324 872610
320 325 156527
223 326 950148
139 327 237324
201 328 245879
70 329 692746
245 330 816057
100 331 780919
192 332 792717
93 333 450793
117 334 279481
209 335 653241
312 336 81865
141 337 748739
116 338 821195
252 339 712936
3 340 850386
190 341 86284
49 342 647731
102 343 975832
6 344 663819
267 345 673912
295 346 122295
323 347 41950
332 348 56153
320 349 699965
244 350 162842
177 351 337616
190 352 26147
250 353 572753
154 354 254882
248 355 673410
112 356 984652
249 357 605671
137 87 656853
29 331 246368
49 157 161077
212 59 377017
44 163 291089
250 333 401647
253 128 318572
91 26 543163
295 243 871132
39 116 33180
314 250 474048
119 237 697970
136 39 48258
288 73 109534
80 173 531790
338 227 630424
157 335 692114
355 89 149393
4 112 501175
219 292 656202
148 118 369886
354 67 698740
126 145 602079
121 186 874570
337 300 405502
267 324 752941
280 114 368559
271 238 546943
314 66 864012
306 292 833602
6 293 357717
350 90 986226
41 99 825128
105 277 46816
239 315 729857
79 200 542801
144 164 265971
10 297 29718
293 200 851880
129 104 777645
167 113 970902
205 76 669913
244 245 222722
43 343 986302
229 128 407162
93 317 532351
152 39 233358
30 336 848476
45 130 947215
42 318 829766
259 88 437643
176 351 911941
284 236 446151
28 56 707341
311 8 915838
283 313 362076
62 39 846234
228 57 435287
211 353 763633
234 5 822310
297 269 1282
260 109 944461
1 144 30449
303 209 985421
339 174 659263
221 20 425979
29 294 422669
68 18 759263
69 195 410578
164 77 892304
277 68 914971
315 20 989134
32 57 405316
44 236 158944
301 274 217012
62 351 756335
277 246 192030
17 45 136227
356 228 311989
283 198 445694
100 240 300656
101 84 578294
289 102 821823
275 129 877142
152 213 430604
4 36 462103
183 93 177974
225 262 685819
281 239 84106
38 294 376619
348 278 274372
159 187 155410
5 24 41989
20 356 472634
77 178 496084
176 339 365670
224 83 567834
26 234 164463
270 307 914073
127 187 887523
188 135 487214
78 83 11035
245 157 179591
330 19 923292
222 141 901094
271 127 115441
9 120 449623
183 33 670919
31 245 708718
90 146 519114
98 249 983045
166 74 260414
159 165 153845
179 126 135584
269 7 382676
85 321 81982
66 54 398126
283 263 751956
265 119 794886
85 351 518697
226 201 355023
64 145 184874
321 166 980646
124 149 619974
191 66 542995
317 285 234249
124 337 737345
110 121 925373
16 137 945018
236 46 995711
117 9 409446
124 251 934174
211 52 14405
204 67 454649
309 193 237611
61 295 278553
284 33 621437
48 16 656461
271 16 476842
276 60 505669
97 333 699563
174 20 326130
336 322 705662
46 281 760092
249 329 180767
336 203 871364
317 323 383880
193 34 911163
78 128 925548
81 52 347523
104 234 478318
156 59 937253
169 212 876520
27 293 547923
357 96 271641
204 237 435263
314 323 333742
155 223 543483
342 45 624245
250 151 284627
323 260 584733
295 271 507624
130 260 775987
188 171 436623
173 17 496217
230 145 793897
216 105 728008
220 173 767748
309 298 358599
64 301 138995
133 308 98733
197 194 312746
161 114 695828
250 349 704349
186 238 986142
205 301 74009
56 103 299181
28 297 366370
48 34 619933
231 157 636687
6 299 444229
187 243 615716
31 155 536367
291 276 938095
5 350 950100
50 291 331878
228 218 710812
108 45 97086
65 65 680149
175 61 474703
49 303 73969
326 252 307367
331 241 139333
63 11 109932
188 262 350144
276 280 143286
247 44 65897
329 275 548396
26 106 500828
315 336 314782
149 155 243015
349 153 614563
132 234 162528
237 46 60405
128 286 665257
346 253 364426
183 354 218087
92 232 186036
332 128 892127
30 285 924795
345 18 288979
138 102 257978
181 198 141756
326 154 265592
292 31 70024
300 251 274056
326 342 375190
249 150 290147
260 252 138223
292 213 242756
334 328 477192
247 353 956741
134 353 214710
192 328 130105
11 91 791986
108 116 165129
126 324 773709
84 334 206227
264 130 161973
350 13 547072
48 211 678697
265 171 956197
253 107 968634
111 326 796637
233 203 337219
262 79 251621
170 82 589994
239 327 678841
156 182 940568
192 55 483629
340 144 201077
282 150 643726
196 200 767400
1 183 690490
292 273 289614
283 329 856701
9 219 645561
101 45 40047
56 317 322219
238 148 256074
200 207 215635
301 258 560720
173 26 216199
159 60 740253
78 178 771011
356 63 100361
192 303 514850
226 327 890241
64 15 444699
205 223 275559
126 135 335742
227 310 116903
252 277 628014
165 15 583131
308 164 55137
145 297 413026
269 168 793751
198 121 727549
255 275 470552
8 199 67306
80 156 289009
171 227 467012
324 333 641840
206 213 376539
345 83 413278
234 235 741009
227 309 624509
62 87 483381
220 238 40258
52 260 956132
3 218 430741
324 38 790428
94 354 41287
232 81 561187
253 246 759379
202 287 754072
198 4 739993
316 205 580056
260 108 523863
349 107 807700
106 196 103209
273 145 245169
228 285 382275
179 147 54048
42 308 795116
281 327 908415
289 113 680125
17 183 209969
348 52 975707
125 9 601914
146 317 936498
15 259 353182
270 119 93427
17 293 716346
123 156 99407
329 87 831075
255 103 635764
147 149 66814
18 157 61447
32 39 127264
30 218 529444
312 282 277095
10 199 387539
222 204 919192
328 153 953227
305 295 834299
268 258 81707
12 298 199669
256 258 944502
17 294 691300
63 76 340304
195 226 134528
294 230 470967
89 44 88881
178 302 369220
138 132 201836
165 172 640802
218 233 405074
88 246 781325
26 86 915274
224 2 730319
262 122 748638
232 125 566328
47 125 796244
342 315 390940
315 226 990030
41 36 22354
343 95 766309
41 334 534698
12 117 634561
75 58 337135
47 97 42556
123 165 246877
93 303 821304
95 180 283045
152 206 104831
169 231 467743
8 229 923034
173 91 401871
44 345 104244
288 247 414428
27 97 345199
259 65 921933
192 277 716871
236 200 415237
154 56 118695
229 320 26113
120 89 807305
178 293 935119
245 257 560530
102 58 634642
246 262 467822
159 169 50291
39 3 346984
213 69 473258
46 325 27212
267 12 560750
70 349 126400
7 46 328441
200 141 599137
34 3 35649
273 19 265371
86 3 399346
43 148 178123
114 168 467888
127 143 843544
319 249 771275
109 72 278991
230 304 377732
71 59 483071
30 304 178432
278 177 411029
43 170 132490
206 214 49145
253 234 822799
137 251 29928
116 96 206868
43 285 566612
284 203 420602
45 344 4729
91 96 462582
160 314 815041
18 4 595914
109 176 177371
242 342 299272
32 349 463512
249 284 108617
295 338 916614
301 307 480040
351 201 400273
33 202 949829
329 256 473879
211 242 271223
285 200 794826
284 210 50322
89 17 853708
48 219 195162
34 147 613062
137 109 524550
183 51 162314
253 41 326585
209 264 991850
141 275 757245
164 57 307097
2 178 677761
277 41 779776
166 72 902356
36 21 854308
47 12 745891
188 119 68343
99 34 56816
132 299 782971
122 320 603988
38 278 365086
91 205 457399
199 303 466387
40 240 695373
182 116 568430
319 16 487315
302 347 386115
335 253 138763
176 41 166336
99 2 320693
162 346 196679
160 353 68686
60 182 851408
88 185 172302
133 315 276351
242 256 867868
50 263 610050
18 271 647765
231 119 588143
226 218 590782
145 306 39516
198 270 145989
125 91 92222
197 286 258367
240 127 77254
167 96 522014
29 12 890681
292 218 303154
90 249 855888
278 172 2402
33 345 243536
64 174 533099
98 1 909098
278 110 316760
77 182 386453
2 161 85826
197 141 921003
253 27 609867
351 24 597186
269 310 221462
182 328 441228
37 87 82249
270 81 395442
13 53 917126
315 233 754285
35 4 600294
29 15 474853
91 4 390391
46 185 685645
298 117 780472
177 243 277118
311 339 395667
246 12 201812
181 175 530651
250 35 371526
242 202 711558
317 290 885450
87 89 155885
340 303 501545
151 20 745921
335 213 241247
231 333 986896
185 178 957174
339 311 339770
59 146 934500
350 220 773613
326 275 585442
258 168 688808
158 312 540558
91 188 556718
168 72 955139
148 167 9033
152 248 288696
84 109 443201
17 19 552599
21 278 352861
259 321 615583
6 246 409178
56 158 365308
294 25 169130
83 155 545510
16 197 609455
247 43 128120
343 336 243129
144 210 68882
321 259 853372
98 221 186609
38 17 20053
86 147 228173
53 55 710591
191 30 580211
49 271 119633
269 54 263781
334 174 110715
302 100 509039
115 12 99457
281 336 656139
57 36 376439
316 275 889528
259 267 900669
131 25 653591
74 225 422717
252 151 846855
75 132 862308
325 134 467137
84 7 561182
52 264 878006
354 233 799445
49 270 78184
129 55 917611
17 64 332998
157 119 690421
21 301 524365
339 21 257915
238 113 603611
75 7 67566
67 294 150934
176 342 492778
46 101 949949
324 216 53869
191 89 791053
152 72 500374
11 149 296536
229 190 451425
59 239 653536
74 188 877986
96 315 629754
83 73 225728
200 176 754082
3 72 757621
248 223 655641
341 112 164995
69 112 763078
191 344 579257
252 165 677644
237 213 94951
180 25 589481
209 350 612127
96 213 304912
206 78 891501
194 47 155911
310 10 815128
344 202 519427
23 148 327833
96 226 327874
39 164 605275
147 147 504170
122 204 370868
299 160 103648
283 312 972964
229 21 444908
84 242 697420
134 233 405260
296 221 980977
80 2 252886
23 146 885041
121 98 482643
197 313 581765
9 3 679064
138 273 601400
26 67 443174
305 314 949287
280 221 259076
185 195 587194
253 185 968348
248 65 735905
247 315 641748
327 117 584147
314 99 188719
151 288 270020
290 35 43171
191 36 310757
112 329 266236
271 326 838497
254 194 211569
280 181 84117
295 326 32581
215 289 516559
256 51 939682
96 150 152971
145 4 662641
328 218 414314
83 79 600381
284 311 78900
136 189 465481
163 145 110160
136 330 102703
246 275 513153
328 23 354043
176 341 726180
42 59 711303
320 142 799912
277 48 501785
354 77 1869
208 29 89530
190 41 418208
41 69 415896
81 103 165750
27 266 595294
226 6 418151
229 107 103187
299 111 936269
73 223 542449
128 317 335358
183 166 713927
146 79 935430
318 141 165650
328 78 849257
346 217 376919
279 28 227672
87 207 419780
317 70 301041
160 56 934472
273 177 857340
338 318 134192
35 146 631908
210 139 770116
301 66 183795
169 28 255714
229 232 24722
255 197 176026
