257 1000 181 199 0
1 2 737903
2 3 478672
1 4 173623
1 5 247733
2 6 853160
1 7 745355
2 8 183186
6 9 21623
4 10 465934
7 11 172384
6 12 94710
7 13 667060
7 14 817257
10 15 892259
3 16 854728
16 17 890466
2 18 575803
15 19 412906
2 20 968940
13 21 487158
17 22 334218
18 23 302857
22 24 326280
21 25 673893
2 26 454236
16 27 302229
16 28 560320
28 29 556516
28 30 505332
7 31 175716
1 32 193082
6 33 655144
9 34 757209
11 35 782986
9 36 356891
18 37 466086
7 38 610703
8 39 710044
19 40 934280
20 41 118098
6 42 385051
37 43 569072
37 44 603493
40 45 901667
32 46 7042
17 47 814619
24 48 76759
13 49 408780
13 50 831050
4 51 211120
9 52 174597
51 53 160452
51 54 488054
39 55 296582
49 56 936978
19 57 99198
34 58 800077
11 59 874994
21 60 570467
34 61 958256
8 62 989587
38 63 611080
60 64 395550
4 65 790799
53 66 106381
56 67 915869
29 68 244712
36 69 753295
53 70 753408
7 71 791815
31 72 24358
10 73 925671
58 74 902897
51 75 431322
55 76 502140
11 77 395
70 78 650981
48 79 901931
35 80 992144
44 81 651631
53 82 873954
60 83 646608
47 84 953478
82 85 671370
25 86 404907
55 87 103389
67 88 191748
10 89 567887
17 90 977031
5 91 722024
87 92 130095
69 93 832948
85 94 949370
32 95 522053
75 96 80107
4 97 81582
15 98 701001
42 99 945609
80 100 156318
16 101 679602
5 102 69753
90 103 58954
8 104 838189
58 105 207221
56 106 775184
55 107 442076
44 108 786172
39 109 115372
92 110 115537
53 111 226388
10 112 211121
92 113 640139
45 114 685635
95 115 78600
5 116 788657
62 117 139273
33 118 356842
78 119 373453
12 120 991776
2 121 781273
2 122 548106
110 123 366390
75 124 74852
65 125 427121
43 126 398570
71 127 75227
66 128 373345
68 129 515847
34 130 587727
107 131 71502
131 132 800253
84 133 557070
129 134 700732
93 135 776294
131 136 986013
34 137 340348
124 138 466615
55 139 58871
15 140 229670
119 141 234949
16 142 771078
72 143 856279
74 144 151228
76 145 460896
125 146 505389
58 147 964634
105 148 708420
98 149 101633
133 150 34033
114 151 306133
86 152 172709
115 153 178524
26 154 879767
80 155 392734
86 156 564098
6 157 601960
9 158 383844
8 159 695369
140 160 467392
101 161 663832
118 162 714909
16 163 267500
23 164 495749
121 165 697762
136 166 758536
91 167 917787
39 168 885366
35 169 87931
67 170 474728
149 171 997419
134 172 344504
105 173 962136
162 174 500420
71 175 572850
31 176 389935
142 177 458734
107 178 88928
87 179 20420
132 180 355777
20 181 579570
59 182 483137
115 183 551607
156 184 152082
108 185 362649
128 186 567788
97 187 324127
43 188 175304
40 189 636759
27 190 46182
31 191 65425
44 192 906952
7 193 386722
41 194 387381
103 195 441955
15 196 369398
79 197 155504
70 198 158748
165 199 293481
174 200 339128
150 201 794804
47 202 329762
27 203 584185
179 204 97395
179 205 801636
108 206 350219
201 207 735335
189 208 537419
81 209 105589
66 210 450140
193 211 637960
5 212 148262
19 213 659676
100 214 168858
27 215 825586
58 216 765545
151 217 645710
27 218 335114
93 219 810745
116 220 584184
219 221 101759
189 222 530546
45 223 901106
179 224 44025
42 225 996582
13 226 553493
1 227 52403
106 228 64209
103 229 242358
177 230 915258
175 231 459216
123 232 506660
121 233 965670
58 234 12837
13 235 375007
48 236 258455
7 237 647401
90 238 625307
85 239 92212
35 240 269457
148 241 779061
155 242 53729
84 243 500196
180 244 921525
171 245 395839
216 246 588732
155 247 552837
49 248 914281
75 249 48764
150 250 421041
18 251 535532
212 252 691921
211 253 792609
235 254 461574
228 255 594412
149 256 845331
78 257 998114
65 208 1727
252 79 993100
27 47 528566
100 43 146464
58 59 256376
202 80 916598
222 32 987294
22 51 289005
120 124 950324
162 90 837643
242 23 307566
165 116 630358
145 38 543980
240 206 680180
185 172 190898
54 188 352708
210 68 548514
55 34 264636
242 100 763195
16 155 297028
189 229 371926
5 141 614932
54 161 214814
32 142 878026
73 240 778128
19 244 772239
257 91 594996
144 115 931818
113 198 249883
3 224 156325
132 232 957146
93 132 914655
196 163 785478
220 68 183474
57 124 826288
58 95 448455
68 207 418275
74 253 809270
9 195 722460
61 9 577891
139 146 817418
250 230 106581
170 245 715334
138 15 83289
113 179 821141
159 240 993815
215 251 874844
17 147 242931
197 59 874339
154 62 514663
70 25 658701
212 55 593567
69 202 652951
222 86 464853
102 161 773968
164 142 423343
168 34 777368
91 196 464150
102 165 69725
2 5 652248
160 206 884497
184 217 547073
203 193 780720
46 103 707126
247 129 460977
11 173 514642
188 34 314571
140 154 620292
102 73 940842
167 161 198185
47 89 680818
80 50 344230
56 5 367732
95 178 250762
199 242 590703
108 194 6946
122 91 805129
103 207 436508
8 215 461006
12 178 313696
173 6 93544
41 60 414892
210 251 863008
217 236 471471
187 162 245717
240 55 858985
22 73 445754
253 193 165442
72 255 425941
146 102 589032
234 99 643893
189 97 988589
178 127 756148
40 148 806687
79 157 40622
75 22 25770
106 65 316865
15 237 421868
18 11 224325
46 131 370392
208 72 818958
101 4 337550
163 18 24928
233 117 537464
214 53 433523
94 106 638248
129 129 966376
105 119 268017
39 1 649098
24 190 969859
172 181 819400
8 106 734284
167 73 50
122 207 102411
86 126 661427
69 171 693558
31 214 105166
148 135 335311
235 86 483869
84 63 784387
143 242 483334
211 216 212868
81 88 793854
44 133 120103
240 141 945283
247 114 147776
191 1 726805
101 245 934333
74 90 398069
73 199 129409
204 256 673760
150 159 647042
86 4 934862
172 79 368869
217 186 743143
256 61 121433
216 32 894214
97 155 520497
241 116 311473
191 127 423878
209 43 651735
33 170 311757
186 41 867211
69 175 594037
113 142 504384
126 74 212357
50 61 906758
93 13 73779
148 49 815364
256 255 478984
232 164 898231
177 66 302386
67 13 370923
154 244 678186
134 100 592247
222 13 146120
196 73 935998
30 50 957283
35 213 200099
13 197 383918
231 227 927693
60 224 523343
25 232 504540
87 214 707842
170 155 865386
66 9 226607
100 125 932486
109 147 558023
86 39 938541
243 177 876325
76 250 884106
200 71 566690
242 185 609712
16 101 165625
16 107 216278
36 210 287646
235 250 531538
72 97 139993
165 49 949849
134 9 374951
91 224 138615
138 182 53394
112 240 877002
190 37 366736
9 126 880964
129 183 698394
79 136 548193
255 121 245903
247 233 194085
64 180 349512
41 218 323290
180 232 827517
107 147 339913
203 59 860696
10 206 867639
168 107 50201
220 67 9122
208 155 277674
59 233 355837
171 225 392964
199 135 478696
253 184 637378
44 35 120628
66 222 737412
162 238 79894
149 223 56648
106 12 300137
166 197 871684
14 19 53673
12 170 778631
209 179 287021
68 114 345488
21 106 367973
107 229 676463
72 87 688277
2 226 483228
169 148 852946
2 253 34133
20 36 476155
219 229 518780
179 189 269177
155 185 293296
159 117 199033
42 159 699818
103 192 308714
185 254 802140
15 217 670259
222 133 316997
224 220 651959
90 76 583640
110 106 175820
17 49 186447
255 159 314168
141 91 233354
137 163 279149
11 239 479021
157 173 666311
255 231 331768
36 67 763396
109 153 548200
189 65 577668
27 86 974415
243 251 592833
253 256 170224
135 126 232976
249 162 144350
20 149 327577
233 209 106518
71 62 304531
186 256 75098
94 122 143428
31 15 885839
3 56 885241
13 31 386585
173 109 333633
225 76 613750
72 162 977263
232 41 862873
120 84 321551
172 107 71240
70 221 934312
8 68 93369
244 206 766004
26 239 160488
244 45 713628
203 37 595900
251 8 312440
31 138 189019
125 122 893061
186 173 98123
58 38 490472
56 65 599179
245 140 333859
235 187 944370
109 226 363605
245 199 499270
14 100 383223
235 102 784032
23 8 62996
250 238 644094
40 74 398922
163 93 163817
20 172 655423
218 215 413641
210 175 526373
86 40 114565
97 102 153457
170 179 327712
157 14 794136
27 164 445393
244 166 372235
231 65 472162
194 34 433013
34 139 93835
158 64 161907
221 32 166224
189 19 185620
197 198 314584
56 197 962194
155 92 377616
187 55 364175
23 128 993600
6 38 416916
170 206 226668
16 153 505414
76 12 501870
254 162 208361
209 126 902803
113 137 740890
214 9 326131
54 238 148232
222 144 616149
53 40 928372
23 81 399042
127 184 713897
247 248 23273
102 211 305789
148 114 493299
166 36 197577
52 51 712808
146 254 451685
182 48 257539
210 89 264232
198 208 17233
99 40 481119
206 137 759312
162 207 187979
212 115 101957
77 12 224225
34 133 353823
25 234 213948
60 117 893131
241 167 829158
198 17 510615
200 28 718088
195 243 454476
81 241 486509
114 222 831174
5 147 656190
86 188 678357
208 246 148218
180 196 454105
245 226 494901
93 180 495706
178 103 23314
82 55 156070
198 128 940676
194 82 39471
108 55 27394
5 62 364452
72 206 601417
211 144 11087
180 134 591127
188 243 509167
67 150 613797
219 121 963991
94 7 688228
18 5 249671
20 167 588732
87 47 109769
126 123 661697
112 80 434256
151 38 551223
223 64 20364
25 108 957577
18 176 545297
151 187 907524
34 129 677289
211 249 38297
240 34 36599
68 109 348883
170 244 137934
235 22 334742
89 172 833041
247 161 422233
33 51 380941
132 180 668645
110 74 599188
112 199 70287
43 226 707035
174 208 869939
203 237 711319
180 103 871281
51 172 577235
245 159 421165
142 47 940885
152 165 797314
157 6 777139
2 124 936582
215 232 640880
166 19 319684
159 256 669916
4 27 475766
89 51 163819
8 206 894018
192 75 607636
206 75 207992
175 12 946541
242 88 33481
203 170 275397
83 54 104073
248 175 818818
26 11 557352
80 126 513533
37 117 691822
190 187 920988
63 200 198326
116 70 101358
114 30 576748
230 39 230796
103 171 175370
124 198 543406
211 174 993808
34 252 342796
181 148 433538
235 198 395126
158 222 324839
177 201 889654
62 176 787519
32 220 99557
132 224 704708
227 249 27276
238 3 477925
69 43 276988
245 13 691327
104 26 746736
230 79 82334
125 7 197922
7 230 959027
233 183 61291
243 231 191382
92 256 934495
242 84 317885
157 119 507560
71 100 857854
174 15 375331
194 61 658050
57 72 673976
243 148 11339
60 7 820670
99 23 925160
21 139 989774
177 174 797813
163 188 276967
39 133 704857
106 12 209411
54 91 827259
103 196 594040
32 58 736325
198 4 194385
200 190 862492
154 256 526958
244 47 522271
219 32 615897
222 196 309918
67 32 444011
134 208 27933
7 15 340127
134 188 261577
18 127 123190
33 62 960186
46 158 963915
23 126 265643
87 52 129207
43 214 910070
83 79 996136
106 211 103187
72 256 795454
162 250 784722
1 76 484519
20 33 838424
68 242 462716
219 43 909847
119 79 411291
118 48 719313
237 96 490694
20 104 679887
225 222 927420
68 96 446044
251 164 899607
8 204 104136
145 5 933862
36 186 445850
158 151 960460
3 132 576853
7 166 693721
11 63 11055
240 102 538472
77 66 608782
66 129 115449
226 4 431685
221 226 217360
148 184 139214
15 210 517710
251 146 933640
222 218 94350
222 228 420275
44 234 196227
132 207 320489
132 66 278544
5 214 608671
45 222 116008
73 239 966045
117 93 838696
63 138 64891
166 241 692402
255 115 965341
6 116 523723
100 137 548464
232 80 771064
10 168 505254
20 203 957525
133 200 604270
181 79 172406
227 43 139384
163 41 188417
69 218 557992
79 242 984204
168 68 438553
5 103 200499
65 226 604244
3 251 713405
17 252 319953
24 61 812401
58 215 954670
186 2 538867
217 184 370734
177 161 111907
199 197 46068
156 220 1143
243 48 620735
166 109 798424
209 155 681192
179 245 120828
20 216 404123
150 198 32322
23 67 746131
92 11 110099
50 89 350361
61 82 57335
257 125 921854
251 35 225526
22 88 754967
72 184 460657
226 135 103354
180 134 796160
244 59 948598
188 91 46413
234 202 493399
122 11 966960
10 256 369691
29 45 572173
120 206 846575
85 166 887404
11 208 668141
99 255 643927
78 60 817946
125 65 890682
205 163 414171
176 29 125750
197 96 3385
244 25 806150
249 113 354774
211 119 248983
132 118 764590
171 42 36961
26 89 598993
146 67 854795
9 4 745823
53 220 861439
218 225 383494
253 122 754377
114 53 396857
58 56 855990
146 53 377777
3 208 829291
16 256 326505
242 175 771139
167 52 602453
94 51 937518
69 81 556259
238 91 689159
165 191 145333
240 97 326389
102 6 55325
228 145 212612
170 18 170778
187 52 400388
170 236 154835
9 252 840163
211 170 13906
222 128 385095
21 58 362690
39 182 439023
181 235 727980
209 53 571275
66 176 668335
75 117 773273
30 80 335167
177 16 455362
90 221 194400
43 253 965236
220 171 911970
146 74 423233
228 68 683039
165 13 664056
73 228 832820
155 146 47235
220 7 980477
241 237 274434
107 125 331860
95 22 439078
7 201 450506
176 104 372240
75 237 768167
20 79 797867
34 42 837280
58 167 926023
98 117 118743
251 141 268280
69 200 184023
42 2 607150
6 194 781776
218 90 382935
215 126 499792
138 229 844211
103 149 705859
2 224 175606
206 245 638317
107 239 769443
197 121 58981
219 201 579687
48 252 593173
27 235 36596
65 123 928495
43 62 17760
32 31 795314
154 131 214909
106 233 368222
123 225 920058
114 215 175668
148 130 46650
18 95 222259
245 204 921396
131 109 705806
235 90 739659
243 217 870002
198 30 499631
163 120 522743
129 244 377396
78 137 657444
160 149 194225
60 84 105896
82 135 684060
166 62 151318
101 160 917669
199 111 517922
78 187 173200
174 201 751962
175 73 228439
135 207 423
65 205 708928
209 113 104068
26 163 151610
144 46 621694
254 64 483582
241 47 22125
149 182 538980
80 151 217777
152 217 993732
62 169 959473
122 64 13519
161 132 102481
222 85 523053
11 67 213618
242 56 478232
42 153 349870
226 122 594745
174 173 937172
221 27 700865
125 77 333218
69 99 578315
164 190 77761
201 187 655665
200 180 557253
78 22 483372
203 20 734373
32 96 609393
66 53 825656
199 236 272136
11 64 249906
186 170 590894
177 170 967773
228 40 322350
167 54 367643
151 252 658556
162 102 781275
46 252 212307
51 138 185562
187 239 297231
126 94 30877
254 47 307533
243 170 240044
67 15 875010
153 5 678673
49 168 411482
37 179 358609
203 162 414354
143 69 650219
126 111 660952
48 121 826895
210 109 398178
168 171 471841
177 129 103949
61 230 590639
111 12 17335
194 232 320367
141 99 530271
49 88 513660
205 207 354811
136 216 427923
103 202 358042
31 146 728777
104 87 785980
44 16 189968
10 185 936687
140 164 892394
218 139 24428
106 177 202349
39 248 401457
177 235 975096
42 5 326304
211 136 136820
73 134 448857
18 208 218191
236 146 295700
101 115 610998
211 160 889025
81 150 662737
151 240 114467
33 143 56579
198 65 901546
78 39 58275
125 97 118993
