151 1000 54 67 0
1 2 138309
2 3 970541
3 4 68433
1 5 300158
4 6 708325
1 7 835694
1 8 113678
2 9 260892
1 10 164448
10 11 269613
4 12 798833
3 13 538699
12 14 921756
8 15 88545
5 16 111232
13 17 794080
9 18 847358
2 19 606910
19 20 625663
2 21 157425
12 22 596907
7 23 64184
3 24 935346
18 25 143379
25 26 947143
6 27 448966
7 28 631904
7 29 827481
13 30 583288
30 31 762139
16 32 899981
10 33 174811
28 34 788067
26 35 357229
22 36 817214
19 37 896811
30 38 163500
36 39 404081
4 40 723321
3 41 42016
8 42 127416
9 43 701084
39 44 327361
24 45 230350
8 46 344174
33 47 986787
17 48 945885
30 49 59083
24 50 770289
21 51 813755
45 52 741137
36 53 173291
9 54 503399
52 55 343768
55 56 992097
52 57 24323
9 58 635060
43 59 578225
25 60 976084
5 61 329577
25 62 292478
3 63 309177
41 64 690671
60 65 89137
38 66 265833
34 67 874087
19 68 157365
25 69 172657
57 70 504796
69 71 521070
41 72 819756
5 73 725309
61 74 901882
38 75 130692
40 76 781658
6 77 303722
21 78 628968
22 79 3422
43 80 205251
1 81 470734
31 82 342732
61 83 839537
76 84 938540
58 85 709821
35 86 779339
18 87 231665
87 88 429850
23 89 568973
43 90 890442
89 91 103445
58 92 478418
56 93 378578
77 94 958125
41 95 358033
67 96 349465
47 97 71521
8 98 730969
52 99 25817
94 100 877364
64 101 294288
14 102 407925
27 103 338787
90 104 642281
97 105 833843
23 106 581668
44 107 579557
99 108 110076
50 109 183584
46 110 546251
45 111 548818
44 112 903218
85 113 679211
76 114 949457
39 115 348896
7 116 264528
94 117 191785
91 118 2201
53 119 72643
106 120 938779
99 121 234864
39 122 454536
8 123 78514
72 124 443736
60 125 751828
21 126 256004
74 127 897057
56 128 82892
3 129 354090
122 130 19122
67 131 382660
39 132 409149
132 133 104520
129 134 417591
40 135 587410
119 136 139247
133 137 759618
52 138 100727
46 139 101502
17 140 650214
94 141 811054
90 142 288152
88 143 902270
39 144 861033
57 145 142048
46 146 491646
73 147 719368
34 148 667453
51 149 720238
129 150 814927
62 151 920591
138 141 532773
101 135 331656
102 94 8136
1 26 349415
133 114 538117
81 42 812993
69 117 136140
151 82 324787
29 104 573966
27 67 817937
81 7 677241
95 29 284290
104 132 520115
74 94 850074
10 149 94549
51 47 547895
85 1 252458
114 74 606879
123 44 746665
98 130 237464
4 30 762223
117 140 941191
31 146 854848
109 105 678349
115 79 782143
108 91 940575
14 61 566637
77 71 36965
13 62 345439
106 34 168598
51 149 850307
117 48 194962
125 115 52181
27 88 675329
4 102 194845
119 42 764714
1 113 170283
2 53 743958
92 22 562582
129 65 120231
43 69 308786
49 95 574195
89 129 110992
66 125 626982
8 32 159034
17 34 468695
21 101 978095
42 24 636649
63 110 62556
92 104 927269
52 65 964253
150 23 58390
128 132 548339
50 17 764518
37 20 917318
95 116 350392
81 55 381085
4 96 614918
99 136 542107
130 12 47164
100 9 538236
26 121 973780
102 109 581713
143 141 325811
33 14 25529
56 80 277124
150 144 648737
78 62 558868
104 103 6782
79 145 390063
135 72 530376
150 141 963833
79 122 837625
77 138 446287
16 116 815814
125 35 152671
35 66 60894
147 42 9414
44 80 132577
78 145 548777
46 116 909027
82 150 356118
55 39 180833
42 21 794268
142 5 943555
3 126 757416
76 58 413396
80 49 192417
61 150 484734
24 144 365319
141 49 808586
23 74 693704
27 74 945046
49 32 523620
83 21 248087
70 111 741186
140 55 550482
124 23 737746
11 13 700694
137 96 56676
22 59 757180
148 131 912841
31 115 433122
81 78 872169
77 136 158181
6 66 320293
51 22 731677
44 35 344367
27 12 638685
111 46 533799
24 47 236971
139 140 942775
83 15 173246
94 45 163184
135 129 170870
108 59 889767
4 145 133792
37 55 459531
52 31 405738
1 46 795721
64 16 759844
138 31 136226
106 78 491512
60 5 30347
9 112 37228
54 71 356102
13 71 746646
107 62 346559
119 146 386527
8 128 188714
122 103 85243
106 10 986523
83 96 694567
49 129 652006
66 150 777125
92 97 458168
125 139 639092
33 50 486006
87 56 911252
49 99 474069
131 106 680249
12 123 248890
61 112 664910
51 38 7891
73 93 734636
134 72 21942
144 54 661723
84 76 258744
122 148 28489
67 151 719761
27 12 877065
106 101 151343
102 52 694990
14 7 820952
107 55 378152
88 8 96452
119 130 849662
66 91 605498
65 143 636428
4 104 164139
96 54 696864
94 150 714380
105 54 907792
98 114 865847
19 37 819454
73 102 350981
73 21 955983
49 112 480229
10 8 179752
52 115 280385
10 122 261739
59 54 860945
37 126 471473
102 48 150719
98 86 419081
97 23 562494
66 37 781936
62 66 521957
85 129 395089
6 7 862288
148 57 879102
5 145 725177
62 76 664624
33 58 686739
40 61 313404
74 14 523816
114 107 819351
102 132 204020
122 138 435596
110 93 227905
110 121 138363
117 41 939524
43 145 273749
13 151 995384
41 109 644693
73 121 164858
12 2 404930
56 18 124070
36 31 283362
120 45 293104
117 71 763457
109 128 734981
14 118 192291
1 19 908068
42 8 796294
33 55 479095
82 79 840348
105 127 861366
112 138 743751
31 10 627646
111 75 290966
61 93 937966
41 70 78656
68 85 902659
64 144 9311
24 60 425717
38 147 329071
138 3 105362
88 63 635143
102 123 617817
89 142 571735
64 83 390362
19 44 36962
52 129 47436
89 28 473022
149 37 17775
9 59 401355
142 43 950116
94 110 418737
139 142 649161
91 27 411037
18 115 847834
84 51 547837
97 115 768709
139 105 93755
98 124 741964
138 135 813430
55 66 262817
110 54 705991
55 77 206525
113 85 128563
53 41 59650
77 54 156588
134 117 897683
57 80 71309
18 9 762992
91 142 457430
23 101 603094
111 104 990693
25 68 735446
148 55 885431
88 34 875253
87 150 53149
105 61 565317
116 97 487618
11 26 975298
55 72 828764
135 19 11376
85 148 912305
115 41 950067
145 32 133965
8 138 749615
69 6 296193
64 88 822881
151 125 708830
62 96 347582
125 135 502387
122 42 892811
15 138 81411
120 11 708925
130 120 131403
75 58 303571
115 15 979635
135 144 684080
134 86 653778
109 19 880765
151 132 573799
69 106 798591
56 142 24470
122 24 500853
119 39 786784
5 6 340149
108 63 615655
55 66 15687
35 18 623776
107 32 370690
121 15 82137
50 136 196135
68 37 696814
52 9 187643
48 15 799367
102 131 616553
44 37 551125
106 123 459799
108 118 947085
124 34 169287
104 21 953187
52 92 939634
10 113 489227
146 48 487137
124 102 726188
28 120 137164
89 86 119334
147 99 552822
21 67 805511
134 148 897864
134 36 589768
24 36 171950
128 121 255694
133 119 872816
14 64 482142
109 125 30098
73 52 933280
51 65 23790
79 63 242199
3 117 576528
151 56 336864
99 148 344466
56 136 750505
75 115 939193
104 139 676789
133 63 67344
126 55 989710
65 21 776325
126 97 652361
118 59 603073
38 60 255361
64 22 16396
28 64 809421
110 125 736352
139 93 8643
94 119 120652
5 105 630002
34 18 496397
80 66 785178
98 80 45224
28 83 842095
56 39 665419
81 75 819023
63 105 652389
96 93 833728
129 86 59971
26 136 38574
81 93 763757
140 96 500643
131 40 646913
35 37 195848
82 86 531598
54 122 776475
106 111 39028
92 40 535410
137 69 902906
134 140 284399
10 91 894704
94 58 137924
115 27 721351
120 32 729130
35 66 82734
148 131 3869
51 120 606190
11 133 439066
128 66 623816
99 132 775196
38 76 952654
99 83 13203
86 85 749888
54 19 615271
59 34 697448
38 49 921644
60 104 641848
128 65 956134
114 12 283106
9 94 428351
114 49 30777
2 129 629318
127 74 871111
27 118 573739
64 29 379374
86 114 216697
137 25 807555
114 71 122963
3 77 508712
102 69 625010
143 107 476393
137 106 926622
67 150 575834
33 115 203947
63 9 307183
56 109 730807
147 108 820444
118 27 407969
105 97 326191
146 99 788748
4 89 699179
81 130 423445
53 45 255142
103 119 598097
137 99 461157
107 57 241419
10 143 698742
100 105 247293
4 24 984207
129 28 404685
61 147 494374
127 16 47242
8 48 794000
151 119 880615
39 62 183326
50 73 804919
121 130 147254
48 123 477354
17 132 345454
98 64 284103
119 45 146030
107 107 578347
145 31 940039
83 98 926529
88 3 678670
19 20 776834
17 130 698686
117 2 948848
139 150 494093
84 48 119438
89 20 869262
61 144 438050
85 63 8391
127 144 635182
62 2 380052
8 146 670572
138 137 368060
30 141 408136
80 135 609299
114 90 684066
44 86 929552
85 125 939204
90 144 87344
102 57 359969
23 125 471178
81 23 887888
62 49 320501
71 64 20871
124 135 54871
37 44 910555
21 6 457295
75 106 698487
29 20 390663
130 37 67228
50 98 39442
102 34 43608
2 5 400269
133 16 849290
92 101 816947
32 130 365397
2 6 185216
30 44 386403
21 110 106507
151 141 431901
115 12 615838
126 80 172136
137 72 730456
109 91 338274
37 126 677638
78 78 939869
97 43 683901
130 142 369564
39 122 794812
151 78 479628
87 93 295680
41 113 566916
70 16 394855
1 70 699393
135 31 113801
100 37 550236
40 145 930004
18 5 721677
149 151 666023
111 54 433764
60 5 409650
38 47 425285
62 116 891148
14 124 732004
44 70 952085
1 43 10370
95 87 212110
135 9 13735
25 94 928182
91 12 409824
70 133 861862
49 118 124475
136 107 116655
119 140 781570
51 77 625523
101 45 436213
91 146 709634
45 133 130314
42 47 999094
46 98 910633
149 117 817041
26 51 767716
87 80 18838
52 77 821236
67 65 911973
121 32 21306
50 1 990683
1 98 899892
141 104 266218
107 139 876223
96 13 25461
130 68 219469
86 3 159087
9 23 33318
85 41 273524
98 134 169316
145 104 629480
150 43 252778
140 97 579855
4 67 166949
48 78 480813
99 98 986950
101 7 359008
144 100 720574
46 68 58811
145 78 32572
31 146 144612
125 85 879395
99 122 605552
24 114 62096
44 29 969598
64 102 801355
76 54 895121
18 64 596300
128 44 814194
89 143 356080
75 12 613254
51 132 676476
50 102 298668
87 46 9233
97 111 407707
119 124 579569
11 93 58553
44 3 221554
138 17 838782
60 151 774144
24 127 335883
25 128 100632
90 16 869317
59 109 489282
34 147 761335
124 117 985423
59 74 586535
39 3 413075
131 106 712824
73 113 90789
40 69 102977
96 100 865110
146 100 221547
24 144 179119
12 136 492497
117 133 61678
84 20 28435
85 139 583041
132 68 975100
127 131 608836
91 69 966549
108 57 582840
10 48 878409
151 142 694789
78 25 916091
68 134 352371
28 110 749733
20 87 248099
44 140 77299
79 21 71251
87 49 564704
67 16 995794
84 31 856591
74 17 928960
109 16 610477
107 33 97930
40 97 419397
71 133 291429
46 47 134244
47 24 67401
28 42 503470
73 37 989041
13 130 731585
12 112 815440
20 65 321033
95 7 443030
81 111 253796
116 2 887972
139 52 8375
4 48 233420
23 146 697680
56 123 823565
17 96 66046
67 16 734605
84 62 974447
25 136 317144
74 68 124937
109 10 741592
54 51 152842
75 9 861718
41 55 346468
147 127 676336
115 103 602196
46 104 839260
16 9 984962
66 18 366621
137 15 228254
68 56 249667
118 110 137017
28 84 278120
148 113 27234
106 10 310760
109 38 423811
81 44 511328
8 124 347131
85 15 438251
26 16 442429
28 55 538906
108 130 241961
120 130 351026
40 3 826089
24 120 326506
57 117 8911
109 50 982245
90 60 946606
70 65 931822
61 95 55670
37 37 864434
131 72 160020
69 80 843650
146 28 495946
99 20 836809
1 36 178059
18 25 958986
92 30 132762
24 150 136222
29 16 208419
128 45 431341
104 69 14042
24 120 613484
80 48 351636
28 89 25942
54 86 379811
49 109 649454
90 10 861365
35 12 702580
74 71 464815
53 16 946086
92 79 792199
120 72 316218
45 118 340320
75 27 857241
66 57 154473
46 42 999965
91 119 291320
138 86 812174
43 50 165603
72 95 665818
5 37 905440
96 69 802964
40 30 303326
115 143 696240
121 139 254243
59 100 378748
75 137 836840
64 28 826976
49 136 999730
19 39 576793
26 11 225395
84 9 995314
95 90 375904
52 17 843973
38 72 904404
100 121 986226
53 82 902630
11 18 509853
139 28 123654
23 119 818668
104 145 454366
108 19 569857
136 78 595175
61 138 609974
143 3 126793
79 106 569175
45 95 328248
118 103 700709
136 135 523723
147 94 280520
67 151 40607
34 6 89748
133 78 969004
110 5 744575
45 88 724134
105 149 449762
102 30 273879
67 77 453039
108 103 118395
50 143 718898
12 121 548445
56 109 218060
61 98 297904
57 127 367212
40 134 445361
79 141 933838
97 46 974587
127 148 948473
135 66 742763
128 36 172852
123 11 499894
132 89 420873
143 65 121927
139 79 169597
81 136 865181
147 38 560590
52 15 583013
77 26 635054
110 145 376789
140 143 599104
43 148 506697
137 93 856401
43 151 387169
58 142 469529
54 111 255194
137 70 606450
86 87 737196
52 50 432856
58 98 382629
93 82 232291
98 136 512965
48 75 960577
7 140 814874
2 95 942839
37 83 800668
26 12 902873
25 113 241227
33 132 439368
73 133 337800
137 139 138604
138 6 319922
80 12 290227
57 25 748483
147 100 347017
85 5 29866
36 98 652505
2 81 536042
71 4 163011
25 80 479603
16 49 766622
89 90 794752
12 151 203696
124 145 59185
113 98 797931
9 140 748265
101 96 376427
135 25 369131
87 33 516782
108 21 28209
121 101 86867
111 140 524942
100 93 423831
45 134 914437
122 133 281548
58 45 304233
33 31 131930
11 72 253878
115 26 394555
132 84 476912
145 82 353266
76 43 529788
13 68 571532
50 15 715644
6 95 110107
110 143 707759
7 26 92846
127 136 275336
143 133 362197
124 35 588813
127 118 364948
12 126 507187
146 136 886629
108 113 804153
82 114 815924
87 107 789123
77 129 283285
151 51 488632
118 63 400073
138 8 676126
20 120 134577
48 35 362740
20 99 158546
79 101 143248
52 91 782155
96 150 522043
42 24 298643
44 139 441802
20 106 893558
36 22 65023
145 85 165329
140 109 171231
38 84 555532
66 92 584341
87 51 215000
10 59 898760
39 131 26090
150 128 976249
101 46 496183
13 28 678879
46 89 238641
68 124 248326
7 14 194113
116 79 210982
109 94 514181
3 92 579840
104 21 460684
89 19 351615
31 49 603344
53 125 700365
68 92 304371
128 104 490355
146 104 395389
151 123 684661
66 148 380181
83 81 759981
66 54 625343
100 83 905959
30 57 224982
141 124 183614
134 54 383114
18 39 754293
93 101 589403
136 93 488473
92 79 456983
2 138 164373
88 59 633041
9 105 758166
9 119 642786
41 52 293985
64 36 343717
91 5 530289
88 18 76333
57 22 270166
5 73 16330
137 21 314379
2 39 440957
49 60 470998
124 12 857528
137 16 936485
