100 926806550664971517
121 32
30 24
934 800
5 4
311 213
660 54
845 109
7 6
423 165
144 138
971 233
644 370
816 474
715 109
558 426
393 123
928 410
511 160
265 74
242 32
256 250
121 32
412 30
392 258
491 447
483 48
173 145
388 26
613 254
967 888
518 398
860 534
875 139
129 18
40 34
843 453
108 30
299 278
765 219
633 339
507 447
497 363
258 18
636 498
546 174
862 854
669 63
716 682
303 114
96 90
304 202
492 90
366 144
798 468
715 109
413 272
16 10
27 3
155 54
873 705
106 74
851 324
435 294
549 327
943 623
233 52
978 462
15 9
245 209
935 219
995 744
609 468
39 18
985 219
457 178
541 432
316 250
615 459
801 156
573 555
833 797
641 476
129 18
793 83
488 266
111 102
391 117
649 626
202 114
281 172
649 626
144 138
958 690
128 122
272 202
138 48
763 328
893 259
85 49
918 678
