100 942874558198524244
14385 4844
10332 1466
49784 18063
92173 33737
25153 17248
62243 15316
45126 17716
14271 7268
68270 6162
73743 41749
1684 534
67085 10523
50123 2753
40522 28966
96490 27617
26276 7470
42313 28570
12109 3342
51921 8336
22284 4431
95250 48283
35265 19009
84106 60639
22722 4388
29965 25456
47819 2686
34705 23584
26517 23537
74591 11039
14941 2692
77905 66322
84870 48001
50765 8292
67781 48121
47448 15325
43233 35573
85609 44945
85900 12667
41719 26730
23495 17414
59698 49480
39916 17074
21315 7730
13273 7725
43959 37644
9440 7243
37453 21060
95365 10367
32622 4794
86872 76919
67209 24014
38398 19052
32892 7926
54705 51323
82872 11664
80574 37717
324 179
69821 362
3174 2974
68001 43781
52943 19597
74592 18224
43216 20994
18370 1991
40401 23829
5325 1231
63035 33563
71690 39833
14302 12668
81130 34569
33238 28102
44600 29333
24099 6503
71877 35830
86913 84811
88716 57289
8830 2851
82432 62238
99843 71565
295 157
1068 766
57297 8223
24713 21758
66532 30298
93261 16317
71258 4669
47527 28060
14610 8128
18273 4797
78601 22253
48152 30563
3118 1941
39781 30599
6307 1955
48902 43120
20389 12468
57012 14926
31255 23459
47496 388
37185 22635
