100 544433075452228774
50087 39103
27751 6385
81421 51377
44453 30924
83101 47665
6689 5328
62597 43612
3967 209
46559 346
18973 15647
63541 30433
14557 932
769 444
61559 35701
61291 8637
38083 9145
1787 884
17077 2099
26987 8420
96479 81319
19379 17924
46687 37539
6229 3009
2003 1169
68111 57729
7607 2125
78049 42881
14251 8048
25219 2343
43609 21714
90067 58280
36583 18774
57487 18470
72671 13336
64499 12244
22171 19362
91249 25547
94541 75997
54371 1637
44711 44497
57077 54537
2609 1691
33359 12027
6673 5153
56039 54598
84533 83709
97463 15908
1979 1572
69497 65156
59083 19013
62827 13466
233 43
42787 182
6329 6012
61297 22811
29567 10509
49681 3226
59159 42225
57727 26754
74797 45141
66457 21169
12919 12366
90407 20909
46919 6741
78577 49407
51133 26432
96017 90429
59 53
35911 25632
53233 28151
19319 245
52189 19975
53279 41601
50833 29239
67757 9694
78277 1646
80917 53939
2713 638
89627 79266
55967 4490
88747 79476
41381 26622
15971 6494
30757 25666
25243 14785
57973 17041
98041 69416
98717 7369
2423 1740
78479 5002
95783 85136
16057 10279
17477 12685
55681 14923
55339 24719
12829 626
32579 32144
80489 25029
6619 3348
6451 871
