891
30 5506469
58 1000000000000
36 98809572
13 1535
67 1000000000000
79 1000000000000
49 51479979270
38 258686823
14 2494
98 1000000000000
47 19663602334
15 4033
97 1000000000000
71 1000000000000
99 1000000000000
73 1000000000000
31 8909652
69 1000000000000
59 1000000000000
68 1000000000000
35 61067673
76 1000000000000
7 84
4 16
38 258686827
70 1000000000000
88 1000000000000
57 1000000000000
42 1773065912
96 1000000000000
8 139
93 1000000000000
39 418564078
40 677250910
41 1095814999
14 2493
96 1000000000000
54 570921718797
30 5506467
92 1000000000000
65 1000000000000
82 1000000000000
21 72435
23 189649
36 98809569
27 1299897
77 1000000000000
35 61067669
34 37741899
79 1000000000000
45 7510827745
48 31816376927
78 1000000000000
56 1000000000000
61 1000000000000
2 4
46 12152774583
46 12152774588
45 7510827752
75 1000000000000
67 1000000000000
76 1000000000000
52 218072691664
43 2868880918
5 32
42 1773065913
37 159877250
48 31816376921
56 1000000000000
46 12152774586
27 1299894
94 1000000000000
14 2495
74 1000000000000
84 1000000000000
17 10562
55 923770745937
50 83296356194
66 1000000000000
7 85
58 1000000000000
47 19663602335
49 51479979266
15 4035
89 1000000000000
94 1000000000000
48 31816376924
51 134776335469
18 17101
25 496511
34 37741900
21 72436
99 1000000000000
8 135
73 1000000000000
39 418564085
61 1000000000000
85 1000000000000
77 1000000000000
8 132
4 14
22 117207
83 1000000000000
72 1000000000000
63 1000000000000
58 1000000000000
92 1000000000000
79 1000000000000
34 37741892
8 133
5 30
34 37741895
38 258686829
76 1000000000000
64 1000000000000
95 1000000000000
97 1000000000000
24 306860
84 1000000000000
7 82
48 31816376925
54 570921718800
59 1000000000000
1 4
81 1000000000000
95 1000000000000
17 10563
62 1000000000000
83 1000000000000
65 1000000000000
16 6525
1 5
70 1000000000000
19 27670
75 1000000000000
94 1000000000000
10 358
66 1000000000000
80 1000000000000
43 2868880911
10 360
3 12
51 134776335461
80 1000000000000
1 1
62 1000000000000
52 218072691667
64 1000000000000
59 1000000000000
3 9
53 352849027135
13 1540
61 1000000000000
2 1
49 51479979269
61 1000000000000
18 17098
22 117210
21 72433
66 1000000000000
51 134776335463
25 496510
62 1000000000000
10 363
87 1000000000000
85 1000000000000
90 1000000000000
63 1000000000000
40 677250908
44 4641946831
60 1000000000000
49 51479979265
12 948
17 10565
44 4641946835
82 1000000000000
98 1000000000000
59 1000000000000
76 1000000000000
86 1000000000000
43 2868880917
73 1000000000000
25 496515
90 1000000000000
42 1773065914
35 61067676
26 803377
38 258686831
94 1000000000000
86 1000000000000
85 1000000000000
30 5506461
69 1000000000000
79 1000000000000
70 1000000000000
80 1000000000000
52 218072691662
60 1000000000000
6 53
87 1000000000000
76 1000000000000
89 1000000000000
46 12152774585
71 1000000000000
28 2103278
97 1000000000000
13 1537
6 49
31 8909651
79 1000000000000
86 1000000000000
75 1000000000000
67 1000000000000
66 1000000000000
41 1095814998
34 37741897
27 1299893
23 189652
55 923770745940
28 2103279
98 1000000000000
43 2868880912
73 1000000000000
53 352849027134
12 951
1 6
57 1000000000000
99 1000000000000
79 1000000000000
27 1299898
37 159877251
57 1000000000000
29 3403181
55 923770745942
64 1000000000000
2 7
83 1000000000000
22 117209
30 5506466
89 1000000000000
60 1000000000000
10 359
50 83296356191
44 4641946830
69 1000000000000
81 1000000000000
7 86
28 2103281
90 1000000000000
24 306857
71 1000000000000
56 1000000000000
67 1000000000000
32 14416115
65 1000000000000
71 1000000000000
40 677250912
93 1000000000000
24 306862
89 1000000000000
57 1000000000000
49 51479979262
36 98809574
18 17097
54 570921718804
78 1000000000000
37 159877247
20 44769
56 1000000000000
84 1000000000000
48 31816376922
20 44764
99 1000000000000
20 44766
78 1000000000000
60 1000000000000
13 1536
52 218072691661
11 584
99 1000000000000
24 306863
60 1000000000000
22 117208
88 1000000000000
82 1000000000000
23 189653
14 2488
45 7510827753
82 1000000000000
29 3403179
40 677250915
10 357
89 1000000000000
88 1000000000000
29 3403185
93 1000000000000
4 19
41 1095814997
11 589
86 1000000000000
91 1000000000000
91 1000000000000
65 1000000000000
83 1000000000000
52 218072691666
48 31816376928
29 3403183
86 1000000000000
28 2103283
63 1000000000000
26 803381
54 570921718803
72 1000000000000
33 23325771
28 2103284
75 1000000000000
87 1000000000000
53 352849027137
96 1000000000000
71 1000000000000
62 1000000000000
99 1000000000000
91 1000000000000
85 1000000000000
18 17096
65 1000000000000
57 1000000000000
36 98809573
44 4641946828
15 4036
59 1000000000000
61 1000000000000
89 1000000000000
88 1000000000000
36 98809577
66 1000000000000
37 159877254
57 1000000000000
45 7510827749
54 570921718802
80 1000000000000
69 1000000000000
98 1000000000000
98 1000000000000
51 134776335466
21 72437
99 1000000000000
47 19663602333
62 1000000000000
26 803378
69 1000000000000
15 4030
43 2868880914
58 1000000000000
11 582
6 51
6 46
95 1000000000000
5 26
20 44767
7 81
33 23325775
74 1000000000000
64 1000000000000
27 1299899
93 1000000000000
96 1000000000000
44 4641946829
18 17100
50 83296356195
4 20
55 923770745935
12 947
92 1000000000000
39 418564082
5 29
17 10561
91 1000000000000
2 3
15 4037
28 2103276
68 1000000000000
65 1000000000000
45 7510827747
81 1000000000000
20 44763
35 61067672
53 352849027130
64 1000000000000
31 8909646
86 1000000000000
8 134
59 1000000000000
55 923770745938
95 1000000000000
52 218072691668
4 13
50 83296356198
77 1000000000000
41 1095814996
84 1000000000000
70 1000000000000
96 1000000000000
68 1000000000000
63 1000000000000
24 306858
22 117204
27 1299900
28 2103282
93 1000000000000
41 1095815000
78 1000000000000
57 1000000000000
15 4029
12 952
79 1000000000000
55 923770745939
40 677250914
61 1000000000000
6 45
11 583
83 1000000000000
91 1000000000000
99 1000000000000
37 159877252
76 1000000000000
19 27662
76 1000000000000
74 1000000000000
81 1000000000000
90 1000000000000
66 1000000000000
8 138
38 258686824
97 1000000000000
83 1000000000000
75 1000000000000
69 1000000000000
22 117206
94 1000000000000
33 23325774
93 1000000000000
55 923770745934
21 72439
58 1000000000000
17 10564
63 1000000000000
73 1000000000000
56 1000000000000
19 27669
98 1000000000000
44 4641946834
59 1000000000000
1 1
7 79
35 61067677
19 27666
47 19663602339
90 1000000000000
97 1000000000000
93 1000000000000
37 159877248
30 5506463
16 6528
4 15
16 6527
25 496518
41 1095814993
48 31816376926
35 61067674
78 1000000000000
55 923770745936
42 1773065909
73 1000000000000
19 27667
6 47
91 1000000000000
13 1539
22 117211
75 1000000000000
11 587
32 14416122
61 1000000000000
94 1000000000000
23 189650
10 356
90 1000000000000
49 51479979263
37 159877253
69 1000000000000
41 1095814995
96 1000000000000
26 803382
53 352849027132
80 1000000000000
14 2489
51 134776335467
72 1000000000000
45 7510827746
60 1000000000000
24 306861
25 496513
29 3403178
9 218
89 1000000000000
43 2868880916
49 51479979264
23 189645
88 1000000000000
8 131
95 1000000000000
81 1000000000000
46 12152774581
2 6
29 3403184
1 2
24 306859
95 1000000000000
83 1000000000000
39 418564079
40 677250909
26 803375
87 1000000000000
45 7510827748
71 1000000000000
29 3403177
9 219
68 1000000000000
12 949
82 1000000000000
22 117212
95 1000000000000
96 1000000000000
46 12152774584
63 1000000000000
63 1000000000000
90 1000000000000
3 13
2 5
62 1000000000000
47 19663602337
46 12152774587
74 1000000000000
85 1000000000000
92 1000000000000
21 72434
79 1000000000000
42 1773065910
16 6531
4 18
22 117205
23 189648
15 4034
50 83296356192
47 19663602340
26 803376
84 1000000000000
21 72440
75 1000000000000
47 19663602341
19 27665
72 1000000000000
68 1000000000000
40 677250913
56 1000000000000
70 1000000000000
52 218072691665
77 1000000000000
49 51479979267
80 1000000000000
73 1000000000000
88 1000000000000
16 6524
17 10566
73 1000000000000
64 1000000000000
27 1299895
32 14416118
26 803379
50 83296356197
63 1000000000000
9 223
66 1000000000000
54 570921718801
57 1000000000000
52 218072691663
30 5506464
10 362
5 28
39 418564084
26 803380
77 1000000000000
17 10569
91 1000000000000
92 1000000000000
20 44770
90 1000000000000
87 1000000000000
67 1000000000000
70 1000000000000
48 31816376923
4 17
16 6526
81 1000000000000
39 418564080
85 1000000000000
75 1000000000000
21 72438
97 1000000000000
36 98809570
3 11
65 1000000000000
32 14416121
24 306864
12 945
68 1000000000000
58 1000000000000
69 1000000000000
33 23325776
50 83296356193
19 27668
39 418564081
47 19663602336
87 1000000000000
76 1000000000000
34 37741893
86 1000000000000
20 44768
76 1000000000000
32 14416119
73 1000000000000
74 1000000000000
13 1541
40 677250916
90 1000000000000
54 570921718805
1 3
30 5506465
68 1000000000000
80 1000000000000
23 189647
13 1538
17 10567
31 8909647
42 1773065911
9 217
34 37741896
61 1000000000000
30 5506468
49 51479979268
28 2103277
7 83
36 98809575
78 1000000000000
15 4031
54 570921718798
21 72441
62 1000000000000
78 1000000000000
31 8909654
38 258686828
31 8909650
30 5506462
85 1000000000000
89 1000000000000
56 1000000000000
32 14416120
67 1000000000000
43 2868880910
10 364
34 37741894
31 8909649
59 1000000000000
14 2491
35 61067671
80 1000000000000
42 1773065916
27 1299901
71 1000000000000
20 44771
97 1000000000000
60 1000000000000
87 1000000000000
1 1
36 98809576
33 23325770
55 923770745941
33 23325772
11 585
3 10
79 1000000000000
60 1000000000000
97 1000000000000
11 586
87 1000000000000
9 225
25 496516
13 1542
50 83296356199
32 14416116
15 4032
44 4641946827
63 1000000000000
83 1000000000000
26 803383
51 134776335464
51 134776335465
18 17093
70 1000000000000
84 1000000000000
2 1
3 5
25 496517
87 1000000000000
74 1000000000000
88 1000000000000
95 1000000000000
9 224
84 1000000000000
71 1000000000000
7 78
6 48
50 83296356196
71 1000000000000
58 1000000000000
39 418564077
81 1000000000000
72 1000000000000
68 1000000000000
53 352849027129
5 25
38 258686826
46 12152774580
95 1000000000000
69 1000000000000
11 581
16 6529
53 352849027133
85 1000000000000
27 1299896
64 1000000000000
96 1000000000000
82 1000000000000
24 306865
91 1000000000000
65 1000000000000
32 14416123
18 17099
14 2492
74 1000000000000
25 496514
94 1000000000000
39 418564083
13 1534
81 1000000000000
64 1000000000000
28 2103280
53 352849027131
5 33
82 1000000000000
31 8909648
67 1000000000000
82 1000000000000
52 218072691660
12 953
14 2490
19 27664
84 1000000000000
36 98809571
80 1000000000000
5 31
77 1000000000000
29 3403180
11 588
37 159877246
86 1000000000000
6 52
7 80
31 8909653
74 1000000000000
54 570921718799
88 1000000000000
91 1000000000000
74 1000000000000
9 222
19 27663
38 258686830
9 220
35 61067670
48 31816376929
18 17095
6 50
17 10568
8 136
45 7510827750
16 6530
2 2
98 1000000000000
3 6
29 3403182
72 1000000000000
68 1000000000000
62 1000000000000
35 61067675
40 677250911
84 1000000000000
43 2868880913
67 1000000000000
92 1000000000000
44 4641946832
16 6532
89 1000000000000
34 37741898
64 1000000000000
33 23325773
33 23325769
38 258686825
3 7
94 1000000000000
61 1000000000000
46 12152774582
23 189651
51 134776335462
57 1000000000000
33 23325777
96 1000000000000
70 1000000000000
23 189646
42 1773065915
77 1000000000000
41 1095815001
92 1000000000000
56 1000000000000
98 1000000000000
47 19663602338
41 1095814994
67 1000000000000
14 2487
65 1000000000000
58 1000000000000
44 4641946833
82 1000000000000
12 950
10 361
92 1000000000000
72 1000000000000
83 1000000000000
75 1000000000000
70 1000000000000
72 1000000000000
2 1
77 1000000000000
88 1000000000000
51 134776335468
12 946
1 1
56 1000000000000
78 1000000000000
32 14416117
3 8
66 1000000000000
42 1773065917
9 221
8 137
25 496512
85 1000000000000
98 1000000000000
72 1000000000000
86 1000000000000
37 159877249
45 7510827751
93 1000000000000
43 2868880915
60 1000000000000
97 1000000000000
99 1000000000000
92 1000000000000
66 1000000000000
5 27
59 1000000000000
4 12
20 44765
81 1000000000000
78 1000000000000
93 1000000000000
58 1000000000000
94 1000000000000
77 1000000000000
18 17094
62 1000000000000
53 352849027136
