999
325 314316232756
4 1
496 550913082561
392 518383774219
182 890995774924
265 475270455927
81 156171618065
144 419301092442
281 74013528668
218 895101373927
159 4845939103
348 681585365665
8 66
455 604271373679
229 299466277007
41 1033599069
219 767544132697
337 178857762028
262 762383086444
179 885320681775
492 344533479453
458 556913506477
377 274299536416
385 917823793422
344 915228337961
212 81799190344
70 295318249696
478 679856860944
436 724839582260
401 923575840063
478 194878918491
176 876025017377
434 379706551678
487 117500215847
137 880486364473
29 1711659
422 419754717337
468 198357432889
101 837060527237
263 807832782075
311 281388566287
116 308920276047
40 312482403
13 988
81 372261588933
342 310804641964
362 238489527155
209 445260943469
142 520735263541
460 689929390252
386 788813797056
21 66978
452 564211087222
25 111064
35 37285670
66 133918681705
278 582055629687
118 817289504676
484 809811647041
219 445608807669
243 803764395852
334 67334547632
168 468276038205
284 71604704832
90 637711717207
22 75700
489 190961839586
400 570939348883
489 974896462273
472 949916056971
428 2640301258
321 19165770243
364 815511674428
248 93937422006
133 712444675982
228 945322445291
220 458059236008
203 323514984027
217 284134117353
430 281297897795
105 944834661351
328 818783512060
61 98225390130
318 837507564825
237 612881999893
466 658945232164
277 654731225672
186 306975920056
117 751737764720
76 785579556867
145 255371343845
201 898642423913
174 370749054711
491 629310875795
461 691705611840
216 77120270711
5 27
415 654070787081
355 664670205118
498 263671593574
322 724767256474
358 207315853994
50 23195076250
346 767125523186
168 759777346901
299 394791845357
7 18
374 455164162870
472 508990092371
38 78878321
470 599480519583
449 507131451920
455 82087643955
454 321026840654
8 63
499 99943464653
9 175
124 542768442251
464 695517984035
271 385170133670
366 533504044267
67 244761436269
140 88746107367
116 133654544848
212 119521670337
59 617768226035
484 375811652909
349 587912178615
143 130777928862
365 675381435363
207 316684313711
2 5
65 856193248156
494 836534330405
448 194301328885
205 172547212228
209 32439643583
185 888084462851
418 439580037890
61 484860445505
73 428146389657
357 964217865134
481 673125227482
3 4
129 616207303763
401 686992533267
418 817091188604
65 891791051674
279 968480069749
332 552669943387
184 505789798737
164 118868135053
447 805940705441
374 516636652181
150 27367500830
363 723247122718
50 9156285382
129 331434815825
300 703497485659
289 834588430862
81 392739976329
41 1057553970
232 19240345531
399 987242707520
394 221808516311
323 610908664123
440 843978463217
303 940100759371
199 626463917276
228 910803170854
416 798479190310
111 5263726202
404 742187817972
153 440509593761
130 316896124699
344 823445955804
341 384208369260
440 954372502012
86 184972231300
234 212607931618
421 634793684690
248 312247076495
426 180822055289
235 647055067862
232 302140804065
26 463001
91 601610291138
438 901500990913
132 861979690956
372 573858421891
190 981640757455
32 12629002
359 798817876191
120 74590538492
152 600932340283
485 502343872521
363 283079846253
332 911425688315
119 204597815265
167 200987538297
449 643019708695
393 874629313722
174 683507393534
16 115
380 763331494745
357 928998851030
433 316819556670
379 403008650900
350 565141983903
58 79775061681
197 252666001227
55 630833110910
199 378635702915
231 667029215781
307 826290316502
350 120326193925
69 965652228610
285 66363394587
469 246249127961
282 896417320849
58 552376173955
280 593926967336
139 904682414142
100 256060368908
251 646991363361
169 978739206647
109 121111055614
101 607751554272
452 740714439912
35 2729795
466 152308603191
446 297508795392
349 565585677801
58 745400777808
193 708684241362
67 71981843390
283 60793827032
457 791704031572
487 220064968577
497 690612932755
166 351079846201
459 358296442381
472 644017264330
273 478259970028
87 546515048876
349 584239667591
380 209003743771
306 3882559902
399 504783758171
50 22260026847
246 42686718082
172 443923320322
60 244017878396
357 334998681959
265 930322786617
144 655073682445
334 78546617426
202 681469291085
175 642501802172
223 863151204095
218 595406627819
425 740290669479
131 697924267252
445 929302924038
369 906670247527
248 26507571007
249 703365145943
37 5698336
183 552016909204
334 317279146106
191 211948677448
324 198962046064
245 381442641798
34 13393807
465 793034578041
144 213141440978
88 78577756474
61 266122796250
487 168020140465
108 837038678542
377 151249558859
326 742367533347
434 576797608348
250 934233783902
229 350448633601
63 787743622068
406 467369960443
52 201607100447
132 885171189081
89 530966544132
64 937605697963
478 616393879850
112 217752861026
469 147674552526
266 418747122482
376 695788086659
210 337384475797
235 901622454837
27 789152
480 83099317783
303 112600040659
17 6217
159 349511670979
330 623179346977
97 462595048924
498 472740937987
178 447232744952
191 187322253386
153 449383956929
34 3752948
146 910325540617
5 27
294 790634595988
378 629692545161
140 455910149035
228 976454300945
166 534886080077
360 850725739486
36 16797454
227 225530023589
105 945389742147
363 692794761358
364 185760853319
371 437215369855
129 306896215018
164 336640417058
207 383029724310
166 417784791914
41 616608470
262 19065788673
401 137724188209
362 763318483031
96 359094975079
22 20338
201 574509541599
224 319602042429
366 888293754258
198 371628279647
133 840216498424
115 750427459524
224 93459854007
62 758742768013
342 453292137343
431 797693196682
459 344349735651
288 388884451880
36 58707530
117 7101565884
174 610436461151
324 293976968590
462 647479239312
344 244438547891
309 515772033495
153 10417391354
198 420656407126
45 330223871
353 676253011715
51 37264967218
61 639785741610
113 990682888894
487 38010702904
446 539823606019
434 539594442139
122 123883998458
485 623470784539
418 990032973396
443 902938372712
213 861403500577
179 592738387333
500 359777150947
92 960673125561
98 606416834367
157 718200109071
455 790776851948
226 853967082719
224 888505003673
403 392302876486
357 863839027037
483 687534544891
240 186767916965
118 135932102608
214 845571252255
86 821350321673
106 209858860598
311 827655235845
379 885583712797
43 669489881
99 914305605380
230 305679782254
253 576514747311
26 783771
77 588478051710
257 674545196229
84 840619883135
67 881561536023
265 487611469127
40 30951661
109 455044933326
299 282863728850
381 723193035448
423 682084326910
305 564321270968
497 248822984887
214 158368601322
158 27825648435
247 763057496634
166 424226844551
261 441645888566
340 220320449181
490 296808936563
52 179728733229
71 9002801595
309 792758054258
82 669299475809
52 188410403633
28 1140557
141 174810038088
310 296948319883
112 992152377908
399 345728783913
20 44513
469 811796474226
466 415964116352
461 617910671707
217 999257335575
122 600166701755
228 119481095460
186 657453377285
291 564375463910
251 854172903098
23 59445
360 190679436620
424 744486936292
472 565812215246
407 396727352406
269 81147103582
234 169715793048
299 111082047822
414 380011576278
242 608298323326
186 924021651297
431 720808533935
99 453346524548
13 90
37 68012508
52 120277663453
129 421707945299
218 949566570362
251 162548495868
401 616649228340
279 744058098082
393 621880452374
187 77286155401
418 12040802464
21 64689
321 433552683043
194 169700840017
395 868874474023
317 406921582239
128 743421970075
133 983866872033
81 750713974661
387 79229141620
269 135778705194
387 184699761671
168 882247769760
68 528613491319
53 56156112459
21 65607
41 785618667
416 86016154620
244 562702060406
436 28532312552
307 86245747850
78 384849630197
121 102565895620
228 47962931522
156 230819314012
12 31
90 883411355268
162 238319383685
341 379904656833
223 545605020886
266 714431915095
230 80905545487
154 280641593560
81 846326784812
275 198119546181
306 96571497486
155 218958522489
177 774081305889
308 532245964111
140 650590170457
237 355536611528
28 435063
471 346173693956
220 327316479331
299 868720379467
227 585666031794
254 901794495746
433 619310297414
9 86
468 361534504349
281 433703284154
48 12714625978
360 307710303257
410 406913042677
159 363312509707
167 11769838557
7 64
319 671987430572
176 381390454783
54 31328165422
95 520677976015
125 302416202442
232 466999026835
460 60283558560
389 367877694823
121 529228462658
269 344455572056
127 369885675705
248 520441965566
410 982173153500
316 471960627662
391 749667976320
203 770959815177
89 652755057499
149 58585600948
113 448480140593
289 71210106875
121 734798661468
204 626607383685
332 481752264084
27 714985
210 891668215408
6 50
238 32498298862
2 1
194 968643576072
414 377502805960
205 227302246124
185 644373020946
121 646741739925
277 613337450935
128 859376154668
28 527164
327 334335683865
184 450871712480
61 119517839597
110 244101411830
289 445060222273
223 831096899607
292 957930771
121 942728461536
70 904358015899
427 413194050306
52 11597724623
440 748849981329
476 582230324558
222 495836078428
128 315118949820
1 3
250 788978283140
281 963782125461
392 882038117348
193 900830341671
73 993488557827
42 19076609
460 790431559926
200 839531897664
334 989119190583
421 626703473334
485 800915729623
34 35839360
127 182374094028
227 960002478804
467 112673444186
74 30696907290
387 323499243587
409 296430818779
267 435115021937
69 214275352320
321 766207922867
417 545924329190
105 91333048357
282 908198043831
246 435998112551
342 90150422095
470 108309636705
498 493297982704
342 46428931206
36 56476456
386 422243291289
229 756634664553
236 16206255666
46 7391147454
338 889624108953
298 393933631925
438 129309000466
116 837753516508
361 34583079876
97 395367174541
196 229527932111
470 72677546748
402 923385866616
132 841868182844
105 964025754745
362 44605904892
334 701184954653
14 543
258 285953116486
250 335496529196
257 550512232092
268 311658494038
79 690322784577
499 403423364053
321 269267366013
52 133482829799
201 44121344765
472 386438210170
116 570284321901
370 746245103275
246 869794267445
7 65
48 3976404551
204 650148778823
326 11435924106
47 1339829709
478 927088419636
90 483057210281
121 282701516178
150 147231251376
231 985527690121
469 113875647071
450 816600971579
441 126644085892
311 641278264834
79 641978242246
61 221440408160
259 716500642216
437 831526547664
481 314093503261
214 362666709062
288 968428999366
287 613457806196
159 165196890347
123 822080852858
336 696804062596
75 921639871344
344 49804058920
114 749794087674
181 292176375487
113 168715390350
90 824836692484
71 698575756550
168 596790023362
357 878422576368
418 647621610015
73 640943980776
80 106673848908
219 414610052064
32 5484054
328 88870650718
331 987767000470
197 274630356980
407 855629560989
149 232659022322
42 266499273
9 119
228 171987441774
4 9
404 608841724292
120 608716480991
342 459288942845
351 714567908362
123 718785180345
441 605658652090
130 783211341825
298 830752142663
434 147751013765
451 896837651701
186 70765895830
225 634823684565
7 53
423 292401299615
320 592627556050
145 291088296043
138 892620092370
285 190932753714
478 448038298221
310 448878640997
136 356045007025
456 97451592969
120 932637694150
491 678796474938
352 466089781687
123 867271842575
18 10361
381 846061137884
472 176261092449
107 188031236575
240 110143124319
397 171052612926
414 358190225009
396 81705089302
19 12292
392 213004753308
351 336839632408
254 614690201923
39 337659318
174 646972453625
9 61
119 839159349681
160 794652926266
74 357780899058
217 760640467882
93 883503061156
282 752275677807
242 551593621447
2 5
327 386796797883
434 645022927745
431 874835512314
355 238303962396
292 885225387589
342 343137415089
88 740288680242
87 50252491706
403 571409771717
161 685275775727
393 951938781591
158 608706168315
234 528345257741
327 701082167078
246 360503131108
377 129719400830
136 381372762105
474 55921117631
347 214594443662
343 236956155546
487 968853444549
409 204647883557
252 723544407598
81 465471835361
415 47610006864
496 615756080225
455 746873189645
379 857025398926
324 811884137886
125 389838065511
196 801656482190
326 663967856760
307 857995855534
129 561663936540
72 744975948018
261 143977504765
276 555401609504
316 200106918750
158 148205158605
500 702785260469
353 916173149948
145 35364899234
344 116209543496
312 736695525137
161 498355168852
145 377401531657
415 847113326483
329 144650060828
393 585407241986
195 803583693154
86 900598102769
43 2302877122
164 704894757419
471 509605984955
44 371803228
227 449431167263
110 997031308271
271 297103164797
139 806007631534
161 262923020799
418 360432417045
223 390836282698
368 533331415925
397 530544989294
278 108808504347
386 526970891259
162 997080909674
433 506993042017
52 59478707310
75 211320584229
297 182330123670
468 481682350042
455 385971726242
223 234848291343
332 587165617165
167 274032526849
186 71236915534
58 119054307594
251 744170652424
458 657569502569
430 484033521423
218 532871111214
281 482901328052
12 364
302 852720903391
25 176666
441 707525933027
57 803578767676
110 765632255499
373 225439678664
382 84077153244
366 532455511243
236 992365612610
375 115030392558
319 885829734841
337 780153244077
482 565942110042
156 73836867756
125 504987789453
180 929240062042
67 980796647422
423 987118631568
114 954931702429
84 515148842300
314 576041514149
38 249392211
65 858243114486
436 768959329248
149 159673956867
17 5596
107 171632562537
371 347229243807
48 21877717504
374 987167549563
397 730696031449
439 548194493069
165 189058628296
450 559367114057
462 433568063560
434 255468289910
344 6837214602
211 365116632624
116 872205070691
337 594790255235
37 31825841
35 6496652
190 190086650603
483 181989713937
244 935939862992
266 546438056873
394 67951982289
489 951871922982
394 912607477766
124 572695519478
260 814913379413
74 73643847774
39 190722011
43 2767353324
391 858707760396
479 944905880708
121 589061432235
261 16869589153
469 315725798867
280 970562079667
209 560993187823
334 375680474941
270 34438670910
492 2895038664
27 1098191
238 603810172462
220 530444287442
398 878806641307
127 184415266519
389 779231861722
53 270754814607
89 175740609837
255 833811902651
370 238652351955
94 385619094304
186 924643916523
54 103390671387
235 745815342651
85 587399225762
358 810878949157
218 299989735821
114 117793611717
425 542527791241
245 980825805922
105 817075493189
495 817131445799
246 847306702348
66 475430957424
176 480331378819
315 270996165171
215 119827035613
183 321994519846
104 129455964700
217 276798532440
373 671129002617
323 584878686473
23 186418
499 903249088747
88 742232890173
258 890716996663
314 712330795685
367 783421743695
383 356009842730
130 946804140806
459 210278792421
176 24655986837
60 600496066546
321 565609924191
325 631420361133
132 189081963987
481 686191930287
319 549408816883
34 1396737
458 158933825483
499 231104597081
361 123168321686
455 328305166383
294 973804608538
348 359698859635
80 727046832343
234 747921624739
426 829034294068
275 614422791722
381 880058711583
332 270868679420
363 540822507606
153 446040789694
21 30292
192 788112748154
277 47829577742
189 836446290223
195 140396957088
102 476800818511
255 678410666279
71 21450831493
386 871463960618
13 800
66 723446681673
452 955448873237
39 173009519
463 530477411334
190 103839633307
23 49115
263 697865617417
471 273718663947
75 745382337741
346 234958046971
123 294903958354
46 2343462737
157 857596572240
103 460442324295
134 334302814172
17 7731
88 462451898041
96 376347733166
233 710385871105
296 293350414839
391 488252372883
161 482940244601
115 17533253718
127 376168187354
430 996639722210
385 493510286058
423 733830071452
30 3248933
317 1532193673
298 741281518393
154 561812352553
445 827047132635
117 299920167488
240 739265837881
272 488990293582
405 224279874641
242 557617608975
426 712597704900
242 142311725352
337 8870657910
43 2693395765
31 2068155
143 929492405031
133 310331310596
52 80238015852
172 395131408001
204 2436950928
124 26236634264
454 555237177317
348 68705697315
180 349631990650
182 640549376643
30 1400926
329 561230941400
309 4885417470
199 171827768513
314 540938859181
172 262241782103
