999
95 187383996389
29 249378
39 106757557
26 801220
142 760414032959
12 186
305 83893291700
104 750170735544
38 164302030
172 23469441801
191 177525259357
413 533525693069
178 537150202548
45 1585651565
10 91
35 7355909
108 244285453652
456 618907024314
143 10330033994
19 4689
389 407653272405
372 470701153515
118 786480194704
112 391156677529
97 736108227236
52 60543533587
443 449030295760
194 736424793173
34 25577966
382 315912210019
39 42676758
415 528750936750
470 237845881150
153 289744589296
296 409761167896
299 802466449877
61 216467345409
424 864080611427
106 567351210630
111 384991247762
429 838450599302
226 687830049804
155 255405477797
37 139191917
195 162475071967
395 188110532111
270 765409656529
233 219148550946
81 455795118214
355 782965458328
252 929149751608
407 632984680602
499 588228819270
275 360904908000
434 329595496129
374 851741042144
493 524726510158
110 215326430763
76 684769412207
146 723027302848
300 998674699903
324 324711518959
255 668376189574
46 3416907114
15 2751
410 423898141844
326 757006562901
247 591994164944
332 940611881246
180 475881455588
71 131800122744
202 958418194219
409 571947158412
425 109641626364
432 668258963386
244 226428577812
221 200896018345
82 546612409381
340 893466073815
444 506482184878
371 885536587427
304 82034612973
341 804278838353
345 881762491381
246 161146601334
239 400020828832
88 731796215808
289 511607345465
500 140280725357
357 274355965899
64 830587501438
490 684068887383
445 576185130966
321 264799946969
110 495880633020
61 617420547807
26 711276
44 644598598
49 16552940885
492 93039516223
438 249039708166
190 775055157174
9 200
66 78844488337
246 150983685913
29 3253144
191 279022222043
249 328994824675
413 28583771244
420 126105319878
425 463697229864
191 185719451575
471 799704697713
50 83193796709
473 895994701169
46 8841816366
292 34240236030
473 540881056402
290 438082469620
314 228990018240
460 883879460870
348 716576052001
378 504773596386
168 292280536913
102 250620409644
444 668947940132
221 336152128364
2 5
139 933675306400
298 707163433348
286 770503006593
388 736220092306
354 512354970535
116 416454608971
400 461830233729
345 316546186079
465 293154934445
358 664061896613
206 839097506539
100 772839841224
302 51423896242
166 820331240762
211 992927061642
191 734523911122
273 730509533568
165 186369213154
141 204994708684
481 318622967526
60 722554151178
465 715360718523
324 134212227
109 691040332721
58 123654706658
482 397561301031
142 169332306741
334 731299489523
428 517914464520
224 615836827103
425 859625815073
55 904746539971
56 543120454392
310 597489894063
357 273005997047
376 141029212345
159 781008587309
177 104868113382
350 756420446694
69 278119984787
97 207255269189
212 953940924411
319 448413288929
4 18
290 667280642278
179 899362880504
468 808059979936
456 629419070162
139 85684188638
191 646064355309
236 253582152591
319 63008083638
293 90579096595
106 93642533010
85 872959284102
235 774974376836
486 255552174283
280 225744975868
64 502419051644
35 45978277
372 359240590376
394 828298991132
308 333884039001
259 645255910080
202 65795551740
76 420176849953
73 907115700636
369 435968097287
179 545392324417
260 104550591538
247 529715617250
441 269162972129
34 10152425
268 664275008371
488 252924671367
425 736447944885
279 522581775632
302 992367468959
147 408247265388
165 56650570951
436 367724780839
358 75432489136
89 15831849429
156 385675260038
114 974591193363
152 290306180261
346 614488528986
74 612929030726
257 340021568739
85 456954680576
126 160276751076
55 735134227939
172 496821967807
489 381016581478
367 609758463204
380 215494735739
332 502659604883
359 569360947887
263 548172882595
110 925464696231
142 882403781884
263 82364579352
32 6990167
418 314362085677
246 284890284295
91 678073449933
249 94685547820
48 15209722153
106 639963573062
69 211212152822
424 370001418304
180 600021111055
94 432296211834
466 238617350254
2 7
444 714613269524
231 614177183844
406 677167900458
28 809085
226 922785276686
228 356057750758
181 22787397250
366 495160593578
341 543962339001
98 16439712351
359 162703089533
215 167907119343
55 910198388851
431 44755880099
296 934719712122
494 65425076257
130 993767543423
168 700638935947
478 732675070692
138 139555902631
183 765566795456
304 289425012342
427 922425869003
277 979798189070
434 522906020660
284 601726416617
453 189807368391
493 153915558154
368 667108682634
16 5081
147 435805156537
236 888722093773
87 59578395134
426 564672561567
389 965803128391
447 615094038008
249 785653057615
86 84960015754
219 373260320146
227 249198698338
70 251348858773
69 792797187267
83 934935273222
375 287460258428
452 895368197986
10 217
260 159957082433
167 337864396649
343 612221939824
373 582514282999
468 263048961838
15 3842
164 382182077191
369 497499576562
433 795724437708
439 741017652979
356 683125296451
471 622076737888
229 374212879881
193 948720763207
164 319480326722
210 165433904378
269 937294005747
262 316607882681
184 879331881987
271 353038902475
145 879187658486
145 257597403406
66 502875820557
445 580908709929
111 856414901311
493 830911581723
447 345901595532
215 493012358187
288 448145621001
365 259476795629
340 189386711830
482 210963205291
284 273691447678
353 716608164419
144 747406477882
327 765401300236
360 554815987853
90 358903060730
499 351867229606
482 9239381061
103 915717694618
392 483582550255
316 413688792541
498 647185549536
167 885844004050
470 44595376325
420 632062248705
117 994603559863
333 89898865719
314 987516180853
490 24969028329
74 68071408085
234 470879282907
127 215570922491
312 268735301117
183 44163556380
408 768895777774
219 390121607071
92 263532944596
494 313803369317
324 285815531748
403 646568305523
202 295655915625
55 41529163811
26 611240
84 144127712594
188 478426932781
64 819429980245
419 663418838226
224 507659020841
58 273515671466
204 28679029590
139 940874719873
116 816672930382
119 753296068725
130 100047297070
177 483548534198
363 724697461048
49 31733156400
420 43561722900
89 801598688852
85 323275866623
69 622259823723
281 327504059880
125 284199677584
176 905814502896
354 665965611648
457 999989422094
255 944327461910
235 30848659911
96 533532532055
313 311882685663
115 816757171696
365 66193418554
477 881334999193
335 802444016728
33 7636273
73 347513368780
81 60251069609
276 597761355799
120 299405427037
471 254368397988
477 211498345928
268 227329193255
324 869708358068
184 66379709477
405 452243727809
88 818150483835
305 701304557690
351 152222753715
53 258735446237
362 809915537369
47 4210497870
325 685360794761
37 13829609
167 903180505443
298 298947624306
461 168920829015
80 725559625616
211 96634021586
498 522819736944
138 196696742443
34 9180123
140 876956888806
454 378546669900
443 245581209393
393 677744393541
158 594444376317
240 852130453590
455 295318732083
213 220195295420
474 103173570223
466 754745878319
222 658789861457
115 16769933697
250 567774180888
6 49
342 112065686268
469 389747281133
349 844066677804
232 750581279981
286 41019221130
437 1712939864
91 710945447416
158 971863547846
92 297177529286
213 350547825532
77 225774914310
129 759393793231
303 832142776017
394 333540519870
404 581111408411
44 3679115883
452 636880184233
448 987351225535
330 697283392211
199 117145116643
469 199881277132
409 950488916740
318 259902569155
72 742376035571
313 769158904114
421 93515411297
60 304335024865
286 18546054913
36 14743910
428 352284151510
415 200605034532
274 490193276781
53 31976757505
94 315028561032
270 178666622073
105 790807004216
130 563484812859
7 21
324 766466725610
281 918635659883
335 762089206766
141 886292804813
324 522588078930
495 448698622873
257 317294504813
280 804389519779
428 795473672181
375 398894203973
187 410535613554
282 249534988030
200 124588222333
122 292415123395
85 600014871157
49 47703112964
348 764777322610
264 407609401515
189 800329920745
107 173144901797
271 438640769264
80 848856662131
65 245121877925
175 188115210780
451 198290864726
123 341533651391
233 519281113579
210 586730245027
88 764745858964
300 465714514050
94 458999355492
438 694020301110
479 490326218415
186 320217424126
317 580375165644
395 281272057518
270 243605179638
6 26
439 484650288269
257 169547625909
316 536866279128
327 323180497405
47 3055041708
95 914629637340
177 426574380073
350 873834672226
83 478260626623
54 158905799024
16 3310
119 981975673216
51 109465315215
8 108
439 689718458836
12 575
96 511779869870
24 77906
35 35863800
195 813682034834
379 681292078221
353 807458933519
254 548108983026
117 544998957649
103 980838196163
343 889887324461
253 820073648340
475 166027159636
275 854472854487
92 778197563135
437 13683495821
325 356731877127
271 991892507685
398 227177654459
83 608731909619
360 795299172049
350 396398780852
142 523289226061
261 561877421340
2 4
482 703620244650
240 882078165398
229 185985092570
121 96326459268
43 1515954461
156 778410026872
484 78326854074
451 641999122374
99 751626178030
21 53302
124 863803913924
331 669817251041
416 432241972017
164 233675438192
404 77124010
35 39715545
253 653814114957
271 524685468828
142 506363372373
41 237478881
190 990268430624
463 61648465363
228 917547604437
304 761790073345
103 360049649702
2 7
40 532176204
218 355295506076
352 101812299416
244 667541781508
189 874278844684
451 230963008672
188 288300597685
287 387398868621
308 558355195322
366 473634830588
29 3135613
343 279017581077
44 1228360934
160 228393894636
125 847848092680
123 367685609549
17 5825
158 288412607801
105 11952368643
46 10469450664
11 456
392 725494161138
489 922453055765
399 458620745919
222 621769414336
422 648089364072
322 708895223103
69 996921990136
288 26742475205
121 700069484713
235 946065054894
183 578573633267
34 2365011
76 841077208760
304 410334654374
114 10774485739
345 354295085630
170 436540240950
61 910774969221
356 305991801211
191 6074593593
256 905425058660
492 807134217603
251 853868075013
201 125429174748
499 412116256849
67 20753711781
450 189183293067
223 216919769382
447 373871729941
248 217168120887
12 83
442 279520061044
3 11
63 99385735618
437 634115187829
488 47373047839
24 114086
469 918260898965
211 905666259024
92 954530705295
497 335152723418
72 316588111583
480 597741471337
375 438616363202
441 645186285470
371 718993877774
135 633478462999
342 649809532878
246 741217773567
426 88076625350
353 989259535693
85 558969734335
44 744301863
415 986548239609
434 10831278480
313 31490598650
399 905185620831
142 852379942449
457 675589920917
103 245334647352
170 580722764211
235 772054305126
118 810606574047
457 319769845360
496 234881964116
229 93614317120
22 22065
496 737808032738
221 778266117569
367 237649456187
370 441463318291
282 712279298877
389 205681692985
45 1733054632
90 493318435877
406 769946886867
95 789737392675
286 563989172249
183 9044232489
67 56801693373
74 791335251062
133 438948301307
457 391453651674
239 686949170067
430 724757230970
199 785977100592
247 472069644819
179 523331411626
83 788957243499
478 344422712825
374 143102354231
221 176874846097
388 679332383269
286 61200414829
110 518936296959
120 706986593656
328 947721181546
335 612101340137
53 343562743897
252 66555851355
43 1871838273
323 911738337500
161 435013052605
56 937865932019
286 713825622485
422 140079304428
370 997864153157
140 563884212032
174 364787310452
14 179
252 62750418840
471 506612900747
204 38287676860
120 728182329866
271 608127567365
98 284190313755
149 230640943104
134 339638083695
341 447835455045
21 62441
307 118063723677
340 387056282822
198 251123657631
233 676240140264
353 781210284856
135 32448063110
316 528207839686
114 928982803075
331 194535991181
337 726807588101
60 331955932187
189 499758021525
261 343496871903
71 482921436833
413 656045545540
256 585363858453
399 233347332367
426 440253112359
407 691305279538
7 36
12 207
464 16167014285
210 862505244269
105 687775686185
336 605352339220
447 127609363448
26 274522
474 841435978805
242 883739641164
39 28808294
284 610989832973
116 425216285504
431 463737484749
468 666294949232
368 98345999247
140 780520392105
319 243163577070
137 445594130244
272 707760316599
251 893494109415
71 134212328212
388 577673940189
430 458745120551
48 19840711040
260 809704235427
278 131022228659
318 244204492753
413 622711281720
460 47396534111
158 791596739358
176 180737388727
57 273115054492
182 549896570077
186 826522559849
435 49281435936
80 90865424900
126 887574001219
217 505965189204
372 621846335482
316 172661599973
122 737359967822
320 606318578708
415 7564350287
318 65956816875
234 541172590218
413 583950651830
136 556404306895
229 128477641005
18 123
500 192412570790
272 87559652584
294 160294363234
457 220701070602
391 154487372864
420 347319145799
464 965291370556
421 802774742658
460 935991074911
155 28246156681
179 122976747474
357 182325659359
290 824686955021
328 413217841088
244 433922307217
469 302661980994
8 132
178 949376038214
35 36065259
101 98231432274
22 9048
236 884929300045
439 167033403326
401 781452601233
441 47774318169
12 779
202 712299954422
346 401771663195
368 686262936878
113 555817600156
471 461530582488
395 73808907909
180 496296045985
189 516266355689
233 385834891658
188 102464187596
220 564089406043
448 558178229717
483 539705553782
114 347653457257
85 967085951263
387 522264439600
272 204381633603
72 2025415726
275 5422695466
265 453798150241
270 581505383451
341 782449414939
234 951654018535
433 558710507449
231 932187960895
429 149202550450
71 546052512660
485 58263995071
161 410035054091
188 712156977770
343 791892499337
50 22388751449
283 17707841299
243 639119114565
260 594378107153
66 657657891797
117 335976549481
83 323597885004
43 1605733372
162 157193211631
154 40567786558
265 196311243094
409 537898637059
216 324751188958
344 808494089227
114 975875940831
88 874705362343
78 943454600569
467 606184909750
234 559392641712
340 552467232005
470 414124027364
81 222295072906
207 510382395525
31 7717494
18 10212
273 651157406693
317 81882255004
326 170151684804
400 336889626947
453 670636203993
43 2848474104
482 304742560323
146 984641700103
243 64946698779
440 752471105320
279 939486577172
376 3613620590
154 791144915493
270 442078385079
289 489910969829
443 790130941585
98 978574297213
276 717671819959
176 702250214168
423 716347146039
308 529082495049
170 986295268187
427 378262658949
286 185238862866
151 973317753942
141 908522312140
482 658281848025
368 496972066120
409 338750745765
343 392515539894
321 713633628828
261 936804127999
113 717729786935
403 33809095931
321 181205886617
114 205273308426
274 271979182152
164 600447553995
267 941902426853
216 613652272459
220 237511224866
30 2267769
480 587034866640
109 228239270784
204 768310865485
22 46761
208 185677885464
285 733125668391
222 995095547243
278 121054406825
451 951879770315
119 952298581926
94 318459984016
187 105288851047
75 769622107499
100 749399274230
280 756810068374
316 538997724152
49 6481598738
24 28589
35 54237828
87 997347940994
445 126834134992
324 656279863400
482 959830485851
127 219244693725
248 123572659696
53 205626010641
255 107819631422
372 286574866503
468 726930941980
338 117490658316
377 129850485908
101 275757739580
206 537644883100
270 834539088543
246 177295429935
320 252687220080
253 968516926531
360 644429880776
211 179053826190
447 577900333007
288 308571019086
27 1239120
434 381703249958
500 494464952134
154 257128924585
282 605157586866
295 204911906057
20 29649
305 982911209540
20 9377
280 321147918117
85 704659379010
291 233347036716
340 357374225422
330 5432455178
235 456363382507
297 340702530603
27 515754
30 3710149
449 647202777596
339 985767494015
196 596535272417
331 322138018190
170 392545895350
188 345920993683
323 212090120284
157 173047441167
59 594329912557
14 459
212 619700439248
220 522522756196
359 222055107778
120 410036424113
408 101566715589
332 489870814022
311 313585728062
249 375227444370
117 317307752243
138 276006569434
9 178
493 891142655809
240 610154337011
67 34509955793
418 401846240877
192 187284213481
48 15654476588
448 205301243188
362 285290134507
208 349665439354
66 110123291398
197 438459989967
202 669849563129
478 471950123609
155 985627215072
180 774943300648
293 137791086733
215 980688629344
