125 397
0011110111010011000011000110100101000010101000101000100011001000100011001101100000011010011111111110111001011001001110010101000111000110010010110011110101001110011100111110101010101011111001010101110011001000000001111111010010100111011010000100011100101110001000101001011001000101111100101001011000101011111111000011011110001001010111000111100101000000000100101110010011001011100000000011001111110
1010010011111111110101110001100001101100011010101101010101011001011101100001000110001111011101000110000001001010010101101011111100100110010111010001011111000111101100101100001000101111011001111101110100100110101010110100010100100110101110100010101111111111001010001110101010000110101000100101101000111010010011001001011101000000011111110101001001111101001000011001100110101001010100011011000101011
1001100000000101110111110111100000001001001110001000111100000001101011111100100000100010100101011110010100111011001011101111001010001011110010110101011101011110010100111110101011110101010101100000011100101000010000101110010110111100110010111100110110111100001111100111101111100111101001001110011000000111001011011111001011000100100111011001100011011111001011110101111011101100101001101010001010101
0101000000110111110100100100101111101101010001111111100100110000110010011011001110000000011100111100101000100011000100111101111001111011100111111100101011000100011100010001011101111000100111110000001110011100101001101110011111100111110010000001111110111101001010101100010011100011111001101010000001000101001001010100010001000100010000100001100110100000100111110110000010101000010010011100000011010
0010111110010001110000000010010011000000001001111111011010011010101001001101001110010101001110000100000111001110000010110011110100001010110010110111101110101111111000111100111100111000010101001101110010101001110011010001101011101000010000111010111111001110100001010010101000111010011110000001100001011000011010010111111011111111011111100101101100011110001110110011101111010100111001111001110111000
0111001111101100011100011110110110110001011110111001101010011100111100101010000000111010001010001011001110010011010110000101101100001000001101000001001011110000101001011101001001011111110110100001100000100110011001110101100100001001001010111010101110100100100011111100111111111001011001100101000110101111000110010000110101011100100110010001011011100100001110110001000000001110001011001011010010110
1101101011010011111100110100010110000110111100111000011000001010011010001011000000001101101100100011011010101001000010111101110101000100000100000001100010100100000101101111111100010111101101100010100011100010001010101101011011001001111001001010000110000001110010110110010111100111001000111110011000000011001011111111110001000000000011011111000110001001010010111100101010100010000101000011100010000
1101001011010101001010110111111001111111000010111000010111000111100011101001000100010001101110001010000101011101100100010010010101000010101010000001100101111001101110000111110010100101110010111000000101010010000100010011000101101011101000011001100101001101011111111011010110000010101011110100011110001110101000000101000111110000000111111010110110110101010110111100001000010011000111000110101010110
0101101110010101100010011001101010110001000010011010010100110010001001100111010110111101011000001111100101000111100000000100110001010000110101011011011000001101001001010000101101010011001111010100100110001111000100000111010010101110110010010000000011100001011101100001001011010001111110101010110010111010011011101110100010001000101000001100100011000101111010000100101001011010110101010011010000011
1111100111101010100100110100111110000001110111101011001011010001000100001010101100001100011111011000010111011100100001100011000101110101000010011011101111011101000011101001000101000011100010110010100000110100110110000001010111101110101101110001001001101110001110100010011011011111100011010101100001000011110101011010001010110110111110111101101010110010001000111001010110000101010001000110101101001
0100100100100100000110111010011001001010000110110110101001000001101100110101111100110110010010110000011001010100101110110111110110101101000111101110101110101111011101100111010101110011100011110010001010101111111110000011001010110011001001110001000011011110101100011011100110010001100110100111110011101110100000100011001010111111011001001001011010111000011011110010100000010111011111100101011010010
1111101111100001101001010000111010100111000000100000111111001100100110010011001001000110110001011000011110000100010100111110011100101010010001110100110101111001001101010011100100011001110001101101000000100110110010010010110000000001001110110111010000011001101101011101010011111011010110000101000000101100011110011101101011100100110000101001100011111111001011000000010000111110011000100011111100101
1010101101111111010001101001100110100010111000010010110010111000010010101011110110101010001101100011000101010101101000001001110011111101011001111111110010011011100001100010001110111111110011101001100101101001010101011010111111001010100100001011100000101010110101111101001100100101111010011001111001100000110101000100111111010110111111100000100101110001110100011100001001011101001001100011010101101
0011101000001011111100101000011010000100101100001111011110111000001011000110110010011100110010110011111111000011010100001000011010110001101010111010010010010011000001101100110111100101100101111111011001011000110100001011100000001101110011010101111010011011011110001100001010111010111001100001001111010101110000111011100000110100001001011001010011111111100011001101101011110111010101000101001110100
0011111000011100000100101011100101000101010100100010000110100100000101000010101100001000010000101111011000110001001111110000011100010110101001110001000000101000001000011111100111011011101001010110001111001110011101011110101110110000110100101111010100110001111101110000000111110101100101110010100000000101010101001011101000000001101111100111011110111011011001110101011110011111100001000100101110011
0000000111111110110111010100100100010001110011000010111000000010111110101100101110100100110110101101111000110011000010101111111101010111100001110111000101010000101001111110111100001001000001101001111100111000010110011101011111110001010011010011111001100101010110011010110101110011101111000111111110110100011110000110100111100011010001010100100010000001111111010100001001011111111111000111001011111
0110011100000111100011110101011110111000100111001001010011010101110100110101001010111110010100000110101011111110101001100111101110100001100110100100011000100011010010110001011000101010000111010000111111110001011010011000111011001100010010101100101000011010111001100111101011011111101000110000111100010010111100000100010010001111100001010100110001000000010100000000101110001001110010001010000000000
0110111000110101100000000100100101111011110100001101101011010100001101010010110000101000101110100110000001010111101001101011011000100101000010110011101110011101111001100101100000100011011001110110000000010011001100011111000010000000100111010100111000111010000001111110010010101010101000000111000111011000010011000100111000100111110010001001001010001101111110000101101101001100111001101010100110000
0101111111000110011101001111101111110000100011000111011101011110001101110111111100001011111000010000111101110011111011000101110110101001111010101011111000111100110010111011001000101001010100111011000011111011101011010010101000111110001101111000000001111000111010010110000000000010100100111010010011011011000001101111101000100101000110010000110001011111101111010101110110111011110100000010101110001
1101011010001111111101101011110000110011111000101010000110001000011000110110100100100111111111101001000011101111100001111100010111001000110010000000100010110111011100111000001001111100110101110000000000000100111001100111000010110110100111100011001010111110001011101110001110010111110001000011100011000111110101010001001000110110100111010000111011110010110101111101000000001001110110001001111111010
0000000001011111110110111000010011001000101100010111100000000101001110100110100111101101001011111110101110010001111011110011101010100000001101011010101100110010000000010100101000000110101101101010011111101100100011000010111010011100000010000001111111000101110001111110010011000101001011100001110011010011111111011100110111000001100110001000100100111001111110110101110110100110111110001110101000111
1001000100110000001111101101010000100110001001001101011101000000000110110111011001110000111111001011000110001100111111000110010001101111111111100011111000010010100010111000110110001100001000010001010000011110111011010110110110101101001110001110011010101101111001001101101010110001111001110011111101011100010010101011000011101111011011010011000101001010001110000101000011011011110001101011011011111
1000001011101100001010111100110010110011100000001010001011001010100101100100110011111011001100110111101111100111101000100111110001111000111010100000101110001100011010011110100111001110100111110010001010010101001111111100011111101000001010010100011111110101011111110101101111101010111100101011000010100000010101110010000001100101000000001011001010110110101101001000010010110001011000111001111111100
1001110011000111000011100011110110011011011000101100000001001010011100000000001111101100100001000000000001111000100111101100010010111101010111001010101111110101011101010101001111101011000000001110011001100011111111011001101010010110101100001111010010100111110111001110110101010011100111110101101010011000101100110110001011000111010100110011000111111011111110110100001000110001110110001100011000000
1100010010000110100000010010000010010001000111101101010010000001000000010001111110011110110110010001100100111000011100011000100100010010001000011001000010000010000001011011010111001000000010010000101000000011111111110011000000001001000011001110110111011010110010101100100000011000001100111111011101110110101001001101111110011100011001001101010100101010011001000111011111110111101000101001001000100
0010100011110110001100110110110111100001111010010001010011100110110111000101011011111100010101110101010100001110100000001011101001100111001110001001001101001101110111011001001100000011101011000001100101011100110010100001100100100111010000001000010011001010000001100100000110011000100100100100001011010111110110110000010001101000100111010101110010011101011111100101000010010011111001000111111101010
1111101011110111101110001111101010011110001011111000001010100011010101011111010110000101111110011110011000111101101111000111000111110011100010101010111110010101001100011000011100010111110000110001100000000100001010100100101001111111000010010111001010010010100111011011010010110110111110110101101010110001010001010100101111101010000000101110011110100001110011111100110011011000010010101110000010001
0000101101101110001010010000001100110000110000010011010000000110100100010000001000100100100100010011010010101001100110111101100001110110000110000010101011110110101111111100010011001101110111101110010100001011011110001010100010111111110111010111111100111000010101010001101000111101101001100110011000110010010000110000110101101101110100001001000100101011111001111001001100010000110010011111110010111
0010000001101011000101011000111010011111011111111101110010011110011101000001110000011001100001100011111111000011110010101111001100001111101100011101111010110001001000110001110000110101110001101001010101010010111101011011101100011101000000011101100010100011000010110010010100011010000110010011010011010000100001010001000000101100001011101101000000110010010100111010100010100000001101100010001101111
1111011010111010110101000101111000011110100101101011110110100000001101111100100001111100010010011001100011001001000110110111101001111011101000100111101110110010111111001101110101110011000100111100000100011011000001101011011101100110111000100100111010011101011000010010000100111011110001010111000000000010011111000111010001101001000001100000100011110101011010110101111111110011101011110010011101010
1101011000001010101101010110110000101011111010101011110101110000011000111110100001111111101101010110101011011010111000011111010001110011110110101011111000101001110101110101111000011111101000101111001001111001100011001100110101000100111011101110010100101111111111100000010101000011111000011100110100101011111001110010010110000010110011001101010011111110110111100111110000110111001110111100101110101
1011101001100000011111010010111001111101010010011110010111100100000110111110110001000010110001001010001110001001111111110010110001000101100000111001100101110110111101011011100000100110011100111001110011101110000001100011110011010011010101101111100101010100001000101100010011101110101111111010100000000101001010000101110001010110100111011110011011000000011001011010111011110011111100001101000101101
1000110100001001000101000101100010001000000000100000100110101100000110111111110110100101010100101100011111000001011011010001011101101110000000110011010010101111010101101000011010110101111001010000100100101010000000011100001001011001010111001001001101101011010101100100000100101011111010110110000110110100110010101100110111111000011101101000001111101100011110101010000100100011010100111001001000000
0110111110100000110001000000010001111010000110100100010010001100011110101110000001000011011000011101001110110110011010001100101111011101110110011101101011011100100010100011010100010100001101011010010011111001011101111001100000011010111011010101010110101101100000001100101110011011101010110011001111100001001010100001010110010101010000000101111101001110110100010010010101010000111000110100101111110
0011101110001101011110011000101100010001011101000011011111011100111110111001001000001101000010001110101011110010011001111110110101100101000001111011100011000011111101001010001100010111011111000100000011011101100111000111010000000101000010101010110011110100101011100001010111011010001001110011111111111110011110111101010010001100111000001001010100011110111011000100000100010100111101110011111101100
0000010101110011100011101100010011110110001100010011011100101010101110000110010001000110101000010011011100100110110101001100111110011000000011000001101111100011111011001101011111011100010111001110110001110101000010011101011100010000111101111110010100011000001011101001010101001001000001011110101011110000101001011010111100111010111111000110011110111000111001010111011000101011110010001001101110001
1010111000110110010001100000001100101100111000000000010010110011101011010010011001001100110001111011100101100010010101100100011011101111001010110100010110111110000111010101010000011100110101100011111111010010011001001011000001101010101100011110110001101100110001011110111000011011111101111111010001010101100010001111101010100100100110000101100001110011101111101100100011101101100101011001101111110
0111000000100010001010010101011001111011000001001010011000001110001100100110010111000100101100100001011000000011011010100010001001100100100111111010000100100011101110110101110000000011011110011100101010101001000011110100101001111011011010110111111101110000011111000001010011000110010010011010110110010001101010011001000101011000100100000101100110011011011111100110110100001110111010011101001011110
1010111001110001000101101000110011000100001100000010001101110101100100000110110101000110000010100100001010110100100111111110111001001110001010000010111001000100001100000101100001010111011011111011011001101101100111001100011010111110010000110011111010011011010000001001001000111100100001110010011111011111101111101110101100001110001010110000110111100010011100110010001011000111001001100011000101101
0101111001110111000011101000111100011101010100010011101000011001000100001110101100001001011111010000100010000110000101000111110110100110110110010000100101010001010101100111110100111111010000001011101101110110000101000010011110001011100101000010110111010101101001111011111110101010111001100100000101110011101000100000010001001001110111000110000000000100011111010001010001001101110100001111010010111
1100001111001001001110100110010000000011101001101010000010111111100101111011001110010001011100110100011000101110111001100000111100001101001111100000001001110010010001101110000011111011101110111111010101100001110011100011000100101101011011101100101100011001011101011110111001011100001111011111110010001101101001000111110001111010000110000110110111000001010110110101110101010001001011111000010000111
1000011100100111100101111111001011010100011010101011101010111010101010011110010111001100010101111011000010011100010000001011001110010110101010011011000101100001000110100001000100100100011011111001011000100101111101000111001101001001011011100100001110010101111010111010011001101010001011100101110000101001111011011100011101011101111011101000100010111000111001110011001101101100110110111011010011011
1001000101101011101100111000000100000100010110000110011110110100111101000011011110111100111110101001101100011100011101011100100000100011000010011010111000000100100000110111111010011011001010000100111100010101100000000101111100011100001001110000001011110000001001000100111111111011000010111011011011000110101011111110000111011110010001011000111011111100001110111110001001011010101011101010111000010
0101110110011110011001110001011000011010110001100010000000111111110001111111000011011010011100010110001110111110001100111001110100100000011101101011110011000010000100111001101001010001100101110000011010110110010000110110101101110110101110110110111100011101100111100011101100111010111000110011101110100010000001010110110111001100110011011010111111000001101001110111101000000011111111000110101111101
0110110111001100100110010111010001101110100010011100100111000001011110100100001111111100010111010101111011010101010111110001101111111010011001100011101101010111100001000100000001010100000001011011010000100100101111100100001110111111101001010001111110110011000110000100111111001000011000000001000100111100001101100110111011101111000110001111010001110011111000001000100010111111000000011101000100110
0110101010100100101101101001101110100011001110110100010110000100110101001011010000001010010100110100100000101101101000011101110100110001011110000111110000101111111111010001000011100101111000011100011011011010110100001101000111010101100001110101011101100101001011101111100110011110100110000100000111001001100001011101101001001001001111000100011001111011110100000111101110111011100000001011011001011
1001110111010100101111100101100100000111000010000011101110110100000010100101011010000111100100001000010001100011011000001011111001000110001010111001001101010110001010110011001101001001101100000111100101101011110010100000101110100110100001010010010010100001011001011000101101100001010110011011111011001001111111001010010111101010111011100010100001110100010111001100011010010011100010000011010100100
0111101000100101101010010111001110001101001011111011110101001110011111011111110011100100100000101010111101010001110110100100110111110101000000110101111001001110001111011011110100001100000111001111110010001011111001010001101100011011011101110011000000101111110111001111000111011010000111010001001111001010111110111110011001101111011110001110001110110110010001100011011111111001110100111111001000100
0111001000110000111000001000100011111011010110111111101101101100011101000011110000010100110000100010110100111111110111000001111101110110101011110001101110001011101110010111010111001010000101111001000001100011101001101111100000101101101101111011101000111111010100010110001101001101000110011001101100000100000001101010010100011101101101000000100001100110111010100100001001001001111000000001001011111
0001001100000000100111111100010010000110110101011000011101111110110101001011110100101111000100011010010111011001011100010100100011010001000100000110111100010001100110010100100111001111111011101010001111101000100010011111001101011100110010110110111100000101000110101011000111111001000010100111110111011000111011011001011010101110010110010111111011110011110001111100101101110010111111100110001110000
1000111111000111001110011101100100110001101000100101100010011001011001110010110100110110011111000100100101110110001011010100010100110101110111011111000111100110100000110101100001101011101110110110001010100110001000111000001010110010000111100000110010010010001111111101101101110111000001000011100001111001111110010010001000111111010110111000011111111011100001100100111011110000101001111111100110101
0100010000000001000110000010101011010010110101001010000000010111010101111001101000010110100111001011100000110010101111001010110011100110100111001110010111010011010001001010010110011011010011010011101000100101100101000010111011101001010010100010111010011110000100100111101101100000001110100110000011100010110010000110110101100101110101110010010101110101011010001011101000010000110000100011011010100
0011001001011010110101010000110011101001100101111111011011000000010110111101111000101000000001000000111001110010010110110000101111100000110101100100111111000101011001010010001001010010110100000100001110111011100001010010110110111000101000100100100101010001111001011110100010000000100000110010011100100101100110000000000001001101111111100101101100100110111011100101010000110100110111101000110000111
1111101001100011110010101111101010001101111110011110101000010111110010000111010101000100101110010011111110011100000010001110001001110001010101101111011111111111001001000010111100001110011100100000100010001111110111110110100001011110101010110101110101001001101110100000101111000001001101101011001110100011110110010110000001100011001000011010010011011111001011111000001100000001100010100001101101111
0011011010110110011110011100011110001100100111000111111111110101101110100101001010000111010001111101101111001000001010111011111001111101001001010111011110101001100110011111000010011110100100010101101010000000001110110100000010011110110001001101010010110110111000100100000010110101110101111001111101111111000010101111011111100010001100000101111101000101010011110010110100101011111111110100011010000
0000101110110001110010101100000000111010101101001000011011011010001110000111111001001100001000011100000001110010011111110010011110110110011110110001010010001010011001110001111101001000000000001011100100010100100010010111101000110001000001011010010101011111010010111001100011110101000000101000001101010011100011101101111010000010101100001100010100100001011011001101001111110011001001010111000110110
0000010001000110100010110010100010010010011000010101111110110111010011011101101111100011000001000000001101010111000001000000000010010000100101101111011011010001000100100110001110001100110110000011001000101000000101110101101000101001011111010000101111111011101001101000000000000110001110000100010110010011011100101010010000011000100101011101010111111111110011001000001101000011000111000101000110110
0001001110110001001101111101011110010000011110000011110000101010001100101011001100011011000101111001010011101011010011111100111011000001111110011110011001010100000000111100111101100100000110110110111000011101001010110100111101110010011110010001010001010001110110101010000000101001110110001110100000110110110010101110100011001100111100111110100110100001111101111001011000011100101101010100011111100
0000001100001100101001101010111111001110100011111011101011100000100111111111000101100001111011011001110101010000110101010010111111010000101100011011111010010101000000010010010111110010011001001001100101000000111110111001101001111010110010001110110010110010110011000101101110101101110111000011110100001110101101011010111010101110010101111001001100101000010011010000111000000111101011010011110110100
0100101010111100100110010101011001111010001110100111110001100000111010010101111110101101011011001100100100010111101010101001011100100110000011111010010011110000000110110111000110011010100110010000001011001010010101010011010111101000100110111111111110011000110001111100100111000111110001110100010000000010110110001111001011100100100011001000000011111001111101011010011101101101100000101011111100100
0101001110010111010110001101101111110011010001111000000101011001110111011001010110111101010010100101101011110000011100011010100110001100001101100000001110100010010111111001111101000101011010001110010110010100100100000101111001100111110101111001001010001111001010001001111111000001000101001110110010110001001000100110011100111010011011010110111000010100100001100010011001000100001000010000010011010
0111011111111111011011001111111100001100110011110011101011100100101101110111100100110011111101010100001010000000011010111101001011011101101101110010111001000111011011101001010000011111111100010111001101101111110011101111110111011010100011111110110001110011111110110111110000011011110111101010001001110010010111000011000101100100001000001010010011010000101111111011011100101101100101101010011110101
0111110001100011010000011011110100011101010001100100110011100010000110111101011010001010100101001000010100101000001110100101101001100110100010111010000000110110000110100011001100100000001111111001001000000100110111001110001000100010110100010001101000001001010001010000101111000010010111110110011000010101000001010100011001100000001111000000111000001100010101101111001001100000000011000010101110000
1010111011010001001110001111110001110011100100011000000100011001111110000001100000000110100000001110100000111111100111001000000111111110001111001010010110111100111010010001101011010000001110001110011011000101000100110000000001001000101101000010101110110010100001111011110101010101100000010100011110100100001011111011011001000101011001001111000001100001101101000000101110010011111110010000110010000
1111110101010010001001010000011000101110001100100011010011010110010100110100110001100101001000101110111101110010100000101011101010011101001100111011011110000110011111111001001100001001001100100011100101011101011111010000010011110000101000101010001000001011100100010110100010010010010111000000000111110011000001000011001001011001010011111111011001101001000110010011001110110010100000000001100111011
1000110000100010010010100010101000001000010011011100110101111110100000011111000110000010011100110111100111011010110110111011000101011000100111100011001100000010110110111100010011011101101101000010001101100110011100010001101100110000101010001111100000111001000001101000000110010010001101101100010110010001000001011101111010011011010011001000011101111000001010111101001001000101010110101100111101011
1100101000010011110010001101110000011111101000111100100010100000000101111011001111101110100100010000110111010101010101101110111011011000000000100100010010001101010110010010011001110111110100001001000000101011100111110100101101001001011110100100111101011101001111011110001011000100001110010101101010010101000000000001000000010111111111011001000000100110111100110001100010011001010011100000111111001
0001000001011100010010101010010110000000110100101000000001010000100100011001001000000100011111101101101101001001010000001011101111011101100000001001010011100011000110101111110110011010001010110000010101100111111100101000111111101011101010110000110000011101001100111010111111101101100010100010100011000010100011101101001000111110000101111100010010110011000110100110001111101100011010111010000001001
1011110110101111100111101101100001100111101010001010100110001011001000010100000100100010010111110000101111111000000001000101011011001000110110110100001011100001110010101111100010011110010011010011001111011111110010111100001001101111000111000111101011001001101010110101010101011110010111001110001001000010101010000111000111111001100001011011011000000010101001001001100101011111110011000110110010001
0110101000010010010100011101110100100000100101100101000111000100110101011000100110011100011001010100001100110011011101000100011000100011010011011111010100101101111101000111010101100110110101010000111100001001011001110100011111100010011111010000111100111000110001000101001001010000011111111111011011110000100100000111100011111010011011010000101100011110000101100100011011100010001110010010101011000
1000100100001111101110101110111001011111111100001010000110101001111100011001011111011001011000111001010111110011110110001101111001100001111110011000000110110010110010101011010110010001110110111110000111010011010010000011000101100111000001110110010000100000110110010100011111110110101001000111101111110101010011100000110100110001110101100111100100111001010010100100011100010000101001001000111101110
0000000100001001000100011100010111111001000010111101101111100011100001111110000110001110010011100000111010110101100001100111101101111100111001111101110101111000001111100000100010001001111011011000111011001011011111100000111110101001011110001010100001000111101110011100010110000001101100010001000101100011011000110010010110011101001000100000001100110101001111011111101110110100101111110001101110011
0000010100000011111111000110001011011001001000011101011000101000001101011110111110011101110010011101000010011100100010001010010110111110111111101110111010111110100011111000010111000111101010100111000100100001101010100001010001011001100100010111011011001001100011101111110100001110110011101000110011100101101000111110000000010111001101010100011100010011110100010100100110111011010011101011010010100
1101010001010011010010000011111001101101101110011110111110010010111001010101110001110001010010101011111101010010101100111110100001000110001101101110101000011001001011111001101111101001001101101010101000000111001001101001110011011011011010110010111011110111000100101000110111000100011010110010000100011010110000000101110011011110111110101001001011111010110101100011101000010110111010001010100111001
0000010000111101111001111100101101110011000011100000101011001000111010100101011000110001001101101000010000110110101111010100100000011110111100111100001011101100011100111011100010000100010011010100101100011110110001010011110101111101111000110110011100011111001111010110000001001011000011110001000000100100001100010111000010011011001111101010101110110101000100010100010101111000010110010100101111111
1011000001101011001101001010101100000011101000100000000101101111110011111011011011010000100011100100011110011011110111001000000011000110001101010110010111111100000100100010101010011001110000111101111110110111110110011010101001110011000111010100101100111011100101010101000110110001010110000111010000010000111111010111111100011010011101110001110101011101110010001111000001110000101011000000010001111
0111101101000111110110000011100111001111001010001010011010110101010101011110110010011111100110111100001010000101111000101110000110101000101111000111001100101110010110101010001010110000100010011100101000100010001010100101101011111010000101100011001011011111000001010000011010100001100010100101100100101000010011001011001101011001010100100011110011101011110010010000010011000010100011000011110110111
1011011001111100100011101011111010111110001011011111001001110011010001001100011100000000101101010010110001000010000101111101000001010010110110100010101011111011110001010110100101111011110010101101011000010001110110001000010001100000011111010001001101110010100110111001100110010110001000011000011010100111111100100101100001010010000010001110100111011110001000000101101010000100001110110000000011101
0110111011000010111011010111010101101000110110001100011000100010110011110101101010001001001001110101010001101101111011111001111101110110010001110011100100001110001000101101010011111000000001000110100111000100001001001001100111111000100111101001101100010010101001111111001111001011000001000100010011111010111010110101101101101100011010000101011011101011000100100001110100000111001010110100011011100
1110010101010000110111100111000011010011110110101110000011001001100101010001010101110111111011101001100010111110101100010011110110000101101110100010001001010001011000010101110111001101001001100110110100010001001100100011101010001011100101001001010011101101111111001111000100101100000111000011100011111101111000000101001001111110111001001101110100000001110010001101001100111111111111000101101010100
1101000111000001001111010010011101011000111111011110010101100010011110001110011100010000110101100111111000001101000000010000110101011111110010110010011011000011010100011010001000011110000101000010001000011011000010000110011110100101100001011011011000111000010100001001100111011101110010010100100001001010010100011110111100000001101110111101100011010001001011100011010100000000111011110011111111000
0100001011000011101110000001001111110001101100110001100100010101011001111011000000010001000010101001101000110110110010111110110011011111110100101101010100111010111001110000000110011101100000011010101100100001001011101001010111100110101101011111101000001000010001011100011000110001001101101101011001010111100100010001101010001101000111001010101101011001001111011100000011001111001001101010111000010
0111111010011010111101011001011001010111110101110110010100001011110101110100100111010010011110001001110101011010111110010101100000111101001100111110111101111111100010101011011100111011100011101100010100001101110001111100010110010000000100010100011011011110111111101011001011010011101010001100010010100001110010100011011111011010010011110011001010110011010110101000101100001100011010111101101001111
0011010110101100011000101001110110011001001011001101011111000101100010110110010110011101011001110111010000001000001000101011000001100100111111101101110011111111001100111000100110001001110100000010010110110001001011100110101000001011100100110011000011111011011000111101110101101101010011100100111000011001011100011011101011010010011101101011000001100001100100101001111011001001011011100010001101110
0011010010001011011001000101001101000100110010111010010011011101011101110110111111110101001111000110101111110101011001011100010101111111000010111001100011110100100011111111100010000011101111001010101000111000000101001111111010101011100000010001001100010011000111001100101001101001000000010001111001011110000000111011010011000110111011011110111010010011110111100101011100111000101101000011111000101
0111100101000111010001011011110011101110000111010001000100011010100000000111001101001011010010000110111100010101001101010110110101011101110000110001110001010001000111010110101000101101000000101010101110100101111001101111100001111000101111001101010101111100011010000101101001100100011001000100110100011111011001010010111001000011100010101001010011100001101010100100110010011000011011100001111111100
1110111110101010110001110001011101110101101000011111001111010000101110000100101011001110011110100111111101111001101110111101101111000111000100000111101111001110010101001000100101111001101101100011111101110100011110010000111110010000111101101110101101011100111111100000010100110110011101010111100110011000011000011101101100110101100010010000001000110000011100010101101101011111100011010001010000011
1110101011001010001010000101110001010101001000001110110000111110011011011111000111110111100010011000100111011001110001111100101101101111110001110111000100111101001010100110001101001001111001111111101110101111011111101001100111001101011100001100111011101010111111010101101011000101100001111000101111001000111001111101111011000111000100111010011101110011111101101111110110111011001000010110001110001
1111000111110111111101100111110011110101111110001111111100010101010011000111100111000000000010101000100110110101000100110110110110101010001011100110101001010001001100001100110111100100001000110000000100011000011001000100111110100110111101101001000010010001001011110000010100000000101101001011100100001011101101110000011110000010011000110101000001100001001010010110011001101010100100001100101101100
0000001011110010011111001000100000000100111111110100010110100100101001011100010100111100101111110010011101110101010100010100011000001111000100001011010100110010000111001111111111010101110111111101011000111100011000111111100001100000001110111111110001110000110101101000011100011100011011001111001111111011011001010110100010110001011110011110011110100101110010111000010001011100110000101000010000001
0000011111101101000000100101100010011110000111011000010100010011111000100111010010001011011010000110101110000001101000001101101110000110110100110010110000101110111000000010001010000000000110001100100101100001101101111000001111110100101101010100001000000110111101111000001010000000000001010101110001001001001001001011110010100100010010110011111010000001111111110111100101010001000000110001010000010
0110100100000010000011000110100111110000001010010111000011001111010010111010011000010011101011110101010111110011010111001010100100001010101100000011000101011001001100110000011010010010111011011101010011110001001100111110011011110011100100010100111001010111000000110001010100101100011000010011010111010000000111110010011101000011110111011010101110010100000010101001100001000111110111111000011111001
1010010111100011010011000101000111111010100100001100000000101110001100100011001110110110000111110010100100000011000001101110101100111011010011110100010101111001101000101101110100101110001100010110110100011001111000000010000011010001000101010101101101101100101101001110011001110100001111100100001010010100110100100010010000001100000000011000110100101001001100000000001111101011011111011111111011010
0011010001010101101010000011001000001000001010000111111110110000101001000011010001110011000000010101101100001001111110010110100010100011101000001111100110100101110001111010010001111100101111111111000001011011101111111001010101011011110011001111010010110100001100001100001010101101110101001110010100011110100110001001101110110110111000110101000110100011101110111111100001101110101110101010001111011
0111011011110101000010000111100110101000110000101100100110000100110010101100110001101111101011000001010100100000110010100101001101001001111110101010001011100010111001010100110111110011001000000100001101110100101101001000010000011101010101111001110110111100101001100010100010101110000110110010111110001000010010010000001100101010110010000001000110110001001000010111111101000011100101011111011000100
1100000001100111100111100111011101001011000011111100010101000101001100101100011101110100101111011001010100000110101101011100011110011010110100110110011000001010011100111000011000111011011110110110101101100011100001010100001010001111000011101101000101101000100010110111011100110100010110100001000010001111100000001101111010110001001111011111110100001101110110110000111100011000000000111111000001000
1101111001001001100111110111011101100000101011101110101101000111001001111010101100111101001010111011101100101011100010110001010101110000000101010011001001110100110110100011100100110011110100010001001101011011000100011001001001011101001100110100101001000110011001111000011011001111111100101100001001011110000111000110011101101000001110110100100100001111011010010100111010000010010100011010010000010
0110110001001001010001011111111100101000100000010010100011000101011111101110011010010011010010111001101110111011000101001010001011101011100000110100101010010111000011100100101111000101100110100101011000100011010000111110100010111100110111011011101000010111110100111101000110100000000011110100011101000101111111011011100010011011111101010111010011101101110011101001001000001000010101010111001111110
0100101011001110000101101110000000011110010111010000010100100000000111111010111111110001001000100100011110111001100001101001011101111000101000100000110010100010001100110100110110101101111100000110100110001011101010111001001000111110111010101110101010010100010101110011110001011010010010111101010001110110011011010001010100000000011010111011100000111001011011011100111111011011100001010111101011010
1010001011101000010110011000010011010001111010111110111000001001010010100101111010101011010000101100010001110001010011100100010100000000100000111110000100101010010001111111110001010100110111101101010100111111100110100111001100001100111001111000010000010100111101110010100000010110111110001111000011001010111100110111111001101100001110101010101110001101011001000101111100110000100011000101101101011
1011101001100111111110000101110001111011001001110000100110001101011000101101010011001011001010111011111001100100010010100001010000111111001111100100110110001101110001111001111001000011001111101101110010101000100101101000010100011100111101110110001001000110100110101011001010000100001010110101110001000101101101100011100110100100000010000110111110000101111101100111110001010100110100011111100101010
0100000100111011111000100001101110110010000101110000011101011001000001001000011011111001110110010010011101100101010111010001100101000100010001110100011011101101000110111010101111100000100010000011000101111011001011001111111010110001100101000111011000101000011010110000101110011010000000001011000000000111100100100101111010111111111111001111101110001010001100111010111000111110111010000110100011100
0110001110011001001100000111001010011010011100000100101110010011001100001111110000000110001001001101101010011011011011011011111001111001000101000001110010101000011111011001101000111010000110111100011011111110101001001000011100111010101010001001100000101010001100010100000101011000010010000111110110111001101011010111111101010111100000011100001011100101000011010010110000000100000110011010011001010
0110111001101010001011011010100111001101011110110001000111101110110001100000011001100011101110100000111111110110010011101011111110101011110000001110000010101010000011100100111000000101111000001000110011000110110001110110111011011110010011001001101010000111110001001000000111001100010001111011110000001110010111110110100001101101011100101110001010101101001110011101111110110101110000000100101000111
0000000100010110111011000000010000100110111100010101001001101111101010011000001011011100110001111011000100101110010000011011000100000000110001010011010110010111111101111111110101000100101110000010101000011001010000010000010010000110111110011001000100111110101010011000000110010001010011001101110010110101101101001000010101000001010100010110110001000010100101010001000001011111011010010101010010100
0001110001010011001100110010111111101101101100010000000101110011000110001101100101011001110101001011111011100000101001111101101010101100011011101001010110000101101011111000111011111100100110100011001101110011001111100111100011111001110101101010100111100101000100001011101000000011100110010001001000111111111011111101010011101000111001100100011111010110010110101100000010011100111101100111110100100
1011100011100101001011101001100011100001101111111010111011010011111111001110000111000110011010101000000100000001100011010101111101100010010010010011111101010100100100101101000001010100001000110100110100001011111101100000011011000010111010101011001011011100000010001101111001101000000110110111111111001111001011011000011100001010111000110011110000001110100101110000011100010100100100110100001001011
0010000100111011101011010010001000110101010111001100001001011110101001101110011101000100011001001101011100001111011010111011111101010000000010101100110001111101010111111011011101011011100011000011100100001101000101011101001000100111111001101101001011111011001000111101010010110010101001001111001111100101111100111101000111111011101111100010010100100111001100010111001100101101111101101010001010100
0100010011101100001011011011110100101100100010010110111010101111000100010011110101110111111100001001100101110110100111110001101011101110001000011000011001110111001010011111010100100100001010110011110011110100110101111010011011100101010100100010111011000101000110000110100100011110010011011000010001110110110001111110011110001001010011000011000111101010010101000101000111011000110010101111001111010
0011000001011001101100100011101110110100001000100010100111000011000100100101101100010001011011111101000010100011010101000001110001001010000111011001111111000100001100110101001101000111001010110001010000000100000100000011000000101101101111000010010011111101111010100100000001010110011001101100100110110101000111100001011101111110000000100110100110011100111000101111101101111100111101110001111000111
0011001101111000111110001000111000100010000100111011011000011111111111111100101100010110111101010001111011001010011010001011100100011110101000000111111011101111100111101011110111000110000100010001000101110101000001001101101111011000111000100110011001111000011110111110100101001101001101000100111100110110111001101010010010000110100001010110100011011110100110010010111110101100011100110010011010101
0101000110101101010000011101000011111100100010010000000110011000110110100011011011111101100000100111101000111010101111011010100111011110001110001110111001011001100111111010011100010100001011101110000101010100100100100001110001100100001010000000011101011001010000000001001011111001110010011011001001100001010111010011111010010110100111010000101100110001001110101010111101111011101101001110011110100
0101110101000101010101110000100100010000011001000001110101011011110101100000001011100000100001010000100101001110001001111101001001101110010001000110000110110010100100101100110101111100111111011001010000011000001111011100001011110111010101101010011110110111011100000000110001101010001111000110011011010010100011010001111100101001100001000101010011000110001111000000010001100111011000100001100110011
0111001110001001110111111000011101001000000000101110100010010000111011011011011001011000100100111010110011000101000010001011101010100111011101010011111000110011100111000010111110000100101000111100010011100000100101111011011101010011000010000110000101000101100101100111111100000010100010100101011000110000001000000100110000101011100111111000100110111011001000111000101001010011000101011010001100110
1000000110110100111101001111101001011100110100101111011110001101100010100100110000111000110000111000011001110111100100111010011111010100011000100111000100111100001111110101111010110101100010011000100010101000011010100111010111111110100101100101100111010000101010010100010000010000101110100011010000000010110110101110110111001101110111000001011100111001111001010010110110010110100100001101001100111
1000010100110011010100101011100110111110101000100110100011100111100111111011001010011110010000100010101100000011010100111011011010000110101100101100111010011100001000110010001111110010111011110010001100100000111000010111100101110000111101110010111111001010101101010110000011101010110111101001101110010011101010001010101001011110111110101010110000110001100011000111100011000100110110000101001110011
0101000100000110000101110001110110110100100010010100001100011010001011001101110101101111111010110011001110001111001111000110101101001000000111011101011100100011101001000011111101010101011010110110000001000111010100001110101011001101001110001010010101110111001110010000000001000010011001101110111110100101001001000000100011000110110000110010101101111110010100101101110110110000001110001011001111100
1101011111110010011101100110010100101011000011110000100011010000111000101000111000010111010100110010110010000100111101000010111111100101101100111111011001110001110100011011000111011101010010011001010111010101001111000001000101010101010000000101001010110011110100011011010000100101101100011000101000000000011001011111110000010110010010010100100011000000111101000000111101111100000101110110011011000
0111101001100011101011000100100101110010101100000100110100111011100101010110110111100010011110000000000011000111011011010111011001101100000010011110011010110110000010010100101011000101000010010010001011001001101111111110110011011100100000110010001111010010111101110000010101101010111010011100111111101111001100000101000110100111011100010101001001101010011000001100001001100000110011100000001001001
1010010010010000100111010011010100101001000110101100001001100010000101011000111001011111011110110001110010101001100000101010011011100100110011001001010111110001011010001111011110101111010110010001001110011011001110011101110110011000010011111000011000111110011111100101010111110110101000000111001101000101011000011111011000110100001111010111010110011110101111001111010010111000001110101010110101001
0100010010010000101010110010001111110101000000000001010000000111010000101101111111111111101111000100101011010101110010100001101110010111010111000101110110010000001010100011111101110101110111111011101100011110001010101010111010100011010001001100100000011110111010100100101011111111100010111010000010100010101110010110101000010111100001001110111001011110101110001001101010110010110101111000001111100
0111001011001101010011000011111101001111111000101001101100011010110011100100100000111001001000011000010001111101010100000101100110110010100000101111110110001110111110001001011100111100111000011110010110011101110001100000011000001110111100011100010010011110000110001110101111110111111100100101100111111000011000011100110010100110101011110010111000001100111010001100011000010110100110100001101011011
1111101110010101111110001010011100100010011110001110100000011001011100100011011100010011000100100010100110011110111011101111101111101010010101110111001111011100000001000010110101100011110101111011111000011011001000101010101000101001001010110110100101110010000100111010001010010101010010110101010111111011000010111000011001101110000001101110100000001111000101000000111100110111111000011001101100001
1101011010100010001000110110111001111010100101101100101110100100011110101011110100110011001011100010110010101111000001010111101111100001011111011010011010101110010010111000101101100001001111110111100100100110001001001100011010100111111100000100000000000011001101010110110100101101011010111001100111100110001101000101011111010001000011110000100000101010011010110101111111100100100001000001001011100
0110010100000001111110111110010111111111111101010100111100100011100011101011010000001011001001101001101001100111111010100101001101011000110111001110100011111011110110100101101000011110000101000010100110001101010100100111011110100111010110011001011110011101111111010001100000010101000111000011110100110111010010110101011110001111100000101100111100011100100011010010000010001011010100111110011000000
