249 68
01100110111110111010110101111011100111110101110110111000101000010000
11110100001100000101110100000001110000000101101011100110111111011011
01010001011001000010101110000101000000101101011010000010010000100100
10101111011110000100100110011001011101010001001001010001000010111010
11111111001001100110010101010111101000000100110101101011100110100010
01000011110010000011011110000100010011011010010011010110110100101101
10001101000010111010111100111000000110100101111000010110101000110100
01000001111111110011010111010010011011010101111110101110010011111000
10111000110101110000100011001010001100001011101101111110111010110011
01101010001010101010001100100011101000001100111000100010000000110011
11100001110111111111101001101110010111000000111001101101011101010001
10101100111100111101101111011001111011000111010101111010111001110011
11101111010001011110001010101010010101001001001110001100100000101111
11100110001111100000010011101010000011010111101101100011101000000000
00100011100110000111110110001001111100010001001011000001001101011101
10011011100010110110100100110101001100010000011000111101110110110000
00001001100101010001001100000010010111101111011011110000001000011100
01010100010110110111001000111011110000000101110101000010000101001001
00001010110110010110111011001010010010001000101111000101101001010110
11000011000110000011111100001100110111000011111101010100110001010101
00101100011001100000110101100110011101100011101100111011101110111001
11001110100001111000011001111011111100110111110011100000110111010100
11111100010101100111110000101100110000001001010011100000000010001000
10001001001110110111111111100001011111011100011010101010011011110010
01111001111001111001111000011111000100000000111001010101000111011010
11011010001001100110111001000101000001001101000111111111011001111110
01001111110010101111010101001101001111100111101011000010110000001100
01110000000010010110000000010000111010010011110101101000011011110011
01101010010011101100000011100010101010110111001000000001011011001110
00101111101101000000010100000100100011101100000000000000100111101100
01010011001100100111110001010010000001111100110111101111111100000001
10011010111010100011100110110000001100101000110110010001101101100010
00000101010010111110101111111000000110001100110001001010110010000010
11000010110101111110010111101000001000011101000111111100000000000110
11100010011110000000010111100000000000101010110111100011101110110010
00011100001110110011101000100000100010010110101010101001110110001000
00001101101000011010111111101011010000110001000111100110010011110110
00000011000110001101001101100010111110010110110000110100011000111000
01110011111010111101110111001001110101010111001101110101001101000110
00011101011000101111100110101100101001001101110001110101101110100000
10001000100111010110101000010011100000100111101110100001000001011000
01000111101000011001000110010010110001100000111011101111110101110110
11011110010100101011010000101100011101000010010011110110110101100110
01000100010001111110001011010110110100111010101010110011110111100111
00010110100111010011111010010100001011011100000001000101111101100111
01010001101111110010101111010110011101011100100101111100000011000110
11100011011000111111011101111010110011110010101011010111100011000001
00000111100110001110010100111001011000001010010111010001110010111000
10000100011101010001001100100101101110111011010000100011001011001110
10101001001010010100010100010111010110010111111111111101001000101111
11000011100001110000010000011101011010101111000100110010001110001100
00011100001000100100100000010110111011011111010000110110101110100001
11000100001000111110110011010001100000000110101011100101001011000000
01000100000111010001111011011111011010010101000110000101100011010101
10011100101011010001100010011011010001001100011011001010010111010111
01110100011011001111010101100010001001101000110001110100011000001001
11101000110101011111000010000110000001010110011101111110100011010010
10011101011100001100110000001110110000001110110010001110110001100100
10101000000111100001110001010011101010110101010000011010111100011110
10100110011001011110101111000100010001001111010100110001101001000000
10100010100101100101011011011001011011101111001001001100101001100111
00111101110110101100111110011111100010110101101111110001101010000000
10111101110101000001111011110111100100011001101111000001111110001011
01011101100011001110000110001111111001101001111000001000100011100011
00110101011000110111111001101011001101001011000011000100010010100010
01111001000110111110110011000100111011011000011110101101111101111000
10000000011111100111000101011010010000001010101110101111110001101111
01111000010111100011010011000110100000101110011010010011101110000010
00011111001011111100110010110010011100011110101011100111100101100010
01110011100011110001000011011101011000011010100100001000100010111001
10000001000110100001001000101110100100001010010010111011111001001011
00110111011101011000100110100111100110011001110011101110010001111001
01011110010101111011111101001111010101101111101010100000100011111001
11001100010111111101001101111100101001000011101001101111000101111011
11111010100110101001100111010101001100110101111001110101100111011101
11110100100110011010011100011011100111101010010111010101100101011011
10100110010000101011000110010100010001110110101000110100101001000001
01000111100001111110100110111001101010110111100011001100111010110110
10100011011101110110100000111010100101000110001100111111110011101111
11110001110101010100010001001010111011101111010010011110000101110110
00011001100010001100101101100000110010001010010001001111000010101100
10100001111101110111111010011111101000111011100111010010001010101001
01111000010000110011001100010011000101000000011100000101100101001101
00000000001001010001001101110110110111011111100100111001110011000100
00111100110111001010000111100100111101110110010100000011101101111001
00101000111111110001101110001101111010001000111101111001001111000011
01011011100111011000111010110010111110000001000110100101110111110001
00000010000101100011100111001011011011101111010111001111011010110101
01110100001100111101011001100110011001100010001110101001111111110000
01001100111110111100000111110110010100111101110000110101010001000000
01000010010011100011101010000001001010011110010110000101111010110001
00011010101001000110010111111111110111101001111101100111000111011000
01111110001011010001010001111101011100110010101000101101011001100010
00111110100101111011101011011010011100010001010111011010111011000110
11100110011011101010101111111010000011001100010011000111101010011110
01010010100011110011101000111001101110100010101100110011000100111000
00010111100011110100110011101001010001100101110101100101010110111110
10010001100011011011111110011010011011100101101000101010011010001000
10111110000000010111111011011111100001101101110000111000101111001011
00111011111110100111100110111001000001111000011000100010001111011111
00010100010110110010000100111010111101010001011010111111100101111011
01001000110011000110101110100000101011000111010101111001011011100011
11110001100101011101001010010101100101001011101011111111100011101001
10101100111000101111111000110111100010101001001010100000010101001001
01111010000111111111110101101010101100101110001100010100000101110100
11100000111100001001010000001010001001111001001111010101101000000111
10000111100011000011001011111000010001111000100101000101010111110100
01111100101101100011110100001000001111010100100101010101111010010011
11010111111101010101010110110010111101110001110000101111000001011011
10110101001001000010011111001110100100101011111010000111111010101101
11101001011101101010000101110100000000100000110001001111001101101100
01001001001010001111100101011011001101001000000111010100001111011101
01011011110010111010001110001100001101010001010011000111100110110000
10000010100110110011010111010011011011111100010011100011100101111010
10100110010001001111110001110001110111110110010011100100110100011000
11010110110001001110011011100111011000110110101010011100010011010101
11010001011111000001001101000010101001100111011101000110110100110110
01010100001011011110101101000000101110110101001100110100000000010001
00101111101110011001101110110110100011000101100110001010001000010001
10011000011110100100100100110101101001010000000011001001010001111010
01101101111001111101011001111011100100011001110101000000111011001011
00100111000011011010100010010001011000100001100001010011100101000101
01101000000100001010001010011001100100100010000100100101100001011001
00100110110111110101110100010100110101111100110100111101110100110100
11001000001010001000101110010011011101100001101011100001100111011101
01101110011100100111010110001010100010111001000011011000100001011100
11001011011011100001001110001000100011111110010010110101111011010011
11000000101000101010100000100110010011001100000100010010110101101000
10100100111111010001100100110111101100111110011011100010001010111001
00011111110001101001111000111001001100011010000111100000101001100010
11100000111000001010000001000101111110101001101010011001101101010001
01011000110000110100011000100110011101010010101101100100110100101011
11010101010010011000101100100011000010110111110010001111101111011110
10011101111010101001110001110001001111000010000100010110000000100001
00000100110110111001101101001011010100111111000100110010110110011000
10101011001100010110001101110111111111001111110010010110001011110101
00110001011111010111101111010010001011010101100101010001101100110011
11001010101110010111100001101000000110100011011000100100010110011000
01000100011110110110010100110111111101100011100111111111100011100010
01001000001001110000000011011011110010100000111001001000111010000001
01100111101101111000111001001011011000111101000000010110010111010011
01010100110111010111010111111001111101010000101011110101011101110010
11101101111000111000111110110000110010101010001001001110001001011000
01000100010000010010010101011010000010011101101100111000101011011010
01010010001101001000010101011100101100100111011111100111000010000100
01100010001110100110110000100110000100100100110101010000111100100110
11100101001111011000111110010111001011001110010100011110011000111110
01000100100100011111001111000100110101011000011101111000100111000000
10010010101010111110100010110110111100110010101010000011000110101011
00100001111000100001000101101011001010001101110010110101011110011100
10011001001100111101110010001001000110011101110010101101101100000001
00010111010101111000001101101100001010100110111010010000100110111010
11010011101000100001010111100011110011101100100101000111000011100100
00001100101111110011111001000101111001011101010111000100011101010110
01110100011001011111000000101011101101100101010101100100010111100010
10001110011000000000111000000100110101100000101101110011111100111101
01100111100111001110000001111001110101011000100111110110110010100100
00011000101001000101001111010011010100011111011111010011110111011111
11000111100000100011111001010100000000110110000011000111010101101101
10001101010100111001100111111000010101100110111011110001100001100110
00101010100100000011000011010011001010001111111100000011110010100001
10001110101100110000010111111110010101011100101001000001111010111101
10100101111011011010001100011000111111001000111110110000001010001110
11101101010001100010000101100001011111011011011010011111001010011100
11001111001110101011011111001110010101111000010110001010100011010001
11010010000100110110110011111101100111111101000011001100011100010001
00011111110010001001111111100110101110000001101001010100010011001010
00000011000010101001100010110011001101011011011111101110101001111001
10011001111000011110110001110101110010001101100000011111000010011010
11000001101100011001000010100011010000010101100001011010001000001011
01000010100110000110101001011111011101111100010001101001101000101011
10000100010001001010100101100111100110111010100101110000100110100101
11011111110001101011010111110100101000111111110011110000111010000100
10001110011100010010000100111110110111111011110101100110101011010001
01110001110100101011001010100110001000101011010111001001011000101011
00110110010100110100011000110001000111110100000010100000011011101010
10100000000111111011100111111011011011010101000001111100111011100001
01000010010000011010011100101011111110101001000111010100100001110000
01011001101001100111110111010010010100111011101110010001010010011011
10000111100110011001101101000111101110010001100000101011111111001100
10101110100001011110000110000011001101111111011100010000000001010100
00111110001101001000110100000100100011011001101110101111000010000001
11101110011110100010010100101000111000001010000010011011100000011111
00010100001101000111011011001101100110011101011001100010010100000010
11100011111101001101010010001000110011100000101111010110100000011011
00101110101010101100101101010000000111011111111001111001100101111000
10110101010001111100100011101111000010111111000110010010100111010011
01110001100000100000011001101101010010100010000111110010111001100101
10010110111000000111001010011100101110110110111010110101100110101110
11110101011111110101100100111100010000111100011001101011001111110111
11000000010001011111000110111001101110111110101010010011001001100011
01000101110100000101111000000111011111000010001111010110111100010101
00111111100010111000110010110100101011001001100000101101110101011100
00000011010101110101011001110111111010101111001011010110001000111011
01100011001101000110101110101011101001101011010001101010001110101001
11010100100111111110101010101110111110100110111000011000010101011100
11001100010011001001101101110110110000011010111011000100011000011011
01010001110100101101011110000001100100101110100001100010000100011011
10101000110101101100111111001100111001010000111101110000110000100000
11101101010111011110000001001101011101011000101011011101000010110010
11100101000110101110110101001100101111011010100010001011101010100011
10110011000100111110101000100001010110010000111000011101110110101110
11110111011111001000100101110010101111010101110010010000111010000101
00000101001101000001111011111101100110010110110100011000111001011011
01001100101101011011101111101011101011001111100001101110001000100100
01000011000011010011001110111110000101001001010011110001110010010000
01011001100001000011011110010110010100111101001000101111100110011001
01110101111111010101100000100011100011100000101111011110110011100101
01010011001111000000100001000111010011011110010111101101011001100110
01110010001110001001110101011111001010010001000010101100101010110011
11011110110011101100110011100011100111100111000110100101111111001010
00001100101001000001110000111011101011011010100100100100010101011111
10000101110011011001000010111000001011110010111011111111100110110001
01001101001011110100101000001011101110000101010100100000000100000011
01100111100101111011001101101011111101011011100000010100010011100111
00010100010010111110010101110100101100101000001010001011110000011001
00110110100100110000110110000110101100110000011100111110111000011001
00010110011010001101011101011100101110101100100111000110011001010101
10111010001011010101011111010101100000000001100010100011110100010110
10110101001110110001000001010111100100100011110110110101000011110100
11000111000001111101100111011010010010110110111001101111110010011110
10010111011100100011111011010111010010111001011010100011010000001000
01011010000110010100011011101110111010011110111101000101010111100101
11100001110110111111111000001011101100011100110111000100000101000010
00011000001110111111111101101111111011011000011100111011100111000101
01111111100101111011010000000110000101010000010111000000100111110100
10111111110001001000101001000001110000111100000011001001101111100101
11010011111001001010110001010000101110001100100001110111010010000101
10110111111000111101000000000001110111000101000110110110100100110101
10110000001100001001010011011000101100100011111010111000100000010000
01000111111011001000001011011001000001110011111010110001101101001001
01000001110111001010001110110000111111100110000101110101110111010101
01100100101101000011000110011101010100111111011000100111000110110100
10001111001010011011011100001100101010101000011110110000000110101000
11001101011100000000001000011100000010111001001001011110011101110111
10101101010010100000001010111010100010110101011000000101101000010011
11110100010010011110100100101010101011000100111100110000010100110010
10001000111101001111011010001100100000100010100011011100100010110111
00101000001101110111100001110100110010101011100111001010101011010111
10100111110111101001111001100100110000101010101011101001000010001100
10000111101011001101100000011110111100000101010000110110011101010101
10110100000000101001001011010001110110111001010100100001101111001010
00110110110111101110001101111011001100111100010100100010101000011101
11001001111110011100011001110101101001110001101001000100001011101001
00000101111100101010000100010010011101000010010111110000001010110000
11011011110010110110000111011110001100010011000011011100011001001011
01001110110001000000100111101011110101111111011000110111001110101111
00010110101100001110001100111100101100011101100001000010000010011101
00011000001001001100000110001111110111111001001100100111101110001110
