197
20 12
96373006265169035410
525025856360
6 6
728690
270910
5 1
59040
7
17 17
61936479764308311
40702651246102807
22 13
1544562649967013389347
3442313981764
13 5
6564619669167
91172
5 5
85732
77313
6 1
349146
3
13 7
3724734020162
5824623
21 14
998005819612265074814
23329808075648
22 9
7873847975114172362546
496480192
15 9
836962841151572
473981587
12 10
142128280068
4318863875
23 16
73834028332520265764117
7928330741168348
9 9
457928600
841169058
14 10
93664432088924
3015977313
7 3
7554587
961
7 3
3321102
741
24 12
844807290505163531661853
169847301058
11 8
74610238241
50832870
5 5
17157
39917
25 2
7689584630591695617661191
15
17 11
64568649199287774
28069913532
25 25
8406686229616152220067881
6485041781452161839147942
23 21
89069614891430614993145
233482091183219183109
16 14
2759619251173044
47665194148222
13 8
3122186700696
27980466
19 2
9568531309149874856
72
5 4
56249
5276
13 4
3081692845950
3677
9 2
677121261
36
6 1
573506
6
18 3
111048640285974764
450
24 4
183774684553229340281602
9734
9 4
902241699
4038
11 5
17386584671
49007
9 4
652450873
9203
12 3
929169100961
376
5 3
75534
467
23 5
30451326517762690902876
32021
13 8
5036270062706
93272403
16 12
9716486721182978
146878459160
13 7
7823848512995
6856754
22 5
2428099836741942071641
31517
14 6
65480857582744
484349
11 1
70990411118
1
15 9
272267307469027
634603735
7 6
3865712
297681
20 6
74016285024603571908
318449
18 5
540029072595041373
64382
20 16
71506985112285266032
4840580697765940
17 8
30620189897549384
13810527
7 7
4503181
7217732
5 2
32467
66
12 6
782803835954
960306
6 6
369230
898581
17 15
86520225037125711
225504524941108
12 1
593725954970
6
17 8
52033978286725373
18856848
25 12
9941927839189323934955094
842811376020
21 21
521951806518667521490
235650622899190953482
24 7
227299085938439365901527
8684409
9 1
738389627
9
8 7
40897383
1502269
18 8
963377982933403692
61554030
24 4
937943480979899502496125
5186
7 4
4153532
2331
23 9
86203170369468640196573
375946291
17 3
37803434026094105
495
16 1
4868816283985381
9
21 13
125334683114063295541
5239283356426
9 9
660582374
648317486
17 9
92825447143245276
229516777
13 13
4268252857230
2210553603139
13 2
5053453102212
59
5 1
70282
8
20 9
57851014811115450886
179062665
6 1
114056
5
5 4
27050
4299
12 11
961454311736
81466803268
9 1
327122762
9
16 6
6120360319291808
552133
15 11
858439648779448
73931829744
9 3
653126130
417
11 3
81172484981
441
21 7
647109113916299800210
5998051
15 7
557229627630446
2050663
24 5
331744778084190017276558
12235
24 24
819622054959123989880807
484257946523696445948608
10 4
3737390397
6030
22 17
8680734247998716588266
52031162602752057
11 11
85212768292
36289162376
5 3
92659
136
23 1
96129820497584454502638
2
9 4
178933866
8274
5 3
50444
395
21 12
977232017910432391035
558384910154
14 2
59539356990073
64
13 3
6576934505186
747
16 14
6630093788170102
30029928133391
24 3
755061012324096314025459
602
13 3
2772411917585
797
6 6
482103
967718
23 22
98357074012387438766501
6253900859420669621534
19 3
5878398906915207834
557
22 21
2077428356254321538860
215310555537252733200
24 21
133306033521196288343870
135572388978702260395
23 5
91210672119747373520012
49008
20 14
62337376142726814284
18601497962683
12 12
486046100526
677360446023
23 11
95396005760419955286728
59375120388
7 1
4194111
4
12 1
153098944089
5
18 8
361321286454427825
60066474
20 16
53234010782688966121
1994605455092127
21 8
126903203754547205034
12402567
19 9
3745380669607391399
891904089
21 2
181722753780112025008
97
24 1
480778692163308967827699
9
5 1
95384
9
18 6
519527829290443228
144655
8 6
25348656
595137
23 8
79886368932424227256323
33321921
19 8
8307373675804267604
61868058
24 15
692616468773511378072254
480673170535721
7 3
7597890
880
23 17
98186543491897250165961
84922366986144426
22 16
1710281076754960305886
7213705671591489
23 6
86292223198778014706922
772530
17 3
86987806551508015
960
5 3
17692
967
14 12
84124391246949
745738169527
19 15
2714361606410236265
119106440481143
20 2
69185138876397089750
87
20 7
21050064431444287834
7222817
16 12
6566243508436378
637368879594
6 4
598930
6761
13 12
9607312795626
234784452237
24 8
719904101898957044250889
54172184
20 1
16988468262548402776
7
22 4
9557163943618877726951
9800
10 6
5621910327
999212
23 10
29785192964226419849125
1169161939
22 3
6909363521743911533852
841
11 8
57804445903
23645141
24 5
679256968360722145167668
26862
6 2
586891
22
7 4
3165800
3761
16 5
6470008298788030
65339
24 2
850682632511426056962020
64
24 5
164585538441466485498970
34370
11 2
87904961554
41
13 10
7694669924926
2343149657
22 19
5412342067000652303984
5326050432495049742
14 5
59162530330401
14957
15 15
499252062305233
857836846466283
8 3
77745191
833
24 19
561836957842712369754544
2124519193340147683
15 5
277241052858662
12357
12 7
196656553448
1112822
11 7
72244038908
2267425
9 1
650681523
3
22 18
5243965860019942041882
863120931013281166
16 9
7975666858487750
748376315
22 11
4684415667089439187557
16689189770
24 16
908848400700983769362631
6596165395429399
23 9
28904809331047795009481
982174323
12 4
154716078478
1532
24 21
563520875577693941432788
749494433683167551285
5 1
48358
4
10 7
6241887370
4791346
6 6
942821
279480
13 10
1836879604816
2644251166
25 18
2506400074468505173139026
393460946754583631
10 8
4706779571
42638847
7 6
2126749
893976
7 1
4539132
2
7 3
7491440
379
9 8
987793872
73904688
23 3
42343390611362845678738
991
6 5
246493
55980
20 1
85282958637383685963
9
21 10
609853281620281936937
5280293556
22 20
6363833799572025331541
81973714896932719765
10 2
8855334629
12
7 5
7471566
95716
15 7
804115335952016
8867830
18 13
755380617696690986
5579616454183
23 4
75440585725959907809582
6563
7 6
8966266
836744
21 21
743744398179053822299
886659830058834868002
13 4
4479421770232
6772
21 10
138858001045755306826
3227210256
19 4
8011780546244045388
2681
17 8
49792955973564196
76784381
22 10
7644436079966093637138
4507425421
6 4
317521
9286
