44
18 12
158528673004941285
988208641458
34 7
8042135573783041657114950875290304
3956360
85 69
3493531301299408554396989608258638425306320458419778439849367606092218265078392535686
507603718104860241437740084443312511520622205511828072244798551335767
98 7
71256854881903795032413610813926133933106168345442292486608065341168177477366717636172095322008135
2464496
9 6
608594917
550645
23 5
77357855064726441082490
66355
9 1
520410103
1
11 10
78013970934
5026644097
101 9
20480640264808729304882205337143471984994051546510283870477209597694758669864354190812022862864680556
443413855
93 58
824578564277444385064466369174685100696905668514889399043626223413406387351822324792963815508
5334898642514392809387020413259343776662006861869371141222
17 11
95003761857753493
43132886327
66 43
210092257611638252269955300875439462858194071383857105459285628077
9874566970786177718588306514845836576101762
120 103
910397740224272776316308969624562819046579539087310838188252941340315920853271725247304142902867699115099996557739230126
2648105602020060261546792585491713071376404679878782266657863669771807466073125979853344999531768961594
50 14
44980879337173258090945190420495792400011751514191
70560950329566
73 9
4341199150279801049623737745047777837966844326416936230784643199442120275
582880711
69 38
974293261765724455085479528245094577297762755808466398895128692702180
18265017632945150916678323710680921611
57 27
261613125964041989123158117167874526441068374241608974492
274122185055073543943580230
64 44
5779473299721392574838500013838968750449743102645733286984290293
81010909913363891814061398237777140379741083
102 85
815022580293755986403352813939917318357341297893449501603936501815727131396981443340776808613018457741
5125944768322376135785033451346976547085101782414176942399986521968205937147652870994
83 74
53950017966845785421097644103950800811442737331416085182260487272899093988400695586
94927985935042275648368479418189684770256861302980896712577382259778134876
63 35
617739726291444676215250227209964073910623394694780948254945638
68838321225445953407821638701688487
101 67
59605040678975759651066868566270976866070202252169906677880753108301483209025519921476378560358486033
6664644192087751230052030515012283805081681644478991518099156756390
12 4
323348204029
4209
78 5
563853718016845432894311101491532954914348050902130191251119995316816859839262
19070
116 37
47803461206619068673484229021689991862656422323078402607543871461530841688803641212480792558674765851177388316691569
5049273297462388648897660074901809279
86 56
73459069565693883483202585665397272615383685614663926374220787660728648179683420099389
21340124015283687116870027455216089756319798974019130289
82 62
8967860033566645899154132134137730771175935010291411787281184847986219772238847866
90966642207174927896033964038334829226013532605457728835923312
104 83
31101798172165501667839527910751971164930042070518957892140121264624592967232008083937243755359915423784
24360793943602289049667481953620309340882041376891684758384534698067591628366621142
69 4
138982388273240312043668742046709816026036927124610852638248241906232
3317
103 83
1426726016537659385033987204635048785841771923940162866540302653333628079265340797217809984663588136108
48305340666656470251730301866425101624192604282106222672984167174936263351515739174
32 5
58353770142555823480885624992178
73530
84 78
394103041491637533080814081918434317131406420433585508713364444680383934499981045621
957272643131422349967614921961619487293962195062758835034479990322401921438660
17 10
17465504198767982
9661867129
31 1
6254048689887779719934606685193
1
90 33
987429669532313161829749075380670786224000847287586394536945745525929699261514414860645557
405554800284299815854653033037635
78 8
477373617666859726182290984322307239912143799353926861322273627743738492383844
64838327
78 76
889316642373535568579376207727757019365604408005632510093809860839264801898415
8614078457585015978386980007944766185019611014128990597793623964921687155502
61 40
8345938043927013312317997613219075992340621626117833351002519
7256171820638921336723540375562172996832
124 71
1942737040135235742227709521523022318402761977563695790981538740354850294817029515841588496233275395156363413508493941475496
66842392999632133997155529599067330370727867268572085994978004475720600
85 71
5599357731743104392144628599365220629674634060498010573533918184260808030198912300269
19881107065042672343816108502832475828990345577840735570404386168969195
42 10
818752467252795060381798968257565820297772
3605670406
93 92
838628745171535151903350646469759016034826488477572382153041773173609029365568481982556234981
92710462775076535272789442316639371050568654716166406295761214707473478335287467568523060700
117 24
279390582099180433198331498441967381107237762743597989289608085554692313929459097651906767475765358230569505277442605
768487386045953500695556
72 13
997618250298961579831864761899912012020813227417392333017171865799317792
5806731628197
