999
500 899728508679
483 663177256057
189 672737612455
223 592117615574
487 363226126138
485 864195130975
5 31
431 205842057045
209 908808612664
375 547606164805
453 421630757255
213 722542313539
320 354698579889
119 49477828204
8 97
378 403514089722
247 437355079937
215 996202056865
122 586455225742
159 787145559169
41 820795883
160 485329325834
260 166783548386
390 99032421473
56 353897861088
139 979767601568
47 14415822168
347 52324893109
328 546647181788
445 490876067125
229 934004198060
357 60260799181
123 433644702796
59 672260685868
269 503353448968
66 844654903807
161 507462717080
65 550309817223
208 440324122818
87 557197834806
470 517283911596
150 950848028628
165 791758455846
249 557718316859
82 822436795097
432 509173452786
322 69637484361
79 371454203171
166 977100858528
25 53349
40 80605284
419 277136921567
226 921329248617
162 122429587800
240 691783404217
406 949199729544
158 247841476774
124 362222287814
32 7474075
192 712738082554
55 99415621736
128 541639098731
241 366532847707
13 998
183 230276490743
56 753482331145
203 578659068291
408 220847404887
123 440997435066
486 410136320360
191 874172985724
84 735174172574
313 140667201999
234 871398157584
214 984898781251
232 193253685571
471 912765823168
46 8454636476
487 692818725971
467 236703351286
298 903293971672
467 642705919231
387 289912745989
4 10
190 310065641821
336 219036262738
424 731379362510
68 393184559837
326 435362160710
72 441673725808
406 20268374344
204 159090225358
63 301911393683
435 95533383800
218 13255393761
85 316393613615
96 300976793358
447 10728283477
393 64415072548
113 634828847493
226 739105429916
471 618737999900
141 402015669331
402 113001527495
24 97145
329 675754307899
25 243138
150 195389906564
233 131531538422
31 2074416
259 177906976730
250 896226030560
20 4419
448 806336468589
190 410987343470
450 352803842749
438 319104630023
308 769564115394
162 531179473087
161 916483529224
14 596
341 768813008254
398 73688061518
251 360864678970
488 976914925055
175 860558634466
373 143320350881
367 962113203392
73 360387076786
424 554808042730
206 635247625713
413 295423722516
387 653306726242
491 714667165531
499 51569556366
25 263246
392 731479995110
287 904878270186
172 450467325215
322 468944195892
199 788494042435
307 807842884100
282 12017488754
233 966662451144
234 16487872966
494 551617982290
278 937720981464
108 713897013524
381 21796169033
446 846307917123
399 2140500595
70 705010530188
328 462695584397
11 524
221 551016729665
411 39971399575
327 644971153896
275 936266180977
264 618783953428
259 100906097096
368 894925908191
27 235071
138 813677997854
56 915841863423
398 839554743665
476 855803268110
300 269065202212
194 567954142617
447 320257414285
51 64944844369
169 724986542671
119 281588617983
171 140117009651
251 441175202853
147 386302173221
160 178360419938
50 25228311882
402 27659744878
486 701581212328
313 364508102718
482 153071013699
50 56133567420
122 99132615314
434 937052584567
108 54849200146
230 741511070472
142 892774030506
131 52778717729
311 109237399936
68 347375352817
459 583919913681
306 422674768684
147 66985849355
37 158899523
76 177047823729
330 231155175831
362 562602004336
368 998124519339
423 211697365598
188 238087208505
78 732948538800
405 425119629315
278 989630264605
72 286479146940
192 902023439515
361 865460095068
34 18820610
108 984951020060
409 868989006466
154 672841028654
249 831283901325
195 358952269157
168 786256034028
180 666413372266
214 106561515790
461 519746143588
296 47020525962
378 752132426050
155 767875687900
30 971057
278 351952812105
319 342856585066
365 326177484093
339 724278429955
373 301145196654
55 83652814848
423 316615142422
497 902968343859
472 639064552144
395 180310170177
117 387373358319
377 462381670730
14 2243
431 311797824918
212 86860487521
60 694857857070
394 829743566172
122 374315208327
322 757796494140
394 902919193444
199 766793145986
224 360131729514
145 561919624293
497 580519877911
18 7677
23 126767
267 411282752385
463 264607740188
41 297874665
451 528466965682
107 673027816607
10 204
172 773368661684
265 783703714517
363 660995834075
407 258632733489
349 565148680706
312 801693107285
332 219581247288
269 684896688158
403 302699262010
252 696859609329
357 301627296194
481 812324117758
96 190868934895
486 88253624555
10 154
208 795260764501
272 32996515037
278 234996030249
168 818579921954
104 254944014264
409 796646947828
258 188801564219
193 582613479987
91 17527976722
114 530898574138
165 505104435458
188 942798413980
466 213611795231
161 691362600013
487 630265374787
153 953125717750
157 116573489069
417 634957790441
487 198534106502
322 955247273735
60 333595020919
425 253516337921
80 802066977128
227 562587098040
420 408727128857
153 4600976019
209 288685526343
85 19102172433
157 127739731262
314 665918123987
343 648447623182
222 121346936311
67 972778617730
35 59498063
210 656642465462
84 904128420482
440 530799083002
81 765573984011
126 478385161436
315 416537541262
345 604797950294
15 92
204 997310792632
166 156888214461
426 22844665250
310 563830456327
146 920653046644
311 667953675271
416 261591767063
61 958518347779
461 591718664186
102 897453490156
170 196542961794
483 317425077640
391 463830180804
36 71662295
249 710254680837
147 404018605804
245 698779317436
423 964969683583
266 845860478147
42 1309835926
224 583702589566
35 12689607
176 863463309822
189 378624839803
191 795129705106
281 823309569039
325 819374311366
454 716553774603
192 905975490788
464 3447306631
452 701395576701
136 214840404986
259 108938744604
13 1508
300 439881475747
479 5515774743
142 518490570133
129 265856794048
75 595594585915
453 902607442081
161 805435038234
283 498558489233
26 109556
88 943459020692
21 26853
150 62746314808
267 203662725475
132 329076101691
14 2057
165 375312246047
465 893801318102
68 479630799065
76 815286821177
54 432494002631
376 304901870279
479 391894329605
381 643721745177
440 256295944802
251 836122128746
51 58359700923
166 341736524735
262 914668865996
284 718661666381
215 282221905494
335 682392897374
58 226466744901
264 510514514807
238 893228340540
49 2090541083
15 92
254 774604219215
153 706807270274
109 953794168888
73 314629004841
37 110899583
294 899256509100
260 531028220779
447 470322743402
256 467151795663
489 631016799768
340 605247643448
264 416868606171
44 1396279030
475 636736143709
2 3
339 133049966256
303 438076522645
427 719342653912
269 582816351891
353 905934020449
270 267837689708
268 577416024328
80 284807086407
215 467473405843
5 18
327 736881828948
82 524909040255
487 167229574731
264 918910594853
483 163486233356
461 356129579106
370 802339502178
466 524503324284
2 1
156 63113590401
136 719447438725
337 248946611429
260 866761993022
376 261160406665
373 537466340606
167 773049696653
376 671575293890
363 816822429066
67 611330698260
453 328018904288
105 31600795685
401 626093220768
363 640249564988
335 637681828852
129 299665586918
289 584257758135
479 972442127591
248 663790299552
6 30
349 755083080197
139 814460429385
436 46574552883
500 405205397410
350 556677579991
160 622202728925
498 997681092006
333 526231196442
107 276062675380
467 426363915736
469 855246559389
446 780776084575
397 697145933408
268 147887862593
215 276628089599
26 752065
195 646220801878
161 14895952712
26 668690
184 617551763083
199 500322891920
108 161853642636
71 587964448752
469 514479669140
114 688315489698
492 252656878994
466 779863943179
318 356838349039
159 362737059070
140 702032939233
466 494846791018
489 30588047287
311 120276823191
484 361325059364
210 78992966972
79 715615909570
143 789650862293
433 951489603900
166 907205423238
145 46458797338
365 375998065906
3 9
301 595901735575
52 7131423525
236 510673331117
200 224221049473
133 415824868379
345 979539366084
472 177587559107
138 235171349365
149 933598480095
139 843592613180
140 973582944813
333 284532026948
197 440575970362
442 382012399141
352 157895489161
351 281572566934
401 822606481288
379 516571323149
144 476692044702
57 79282813172
412 460444304542
489 512498187718
78 974379431976
89 822778702332
391 45721344778
68 973207107924
28 106369
134 13441381284
243 97386642605
405 795355491187
424 371715956010
77 938260028128
485 18949451332
499 437570030283
208 405884360129
230 545728138814
474 254323651476
407 568847258560
466 737335964952
417 189068538551
307 899870151566
361 59561661515
218 334371619057
388 787664677542
109 140838624757
368 399336328223
38 24504772
94 524576791718
37 8155591
98 223441241451
266 27500841796
126 173359856021
312 508401826774
258 934680599190
233 330561042822
430 303743254650
77 749586072012
134 880846304121
328 161126276516
36 30524101
279 590644235852
5 7
163 534842323218
107 32732956342
270 290392647857
155 123452618790
76 485181018901
237 40811007219
343 414737867359
31 5361413
381 421228168683
280 92467274333
313 106665960507
182 865627282903
494 31840916709
305 400048561097
253 57052344823
213 479859267718
107 788668116129
228 421301409186
125 70148220100
168 891913704632
12 367
178 717152504791
3 13
47 15809109760
151 97550154518
198 627802408449
157 978605580381
63 677296392994
495 202855690025
305 161067567298
299 4594385380
410 130804334972
93 395204895013
120 104356761695
350 598357294227
322 987786201621
181 652114451218
292 522719813486
242 739987148352
449 392048554531
370 115653645521
362 465320485781
271 802953173035
190 9172727936
395 582784941910
282 905478140883
273 454035184866
452 413643377177
429 833539581483
110 586060811062
36 37037089
249 134031361566
297 863258121066
323 484435652046
89 703885226002
86 881990152933
18 9257
488 391249540171
63 813623023949
38 245452362
341 634487435706
37 37616099
224 864981424808
415 591863031401
442 578008702624
203 180589831926
338 104295256902
61 634557700774
56 128350374642
82 673719001621
191 667918192215
46 1500499828
493 2632683303
302 202579304522
33 3165926
10 109
155 379786189086
327 849284901784
452 422543285998
277 691807724257
58 883467296165
461 402430138485
120 868095935062
108 375312466057
115 100469176425
130 701525553328
44 1434421282
55 660818360051
232 560625189781
134 754830050752
402 883531394978
149 119985914035
418 14157950564
191 389174698962
354 818812717623
387 168709605756
395 24804741371
217 710086927590
355 479983959842
344 329024490228
99 238769025535
67 524529272684
423 718004798445
304 868448690427
408 853513701287
296 954184424623
3 2
499 482410507382
274 946098243820
224 354687014005
65 888315720107
297 781111737944
12 20
440 41904949888
153 514539076533
147 859199032848
237 599620898662
156 58019720869
431 612904607053
50 23854187308
53 42349428089
5 7
360 558729069489
338 156491645164
38 211979763
409 773233264758
112 905752811345
331 279173009723
193 420408940830
354 297329705557
428 897284923945
111 658578237702
94 856662447789
27 1019258
195 984013075570
85 766138947109
467 349743320125
355 394938497242
188 420242911253
294 502413155965
334 890097685129
445 644487343779
8 45
440 114949827797
217 645268105797
341 460593010327
409 40024339375
179 300754058955
293 771427640447
318 69530809928
121 884338763988
15 2238
458 130700202711
240 597891463143
21 31576
78 185605813137
290 650008814679
494 146001622356
312 194054842368
244 192609761814
124 581635725394
123 579012097272
399 154272577789
45 3685495814
265 383187962860
370 667938214230
370 721456580495
391 824167755749
415 589189627533
408 52856207070
436 756507293195
468 68477150376
325 947764141251
207 136748891157
458 40441418881
228 371390835575
68 312861081577
351 195756273919
145 8950362889
276 597763253239
357 494932458380
156 387121658991
125 34902685226
75 192148863809
403 322085947938
173 729352159845
346 292813710552
346 54051529818
282 222329568060
287 365474029566
306 436128116936
372 826370461585
453 145046788618
170 734026483070
95 998236616271
453 217847868538
52 133875954381
387 393126399211
29 1991984
44 3396440621
474 254570519793
261 306610005126
187 903974340355
129 897823406557
201 993669066757
148 888700964598
413 578289347372
25 157729
396 777301944486
377 567473097798
444 324427298514
386 947119730205
244 215278381727
463 219296972441
24 101736
4 8
354 486853135510
228 827877038514
372 200538596418
404 957084155160
6 4
326 619505774211
31 6213001
200 501720935156
408 799651037641
253 555541812318
447 737537249162
240 478781140141
347 878891964430
88 122754313948
321 202976958851
140 447475235027
21 3447
101 558823674954
483 180942250979
310 432984823128
338 76866700431
141 907404216991
361 202055133248
398 739001405349
212 908875952667
461 718745249090
229 220709491174
469 864679057126
210 614331534581
246 97585736094
2 4
8 8
257 550147560027
100 782803822448
150 290952573729
140 771022425249
229 962697527915
235 522921792826
133 675067948076
327 421664610357
451 673820612463
54 404512283362
454 6801582987
142 759324257661
248 452887600433
28 2039733
467 192471261126
4 12
309 291170460199
334 884012426233
73 670998424568
233 678022613396
11 76
110 940992605618
49 8330369256
366 644459634597
91 586717120322
214 957816983622
145 148084667504
208 192673970542
296 287359147957
353 577532961470
347 782760344449
477 103363536694
457 867440892985
121 840007280469
345 677297484027
486 834789253533
329 197830652498
198 534966218733
150 91151698763
125 916167493673
287 63500651273
483 250913978897
482 654455806978
189 741308781386
380 175493087735
33 21068896
314 829825171980
308 377743905753
36 12189812
454 950689968902
352 85043685321
439 588911217115
389 947615837975
344 773242653739
154 513550389274
256 839340666659
500 930569661393
389 227462755732
99 582202516735
186 620136770731
147 26209580414
346 967011656544
157 914647269599
142 803027844185
172 875325142313
461 55586311601
33 8207463
206 942487886836
203 995697595143
395 527917533997
274 227443306533
95 647411905473
470 769519937666
424 473733019079
56 100482865089
326 567750867519
495 682364545706
119 71612144758
307 409564449875
475 681367494564
307 63667297489
155 807455617835
400 983554087668
484 397483526516
116 305715841552
129 98815493455
263 761915981258
39 183260450
481 949898115493
98 836887719766
387 147220109184
167 740734716757
367 4590541537
351 875120344438
85 574837163484
468 160012121536
86 397111238681
136 739717027575
450 257794210477
149 531488707985
438 946861851529
319 249145830992
276 155029016171
270 605098794749
315 889592911927
233 482881817672
234 468070726336
181 520196228345
349 969751492882
54 174037941029
46 10520548744
46 12039389827
394 913326722120
375 513222945209
428 876846633662
125 67579636035
123 143562942531
337 471252978432
86 339918428814
450 664879404462
12 870
2 7
89 850594750422
120 156109811130
111 499153521606
460 200403433896
109 931137773579
442 797971724249
472 313307999870
424 878440629965
277 952678112893
119 789094971890
415 106578569033
4 12
204 970105509386
32 9667680
286 400651454577
452 376624095656
197 655994089494
302 270280450215
30 5504463
45 5807578218
465 186895250644
144 272677226258
336 29360450487
68 803236766359
2 7
173 786555985398
203 554058796344
461 130990781370
444 4928858671
487 318263192647
221 631015178331
354 989095114400
256 239127181240
39 216294295
252 126809557848
316 278892977755
398 211718758635
264 276493944966
443 13721197400
287 562761751818
288 790700100142
479 878970437386
371 635926121084
277 60016878690
65 905191148871
46 5939982716
115 278134712467
480 577867846914
413 475876182007
33 12829949
248 98001982898
105 805533053009
50 33429069253
477 534945855672
119 503743852198
348 567863212550
76 78775366388
190 30956087183
248 773289551780
335 841066605857
150 489135117134
67 361138794479
33 8644159
388 367622953963
109 813893900875
488 595555037594
396 724766027798
472 764766699953
117 535633979577
160 2496995273
464 348629838610
194 249144729951
205 330964025674
92 592799507949
249 416209196024
26 717594
126 901857638873
247 348590356684
276 55330274594
11 65
138 247317168582
365 776695888470
314 36994603357
494 831009772474
4 5
434 581997320487
336 680555796536
294 85858563174
377 128178976982
497 947262870228
478 175762185156
305 573633936791
