999
89 156263158469
267 341582461287
294 655195397897
190 611756469916
467 31891326524
415 190429495593
255 910117617651
173 242794634890
488 840316078687
325 113727295984
2 2
488 237452952357
58 892005553891
154 811741927072
214 577356565755
409 820841940699
448 304292496836
206 347385108337
327 800397180496
486 541067973604
174 769476731159
94 486238021683
383 743840169897
129 617620514028
346 837963127300
203 767721961768
127 260319771152
234 543354425883
292 44676595845
269 771773225913
418 295826641659
229 520499622181
74 8230603432
76 451519192025
85 912126587186
25 262365
133 352590487437
137 875612009618
356 578439128343
71 961496164035
429 855731290576
433 738158829093
86 711269336689
466 518739114487
238 754602406682
285 96917077106
8 33
65 898692982749
442 495727707863
372 48763353464
170 753952004783
462 79946590295
246 544945667198
324 626853547178
441 544627914728
359 291077075761
178 472989268906
283 565997044977
30 2557454
184 240231240183
473 859794924780
498 402679923468
12 841
163 165947635361
108 407162938150
479 188092887819
226 458152507990
292 154738409986
424 506500832506
303 35021597488
309 130162229296
439 585744322879
352 64653795625
380 680598719202
443 856250438233
296 265259367433
275 609443484629
98 971599577352
277 401340250525
384 232412924449
155 60387405224
21 52875
312 135694812228
278 271637540484
305 777865945461
51 65274863580
78 193492066251
163 809324844956
397 264096885355
29 2390174
106 294196119527
13 355
485 583636927996
68 274892084527
69 778238974443
242 877293047096
309 277138801591
237 565510586980
34 27909803
326 445986673759
310 945774196492
410 441898824719
217 189480141137
341 822102001898
409 599386490219
86 927310886809
430 357356324148
135 839551478264
353 253333283292
281 6842022432
28 1981135
255 581009169742
91 343125313148
168 672651760946
439 288384077250
242 723509085024
209 475013199931
226 24178335095
470 721019647686
155 291881306554
48 25174030077
485 868934177670
207 200483280426
132 137164782918
13 1207
52 183344066211
282 224077719794
155 701987118391
386 798528930617
133 720600695536
292 520658235419
385 968466054112
112 910950975443
293 368301367540
443 42393498384
309 362704476928
428 998042110807
454 172585617535
130 908609137922
289 80842927802
289 726710065548
424 378153354164
44 4249199623
235 134659332241
28 844346
21 21002
327 275266377613
407 43732064308
354 92157346520
198 703046931547
278 179628835237
128 530914556585
176 179762699872
485 700110086902
306 798952798250
83 472924296999
30 1360623
148 285597392395
213 518865167022
13 399
144 673490009238
260 187487893868
194 848370097387
333 434365792521
403 132364704420
283 182156070433
201 670732545943
179 460145911863
370 927947995596
244 528385284483
259 43938402835
166 54421997012
287 820550203933
439 33436100531
179 156315794199
307 215489325277
342 59477059222
443 165787128235
362 314599887117
259 421584872803
430 44434536545
330 782196070580
81 2232871902
354 151373770004
11 458
208 121045123690
292 10493241130
249 172978455733
45 3180615665
402 549026938737
373 384274435001
121 753274955881
310 586504933964
469 470219666523
278 206600239084
181 464749996167
123 331561401419
140 95248478853
44 4520277883
83 17779742593
116 378639585483
406 592093404592
231 912473683374
248 790457084328
442 815143788114
391 246040851196
408 690819112523
244 901137981621
360 132576036625
401 918514392531
185 965411009084
266 803386806698
434 617889223334
70 618872883796
437 304565559448
205 45312771785
271 18219901883
346 746879090030
412 235980473573
15 3413
338 552533998077
367 151338281813
241 998547299063
270 238542701929
410 893718067776
324 149526344031
180 460293266931
49 15406845513
66 14478139871
298 749097552257
421 888101306759
199 95429087891
312 985905298864
71 768914957268
395 920443577172
314 400671942222
21 48925
353 862107133099
70 461938041633
284 220108074831
46 10611996965
366 507699358238
172 201713791920
264 75130618400
154 158680885531
181 467811883771
292 785323989472
158 23807800035
204 316367335473
321 898564554269
243 666313495829
165 342980822889
445 594132019714
421 893391631257
300 306682182151
454 839122932719
258 577858673299
305 401449007266
421 351158256137
235 564498614888
108 747944896415
234 966830119155
481 275998364019
328 539226555202
425 751957679797
308 691018575927
72 957932976427
99 562236054332
357 441172875967
175 517463060997
365 716026634067
173 565269549280
188 185165112704
231 957130232858
179 441748025910
280 864987548525
466 916663028393
170 634451330985
478 784579400715
257 244611085504
131 497250953013
296 390803189367
353 230269003195
59 41354306339
397 785910307978
354 562143866732
84 361633735372
440 322040413373
80 956329080778
296 350653797629
265 210130863509
117 613500682413
385 406795912526
74 329651486551
353 736922455908
479 769409572451
257 571959904042
211 150866202724
244 43396172799
250 790743937572
216 763675230256
466 320934386213
278 246549895396
393 221625728896
12 12
351 987268175615
358 580597598227
135 725899324836
86 452349860544
475 295973831139
244 683863587135
269 514741843896
45 5702431132
82 198371364400
499 64686385141
208 620109212042
422 83477860813
380 248259686265
18 316
281 339974554393
39 407599096
109 669870003412
322 531018785230
1 4
310 941456237538
167 286359820735
162 633867444247
194 40950043062
154 50610996463
381 427845109717
137 338538908103
257 81092826653
216 682993776786
326 962664035790
308 279632085053
148 244713793716
86 458907492230
72 428579029808
7 50
371 178742724574
263 253119095349
297 193642844153
125 460706343552
100 62087592350
428 551253802172
475 769326234477
192 873041310118
4 5
282 810459830777
342 117257161714
330 450930877107
137 237492538148
432 331450625413
480 130904489679
152 303210926043
301 940465929127
367 93984114969
13 816
371 613868505474
98 574872319579
168 129728012192
468 955959286167
430 556667616860
86 641472925115
146 687920253787
414 946578866235
127 727908416794
241 143801260469
265 174908126993
237 641611534070
422 483775038168
286 399464007426
119 123099054692
352 614062622028
488 693114217888
470 824818995511
349 326730720381
202 190135291647
458 918608442091
472 244766270779
254 993608789070
436 706370658357
99 683017798677
63 610827023877
233 945249448403
209 179586136830
321 115913090458
354 233237601381
307 841931815644
108 395048308663
278 607104825380
264 567757291708
6 20
61 141014493875
344 832116868638
417 639906905391
113 45273351754
79 303376713796
189 585506119045
419 809880681347
128 985997418702
388 320828034361
427 636651775915
61 925543940694
151 534654381416
245 312736099047
126 846533577972
436 564693211673
92 355417937754
58 359703820222
408 26038518393
229 33823434816
234 791008447529
180 704592978117
416 385890682715
64 237212872409
397 77381673107
329 526115079457
344 150960014381
380 979682688804
316 781642210476
111 893397477377
110 562751902820
136 304158230061
138 582889759564
405 936914384595
135 558249458100
494 804036391708
323 546770275939
85 219660247675
413 680371030353
181 116024696002
499 895642483622
179 849467451622
393 159609821131
291 977425733935
253 993498291113
436 762424503234
405 196585810462
154 86631122008
69 264914390393
396 103042428536
34 3881790
134 979258821301
161 818220986366
349 910169317597
156 700692277665
157 471103344610
385 175000874158
471 361520384553
136 361398634517
238 745560310060
153 407457140278
498 11822042607
37 96793908
134 415554611132
215 86066081919
239 376299189293
437 323881061452
144 664940736812
216 678576919056
145 618649842728
142 386251398535
407 523915897223
493 474450269001
373 680250552563
154 381319783976
479 148815228971
289 791846308217
455 818310695247
284 997487035909
175 617347792164
215 101411566399
17 1422
240 622611650279
303 326479062774
207 674027790890
206 998297503603
96 829295639932
479 978962471608
64 603960504602
251 660489734972
273 672931137647
21 16657
160 944511343168
148 538103547838
407 784291716178
222 36199977441
436 560589451029
357 182078404587
7 9
39 111170364
17 1487
496 917010226436
7 51
376 666146847477
161 844971615351
88 390919285334
121 101868737585
323 650131452465
336 820531233327
68 664296318913
84 730323538262
166 731125959916
459 529730745295
45 7005547924
232 239073650867
44 1875706274
305 493906846125
297 734635692073
81 448587096549
245 931843238130
457 383197334208
243 383009104571
134 250187324454
10 304
15 2847
187 213267769500
311 9986811074
174 492732175331
388 314845964538
261 92995713709
494 167040414532
411 885828452321
230 526028239963
445 973723017589
106 275097713690
175 109303035518
459 677565510963
116 371894729950
431 693271085206
176 80797713468
322 917058464143
51 104235139548
297 288667081353
344 686144970600
6 8
339 309074925237
122 255619573759
144 374449511866
175 886238736177
5 19
449 834578249753
406 730933179944
106 919543474705
29 312744
24 189482
300 209225371312
485 517680700332
407 953403294976
78 244849226428
428 160807924442
408 953228440551
194 317484943420
354 671899802229
247 373125708592
392 695282160741
320 368823591662
198 767967049929
132 620681545817
63 635095031810
217 775229590076
39 20104346
429 71834239645
284 936216666939
99 742486270851
19 27083
461 427540791177
57 997978789531
226 353415999153
478 669884084765
186 596842397511
489 748437629438
260 995516641271
248 31517675527
351 195243657418
341 42488816584
497 32575710657
341 959782603857
481 322280577250
59 180815871221
278 582620555035
123 893110550472
460 169565738414
222 885707670675
183 479394822582
430 715906597839
383 36849441032
295 32119524770
425 484842836289
298 892688946580
421 576548765125
203 640608924553
458 260730720494
456 530621662532
17 6280
196 390885312859
340 970449923557
116 395993988974
128 658564566759
288 799388663143
345 262233221145
175 544146272745
409 738858009076
58 124377623847
309 447027673354
5 28
312 454906315839
220 490791484250
40 341501840
477 886082237315
213 509127813307
318 581406288459
2 4
425 455433515515
286 883964193471
11 214
277 694578572241
56 201387562054
311 877763621827
442 677614919151
306 37740768588
180 164450126816
495 330618258150
270 516962676302
454 118035884526
187 463397719048
68 962386759475
139 80387832703
32 13600095
32 310613
214 489641886221
433 100939822305
29 1420239
463 446975371103
297 688995511665
337 205923538870
310 518674584650
10 299
266 714152081473
437 175937141027
69 525354896938
144 964986391297
296 600246951397
246 668033135012
154 501261084205
476 813943909167
73 243737652709
145 381992653825
51 104744893158
204 799174337866
154 230675265819
350 645398698256
461 933440606309
56 789438854302
226 347251989975
318 2367380319
344 55112943035
391 596675547857
232 54749509123
322 232882133006
371 876716365222
170 892681478964
359 998448222743
431 334164195420
86 210454810074
16 4417
60 14584114773
409 329679194934
24 7789
474 768320489303
462 813384035815
117 665218791837
142 365844765623
193 247762784140
225 286290498233
227 24891062880
500 932468191383
266 612389877674
308 500155748929
437 262575949656
382 65378900311
423 699436420611
23 9059
302 823373297797
34 6556026
212 934870619554
347 593739513377
313 559684200305
61 402139724404
149 185403645213
4 12
74 81666899953
156 573520347301
104 464265748341
97 499162512248
220 754823886512
300 682775124030
114 231889227994
286 330361408398
227 180024749245
297 78218917562
86 543249840763
446 555511659510
309 471906576190
298 216048224819
94 478555514651
272 304422548757
481 700083890916
362 616171832798
495 771084071732
496 466511104296
263 260480295158
13 512
488 426180836322
124 455172476910
312 491079227919
267 748090362463
11 153
26 610481
309 353170904236
280 563815509857
345 536625499545
298 654173980662
17 2534
243 424355998214
247 749731939445
417 305494597492
247 47162809412
155 99968227846
337 445839817963
331 275778431359
148 45240338678
69 700647510571
286 276992224492
361 223651561572
162 249438599159
101 224792687186
182 588701163968
474 138578596646
103 525377589235
183 917744902823
217 478290201566
484 982245793052
63 96217536525
429 452353305860
232 556501003697
385 127371743796
434 196572416076
199 872601634952
424 47588429633
109 496467990881
166 768428317793
37 12822124
292 418500921062
317 767366223504
439 808476919576
471 949656695664
356 678000481146
321 626515934675
477 36723010939
290 371124640754
24 13301
207 692156103350
147 64929728642
374 670834912202
134 6971358332
390 609655202589
298 253387294310
370 678851371739
96 163478089731
323 181541457744
75 376931036431
74 925970850925
142 863857981503
278 238088314883
169 938051189317
422 748136722286
268 731296700116
449 21197766337
369 369188740945
412 580578228498
9 35
36 13305961
69 412644118790
472 764606812137
485 801024203406
154 133644957560
213 353184573889
256 785835515488
131 997876705021
81 695442319575
346 57525604356
431 168844328478
134 590945118460
234 669522291566
334 155478728354
411 184958676036
490 376420417747
108 317625833766
483 6108968586
25 330630
208 101405831048
296 281214023972
493 381268390801
375 437133969809
197 541918783646
465 101801388226
48 16607494720
476 973651121290
96 182189528898
292 994268210380
289 143085850141
275 823796582172
428 577949099483
205 267167235677
377 587805441374
230 27984666324
310 184331559333
234 521876599140
418 30510032653
444 715040892830
298 92404464477
302 169864595158
286 930574116623
254 504187179029
12 469
16 3525
245 161390719413
267 655050217186
33 15037815
93 419715620431
445 46120113166
33 17955773
125 583795355357
30 2037020
462 501031856398
166 883189914274
430 411745938095
155 297971777278
425 379478288191
376 337617938865
256 781665209247
476 12397886562
93 61149891759
236 361648701099
43 825277249
280 577802392184
141 172686940606
219 25774994714
27 1037208
173 935953246752
65 471239849580
266 135058303853
349 481025206656
136 793536699476
464 962233578943
411 282768669172
492 386535401156
88 495275242039
451 408281961625
12 612
154 196096631486
79 974729495204
134 805337411198
461 607974546982
53 237268146433
170 757245781983
13 78
174 539593426048
22 67264
346 174344860092
212 477730291364
291 703017426120
42 173085726
138 510394021266
49 27202858509
7 28
429 943049655839
384 953615943623
417 702875582086
486 105917466195
281 395149445036
95 836255705733
156 542443648220
440 409559742266
7 48
107 980244155152
250 371968929896
339 609060719709
482 614285409541
474 188676562952
300 7377838042
209 852623906047
260 707503786562
24 165063
207 925594988430
9 131
170 720365893184
67 377625242075
292 123939081319
425 462477589698
349 165739062761
28 720594
273 75928054189
442 616115003503
206 353566079169
460 126781573764
217 741991462577
470 206410975938
68 579051244401
145 545539668290
188 559997909961
109 244590345559
159 110396798188
188 543487593636
15 2073
90 685869689924
472 67532026583
91 400043838021
205 882677798365
225 851062145511
70 4583150128
189 670099945906
286 892227247834
255 397246856919
22 58927
87 325651482033
262 952319773698
353 78886138924
258 953080174551
310 965956086424
215 124228299303
359 925913080478
447 422980413135
431 947038705289
222 864320200319
89 324237363113
472 352800492245
177 395350869407
145 817466853493
301 530064394218
10 268
332 582338018296
54 29864045882
40 195087929
269 853674245646
418 434879388185
121 168159731246
370 419176953220
356 261357518760
363 395663978203
295 99800738012
59 791272813583
112 613380066839
266 905191785258
488 242826647855
115 692421857191
171 76611979799
479 219318834271
370 394761242471
124 520871979522
38 4344027
146 573799686601
266 734151331474
164 225227788869
123 204885020959
364 179119638187
452 746224928144
159 895221752094
188 756669248220
399 332293346632
218 914053147093
356 652497845893
369 129936842585
43 213783169
316 951804255508
63 352468918608
33 18630853
31 644715
41 130181668
260 315670451884
397 877245827069
145 164421177883
229 55007061137
209 27624278374
126 196030029691
223 984001317983
208 444456582517
338 37428354766
287 902003085729
364 305176317567
17 8395
83 32422380610
18 3384
217 102998133591
235 652181004748
397 39410844965
271 830748637834
