100
47 61 5
13 2 37
19 43 71
19 2 43
13 17 47
7 71 79
17 61 17
79 31 73
83 5 71
67 89 23
43 11 71
23 79 61
19 59 59
37 67 11
43 71 73
79 59 41
19 11 7
7 17 83
89 37 41
79 1 37
8581 4013 6163
3271 1319 8971
6037 6863 2539
4549 7583 3767
5657 6949 4993
3463 2797 3527
6679 4129 3119
1153 1949 2999
9319 743 1889
3463 337 2213
4297 271 509
6653 8291 5647
811 9103 3671
8353 8221 6323
947 9533 3697
7247 3761 1201
9343 7057 5501
1129 6427 1847
4447 7283 1327
6263 9923 3929
513923 6007181 7121021
6181261 7080133 9172451
9011029 8842069 6313597
4024001 6916153 5572487
8474761 1864871 7313951
6644681 8850577 3903643
9543047 1790051 1873307
8001787 6182263 505927
1487951 4432613 8714449
9868513 9379681 5074627
6762571 6928157 9723907
7337497 5214221 3845297
2649587 499903 4272091
2324017 2579167 5081821
7889249 4119893 2576209
415507 2508167 5931661
5241293 8227759 8394041
5149643 2138531 786833
2013013 5921479 2257471
6210167 1498403 3313213
2493121 2376371 3223991
939707 5713093 6757963
4365271 3215081 4034467
5451709 6137623 7107137
5583187 8697379 45757
465087949 801408431 821177737
842726663 156761107 525934949
302559083 178381417 456436433
294114571 783924329 900152293
385695187 270924527 400838533
789571339 908596319 290818613
713262733 970574903 838835749
816485557 148939127 452136761
569916199 997273699 192459859
594755741 372292253 903908443
617635727 188887843 784787833
888110101 946766881 921959911
449314847 508613009 844667437
754404401 283603381 781722427
391135037 636895109 385784093
679029427 973553507 678500509
880152211 282020647 934851061
919978921 523035829 231566857
479175659 858165613 169379513
806235623 118049257 678159373
873515393 419082199 245720131
634072177 677044471 967555577
846088961 682466573 303298753
194843197 436036481 154632019
797160103 572367413 350288473
2 789653 738420937
3 84770831 486616591
3 44538379 831007711
3 136528489 397496581
2 470086843 832997357
5 296861029 901173907
3 852251861 136781339
2 773664751 815646283
5 42461729 788078051
5 226455919 872381551
