5 3
10 3 6
3 1 7
5 5 6
3 5 4
5 6 5
2 8
7 13 13 16 11 8 7 13
14 11 10 14 13 10 17 11
2 5
5 2 7 8 5
1 8 6 7 3
3 5
10 19 16 14 12
13 18 15 19 13
13 13 10 8 13
3 5
15 13 20 10 20
18 20 11 17 20
20 20 14 20 10
2 4
6 9 4 13
13 15 16 10
2 8
5 9 2 11 8 8 9 7
10 10 3 16 11 8 9 10
2 8
15 20 13 20 11 17 15 19
16 12 18 17 11 15 19 16
3 2
1 1
1 2
3 0
2 6
6 4 4 2 5 4
5 4 7 6 2 5
2 7
16 16 13 12 11 7 13
13 15 13 10 13 9 13
2 7
10 16 16 18 8 14 14
17 13 19 11 13 15 16
3 5
6 16 11 14 10
18 5 12 6 6
8 10 10 12 10
2 6
12 16 16 14 8 9
17 13 14 14 12 13
5 3
20 20 20
13 20 18
20 20 17
20 20 12
20 17 19
2 4
9 10 4 8
9 8 7 7
2 8
1 0 2 1 1 2 1 0
1 1 3 1 4 0 1 3
2 3
12 14 13
13 13 19
3 4
20 17 12 16
18 17 12 15
14 19 11 15
4 2
8 14
6 11
16 9
14 12
